28280, 28.539127349853516, 1000.0, 49.0, 235.0, 111.0, 248.0, 139.0, 130.0, 0.0, 0.0, 1000.0, 0.0, 1000.0, 0.0, 1000.0, 907.0, 999.0, 999.0, 999.0, 999.0, 316.0, 330.0, 0.0, 0.0, , -0.9737701416015625, 0.189544677734375, -0.0989990234375, 0.0776824951171875, , -0.8375396728515625, 0.1438140869140625, -0.196502685546875, 0.48907470703125
28290, 28.549110412597656, 1000.0, 49.0, 235.0, 111.0, 248.0, 139.0, 130.0, 0.0, 0.0, 1000.0, 0.0, 1000.0, 0.0, 1000.0, 907.0, 999.0, 999.0, 999.0, 999.0, 316.0, 330.0, 0.0, 0.0, , -0.9737701416015625, 0.189544677734375, -0.0989990234375, 0.0776824951171875, , -0.837890625, 0.141387939453125, -0.197265625, 0.4888916015625
28300, 28.559165954589844, 1000.0, 49.0, 235.0, 111.0, 248.0, 139.0, 130.0, 0.0, 0.0, 1000.0, 0.0, 1000.0, 0.0, 1000.0, 907.0, 999.0, 999.0, 999.0, 999.0, 316.0, 330.0, 0.0, 0.0, , -0.9737701416015625, 0.189544677734375, -0.0989990234375, 0.0776824951171875, , -0.8374176025390625, 0.1427459716796875, -0.1972808837890625, 0.4893035888671875
28310, 28.569005966186523, 1000.0, 49.0, 235.0, 111.0, 248.0, 139.0, 130.0, 0.0, 0.0, 1000.0, 0.0, 1000.0, 0.0, 1000.0, 907.0, 999.0, 999.0, 999.0, 999.0, 316.0, 330.0, 0.0, 0.0, , -0.9737701416015625, 0.189544677734375, -0.0989990234375, 0.0776824951171875, , -0.83770751953125, 0.1414031982421875, -0.195892333984375, 0.48974609375
28320, 28.579051971435547, 1000.0, 49.0, 235.0, 111.0, 248.0, 139.0, 130.0, 0.0, 0.0, 1000.0, 0.0, 1000.0, 0.0, 1000.0, 907.0, 999.0, 999.0, 999.0, 999.0, 316.0, 330.0, 0.0, 0.0, , -0.9737701416015625, 0.189544677734375, -0.0989990234375, 0.0776824951171875, , -0.837860107421875, 0.1396331787109375, -0.196624755859375, 0.4897003173828125
28330, 28.589324951171875, 1000.0, 49.0, 235.0, 111.0, 248.0, 139.0, 130.0, 0.0, 0.0, 1000.0, 0.0, 1000.0, 0.0, 1000.0, 907.0, 999.0, 999.0, 999.0, 999.0, 316.0, 330.0, 0.0, 0.0, , -0.9737701416015625, 0.189544677734375, -0.0989990234375, 0.0776824951171875, , -0.838348388671875, 0.137359619140625, -0.1951904296875, 0.490081787109375
28340, 28.599824905395508, 1000.0, 49.0, 235.0, 111.0, 248.0, 139.0, 130.0, 0.0, 0.0, 1000.0, 0.0, 1000.0, 0.0, 1000.0, 907.0, 999.0, 999.0, 999.0, 999.0, 316.0, 330.0, 0.0, 0.0, , -0.9737701416015625, 0.189544677734375, -0.0989990234375, 0.0776824951171875, , -0.838165283203125, 0.137298583984375, -0.1951751708984375, 0.49041748046875
28350, 28.60921287536621, 1000.0, 49.0, 235.0, 111.0, 248.0, 139.0, 130.0, 0.0, 0.0, 1000.0, 0.0, 1000.0, 0.0, 1000.0, 907.0, 999.0, 999.0, 999.0, 999.0, 316.0, 330.0, 0.0, 0.0, , -0.9737701416015625, 0.189544677734375, -0.0989990234375, 0.0776824951171875, , -0.8380126953125, 0.13720703125, -0.1952362060546875, 0.4906768798828125
28360, 28.619108200073242, 1000.0, 49.0, 235.0, 111.0, 248.0, 139.0, 130.0, 0.0, 0.0, 1000.0, 0.0, 1000.0, 0.0, 1000.0, 907.0, 999.0, 999.0, 999.0, 999.0, 316.0, 330.0, 0.0, 0.0, , -0.9737701416015625, 0.189544677734375, -0.0989990234375, 0.0776824951171875, , -0.837890625, 0.1371612548828125, -0.19525146484375, 0.49090576171875
28370, 28.629043579101562, 1000.0, 49.0, 235.0, 111.0, 248.0, 139.0, 130.0, 0.0, 0.0, 1000.0, 0.0, 1000.0, 0.0, 1000.0, 907.0, 999.0, 999.0, 999.0, 999.0, 316.0, 330.0, 0.0, 0.0, , -0.9737701416015625, 0.189544677734375, -0.0989990234375, 0.0776824951171875, , -0.837799072265625, 0.1370086669921875, -0.1951751708984375, 0.491119384765625
28380, 28.639299392700195, 1000.0, 49.0, 235.0, 111.0, 248.0, 139.0, 130.0, 0.0, 0.0, 1000.0, 0.0, 1000.0, 0.0, 1000.0, 907.0, 999.0, 999.0, 999.0, 999.0, 316.0, 330.0, 0.0, 0.0, , -0.9737701416015625, 0.189544677734375, -0.0989990234375, 0.0776824951171875, , -0.837799072265625, 0.1367645263671875, -0.1949005126953125, 0.491302490234375
28390, 28.64910316467285, 1000.0, 49.0, 235.0, 111.0, 248.0, 139.0, 130.0, 0.0, 0.0, 1000.0, 0.0, 1000.0, 0.0, 1000.0, 907.0, 999.0, 999.0, 999.0, 999.0, 316.0, 330.0, 0.0, 0.0, , -0.9737701416015625, 0.189544677734375, -0.0989990234375, 0.0776824951171875, , -0.8378143310546875, 0.13653564453125, -0.19476318359375, 0.49139404296875
28400, 28.659210205078125, 1000.0, 49.0, 235.0, 111.0, 248.0, 139.0, 130.0, 0.0, 0.0, 1000.0, 0.0, 1000.0, 0.0, 1000.0, 907.0, 999.0, 999.0, 999.0, 999.0, 316.0, 330.0, 0.0, 0.0, , -0.9737701416015625, 0.189544677734375, -0.0989990234375, 0.0776824951171875, , -0.8378753662109375, 0.1362152099609375, -0.1945037841796875, 0.4914703369140625
28410, 28.669111251831055, 1000.0, 49.0, 235.0, 111.0, 248.0, 139.0, 130.0, 0.0, 0.0, 1000.0, 0.0, 1000.0, 0.0, 1000.0, 907.0, 999.0, 999.0, 999.0, 999.0, 316.0, 330.0, 0.0, 0.0, , -0.9737701416015625, 0.189544677734375, -0.0989990234375, 0.0776824951171875, , -0.8379058837890625, 0.1360015869140625, -0.19476318359375, 0.4913787841796875
28420, 28.679054260253906, 1000.0, 49.0, 235.0, 111.0, 248.0, 139.0, 130.0, 0.0, 0.0, 1000.0, 0.0, 1000.0, 0.0, 1000.0, 907.0, 999.0, 999.0, 999.0, 999.0, 316.0, 330.0, 0.0, 0.0, , -0.9737701416015625, 0.189544677734375, -0.0989990234375, 0.0776824951171875, , -0.8379364013671875, 0.135986328125, -0.1947479248046875, 0.4913330078125
28430, 28.689119338989258, 1000.0, 49.0, 235.0, 111.0, 248.0, 139.0, 130.0, 0.0, 0.0, 1000.0, 0.0, 1000.0, 0.0, 1000.0, 907.0, 999.0, 999.0, 999.0, 999.0, 316.0, 330.0, 0.0, 0.0, , -0.9737701416015625, 0.189544677734375, -0.0989990234375, 0.0776824951171875, , -0.837982177734375, 0.1359710693359375, -0.1949310302734375, 0.4912109375
28440, 28.69910430908203, 1000.0, 49.0, 235.0, 111.0, 248.0, 139.0, 130.0, 0.0, 0.0, 1000.0, 0.0, 1000.0, 0.0, 1000.0, 907.0, 999.0, 999.0, 999.0, 999.0, 316.0, 330.0, 0.0, 0.0, , -0.9737701416015625, 0.189544677734375, -0.0989990234375, 0.0776824951171875, , -0.837982177734375, 0.1361083984375, -0.1952362060546875, 0.49102783203125
28450, 28.709217071533203, 1000.0, 49.0, 235.0, 111.0, 248.0, 139.0, 130.0, 0.0, 0.0, 1000.0, 0.0, 1000.0, 0.0, 1000.0, 907.0, 999.0, 999.0, 999.0, 999.0, 316.0, 330.0, 0.0, 0.0, , -0.9737701416015625, 0.189544677734375, -0.0989990234375, 0.0776824951171875, , -0.838104248046875, 0.1358184814453125, -0.1953277587890625, 0.4908599853515625
28460, 28.719097137451172, 1000.0, 49.0, 235.0, 111.0, 248.0, 139.0, 130.0, 0.0, 0.0, 1000.0, 0.0, 1000.0, 0.0, 1000.0, 907.0, 999.0, 999.0, 999.0, 999.0, 316.0, 330.0, 0.0, 0.0, , -0.9737701416015625, 0.189544677734375, -0.0989990234375, 0.0776824951171875, , -0.8381805419921875, 0.1358184814453125, -0.1952972412109375, 0.4907379150390625
28470, 28.729055404663086, 1000.0, 49.0, 235.0, 111.0, 248.0, 139.0, 130.0, 0.0, 0.0, 1000.0, 0.0, 1000.0, 0.0, 1000.0, 907.0, 999.0, 999.0, 999.0, 999.0, 316.0, 330.0, 0.0, 0.0, , -0.9737701416015625, 0.189544677734375, -0.0989990234375, 0.0776824951171875, , -0.8382720947265625, 0.135650634765625, -0.1956329345703125, 0.490509033203125
28480, 28.739295959472656, 1000.0, 49.0, 235.0, 111.0, 248.0, 139.0, 130.0, 0.0, 0.0, 1000.0, 0.0, 1000.0, 0.0, 1000.0, 907.0, 999.0, 999.0, 999.0, 999.0, 316.0, 330.0, 0.0, 0.0, , -0.9737701416015625, 0.189544677734375, -0.0989990234375, 0.0776824951171875, , -0.83837890625, 0.1353759765625, -0.19586181640625, 0.4903106689453125
28490, 28.74910545349121, 1000.0, 49.0, 235.0, 111.0, 248.0, 139.0, 130.0, 0.0, 0.0, 1000.0, 0.0, 1000.0, 0.0, 1000.0, 907.0, 999.0, 999.0, 999.0, 999.0, 316.0, 330.0, 0.0, 0.0, , -0.9737701416015625, 0.189544677734375, -0.0989990234375, 0.0776824951171875, , -0.8382568359375, 0.13616943359375, -0.196044921875, 0.490234375
28500, 28.761505126953125, 1000.0, 49.0, 235.0, 111.0, 248.0, 139.0, 130.0, 0.0, 0.0, 1000.0, 0.0, 1000.0, 0.0, 1000.0, 907.0, 999.0, 999.0, 999.0, 999.0, 316.0, 330.0, 0.0, 0.0, , -0.9737701416015625, 0.189544677734375, -0.0989990234375, 0.0776824951171875, , -0.83837890625, 0.1354522705078125, -0.1968994140625, 0.4898681640625
28510, 28.76905059814453, 1000.0, 49.0, 235.0, 111.0, 248.0, 139.0, 130.0, 0.0, 0.0, 1000.0, 0.0, 1000.0, 0.0, 1000.0, 907.0, 999.0, 999.0, 999.0, 999.0, 316.0, 330.0, 0.0, 0.0, , -0.9737701416015625, 0.189544677734375, -0.0989990234375, 0.0776824951171875, , -0.83831787109375, 0.1355133056640625, -0.1978759765625, 0.4895782470703125
28520, 28.779050827026367, 1000.0, 49.0, 235.0, 111.0, 248.0, 139.0, 130.0, 0.0, 0.0, 1000.0, 0.0, 1000.0, 0.0, 1000.0, 907.0, 999.0, 999.0, 999.0, 999.0, 316.0, 330.0, 0.0, 0.0, , -0.9737701416015625, 0.189544677734375, -0.0989990234375, 0.0776824951171875, , -0.8382110595703125, 0.1363525390625, -0.1973114013671875, 0.4897308349609375
28530, 28.789310455322266, 1000.0, 49.0, 235.0, 111.0, 248.0, 139.0, 130.0, 0.0, 0.0, 1000.0, 0.0, 1000.0, 0.0, 1000.0, 907.0, 999.0, 999.0, 999.0, 999.0, 316.0, 330.0, 0.0, 0.0, , -0.9737701416015625, 0.189544677734375, -0.0989990234375, 0.0776824951171875, , -0.8379058837890625, 0.13787841796875, -0.1973724365234375, 0.4898223876953125
28540, 28.79910659790039, 1000.0, 49.0, 235.0, 111.0, 248.0, 139.0, 130.0, 0.0, 0.0, 1000.0, 0.0, 1000.0, 0.0, 1000.0, 907.0, 999.0, 999.0, 999.0, 999.0, 316.0, 330.0, 0.0, 0.0, , -0.9737701416015625, 0.189544677734375, -0.0989990234375, 0.0776824951171875, , -0.8377838134765625, 0.1379547119140625, -0.198455810546875, 0.48956298828125
28550, 28.809104919433594, 1000.0, 49.0, 235.0, 111.0, 248.0, 139.0, 130.0, 0.0, 0.0, 1000.0, 0.0, 1000.0, 0.0, 1000.0, 907.0, 999.0, 999.0, 999.0, 999.0, 316.0, 330.0, 0.0, 0.0, , -0.9737701416015625, 0.189544677734375, -0.0989990234375, 0.0776824951171875, , -0.837371826171875, 0.1397857666015625, -0.1984405517578125, 0.48974609375
28560, 28.819034576416016, 1000.0, 49.0, 235.0, 111.0, 248.0, 139.0, 130.0, 0.0, 0.0, 1000.0, 0.0, 1000.0, 0.0, 1000.0, 907.0, 999.0, 999.0, 999.0, 999.0, 316.0, 330.0, 0.0, 0.0, , -0.9737701416015625, 0.189544677734375, -0.0989990234375, 0.0776824951171875, , -0.8375244140625, 0.1390228271484375, -0.1986846923828125, 0.4896240234375
28570, 28.829063415527344, 1000.0, 49.0, 235.0, 111.0, 248.0, 139.0, 130.0, 0.0, 0.0, 1000.0, 0.0, 1000.0, 0.0, 1000.0, 907.0, 999.0, 999.0, 999.0, 999.0, 316.0, 330.0, 0.0, 0.0, , -0.9737701416015625, 0.189544677734375, -0.0989990234375, 0.0776824951171875, , -0.8377227783203125, 0.137908935546875, -0.199005126953125, 0.4894561767578125
28580, 28.839284896850586, 1000.0, 49.0, 235.0, 111.0, 248.0, 139.0, 130.0, 0.0, 0.0, 1000.0, 0.0, 1000.0, 0.0, 1000.0, 907.0, 999.0, 999.0, 999.0, 999.0, 316.0, 330.0, 0.0, 0.0, , -0.9737701416015625, 0.189544677734375, -0.0989990234375, 0.0776824951171875, , -0.83782958984375, 0.137451171875, -0.199005126953125, 0.489410400390625
28590, 28.84911346435547, 1000.0, 49.0, 235.0, 111.0, 248.0, 139.0, 130.0, 0.0, 0.0, 1000.0, 0.0, 1000.0, 0.0, 1000.0, 907.0, 999.0, 999.0, 999.0, 999.0, 316.0, 330.0, 0.0, 0.0, , -0.9737701416015625, 0.189544677734375, -0.0989990234375, 0.0776824951171875, , -0.8380584716796875, 0.1369171142578125, -0.197998046875, 0.4895782470703125
28600, 28.859098434448242, 1000.0, 49.0, 235.0, 111.0, 248.0, 139.0, 130.0, 0.0, 0.0, 1000.0, 0.0, 1000.0, 0.0, 1000.0, 907.0, 999.0, 999.0, 999.0, 999.0, 316.0, 330.0, 0.0, 0.0, , -0.9737701416015625, 0.189544677734375, -0.0989990234375, 0.0776824951171875, , -0.8378448486328125, 0.1378936767578125, -0.1978759765625, 0.489715576171875
28610, 28.871355056762695, 1000.0, 49.0, 235.0, 111.0, 248.0, 139.0, 130.0, 0.0, 0.0, 1000.0, 0.0, 1000.0, 0.0, 1000.0, 907.0, 999.0, 999.0, 999.0, 999.0, 316.0, 330.0, 0.0, 0.0, , -0.9737701416015625, 0.189544677734375, -0.0989990234375, 0.0776824951171875, , -0.8378753662109375, 0.1377105712890625, -0.19793701171875, 0.48968505859375
28620, 28.879060745239258, 1000.0, 49.0, 235.0, 111.0, 248.0, 139.0, 130.0, 0.0, 0.0, 1000.0, 0.0, 1000.0, 0.0, 1000.0, 907.0, 999.0, 999.0, 999.0, 999.0, 316.0, 330.0, 0.0, 0.0, , -0.9737701416015625, 0.189544677734375, -0.0989990234375, 0.0776824951171875, , -0.837921142578125, 0.1377716064453125, -0.1974639892578125, 0.4897918701171875
28630, 28.889293670654297, 1000.0, 49.0, 235.0, 111.0, 248.0, 139.0, 130.0, 0.0, 0.0, 1000.0, 0.0, 1000.0, 0.0, 1000.0, 907.0, 999.0, 999.0, 999.0, 999.0, 316.0, 330.0, 0.0, 0.0, , -0.9737701416015625, 0.189544677734375, -0.0989990234375, 0.0776824951171875, , -0.8375701904296875, 0.1381683349609375, -0.2000579833984375, 0.489227294921875
28640, 28.899105072021484, 1000.0, 49.0, 235.0, 111.0, 248.0, 139.0, 130.0, 0.0, 0.0, 1000.0, 0.0, 1000.0, 0.0, 1000.0, 907.0, 999.0, 999.0, 999.0, 999.0, 316.0, 330.0, 0.0, 0.0, , -0.9737701416015625, 0.189544677734375, -0.0989990234375, 0.0776824951171875, , -0.837127685546875, 0.1402435302734375, -0.199676513671875, 0.4895477294921875
28650, 28.909196853637695, 1000.0, 49.0, 235.0, 111.0, 248.0, 139.0, 130.0, 0.0, 0.0, 1000.0, 0.0, 1000.0, 0.0, 1000.0, 907.0, 999.0, 999.0, 999.0, 999.0, 316.0, 330.0, 0.0, 0.0, , -0.9737701416015625, 0.189544677734375, -0.0989990234375, 0.0776824951171875, , -0.837158203125, 0.140716552734375, -0.1979827880859375, 0.4900360107421875
28660, 28.919038772583008, 1000.0, 49.0, 235.0, 111.0, 248.0, 139.0, 130.0, 0.0, 0.0, 1000.0, 0.0, 1000.0, 0.0, 1000.0, 907.0, 999.0, 999.0, 999.0, 999.0, 316.0, 330.0, 0.0, 0.0, , -0.9737701416015625, 0.189544677734375, -0.0989990234375, 0.0776824951171875, , -0.836822509765625, 0.141387939453125, -0.1993865966796875, 0.4898681640625
28670, 28.92905616760254, 1000.0, 49.0, 235.0, 111.0, 248.0, 139.0, 130.0, 0.0, 0.0, 1000.0, 0.0, 1000.0, 0.0, 1000.0, 907.0, 999.0, 999.0, 999.0, 999.0, 316.0, 330.0, 0.0, 0.0, , -0.9737701416015625, 0.189544677734375, -0.0989990234375, 0.0776824951171875, , -0.836700439453125, 0.140838623046875, -0.2011871337890625, 0.4894866943359375
28680, 28.93927764892578, 1000.0, 49.0, 235.0, 111.0, 248.0, 139.0, 130.0, 0.0, 0.0, 1000.0, 0.0, 1000.0, 0.0, 1000.0, 907.0, 999.0, 999.0, 999.0, 999.0, 316.0, 330.0, 0.0, 0.0, , -0.9737701416015625, 0.189544677734375, -0.0989990234375, 0.0776824951171875, , -0.836883544921875, 0.139801025390625, -0.2010955810546875, 0.4895172119140625
28690, 28.949115753173828, 1000.0, 49.0, 235.0, 111.0, 248.0, 139.0, 130.0, 0.0, 0.0, 1000.0, 0.0, 1000.0, 0.0, 1000.0, 907.0, 999.0, 999.0, 999.0, 999.0, 316.0, 330.0, 0.0, 0.0, , -0.9737701416015625, 0.189544677734375, -0.0989990234375, 0.0776824951171875, , -0.83709716796875, 0.1392059326171875, -0.1997528076171875, 0.4898529052734375
28700, 28.959232330322266, 1000.0, 49.0, 235.0, 111.0, 248.0, 139.0, 130.0, 0.0, 0.0, 1000.0, 0.0, 1000.0, 0.0, 1000.0, 907.0, 999.0, 999.0, 999.0, 999.0, 316.0, 330.0, 0.0, 0.0, , -0.9737701416015625, 0.189544677734375, -0.0989990234375, 0.0776824951171875, , -0.8372039794921875, 0.1388092041015625, -0.199005126953125, 0.4900970458984375
28710, 28.969100952148438, 1000.0, 49.0, 235.0, 111.0, 248.0, 139.0, 130.0, 0.0, 0.0, 1000.0, 0.0, 1000.0, 0.0, 1000.0, 907.0, 999.0, 999.0, 999.0, 999.0, 316.0, 330.0, 0.0, 0.0, , -0.9737701416015625, 0.189544677734375, -0.0989990234375, 0.0776824951171875, , -0.8372650146484375, 0.1387481689453125, -0.19775390625, 0.490509033203125
28720, 28.979040145874023, 1000.0, 49.0, 235.0, 111.0, 248.0, 139.0, 130.0, 0.0, 0.0, 1000.0, 0.0, 1000.0, 0.0, 1000.0, 907.0, 999.0, 999.0, 999.0, 999.0, 316.0, 330.0, 0.0, 0.0, , -0.9737701416015625, 0.189544677734375, -0.0989990234375, 0.0776824951171875, , -0.8374481201171875, 0.1368255615234375, -0.199462890625, 0.49005126953125
28730, 28.98931121826172, 1000.0, 49.0, 235.0, 111.0, 248.0, 139.0, 130.0, 0.0, 0.0, 1000.0, 0.0, 1000.0, 0.0, 1000.0, 907.0, 999.0, 999.0, 999.0, 999.0, 316.0, 330.0, 0.0, 0.0, , -0.9737701416015625, 0.189544677734375, -0.0989990234375, 0.0776824951171875, , -0.837310791015625, 0.137786865234375, -0.198150634765625, 0.4905548095703125
28740, 28.999107360839844, 1000.0, 49.0, 235.0, 111.0, 248.0, 139.0, 130.0, 0.0, 0.0, 1000.0, 0.0, 1000.0, 0.0, 1000.0, 907.0, 999.0, 999.0, 999.0, 999.0, 316.0, 330.0, 0.0, 0.0, , -0.9737701416015625, 0.189544677734375, -0.0989990234375, 0.0776824951171875, , -0.837188720703125, 0.1374359130859375, -0.1997222900390625, 0.490203857421875
28750, 29.009212493896484, 1000.0, 49.0, 235.0, 111.0, 248.0, 139.0, 130.0, 0.0, 0.0, 1000.0, 0.0, 1000.0, 0.0, 1000.0, 907.0, 999.0, 999.0, 999.0, 999.0, 316.0, 330.0, 0.0, 0.0, , -0.9737701416015625, 0.189544677734375, -0.0989990234375, 0.0776824951171875, , -0.837188720703125, 0.1380462646484375, -0.1981658935546875, 0.49066162109375
28760, 29.019105911254883, 1000.0, 49.0, 235.0, 111.0, 248.0, 139.0, 130.0, 0.0, 0.0, 1000.0, 0.0, 1000.0, 0.0, 1000.0, 907.0, 999.0, 999.0, 999.0, 999.0, 316.0, 330.0, 0.0, 0.0, , -0.9737701416015625, 0.189544677734375, -0.0989990234375, 0.0776824951171875, , -0.83660888671875, 0.1402130126953125, -0.1989898681640625, 0.49072265625
28770, 29.033061981201172, 1000.0, 49.0, 235.0, 111.0, 248.0, 139.0, 130.0, 0.0, 0.0, 1000.0, 0.0, 1000.0, 0.0, 1000.0, 907.0, 999.0, 999.0, 999.0, 999.0, 316.0, 330.0, 0.0, 0.0, , -0.9737701416015625, 0.189544677734375, -0.0989990234375, 0.0776824951171875, , -0.837005615234375, 0.139373779296875, -0.196746826171875, 0.491180419921875
28780, 29.038951873779297, 1000.0, 49.0, 235.0, 111.0, 248.0, 139.0, 130.0, 0.0, 0.0, 1000.0, 0.0, 1000.0, 0.0, 1000.0, 907.0, 999.0, 999.0, 999.0, 999.0, 316.0, 330.0, 0.0, 0.0, , -0.9737701416015625, 0.189544677734375, -0.0989990234375, 0.0776824951171875, , -0.837188720703125, 0.139312744140625, -0.195159912109375, 0.4915313720703125
28790, 29.049150466918945, 1000.0, 49.0, 235.0, 111.0, 248.0, 139.0, 130.0, 0.0, 0.0, 1000.0, 0.0, 1000.0, 0.0, 1000.0, 907.0, 999.0, 999.0, 999.0, 999.0, 316.0, 330.0, 0.0, 0.0, , -0.9737701416015625, 0.189544677734375, -0.0989990234375, 0.0776824951171875, , -0.8372802734375, 0.1395416259765625, -0.1938018798828125, 0.4918365478515625
28800, 29.059062957763672, 1000.0, 49.0, 235.0, 111.0, 248.0, 139.0, 130.0, 0.0, 0.0, 1000.0, 0.0, 1000.0, 0.0, 1000.0, 907.0, 999.0, 999.0, 999.0, 999.0, 316.0, 330.0, 0.0, 0.0, , -0.9737701416015625, 0.189544677734375, -0.0989990234375, 0.0776824951171875, , -0.838104248046875, 0.1358642578125, -0.193878173828125, 0.4914398193359375
28810, 29.069026947021484, 1000.0, 49.0, 235.0, 111.0, 248.0, 139.0, 130.0, 0.0, 0.0, 1000.0, 0.0, 1000.0, 0.0, 1000.0, 907.0, 999.0, 999.0, 999.0, 999.0, 316.0, 330.0, 0.0, 0.0, , -0.9737701416015625, 0.189544677734375, -0.0989990234375, 0.0776824951171875, , -0.8381805419921875, 0.1347503662109375, -0.1955718994140625, 0.490936279296875
28820, 29.07903289794922, 1000.0, 49.0, 235.0, 111.0, 248.0, 139.0, 130.0, 0.0, 0.0, 1000.0, 0.0, 1000.0, 0.0, 1000.0, 907.0, 999.0, 999.0, 999.0, 999.0, 316.0, 330.0, 0.0, 0.0, , -0.9737701416015625, 0.189544677734375, -0.0989990234375, 0.0776824951171875, , -0.8389892578125, 0.1319427490234375, -0.1938629150390625, 0.490997314453125
28830, 29.088964462280273, 1000.0, 49.0, 235.0, 111.0, 248.0, 139.0, 130.0, 0.0, 0.0, 1000.0, 0.0, 1000.0, 0.0, 1000.0, 907.0, 999.0, 999.0, 999.0, 999.0, 316.0, 330.0, 0.0, 0.0, , -0.9737701416015625, 0.189544677734375, -0.0989990234375, 0.0776824951171875, , -0.838653564453125, 0.133880615234375, -0.1929473876953125, 0.4914093017578125
28840, 29.09912872314453, 1000.0, 49.0, 235.0, 111.0, 248.0, 139.0, 130.0, 0.0, 0.0, 1000.0, 0.0, 1000.0, 0.0, 1000.0, 907.0, 999.0, 999.0, 999.0, 999.0, 316.0, 330.0, 0.0, 0.0, , -0.9737701416015625, 0.189544677734375, -0.0989990234375, 0.0776824951171875, , -0.83868408203125, 0.13385009765625, -0.192901611328125, 0.49139404296875
28850, 29.109066009521484, 1000.0, 49.0, 235.0, 111.0, 248.0, 139.0, 130.0, 0.0, 0.0, 1000.0, 0.0, 1000.0, 0.0, 1000.0, 907.0, 999.0, 999.0, 999.0, 999.0, 316.0, 330.0, 0.0, 0.0, , -0.9737701416015625, 0.189544677734375, -0.0989990234375, 0.0776824951171875, , -0.838653564453125, 0.133941650390625, -0.1929779052734375, 0.4913787841796875
28860, 29.119035720825195, 1000.0, 49.0, 235.0, 111.0, 248.0, 139.0, 130.0, 0.0, 0.0, 1000.0, 0.0, 1000.0, 0.0, 1000.0, 907.0, 999.0, 999.0, 999.0, 999.0, 316.0, 330.0, 0.0, 0.0, , -0.9737701416015625, 0.189544677734375, -0.0989990234375, 0.0776824951171875, , -0.8386688232421875, 0.133880615234375, -0.193115234375, 0.4913330078125
28870, 29.12909698486328, 1000.0, 49.0, 235.0, 111.0, 248.0, 139.0, 130.0, 0.0, 0.0, 1000.0, 0.0, 1000.0, 0.0, 1000.0, 907.0, 999.0, 999.0, 999.0, 999.0, 316.0, 330.0, 0.0, 0.0, , -0.9737701416015625, 0.189544677734375, -0.0989990234375, 0.0776824951171875, , -0.838623046875, 0.1340179443359375, -0.1932373046875, 0.491302490234375
28880, 29.143600463867188, 1000.0, 49.0, 235.0, 111.0, 248.0, 139.0, 130.0, 0.0, 0.0, 1000.0, 0.0, 1000.0, 0.0, 1000.0, 907.0, 999.0, 999.0, 999.0, 999.0, 316.0, 330.0, 0.0, 0.0, , -0.9737701416015625, 0.189544677734375, -0.0989990234375, 0.0776824951171875, , -0.8386383056640625, 0.133941650390625, -0.193450927734375, 0.4912109375
28890, 29.14905548095703, 1000.0, 49.0, 235.0, 111.0, 248.0, 139.0, 130.0, 0.0, 0.0, 1000.0, 0.0, 1000.0, 0.0, 1000.0, 907.0, 999.0, 999.0, 999.0, 999.0, 316.0, 330.0, 0.0, 0.0, , -0.9737701416015625, 0.189544677734375, -0.0989990234375, 0.0776824951171875, , -0.8386993408203125, 0.1339263916015625, -0.1933441162109375, 0.4911651611328125
28900, 29.159046173095703, 1000.0, 49.0, 235.0, 111.0, 248.0, 139.0, 130.0, 0.0, 0.0, 1000.0, 0.0, 1000.0, 0.0, 1000.0, 907.0, 999.0, 999.0, 999.0, 999.0, 316.0, 330.0, 0.0, 0.0, , -0.9737701416015625, 0.189544677734375, -0.0989990234375, 0.0776824951171875, , -0.838714599609375, 0.1339569091796875, -0.193572998046875, 0.4910430908203125
28910, 29.16912078857422, 1000.0, 49.0, 235.0, 111.0, 248.0, 139.0, 130.0, 0.0, 0.0, 1000.0, 0.0, 1000.0, 0.0, 1000.0, 907.0, 999.0, 999.0, 999.0, 999.0, 316.0, 330.0, 0.0, 0.0, , -0.9737701416015625, 0.189544677734375, -0.0989990234375, 0.0776824951171875, , -0.838714599609375, 0.1341705322265625, -0.1935882568359375, 0.4909820556640625
28920, 29.179035186767578, 1000.0, 49.0, 235.0, 111.0, 248.0, 139.0, 130.0, 0.0, 0.0, 1000.0, 0.0, 1000.0, 0.0, 1000.0, 907.0, 999.0, 999.0, 999.0, 999.0, 316.0, 330.0, 0.0, 0.0, , -0.9737701416015625, 0.189544677734375, -0.0989990234375, 0.0776824951171875, , -0.838714599609375, 0.1339569091796875, -0.194183349609375, 0.49078369140625
28930, 29.189117431640625, 1000.0, 49.0, 235.0, 111.0, 248.0, 139.0, 130.0, 0.0, 0.0, 1000.0, 0.0, 1000.0, 0.0, 1000.0, 907.0, 999.0, 999.0, 999.0, 999.0, 316.0, 330.0, 0.0, 0.0, , -0.9737701416015625, 0.189544677734375, -0.0989990234375, 0.0776824951171875, , -0.8386993408203125, 0.1341705322265625, -0.1942901611328125, 0.4907379150390625
28940, 29.199108123779297, 1000.0, 49.0, 235.0, 111.0, 248.0, 139.0, 130.0, 0.0, 0.0, 1000.0, 0.0, 1000.0, 0.0, 1000.0, 907.0, 999.0, 999.0, 999.0, 999.0, 316.0, 330.0, 0.0, 0.0, , -0.9737701416015625, 0.189544677734375, -0.0989990234375, 0.0776824951171875, , -0.838836669921875, 0.1339263916015625, -0.1940155029296875, 0.4906768798828125
28950, 29.20905113220215, 1000.0, 49.0, 235.0, 111.0, 248.0, 139.0, 130.0, 0.0, 0.0, 1000.0, 0.0, 1000.0, 0.0, 1000.0, 907.0, 999.0, 999.0, 999.0, 999.0, 316.0, 330.0, 0.0, 0.0, , -0.9737701416015625, 0.189544677734375, -0.0989990234375, 0.0776824951171875, , -0.8388671875, 0.1338653564453125, -0.194183349609375, 0.4905548095703125
28960, 29.219104766845703, 1000.0, 49.0, 235.0, 111.0, 248.0, 139.0, 130.0, 0.0, 0.0, 1000.0, 0.0, 1000.0, 0.0, 1000.0, 907.0, 999.0, 999.0, 999.0, 999.0, 316.0, 330.0, 0.0, 0.0, , -0.9737701416015625, 0.189544677734375, -0.0989990234375, 0.0776824951171875, , -0.838836669921875, 0.1341400146484375, -0.19427490234375, 0.4904937744140625
28970, 29.229049682617188, 1000.0, 49.0, 235.0, 111.0, 248.0, 139.0, 130.0, 0.0, 0.0, 1000.0, 0.0, 1000.0, 0.0, 1000.0, 907.0, 999.0, 999.0, 999.0, 999.0, 316.0, 330.0, 0.0, 0.0, , -0.9737701416015625, 0.189544677734375, -0.0989990234375, 0.0776824951171875, , -0.838714599609375, 0.1346435546875, -0.19476318359375, 0.490386962890625
28980, 29.239152908325195, 1000.0, 49.0, 235.0, 111.0, 248.0, 139.0, 130.0, 0.0, 0.0, 1000.0, 0.0, 1000.0, 0.0, 1000.0, 907.0, 999.0, 999.0, 999.0, 999.0, 316.0, 330.0, 0.0, 0.0, , -0.9737701416015625, 0.189544677734375, -0.0989990234375, 0.0776824951171875, , -0.8387908935546875, 0.1342620849609375, -0.195037841796875, 0.490234375
28990, 29.249061584472656, 1000.0, 49.0, 235.0, 111.0, 248.0, 139.0, 130.0, 0.0, 0.0, 1000.0, 0.0, 1000.0, 0.0, 1000.0, 907.0, 999.0, 999.0, 999.0, 999.0, 316.0, 330.0, 0.0, 0.0, , -0.9737701416015625, 0.189544677734375, -0.0989990234375, 0.0776824951171875, , -0.83892822265625, 0.1343231201171875, -0.193756103515625, 0.4904937744140625
29000, 29.259063720703125, 1000.0, 49.0, 235.0, 111.0, 248.0, 139.0, 130.0, 0.0, 0.0, 1000.0, 0.0, 1000.0, 0.0, 1000.0, 907.0, 999.0, 999.0, 999.0, 999.0, 316.0, 330.0, 0.0, 0.0, , -0.9737701416015625, 0.189544677734375, -0.0989990234375, 0.0776824951171875, , -0.838958740234375, 0.1338653564453125, -0.1944122314453125, 0.4903106689453125
29010, 29.269094467163086, 1000.0, 49.0, 235.0, 111.0, 248.0, 139.0, 130.0, 0.0, 0.0, 1000.0, 0.0, 1000.0, 0.0, 1000.0, 907.0, 999.0, 999.0, 999.0, 999.0, 316.0, 330.0, 0.0, 0.0, , -0.9737701416015625, 0.189544677734375, -0.0989990234375, 0.0776824951171875, , -0.8388519287109375, 0.134002685546875, -0.1952362060546875, 0.4901275634765625
29020, 29.279037475585938, 1000.0, 49.0, 235.0, 111.0, 248.0, 139.0, 130.0, 0.0, 0.0, 1000.0, 0.0, 1000.0, 0.0, 1000.0, 907.0, 999.0, 999.0, 999.0, 999.0, 316.0, 330.0, 0.0, 0.0, , -0.9737701416015625, 0.189544677734375, -0.0989990234375, 0.0776824951171875, , -0.8387603759765625, 0.1342620849609375, -0.1959228515625, 0.4899444580078125
29030, 29.28915023803711, 1000.0, 49.0, 235.0, 111.0, 248.0, 139.0, 130.0, 0.0, 0.0, 1000.0, 0.0, 1000.0, 0.0, 1000.0, 907.0, 999.0, 999.0, 999.0, 999.0, 316.0, 330.0, 0.0, 0.0, , -0.9737701416015625, 0.189544677734375, -0.0989990234375, 0.0776824951171875, , -0.83880615234375, 0.13427734375, -0.1958770751953125, 0.4898681640625
29040, 29.30755043029785, 1000.0, 49.0, 235.0, 111.0, 248.0, 139.0, 130.0, 0.0, 0.0, 1000.0, 0.0, 1000.0, 0.0, 1000.0, 907.0, 999.0, 999.0, 999.0, 999.0, 316.0, 330.0, 0.0, 0.0, , -0.9737701416015625, 0.189544677734375, -0.0989990234375, 0.0776824951171875, , -0.8388824462890625, 0.133819580078125, -0.1963348388671875, 0.48968505859375
29050, 29.31247901916504, 1000.0, 49.0, 235.0, 111.0, 248.0, 139.0, 130.0, 0.0, 0.0, 1000.0, 0.0, 1000.0, 0.0, 1000.0, 907.0, 999.0, 999.0, 999.0, 999.0, 316.0, 330.0, 0.0, 0.0, , -0.9737701416015625, 0.189544677734375, -0.0989990234375, 0.0776824951171875, , -0.838287353515625, 0.1360015869140625, -0.1975555419921875, 0.4896087646484375
29060, 29.319257736206055, 1000.0, 49.0, 235.0, 111.0, 248.0, 139.0, 130.0, 0.0, 0.0, 1000.0, 0.0, 1000.0, 0.0, 1000.0, 907.0, 999.0, 999.0, 999.0, 999.0, 316.0, 330.0, 0.0, 0.0, , -0.9737701416015625, 0.189544677734375, -0.0989990234375, 0.0776824951171875, , -0.8383331298828125, 0.1363372802734375, -0.1967315673828125, 0.4897918701171875
29070, 29.329313278198242, 1000.0, 49.0, 235.0, 111.0, 248.0, 139.0, 130.0, 0.0, 0.0, 1000.0, 0.0, 1000.0, 0.0, 1000.0, 907.0, 999.0, 999.0, 999.0, 999.0, 316.0, 330.0, 0.0, 0.0, , -0.9737701416015625, 0.189544677734375, -0.0989990234375, 0.0776824951171875, , -0.8381195068359375, 0.1370849609375, -0.196929931640625, 0.4898529052734375
29080, 29.33948516845703, 1000.0, 49.0, 235.0, 111.0, 248.0, 139.0, 130.0, 0.0, 0.0, 1000.0, 0.0, 1000.0, 0.0, 1000.0, 907.0, 999.0, 999.0, 999.0, 999.0, 316.0, 330.0, 0.0, 0.0, , -0.9737701416015625, 0.189544677734375, -0.0989990234375, 0.0776824951171875, , -0.83819580078125, 0.136993408203125, -0.1963653564453125, 0.4899749755859375
29090, 29.349267959594727, 1000.0, 49.0, 235.0, 111.0, 248.0, 139.0, 130.0, 0.0, 0.0, 1000.0, 0.0, 1000.0, 0.0, 1000.0, 907.0, 999.0, 999.0, 999.0, 999.0, 316.0, 330.0, 0.0, 0.0, , -0.9737701416015625, 0.189544677734375, -0.0989990234375, 0.0776824951171875, , -0.8384552001953125, 0.1362762451171875, -0.195404052734375, 0.4901123046875
29100, 29.35924530029297, 1000.0, 49.0, 235.0, 111.0, 248.0, 139.0, 130.0, 0.0, 0.0, 1000.0, 0.0, 1000.0, 0.0, 1000.0, 907.0, 999.0, 999.0, 999.0, 999.0, 316.0, 330.0, 0.0, 0.0, , -0.9737701416015625, 0.189544677734375, -0.0989990234375, 0.0776824951171875, , -0.838348388671875, 0.1369476318359375, -0.1949005126953125, 0.4903106689453125
29110, 29.36911392211914, 1000.0, 49.0, 235.0, 111.0, 248.0, 139.0, 130.0, 0.0, 0.0, 1000.0, 0.0, 1000.0, 0.0, 1000.0, 907.0, 999.0, 999.0, 999.0, 999.0, 316.0, 330.0, 0.0, 0.0, , -0.9737701416015625, 0.189544677734375, -0.0989990234375, 0.0776824951171875, , -0.8384246826171875, 0.1372528076171875, -0.1935882568359375, 0.4906158447265625
29120, 29.379207611083984, 1000.0, 49.0, 235.0, 111.0, 248.0, 139.0, 130.0, 0.0, 0.0, 1000.0, 0.0, 1000.0, 0.0, 1000.0, 907.0, 999.0, 999.0, 999.0, 999.0, 316.0, 330.0, 0.0, 0.0, , -0.9737701416015625, 0.189544677734375, -0.0989990234375, 0.0776824951171875, , -0.838623046875, 0.135894775390625, -0.19476318359375, 0.490203857421875
29130, 29.389202117919922, 1000.0, 49.0, 235.0, 111.0, 248.0, 139.0, 130.0, 0.0, 0.0, 1000.0, 0.0, 1000.0, 0.0, 1000.0, 907.0, 999.0, 999.0, 999.0, 999.0, 316.0, 330.0, 0.0, 0.0, , -0.9737701416015625, 0.189544677734375, -0.0989990234375, 0.0776824951171875, , -0.8385772705078125, 0.13543701171875, -0.1959228515625, 0.4899444580078125
29140, 29.39911651611328, 1000.0, 49.0, 235.0, 111.0, 248.0, 139.0, 130.0, 0.0, 0.0, 1000.0, 0.0, 1000.0, 0.0, 1000.0, 907.0, 999.0, 999.0, 999.0, 999.0, 316.0, 330.0, 0.0, 0.0, , -0.9737701416015625, 0.189544677734375, -0.0989990234375, 0.0776824951171875, , -0.838348388671875, 0.1362152099609375, -0.1961669921875, 0.489990234375
29150, 29.41545295715332, 1000.0, 49.0, 235.0, 111.0, 248.0, 139.0, 130.0, 0.0, 0.0, 1000.0, 0.0, 1000.0, 0.0, 1000.0, 907.0, 999.0, 999.0, 999.0, 999.0, 316.0, 330.0, 0.0, 0.0, , -0.9737701416015625, 0.189544677734375, -0.0989990234375, 0.0776824951171875, , -0.8384552001953125, 0.1360626220703125, -0.1954193115234375, 0.4901580810546875
29160, 29.41910171508789, 1000.0, 49.0, 235.0, 111.0, 248.0, 139.0, 130.0, 0.0, 0.0, 1000.0, 0.0, 1000.0, 0.0, 1000.0, 907.0, 999.0, 999.0, 999.0, 999.0, 316.0, 330.0, 0.0, 0.0, , -0.9737701416015625, 0.189544677734375, -0.0989990234375, 0.0776824951171875, , -0.8380584716796875, 0.13714599609375, -0.1967315673828125, 0.4900360107421875
29170, 29.429109573364258, 1000.0, 49.0, 235.0, 111.0, 248.0, 139.0, 130.0, 0.0, 0.0, 1000.0, 0.0, 1000.0, 0.0, 1000.0, 907.0, 999.0, 999.0, 999.0, 999.0, 316.0, 330.0, 0.0, 0.0, , -0.9737701416015625, 0.189544677734375, -0.0989990234375, 0.0776824951171875, , -0.837860107421875, 0.13739013671875, -0.197784423828125, 0.4898834228515625
29180, 29.439067840576172, 1000.0, 49.0, 235.0, 111.0, 248.0, 139.0, 130.0, 0.0, 0.0, 1000.0, 0.0, 1000.0, 0.0, 1000.0, 907.0, 999.0, 999.0, 999.0, 999.0, 316.0, 330.0, 0.0, 0.0, , -0.9737701416015625, 0.189544677734375, -0.0989990234375, 0.0776824951171875, , -0.837982177734375, 0.13629150390625, -0.1986083984375, 0.4896240234375
29190, 29.449005126953125, 1000.0, 49.0, 235.0, 111.0, 248.0, 139.0, 130.0, 0.0, 0.0, 1000.0, 0.0, 1000.0, 0.0, 1000.0, 907.0, 999.0, 999.0, 999.0, 999.0, 316.0, 330.0, 0.0, 0.0, , -0.9737701416015625, 0.189544677734375, -0.0989990234375, 0.0776824951171875, , -0.8380889892578125, 0.136077880859375, -0.19781494140625, 0.4898223876953125
29200, 29.459091186523438, 1000.0, 49.0, 235.0, 111.0, 248.0, 139.0, 130.0, 0.0, 0.0, 1000.0, 0.0, 1000.0, 0.0, 1000.0, 907.0, 999.0, 999.0, 999.0, 999.0, 316.0, 330.0, 0.0, 0.0, , -0.9737701416015625, 0.189544677734375, -0.0989990234375, 0.0776824951171875, , -0.83795166015625, 0.136871337890625, -0.1974029541015625, 0.4900054931640625
29210, 29.469018936157227, 1000.0, 49.0, 235.0, 111.0, 248.0, 139.0, 130.0, 0.0, 0.0, 1000.0, 0.0, 1000.0, 0.0, 1000.0, 907.0, 999.0, 999.0, 999.0, 999.0, 316.0, 330.0, 0.0, 0.0, , -0.9737701416015625, 0.189544677734375, -0.0989990234375, 0.0776824951171875, , -0.83856201171875, 0.1344451904296875, -0.1966400146484375, 0.4899444580078125
29220, 29.47903823852539, 1000.0, 49.0, 235.0, 111.0, 248.0, 139.0, 130.0, 0.0, 0.0, 1000.0, 0.0, 1000.0, 0.0, 1000.0, 907.0, 999.0, 999.0, 999.0, 999.0, 316.0, 330.0, 0.0, 0.0, , -0.9737701416015625, 0.189544677734375, -0.0989990234375, 0.0776824951171875, , -0.8384857177734375, 0.134613037109375, -0.1969451904296875, 0.489898681640625
29230, 29.48904037475586, 1000.0, 49.0, 235.0, 111.0, 248.0, 139.0, 130.0, 0.0, 0.0, 1000.0, 0.0, 1000.0, 0.0, 1000.0, 907.0, 999.0, 999.0, 999.0, 999.0, 316.0, 330.0, 0.0, 0.0, , -0.9737701416015625, 0.189544677734375, -0.0989990234375, 0.0776824951171875, , -0.8383941650390625, 0.134918212890625, -0.1970977783203125, 0.4899139404296875
29240, 29.499116897583008, 1000.0, 49.0, 235.0, 111.0, 248.0, 139.0, 130.0, 0.0, 0.0, 1000.0, 0.0, 1000.0, 0.0, 1000.0, 907.0, 999.0, 999.0, 999.0, 999.0, 316.0, 330.0, 0.0, 0.0, , -0.9737701416015625, 0.189544677734375, -0.0989990234375, 0.0776824951171875, , -0.83843994140625, 0.1346282958984375, -0.19720458984375, 0.4898681640625
29250, 29.50908851623535, 1000.0, 49.0, 235.0, 111.0, 248.0, 139.0, 130.0, 0.0, 0.0, 1000.0, 0.0, 1000.0, 0.0, 1000.0, 907.0, 999.0, 999.0, 999.0, 999.0, 316.0, 330.0, 0.0, 0.0, , -0.9737701416015625, 0.189544677734375, -0.0989990234375, 0.0776824951171875, , -0.83837890625, 0.13531494140625, -0.1965179443359375, 0.490081787109375
29260, 29.51901626586914, 1000.0, 49.0, 235.0, 111.0, 248.0, 139.0, 130.0, 0.0, 0.0, 1000.0, 0.0, 1000.0, 0.0, 1000.0, 907.0, 999.0, 999.0, 999.0, 999.0, 316.0, 330.0, 0.0, 0.0, , -0.9737701416015625, 0.189544677734375, -0.0989990234375, 0.0776824951171875, , -0.8383636474609375, 0.135589599609375, -0.195953369140625, 0.490234375
29270, 29.529037475585938, 1000.0, 49.0, 235.0, 111.0, 248.0, 139.0, 130.0, 0.0, 0.0, 1000.0, 0.0, 1000.0, 0.0, 1000.0, 907.0, 999.0, 999.0, 999.0, 999.0, 316.0, 330.0, 0.0, 0.0, , -0.9737701416015625, 0.189544677734375, -0.0989990234375, 0.0776824951171875, , -0.8380889892578125, 0.1358795166015625, -0.1979827880859375, 0.4898223876953125
29280, 29.538976669311523, 1000.0, 49.0, 235.0, 111.0, 248.0, 139.0, 130.0, 0.0, 0.0, 1000.0, 0.0, 1000.0, 0.0, 1000.0, 907.0, 999.0, 999.0, 999.0, 999.0, 316.0, 330.0, 0.0, 0.0, , -0.9737701416015625, 0.189544677734375, -0.0989990234375, 0.0776824951171875, , -0.8380279541015625, 0.136962890625, -0.1959381103515625, 0.4904327392578125
29290, 29.549121856689453, 1000.0, 49.0, 235.0, 111.0, 248.0, 139.0, 130.0, 0.0, 0.0, 1000.0, 0.0, 1000.0, 0.0, 1000.0, 907.0, 999.0, 999.0, 999.0, 999.0, 316.0, 330.0, 0.0, 0.0, , -0.9737701416015625, 0.189544677734375, -0.0989990234375, 0.0776824951171875, , -0.8378448486328125, 0.1373291015625, -0.1967315673828125, 0.4903411865234375
29300, 29.559080123901367, 1000.0, 49.0, 235.0, 111.0, 248.0, 139.0, 130.0, 0.0, 0.0, 1000.0, 0.0, 1000.0, 0.0, 1000.0, 907.0, 999.0, 999.0, 999.0, 999.0, 316.0, 330.0, 0.0, 0.0, , -0.9737701416015625, 0.189544677734375, -0.0989990234375, 0.0776824951171875, , -0.83837890625, 0.13531494140625, -0.195526123046875, 0.4904632568359375
29310, 29.576526641845703, 1000.0, 49.0, 235.0, 111.0, 248.0, 139.0, 130.0, 0.0, 0.0, 1000.0, 0.0, 1000.0, 0.0, 1000.0, 907.0, 999.0, 999.0, 999.0, 999.0, 316.0, 330.0, 0.0, 0.0, , -0.9737701416015625, 0.189544677734375, -0.0989990234375, 0.0776824951171875, , -0.83807373046875, 0.1355438232421875, -0.1978912353515625, 0.489990234375
29320, 29.579010009765625, 1000.0, 49.0, 235.0, 111.0, 248.0, 139.0, 130.0, 0.0, 0.0, 1000.0, 0.0, 1000.0, 0.0, 1000.0, 907.0, 999.0, 999.0, 999.0, 999.0, 316.0, 330.0, 0.0, 0.0, , -0.9737701416015625, 0.189544677734375, -0.0989990234375, 0.0776824951171875, , -0.8379364013671875, 0.134857177734375, -0.20037841796875, 0.4893798828125
29330, 29.589017868041992, 1000.0, 49.0, 235.0, 111.0, 248.0, 139.0, 130.0, 0.0, 0.0, 1000.0, 0.0, 1000.0, 0.0, 1000.0, 907.0, 999.0, 999.0, 999.0, 999.0, 316.0, 330.0, 0.0, 0.0, , -0.9737701416015625, 0.189544677734375, -0.0989990234375, 0.0776824951171875, , -0.8377532958984375, 0.1359405517578125, -0.199493408203125, 0.4897613525390625
29340, 29.599063873291016, 1000.0, 49.0, 235.0, 111.0, 248.0, 139.0, 130.0, 0.0, 0.0, 1000.0, 0.0, 1000.0, 0.0, 1000.0, 907.0, 999.0, 999.0, 999.0, 999.0, 316.0, 330.0, 0.0, 0.0, , -0.9737701416015625, 0.189544677734375, -0.0989990234375, 0.0776824951171875, , -0.8377532958984375, 0.135894775390625, -0.199462890625, 0.48980712890625
29350, 29.60906219482422, 1000.0, 49.0, 235.0, 111.0, 248.0, 139.0, 130.0, 0.0, 0.0, 1000.0, 0.0, 1000.0, 0.0, 1000.0, 907.0, 999.0, 999.0, 999.0, 999.0, 316.0, 330.0, 0.0, 0.0, , -0.9737701416015625, 0.189544677734375, -0.0989990234375, 0.0776824951171875, , -0.837738037109375, 0.13580322265625, -0.1994171142578125, 0.4898529052734375
29360, 29.61911392211914, 1000.0, 49.0, 235.0, 111.0, 248.0, 139.0, 130.0, 0.0, 0.0, 1000.0, 0.0, 1000.0, 0.0, 1000.0, 907.0, 999.0, 999.0, 999.0, 999.0, 316.0, 330.0, 0.0, 0.0, , -0.9737701416015625, 0.189544677734375, -0.0989990234375, 0.0776824951171875, , -0.8377838134765625, 0.1356353759765625, -0.19921875, 0.4899139404296875
29370, 29.628969192504883, 1000.0, 49.0, 235.0, 111.0, 248.0, 139.0, 130.0, 0.0, 0.0, 1000.0, 0.0, 1000.0, 0.0, 1000.0, 907.0, 999.0, 999.0, 999.0, 999.0, 316.0, 330.0, 0.0, 0.0, , -0.9737701416015625, 0.189544677734375, -0.0989990234375, 0.0776824951171875, , -0.8377838134765625, 0.1356048583984375, -0.19903564453125, 0.4899749755859375
29380, 29.639041900634766, 1000.0, 49.0, 235.0, 111.0, 248.0, 139.0, 130.0, 0.0, 0.0, 1000.0, 0.0, 1000.0, 0.0, 1000.0, 907.0, 999.0, 999.0, 999.0, 999.0, 316.0, 330.0, 0.0, 0.0, , -0.9737701416015625, 0.189544677734375, -0.0989990234375, 0.0776824951171875, , -0.837799072265625, 0.1355438232421875, -0.198974609375, 0.4900054931640625
29390, 29.64907455444336, 1000.0, 49.0, 235.0, 111.0, 248.0, 139.0, 130.0, 0.0, 0.0, 1000.0, 0.0, 1000.0, 0.0, 1000.0, 907.0, 999.0, 999.0, 999.0, 999.0, 316.0, 330.0, 0.0, 0.0, , -0.9737701416015625, 0.189544677734375, -0.0989990234375, 0.0776824951171875, , -0.837890625, 0.13531494140625, -0.1986083984375, 0.4900665283203125
29400, 29.659107208251953, 1000.0, 49.0, 235.0, 111.0, 248.0, 139.0, 130.0, 0.0, 0.0, 1000.0, 0.0, 1000.0, 0.0, 1000.0, 907.0, 999.0, 999.0, 999.0, 999.0, 316.0, 330.0, 0.0, 0.0, , -0.9737701416015625, 0.189544677734375, -0.0989990234375, 0.0776824951171875, , -0.8379058837890625, 0.1352996826171875, -0.198333740234375, 0.490142822265625
29410, 29.669103622436523, 1000.0, 49.0, 235.0, 111.0, 248.0, 139.0, 130.0, 0.0, 0.0, 1000.0, 0.0, 1000.0, 0.0, 1000.0, 907.0, 999.0, 999.0, 999.0, 999.0, 316.0, 330.0, 0.0, 0.0, , -0.9737701416015625, 0.189544677734375, -0.0989990234375, 0.0776824951171875, , -0.8378753662109375, 0.135467529296875, -0.198455810546875, 0.4901123046875
29420, 29.68621826171875, 1000.0, 49.0, 235.0, 111.0, 248.0, 139.0, 130.0, 0.0, 0.0, 1000.0, 0.0, 1000.0, 0.0, 1000.0, 907.0, 999.0, 999.0, 999.0, 999.0, 316.0, 330.0, 0.0, 0.0, , -0.9737701416015625, 0.189544677734375, -0.0989990234375, 0.0776824951171875, , -0.837860107421875, 0.135498046875, -0.198638916015625, 0.4900665283203125
29430, 29.68895721435547, 1000.0, 49.0, 235.0, 111.0, 248.0, 139.0, 130.0, 0.0, 0.0, 1000.0, 0.0, 1000.0, 0.0, 1000.0, 907.0, 999.0, 999.0, 999.0, 999.0, 316.0, 330.0, 0.0, 0.0, , -0.9737701416015625, 0.189544677734375, -0.0989990234375, 0.0776824951171875, , -0.8379364013671875, 0.1351776123046875, -0.1984710693359375, 0.4900970458984375
29440, 29.699111938476562, 1000.0, 49.0, 235.0, 111.0, 248.0, 139.0, 130.0, 0.0, 0.0, 1000.0, 0.0, 1000.0, 0.0, 1000.0, 907.0, 999.0, 999.0, 999.0, 999.0, 316.0, 330.0, 0.0, 0.0, , -0.9737701416015625, 0.189544677734375, -0.0989990234375, 0.0776824951171875, , -0.8379364013671875, 0.135345458984375, -0.197967529296875, 0.490234375
29450, 29.7091121673584, 1000.0, 49.0, 235.0, 111.0, 248.0, 139.0, 130.0, 0.0, 0.0, 1000.0, 0.0, 1000.0, 0.0, 1000.0, 907.0, 999.0, 999.0, 999.0, 999.0, 316.0, 330.0, 0.0, 0.0, , -0.9737701416015625, 0.189544677734375, -0.0989990234375, 0.0776824951171875, , -0.837890625, 0.1356964111328125, -0.1976318359375, 0.4903564453125
29460, 29.719100952148438, 1000.0, 49.0, 235.0, 111.0, 248.0, 139.0, 130.0, 0.0, 0.0, 1000.0, 0.0, 1000.0, 0.0, 1000.0, 907.0, 999.0, 999.0, 999.0, 999.0, 316.0, 330.0, 0.0, 0.0, , -0.9737701416015625, 0.189544677734375, -0.0989990234375, 0.0776824951171875, , -0.837860107421875, 0.1354217529296875, -0.1981964111328125, 0.4902496337890625
29470, 29.72905731201172, 1000.0, 49.0, 235.0, 111.0, 248.0, 139.0, 130.0, 0.0, 0.0, 1000.0, 0.0, 1000.0, 0.0, 1000.0, 907.0, 999.0, 999.0, 999.0, 999.0, 316.0, 330.0, 0.0, 0.0, , -0.9737701416015625, 0.189544677734375, -0.0989990234375, 0.0776824951171875, , -0.8379058837890625, 0.1351470947265625, -0.1982421875, 0.4902191162109375
29480, 29.738962173461914, 1000.0, 49.0, 235.0, 111.0, 248.0, 139.0, 130.0, 0.0, 0.0, 1000.0, 0.0, 1000.0, 0.0, 1000.0, 907.0, 999.0, 999.0, 999.0, 999.0, 316.0, 330.0, 0.0, 0.0, , -0.9737701416015625, 0.189544677734375, -0.0989990234375, 0.0776824951171875, , -0.8380889892578125, 0.1345062255859375, -0.19781494140625, 0.490264892578125
29490, 29.749120712280273, 1000.0, 49.0, 235.0, 111.0, 248.0, 139.0, 130.0, 0.0, 0.0, 1000.0, 0.0, 1000.0, 0.0, 1000.0, 907.0, 999.0, 999.0, 999.0, 999.0, 316.0, 330.0, 0.0, 0.0, , -0.9737701416015625, 0.189544677734375, -0.0989990234375, 0.0776824951171875, , -0.83831787109375, 0.1342315673828125, -0.1963348388671875, 0.4905548095703125
29500, 29.75910758972168, 1000.0, 49.0, 235.0, 111.0, 248.0, 139.0, 130.0, 0.0, 0.0, 1000.0, 0.0, 1000.0, 0.0, 1000.0, 907.0, 999.0, 999.0, 999.0, 999.0, 316.0, 330.0, 0.0, 0.0, , -0.9737701416015625, 0.189544677734375, -0.0989990234375, 0.0776824951171875, , -0.8382568359375, 0.1341552734375, -0.19708251953125, 0.4903717041015625
29510, 29.769115447998047, 1000.0, 49.0, 235.0, 111.0, 248.0, 139.0, 130.0, 0.0, 0.0, 1000.0, 0.0, 1000.0, 0.0, 1000.0, 907.0, 999.0, 999.0, 999.0, 999.0, 316.0, 330.0, 0.0, 0.0, , -0.9737701416015625, 0.189544677734375, -0.0989990234375, 0.0776824951171875, , -0.8381805419921875, 0.1345062255859375, -0.1971282958984375, 0.490386962890625
29520, 29.7790584564209, 1000.0, 49.0, 235.0, 111.0, 248.0, 139.0, 130.0, 0.0, 0.0, 1000.0, 0.0, 1000.0, 0.0, 1000.0, 907.0, 999.0, 999.0, 999.0, 999.0, 316.0, 330.0, 0.0, 0.0, , -0.9737701416015625, 0.189544677734375, -0.0989990234375, 0.0776824951171875, , -0.8383331298828125, 0.1342620849609375, -0.1963348388671875, 0.490509033203125
29530, 29.79006576538086, 1000.0, 49.0, 235.0, 111.0, 248.0, 139.0, 130.0, 0.0, 0.0, 1000.0, 0.0, 1000.0, 0.0, 1000.0, 907.0, 999.0, 999.0, 999.0, 999.0, 316.0, 330.0, 0.0, 0.0, , -0.9737701416015625, 0.189544677734375, -0.0989990234375, 0.0776824951171875, , -0.8383941650390625, 0.133880615234375, -0.196533203125, 0.4904327392578125
29540, 29.799104690551758, 1000.0, 49.0, 235.0, 111.0, 248.0, 139.0, 130.0, 0.0, 0.0, 1000.0, 0.0, 1000.0, 0.0, 1000.0, 907.0, 999.0, 999.0, 999.0, 999.0, 316.0, 330.0, 0.0, 0.0, , -0.9737701416015625, 0.189544677734375, -0.0989990234375, 0.0776824951171875, , -0.8382720947265625, 0.1341552734375, -0.197113037109375, 0.490325927734375
29550, 29.80925941467285, 1000.0, 49.0, 235.0, 111.0, 248.0, 139.0, 130.0, 0.0, 0.0, 1000.0, 0.0, 1000.0, 0.0, 1000.0, 907.0, 999.0, 999.0, 999.0, 999.0, 316.0, 330.0, 0.0, 0.0, , -0.9737701416015625, 0.189544677734375, -0.0989990234375, 0.0776824951171875, , -0.8380584716796875, 0.1354827880859375, -0.1963043212890625, 0.4906463623046875
29560, 29.819236755371094, 1000.0, 49.0, 235.0, 111.0, 248.0, 139.0, 130.0, 0.0, 0.0, 1000.0, 0.0, 1000.0, 0.0, 1000.0, 907.0, 999.0, 999.0, 999.0, 999.0, 316.0, 330.0, 0.0, 0.0, , -0.9737701416015625, 0.189544677734375, -0.0989990234375, 0.0776824951171875, , -0.837890625, 0.1358489990234375, -0.197174072265625, 0.490478515625
29570, 29.829072952270508, 1000.0, 49.0, 235.0, 111.0, 248.0, 139.0, 130.0, 0.0, 0.0, 1000.0, 0.0, 1000.0, 0.0, 1000.0, 907.0, 999.0, 999.0, 999.0, 999.0, 316.0, 330.0, 0.0, 0.0, , -0.9737701416015625, 0.189544677734375, -0.0989990234375, 0.0776824951171875, , -0.8378753662109375, 0.1357574462890625, -0.197418212890625, 0.4904327392578125
29580, 29.8481502532959, 1000.0, 49.0, 235.0, 111.0, 248.0, 139.0, 130.0, 0.0, 0.0, 1000.0, 0.0, 1000.0, 0.0, 1000.0, 907.0, 999.0, 999.0, 999.0, 999.0, 316.0, 330.0, 0.0, 0.0, , -0.9737701416015625, 0.189544677734375, -0.0989990234375, 0.0776824951171875, , -0.8376617431640625, 0.136260986328125, -0.1983795166015625, 0.49029541015625
29590, 29.8491153717041, 1000.0, 49.0, 235.0, 111.0, 248.0, 139.0, 130.0, 0.0, 0.0, 1000.0, 0.0, 1000.0, 0.0, 1000.0, 907.0, 999.0, 999.0, 999.0, 999.0, 316.0, 330.0, 0.0, 0.0, , -0.9737701416015625, 0.189544677734375, -0.0989990234375, 0.0776824951171875, , -0.838043212890625, 0.1348114013671875, -0.1975555419921875, 0.4903717041015625
29600, 29.85924530029297, 1000.0, 49.0, 235.0, 111.0, 248.0, 139.0, 130.0, 0.0, 0.0, 1000.0, 0.0, 1000.0, 0.0, 1000.0, 907.0, 999.0, 999.0, 999.0, 999.0, 316.0, 330.0, 0.0, 0.0, , -0.9737701416015625, 0.189544677734375, -0.0989990234375, 0.0776824951171875, , -0.838134765625, 0.1344757080078125, -0.197174072265625, 0.490447998046875
29610, 29.869253158569336, 1000.0, 49.0, 235.0, 111.0, 248.0, 139.0, 130.0, 0.0, 0.0, 1000.0, 0.0, 1000.0, 0.0, 1000.0, 907.0, 999.0, 999.0, 999.0, 999.0, 316.0, 330.0, 0.0, 0.0, , -0.9737701416015625, 0.189544677734375, -0.0989990234375, 0.0776824951171875, , -0.838531494140625, 0.1327667236328125, -0.1970062255859375, 0.4903106689453125
29620, 29.87908935546875, 1000.0, 49.0, 235.0, 111.0, 248.0, 139.0, 130.0, 0.0, 0.0, 1000.0, 0.0, 1000.0, 0.0, 1000.0, 907.0, 999.0, 999.0, 999.0, 999.0, 316.0, 330.0, 0.0, 0.0, , -0.9737701416015625, 0.189544677734375, -0.0989990234375, 0.0776824951171875, , -0.839080810546875, 0.1311187744140625, -0.1952056884765625, 0.49053955078125
29630, 29.889101028442383, 1000.0, 49.0, 235.0, 111.0, 248.0, 139.0, 130.0, 0.0, 0.0, 1000.0, 0.0, 1000.0, 0.0, 1000.0, 907.0, 999.0, 999.0, 999.0, 999.0, 316.0, 330.0, 0.0, 0.0, , -0.9737701416015625, 0.189544677734375, -0.0989990234375, 0.0776824951171875, , -0.8390350341796875, 0.1312255859375, -0.195526123046875, 0.4904632568359375
29640, 29.899988174438477, 1000.0, 49.0, 235.0, 111.0, 248.0, 139.0, 130.0, 0.0, 0.0, 1000.0, 0.0, 1000.0, 0.0, 1000.0, 907.0, 999.0, 999.0, 999.0, 999.0, 316.0, 330.0, 0.0, 0.0, , -0.9737701416015625, 0.189544677734375, -0.0989990234375, 0.0776824951171875, , -0.838775634765625, 0.1320343017578125, -0.196380615234375, 0.4903411865234375
29650, 29.90917205810547, 1000.0, 49.0, 235.0, 111.0, 248.0, 139.0, 130.0, 0.0, 0.0, 1000.0, 0.0, 1000.0, 0.0, 1000.0, 907.0, 999.0, 999.0, 999.0, 999.0, 316.0, 330.0, 0.0, 0.0, , -0.9737701416015625, 0.189544677734375, -0.0989990234375, 0.0776824951171875, , -0.8385009765625, 0.132965087890625, -0.1970672607421875, 0.4902801513671875
29660, 29.91913604736328, 1000.0, 49.0, 235.0, 111.0, 248.0, 139.0, 130.0, 0.0, 0.0, 1000.0, 0.0, 1000.0, 0.0, 1000.0, 907.0, 999.0, 999.0, 999.0, 999.0, 316.0, 330.0, 0.0, 0.0, , -0.9737701416015625, 0.189544677734375, -0.0989990234375, 0.0776824951171875, , -0.8382568359375, 0.1341705322265625, -0.1968536376953125, 0.490447998046875
29670, 29.929092407226562, 1000.0, 49.0, 235.0, 111.0, 248.0, 139.0, 130.0, 0.0, 0.0, 1000.0, 0.0, 1000.0, 0.0, 1000.0, 907.0, 999.0, 999.0, 999.0, 999.0, 316.0, 330.0, 0.0, 0.0, , -0.9737701416015625, 0.189544677734375, -0.0989990234375, 0.0776824951171875, , -0.837799072265625, 0.13580322265625, -0.1978607177734375, 0.490386962890625
29680, 29.939136505126953, 1000.0, 49.0, 235.0, 111.0, 248.0, 139.0, 130.0, 0.0, 0.0, 1000.0, 0.0, 1000.0, 0.0, 1000.0, 907.0, 999.0, 999.0, 999.0, 999.0, 316.0, 330.0, 0.0, 0.0, , -0.9737701416015625, 0.189544677734375, -0.0989990234375, 0.0776824951171875, , -0.837493896484375, 0.136749267578125, -0.198638916015625, 0.490325927734375
29690, 29.951828002929688, 1000.0, 49.0, 235.0, 111.0, 248.0, 139.0, 130.0, 0.0, 0.0, 1000.0, 0.0, 1000.0, 0.0, 1000.0, 907.0, 999.0, 999.0, 999.0, 999.0, 316.0, 330.0, 0.0, 0.0, , -0.9737701416015625, 0.189544677734375, -0.0989990234375, 0.0776824951171875, , -0.83758544921875, 0.1365509033203125, -0.1981964111328125, 0.49041748046875
29700, 29.9591121673584, 1000.0, 49.0, 235.0, 111.0, 248.0, 139.0, 130.0, 0.0, 0.0, 1000.0, 0.0, 1000.0, 0.0, 1000.0, 907.0, 999.0, 999.0, 999.0, 999.0, 316.0, 330.0, 0.0, 0.0, , -0.9737701416015625, 0.189544677734375, -0.0989990234375, 0.0776824951171875, , -0.8378753662109375, 0.136077880859375, -0.19647216796875, 0.4907379150390625
29710, 29.969152450561523, 1000.0, 49.0, 235.0, 111.0, 248.0, 139.0, 130.0, 0.0, 0.0, 1000.0, 0.0, 1000.0, 0.0, 1000.0, 907.0, 999.0, 999.0, 999.0, 999.0, 316.0, 330.0, 0.0, 0.0, , -0.9737701416015625, 0.189544677734375, -0.0989990234375, 0.0776824951171875, , -0.838470458984375, 0.133758544921875, -0.1955718994140625, 0.4907073974609375
29720, 29.979093551635742, 1000.0, 49.0, 235.0, 111.0, 248.0, 139.0, 130.0, 0.0, 0.0, 1000.0, 0.0, 1000.0, 0.0, 1000.0, 907.0, 999.0, 999.0, 999.0, 999.0, 316.0, 330.0, 0.0, 0.0, , -0.9737701416015625, 0.189544677734375, -0.0989990234375, 0.0776824951171875, , -0.8388671875, 0.1320343017578125, -0.1954803466796875, 0.49053955078125
29730, 29.989147186279297, 1000.0, 49.0, 235.0, 111.0, 248.0, 139.0, 130.0, 0.0, 0.0, 1000.0, 0.0, 1000.0, 0.0, 1000.0, 907.0, 999.0, 999.0, 999.0, 999.0, 316.0, 330.0, 0.0, 0.0, , -0.9737701416015625, 0.189544677734375, -0.0989990234375, 0.0776824951171875, , -0.8388519287109375, 0.131988525390625, -0.1956634521484375, 0.490509033203125
29740, 30.009977340698242, 1000.0, 49.0, 235.0, 111.0, 248.0, 139.0, 130.0, 0.0, 0.0, 1000.0, 0.0, 1000.0, 0.0, 1000.0, 907.0, 999.0, 999.0, 999.0, 999.0, 316.0, 330.0, 0.0, 0.0, , -0.9737701416015625, 0.189544677734375, -0.0989990234375, 0.0776824951171875, , -0.838775634765625, 0.132171630859375, -0.196075439453125, 0.49041748046875
29750, 30.01915168762207, 1000.0, 49.0, 235.0, 111.0, 248.0, 139.0, 130.0, 0.0, 0.0, 1000.0, 0.0, 1000.0, 0.0, 1000.0, 907.0, 999.0, 999.0, 999.0, 999.0, 316.0, 330.0, 0.0, 0.0, , -0.9737701416015625, 0.189544677734375, -0.0989990234375, 0.0776824951171875, , -0.8390045166015625, 0.131317138671875, -0.1956787109375, 0.49041748046875
29760, 30.029088973999023, 1000.0, 49.0, 235.0, 111.0, 248.0, 139.0, 130.0, 0.0, 0.0, 1000.0, 0.0, 1000.0, 0.0, 1000.0, 907.0, 999.0, 999.0, 999.0, 999.0, 316.0, 330.0, 0.0, 0.0, , -0.9737701416015625, 0.189544677734375, -0.0989990234375, 0.0776824951171875, , -0.8387298583984375, 0.132965087890625, -0.19512939453125, 0.4906768798828125
29770, 30.039127349853516, 1000.0, 49.0, 235.0, 111.0, 248.0, 139.0, 130.0, 0.0, 0.0, 1000.0, 0.0, 1000.0, 0.0, 1000.0, 907.0, 999.0, 999.0, 999.0, 999.0, 316.0, 330.0, 0.0, 0.0, , -0.9737701416015625, 0.189544677734375, -0.0989990234375, 0.0776824951171875, , -0.8386077880859375, 0.1337738037109375, -0.19451904296875, 0.49090576171875
29780, 30.049102783203125, 1000.0, 49.0, 235.0, 111.0, 248.0, 139.0, 130.0, 0.0, 0.0, 1000.0, 0.0, 1000.0, 0.0, 1000.0, 907.0, 999.0, 999.0, 999.0, 999.0, 316.0, 330.0, 0.0, 0.0, , -0.9737701416015625, 0.189544677734375, -0.0989990234375, 0.0776824951171875, , -0.83837890625, 0.1346435546875, -0.19488525390625, 0.4909210205078125
29790, 30.059127807617188, 1000.0, 49.0, 235.0, 111.0, 248.0, 139.0, 130.0, 0.0, 0.0, 1000.0, 0.0, 1000.0, 0.0, 1000.0, 907.0, 999.0, 999.0, 999.0, 999.0, 316.0, 330.0, 0.0, 0.0, , -0.9737701416015625, 0.189544677734375, -0.0989990234375, 0.0776824951171875, , -0.8385772705078125, 0.133544921875, -0.195098876953125, 0.4907684326171875
29800, 30.069141387939453, 1000.0, 49.0, 235.0, 111.0, 248.0, 139.0, 130.0, 0.0, 0.0, 1000.0, 0.0, 1000.0, 0.0, 1000.0, 907.0, 999.0, 999.0, 999.0, 999.0, 316.0, 330.0, 0.0, 0.0, , -0.9737701416015625, 0.189544677734375, -0.0989990234375, 0.0776824951171875, , -0.8383941650390625, 0.13433837890625, -0.1950531005859375, 0.4908905029296875
29810, 30.079082489013672, 1000.0, 49.0, 235.0, 111.0, 248.0, 139.0, 130.0, 0.0, 0.0, 1000.0, 0.0, 1000.0, 0.0, 1000.0, 907.0, 999.0, 999.0, 999.0, 999.0, 316.0, 330.0, 0.0, 0.0, , -0.9737701416015625, 0.189544677734375, -0.0989990234375, 0.0776824951171875, , -0.8387298583984375, 0.1329345703125, -0.1947784423828125, 0.490814208984375
29820, 30.089153289794922, 1000.0, 49.0, 235.0, 111.0, 248.0, 139.0, 130.0, 0.0, 0.0, 1000.0, 0.0, 1000.0, 0.0, 1000.0, 907.0, 999.0, 999.0, 999.0, 999.0, 316.0, 330.0, 0.0, 0.0, , -0.9737701416015625, 0.189544677734375, -0.0989990234375, 0.0776824951171875, , -0.8388671875, 0.132965087890625, -0.1934661865234375, 0.4910888671875
29830, 30.099090576171875, 1000.0, 49.0, 235.0, 111.0, 248.0, 139.0, 130.0, 0.0, 0.0, 1000.0, 0.0, 1000.0, 0.0, 1000.0, 907.0, 999.0, 999.0, 999.0, 999.0, 316.0, 330.0, 0.0, 0.0, , -0.9737701416015625, 0.189544677734375, -0.0989990234375, 0.0776824951171875, , -0.838348388671875, 0.1345977783203125, -0.1949462890625, 0.490936279296875
29840, 30.109119415283203, 1000.0, 49.0, 235.0, 111.0, 248.0, 139.0, 130.0, 0.0, 0.0, 1000.0, 0.0, 1000.0, 0.0, 1000.0, 907.0, 999.0, 999.0, 999.0, 999.0, 316.0, 330.0, 0.0, 0.0, , -0.9737701416015625, 0.189544677734375, -0.0989990234375, 0.0776824951171875, , -0.838348388671875, 0.1346282958984375, -0.194976806640625, 0.4909210205078125
29850, 30.11981201171875, 1000.0, 49.0, 235.0, 111.0, 248.0, 139.0, 130.0, 0.0, 0.0, 1000.0, 0.0, 1000.0, 0.0, 1000.0, 907.0, 999.0, 999.0, 999.0, 999.0, 316.0, 330.0, 0.0, 0.0, , -0.9737701416015625, 0.189544677734375, -0.0989990234375, 0.0776824951171875, , -0.8383636474609375, 0.134674072265625, -0.1949615478515625, 0.4908905029296875
29860, 30.129087448120117, 1000.0, 49.0, 235.0, 111.0, 248.0, 139.0, 130.0, 0.0, 0.0, 1000.0, 0.0, 1000.0, 0.0, 1000.0, 907.0, 999.0, 999.0, 999.0, 999.0, 316.0, 330.0, 0.0, 0.0, , -0.9737701416015625, 0.189544677734375, -0.0989990234375, 0.0776824951171875, , -0.838348388671875, 0.1347198486328125, -0.1949462890625, 0.49090576171875
29870, 30.13912010192871, 1000.0, 49.0, 235.0, 111.0, 248.0, 139.0, 130.0, 0.0, 0.0, 1000.0, 0.0, 1000.0, 0.0, 1000.0, 907.0, 999.0, 999.0, 999.0, 999.0, 316.0, 330.0, 0.0, 0.0, , -0.9737701416015625, 0.189544677734375, -0.0989990234375, 0.0776824951171875, , -0.838348388671875, 0.1346435546875, -0.1951141357421875, 0.490875244140625
29880, 30.149097442626953, 1000.0, 49.0, 235.0, 111.0, 248.0, 139.0, 130.0, 0.0, 0.0, 1000.0, 0.0, 1000.0, 0.0, 1000.0, 907.0, 999.0, 999.0, 999.0, 999.0, 316.0, 330.0, 0.0, 0.0, , -0.9737701416015625, 0.189544677734375, -0.0989990234375, 0.0776824951171875, , -0.838348388671875, 0.134613037109375, -0.1951904296875, 0.4908447265625
29890, 30.159318923950195, 1000.0, 49.0, 235.0, 111.0, 248.0, 139.0, 130.0, 0.0, 0.0, 1000.0, 0.0, 1000.0, 0.0, 1000.0, 907.0, 999.0, 999.0, 999.0, 999.0, 316.0, 330.0, 0.0, 0.0, , -0.9737701416015625, 0.189544677734375, -0.0989990234375, 0.0776824951171875, , -0.838348388671875, 0.1346588134765625, -0.1949462890625, 0.4909210205078125
29900, 30.169126510620117, 1000.0, 49.0, 235.0, 111.0, 248.0, 139.0, 130.0, 0.0, 0.0, 1000.0, 0.0, 1000.0, 0.0, 1000.0, 907.0, 999.0, 999.0, 999.0, 999.0, 316.0, 330.0, 0.0, 0.0, , -0.9737701416015625, 0.189544677734375, -0.0989990234375, 0.0776824951171875, , -0.83837890625, 0.1345672607421875, -0.19488525390625, 0.4909210205078125
29910, 30.17913246154785, 1000.0, 49.0, 235.0, 111.0, 248.0, 139.0, 130.0, 0.0, 0.0, 1000.0, 0.0, 1000.0, 0.0, 1000.0, 907.0, 999.0, 999.0, 999.0, 999.0, 316.0, 330.0, 0.0, 0.0, , -0.9737701416015625, 0.189544677734375, -0.0989990234375, 0.0776824951171875, , -0.8384246826171875, 0.13421630859375, -0.195159912109375, 0.4908294677734375
29920, 30.189096450805664, 1000.0, 49.0, 235.0, 111.0, 248.0, 139.0, 130.0, 0.0, 0.0, 1000.0, 0.0, 1000.0, 0.0, 1000.0, 907.0, 999.0, 999.0, 999.0, 999.0, 316.0, 330.0, 0.0, 0.0, , -0.9737701416015625, 0.189544677734375, -0.0989990234375, 0.0776824951171875, , -0.838592529296875, 0.133819580078125, -0.1943359375, 0.4909820556640625
29930, 30.199113845825195, 1000.0, 49.0, 235.0, 111.0, 248.0, 139.0, 130.0, 0.0, 0.0, 1000.0, 0.0, 1000.0, 0.0, 1000.0, 907.0, 999.0, 999.0, 999.0, 999.0, 316.0, 330.0, 0.0, 0.0, , -0.9737701416015625, 0.189544677734375, -0.0989990234375, 0.0776824951171875, , -0.8385162353515625, 0.133941650390625, -0.194854736328125, 0.490875244140625
29940, 30.209144592285156, 1000.0, 49.0, 235.0, 111.0, 248.0, 139.0, 130.0, 0.0, 0.0, 1000.0, 0.0, 1000.0, 0.0, 1000.0, 907.0, 999.0, 999.0, 999.0, 999.0, 316.0, 330.0, 0.0, 0.0, , -0.9737701416015625, 0.189544677734375, -0.0989990234375, 0.0776824951171875, , -0.8385467529296875, 0.133636474609375, -0.19525146484375, 0.4907379150390625
29950, 30.219139099121094, 1000.0, 49.0, 235.0, 111.0, 248.0, 139.0, 130.0, 0.0, 0.0, 1000.0, 0.0, 1000.0, 0.0, 1000.0, 907.0, 999.0, 999.0, 999.0, 999.0, 316.0, 330.0, 0.0, 0.0, , -0.9737701416015625, 0.189544677734375, -0.0989990234375, 0.0776824951171875, , -0.838531494140625, 0.133697509765625, -0.1953582763671875, 0.49072265625
29960, 30.229093551635742, 1000.0, 49.0, 235.0, 111.0, 248.0, 139.0, 130.0, 0.0, 0.0, 1000.0, 0.0, 1000.0, 0.0, 1000.0, 907.0, 999.0, 999.0, 999.0, 999.0, 316.0, 330.0, 0.0, 0.0, , -0.9737701416015625, 0.189544677734375, -0.0989990234375, 0.0776824951171875, , -0.83843994140625, 0.1339874267578125, -0.1955108642578125, 0.49072265625
29970, 30.23909568786621, 1000.0, 49.0, 235.0, 111.0, 248.0, 139.0, 130.0, 0.0, 0.0, 1000.0, 0.0, 1000.0, 0.0, 1000.0, 907.0, 999.0, 999.0, 999.0, 999.0, 316.0, 330.0, 0.0, 0.0, , -0.9737701416015625, 0.189544677734375, -0.0989990234375, 0.0776824951171875, , -0.838409423828125, 0.1339874267578125, -0.195770263671875, 0.4906768798828125
29980, 30.249107360839844, 1000.0, 49.0, 235.0, 111.0, 248.0, 139.0, 130.0, 0.0, 0.0, 1000.0, 0.0, 1000.0, 0.0, 1000.0, 907.0, 999.0, 999.0, 999.0, 999.0, 316.0, 330.0, 0.0, 0.0, , -0.9737701416015625, 0.189544677734375, -0.0989990234375, 0.0776824951171875, , -0.838592529296875, 0.1336822509765625, -0.1945953369140625, 0.49090576171875
29990, 30.259130477905273, 1000.0, 49.0, 235.0, 111.0, 248.0, 139.0, 130.0, 0.0, 0.0, 1000.0, 0.0, 1000.0, 0.0, 1000.0, 907.0, 999.0, 999.0, 999.0, 999.0, 316.0, 330.0, 0.0, 0.0, , -0.9737701416015625, 0.189544677734375, -0.0989990234375, 0.0776824951171875, , -0.838623046875, 0.1331939697265625, -0.1951904296875, 0.490753173828125
30000, 30.26913833618164, 1000.0, 49.0, 235.0, 111.0, 248.0, 139.0, 130.0, 0.0, 0.0, 1000.0, 0.0, 1000.0, 0.0, 1000.0, 907.0, 999.0, 999.0, 999.0, 999.0, 316.0, 330.0, 0.0, 0.0, , -0.9737701416015625, 0.189544677734375, -0.0989990234375, 0.0776824951171875, , -0.838836669921875, 0.132293701171875, -0.194976806640625, 0.49072265625
30010, 30.281536102294922, 1000.0, 49.0, 235.0, 111.0, 248.0, 139.0, 130.0, 0.0, 0.0, 1000.0, 0.0, 1000.0, 0.0, 1000.0, 907.0, 999.0, 999.0, 999.0, 999.0, 316.0, 330.0, 0.0, 0.0, , -0.9737701416015625, 0.189544677734375, -0.0989990234375, 0.0776824951171875, , -0.838714599609375, 0.1326751708984375, -0.1954193115234375, 0.49066162109375
30020, 30.289018630981445, 1000.0, 49.0, 235.0, 111.0, 248.0, 139.0, 130.0, 0.0, 0.0, 1000.0, 0.0, 1000.0, 0.0, 1000.0, 907.0, 999.0, 999.0, 999.0, 999.0, 316.0, 330.0, 0.0, 0.0, , -0.9737701416015625, 0.189544677734375, -0.0989990234375, 0.0776824951171875, , -0.8387451171875, 0.1324462890625, -0.1956024169921875, 0.4906005859375
30030, 30.299144744873047, 1000.0, 49.0, 235.0, 111.0, 248.0, 139.0, 130.0, 0.0, 0.0, 1000.0, 0.0, 1000.0, 0.0, 1000.0, 907.0, 999.0, 999.0, 999.0, 999.0, 316.0, 330.0, 0.0, 0.0, , -0.9737701416015625, 0.189544677734375, -0.0989990234375, 0.0776824951171875, , -0.8387298583984375, 0.13238525390625, -0.1955718994140625, 0.490631103515625
30040, 30.30913543701172, 1000.0, 49.0, 235.0, 111.0, 248.0, 139.0, 130.0, 0.0, 0.0, 1000.0, 0.0, 1000.0, 0.0, 1000.0, 907.0, 999.0, 999.0, 999.0, 999.0, 316.0, 330.0, 0.0, 0.0, , -0.9737701416015625, 0.189544677734375, -0.0989990234375, 0.0776824951171875, , -0.8385009765625, 0.1333465576171875, -0.19580078125, 0.490692138671875
30050, 30.319143295288086, 1000.0, 49.0, 235.0, 111.0, 248.0, 139.0, 130.0, 0.0, 0.0, 1000.0, 0.0, 1000.0, 0.0, 1000.0, 907.0, 999.0, 999.0, 999.0, 999.0, 316.0, 330.0, 0.0, 0.0, , -0.9737701416015625, 0.189544677734375, -0.0989990234375, 0.0776824951171875, , -0.838226318359375, 0.134246826171875, -0.1965179443359375, 0.490631103515625
30060, 30.329124450683594, 1000.0, 49.0, 235.0, 111.0, 248.0, 139.0, 130.0, 0.0, 0.0, 1000.0, 0.0, 1000.0, 0.0, 1000.0, 907.0, 999.0, 999.0, 999.0, 999.0, 316.0, 330.0, 0.0, 0.0, , -0.9737701416015625, 0.189544677734375, -0.0989990234375, 0.0776824951171875, , -0.8385772705078125, 0.1333465576171875, -0.1949615478515625, 0.4908905029296875
30070, 30.339040756225586, 1000.0, 49.0, 235.0, 111.0, 248.0, 139.0, 130.0, 0.0, 0.0, 1000.0, 0.0, 1000.0, 0.0, 1000.0, 907.0, 999.0, 999.0, 999.0, 999.0, 316.0, 330.0, 0.0, 0.0, , -0.9737701416015625, 0.189544677734375, -0.0989990234375, 0.0776824951171875, , -0.8385772705078125, 0.13360595703125, -0.194305419921875, 0.4910736083984375
30080, 30.349170684814453, 1000.0, 49.0, 235.0, 111.0, 248.0, 139.0, 130.0, 0.0, 0.0, 1000.0, 0.0, 1000.0, 0.0, 1000.0, 907.0, 999.0, 999.0, 999.0, 999.0, 316.0, 330.0, 0.0, 0.0, , -0.9737701416015625, 0.189544677734375, -0.0989990234375, 0.0776824951171875, , -0.8388214111328125, 0.1319580078125, -0.195343017578125, 0.4906768798828125
30090, 30.359134674072266, 1000.0, 49.0, 235.0, 111.0, 248.0, 139.0, 130.0, 0.0, 0.0, 1000.0, 0.0, 1000.0, 0.0, 1000.0, 907.0, 999.0, 999.0, 999.0, 999.0, 316.0, 330.0, 0.0, 0.0, , -0.9737701416015625, 0.189544677734375, -0.0989990234375, 0.0776824951171875, , -0.838653564453125, 0.1324005126953125, -0.1961822509765625, 0.49053955078125
30100, 30.369131088256836, 1000.0, 49.0, 235.0, 111.0, 248.0, 139.0, 130.0, 0.0, 0.0, 1000.0, 0.0, 1000.0, 0.0, 1000.0, 907.0, 999.0, 999.0, 999.0, 999.0, 316.0, 330.0, 0.0, 0.0, , -0.9737701416015625, 0.189544677734375, -0.0989990234375, 0.0776824951171875, , -0.839263916015625, 0.130340576171875, -0.194549560546875, 0.4906768798828125
30110, 30.37912368774414, 1000.0, 49.0, 235.0, 111.0, 248.0, 139.0, 130.0, 0.0, 0.0, 1000.0, 0.0, 1000.0, 0.0, 1000.0, 907.0, 999.0, 999.0, 999.0, 999.0, 316.0, 330.0, 0.0, 0.0, , -0.9737701416015625, 0.189544677734375, -0.0989990234375, 0.0776824951171875, , -0.8390350341796875, 0.1305999755859375, -0.1962432861328125, 0.490325927734375
30120, 30.39195442199707, 1000.0, 49.0, 235.0, 111.0, 248.0, 139.0, 130.0, 0.0, 0.0, 1000.0, 0.0, 1000.0, 0.0, 1000.0, 907.0, 999.0, 999.0, 999.0, 999.0, 316.0, 330.0, 0.0, 0.0, , -0.9737701416015625, 0.189544677734375, -0.0989990234375, 0.0776824951171875, , -0.8389892578125, 0.1314849853515625, -0.194854736328125, 0.4907379150390625
30130, 30.399063110351562, 1000.0, 49.0, 235.0, 111.0, 248.0, 139.0, 130.0, 0.0, 0.0, 1000.0, 0.0, 1000.0, 0.0, 1000.0, 907.0, 999.0, 999.0, 999.0, 999.0, 316.0, 330.0, 0.0, 0.0, , -0.9737701416015625, 0.189544677734375, -0.0989990234375, 0.0776824951171875, , -0.83892822265625, 0.1320037841796875, -0.1942901611328125, 0.4909210205078125
30140, 30.40912437438965, 1000.0, 49.0, 235.0, 111.0, 248.0, 139.0, 130.0, 0.0, 0.0, 1000.0, 0.0, 1000.0, 0.0, 1000.0, 907.0, 999.0, 999.0, 999.0, 999.0, 316.0, 330.0, 0.0, 0.0, , -0.9737701416015625, 0.189544677734375, -0.0989990234375, 0.0776824951171875, , -0.8392333984375, 0.13055419921875, -0.194366455078125, 0.490753173828125
30150, 30.418996810913086, 1000.0, 49.0, 235.0, 111.0, 248.0, 139.0, 130.0, 0.0, 0.0, 1000.0, 0.0, 1000.0, 0.0, 1000.0, 907.0, 999.0, 999.0, 999.0, 999.0, 316.0, 330.0, 0.0, 0.0, , -0.9737701416015625, 0.189544677734375, -0.0989990234375, 0.0776824951171875, , -0.8394622802734375, 0.1303558349609375, -0.192474365234375, 0.49114990234375
30160, 30.42905044555664, 1000.0, 49.0, 235.0, 111.0, 248.0, 139.0, 130.0, 0.0, 0.0, 1000.0, 0.0, 1000.0, 0.0, 1000.0, 907.0, 999.0, 999.0, 999.0, 999.0, 316.0, 330.0, 0.0, 0.0, , -0.9737701416015625, 0.189544677734375, -0.0989990234375, 0.0776824951171875, , -0.839111328125, 0.1311187744140625, -0.1943359375, 0.490814208984375
30170, 30.43913459777832, 1000.0, 49.0, 235.0, 111.0, 248.0, 139.0, 130.0, 0.0, 0.0, 1000.0, 0.0, 1000.0, 0.0, 1000.0, 907.0, 999.0, 999.0, 999.0, 999.0, 316.0, 330.0, 0.0, 0.0, , -0.9737701416015625, 0.189544677734375, -0.0989990234375, 0.0776824951171875, , -0.8388824462890625, 0.1315765380859375, -0.195465087890625, 0.4906463623046875
30180, 30.449031829833984, 1000.0, 49.0, 235.0, 111.0, 248.0, 139.0, 130.0, 0.0, 0.0, 1000.0, 0.0, 1000.0, 0.0, 1000.0, 907.0, 999.0, 999.0, 999.0, 999.0, 316.0, 330.0, 0.0, 0.0, , -0.9737701416015625, 0.189544677734375, -0.0989990234375, 0.0776824951171875, , -0.83892822265625, 0.1310272216796875, -0.1961517333984375, 0.4904327392578125
30190, 30.459150314331055, 1000.0, 49.0, 235.0, 111.0, 248.0, 139.0, 130.0, 0.0, 0.0, 1000.0, 0.0, 1000.0, 0.0, 1000.0, 907.0, 999.0, 999.0, 999.0, 999.0, 316.0, 330.0, 0.0, 0.0, , -0.9737701416015625, 0.189544677734375, -0.0989990234375, 0.0776824951171875, , -0.8388671875, 0.131744384765625, -0.1953277587890625, 0.4906768798828125
30200, 30.469112396240234, 1000.0, 49.0, 235.0, 111.0, 248.0, 139.0, 130.0, 0.0, 0.0, 1000.0, 0.0, 1000.0, 0.0, 1000.0, 907.0, 999.0, 999.0, 999.0, 999.0, 316.0, 330.0, 0.0, 0.0, , -0.9737701416015625, 0.189544677734375, -0.0989990234375, 0.0776824951171875, , -0.8385162353515625, 0.1328125, -0.1964569091796875, 0.49053955078125
30210, 30.479049682617188, 1000.0, 49.0, 235.0, 111.0, 248.0, 139.0, 130.0, 0.0, 0.0, 1000.0, 0.0, 1000.0, 0.0, 1000.0, 907.0, 999.0, 999.0, 999.0, 999.0, 316.0, 330.0, 0.0, 0.0, , -0.9737701416015625, 0.189544677734375, -0.0989990234375, 0.0776824951171875, , -0.8388671875, 0.1313323974609375, -0.196258544921875, 0.49041748046875
30220, 30.489145278930664, 1000.0, 49.0, 235.0, 111.0, 248.0, 139.0, 130.0, 0.0, 0.0, 1000.0, 0.0, 1000.0, 0.0, 1000.0, 907.0, 999.0, 999.0, 999.0, 999.0, 316.0, 330.0, 0.0, 0.0, , -0.9737701416015625, 0.189544677734375, -0.0989990234375, 0.0776824951171875, , -0.8387298583984375, 0.1316070556640625, -0.19708251953125, 0.4902496337890625
30230, 30.499086380004883, 1000.0, 49.0, 235.0, 111.0, 248.0, 139.0, 130.0, 0.0, 0.0, 1000.0, 0.0, 1000.0, 0.0, 1000.0, 907.0, 999.0, 999.0, 999.0, 999.0, 316.0, 330.0, 0.0, 0.0, , -0.9737701416015625, 0.189544677734375, -0.0989990234375, 0.0776824951171875, , -0.8380584716796875, 0.1341400146484375, -0.198089599609375, 0.4903106689453125
30240, 30.509431838989258, 1000.0, 49.0, 235.0, 111.0, 248.0, 139.0, 130.0, 0.0, 0.0, 1000.0, 0.0, 1000.0, 0.0, 1000.0, 907.0, 999.0, 999.0, 999.0, 999.0, 316.0, 330.0, 0.0, 0.0, , -0.9737701416015625, 0.189544677734375, -0.0989990234375, 0.0776824951171875, , -0.837890625, 0.13409423828125, -0.19970703125, 0.4899444580078125
30250, 30.519285202026367, 1000.0, 49.0, 235.0, 111.0, 248.0, 139.0, 130.0, 0.0, 0.0, 1000.0, 0.0, 1000.0, 0.0, 1000.0, 907.0, 999.0, 999.0, 999.0, 999.0, 316.0, 330.0, 0.0, 0.0, , -0.9737701416015625, 0.189544677734375, -0.0989990234375, 0.0776824951171875, , -0.8381195068359375, 0.1342315673828125, -0.197265625, 0.4905242919921875
30260, 30.529460906982422, 1000.0, 49.0, 235.0, 111.0, 248.0, 139.0, 130.0, 0.0, 0.0, 1000.0, 0.0, 1000.0, 0.0, 1000.0, 907.0, 999.0, 999.0, 999.0, 999.0, 316.0, 330.0, 0.0, 0.0, , -0.9737701416015625, 0.189544677734375, -0.0989990234375, 0.0776824951171875, , -0.838653564453125, 0.1320648193359375, -0.1966552734375, 0.4904327392578125
30270, 30.539430618286133, 1000.0, 49.0, 235.0, 111.0, 248.0, 139.0, 130.0, 0.0, 0.0, 1000.0, 0.0, 1000.0, 0.0, 1000.0, 907.0, 999.0, 999.0, 999.0, 999.0, 316.0, 330.0, 0.0, 0.0, , -0.9737701416015625, 0.189544677734375, -0.0989990234375, 0.0776824951171875, , -0.83837890625, 0.13330078125, -0.1966400146484375, 0.490570068359375
30280, 30.555898666381836, 1000.0, 49.0, 235.0, 111.0, 248.0, 139.0, 130.0, 0.0, 0.0, 1000.0, 0.0, 1000.0, 0.0, 1000.0, 907.0, 999.0, 999.0, 999.0, 999.0, 316.0, 330.0, 0.0, 0.0, , -0.9737701416015625, 0.189544677734375, -0.0989990234375, 0.0776824951171875, , -0.838623046875, 0.1324615478515625, -0.1960601806640625, 0.4906158447265625
30290, 30.56003761291504, 1000.0, 49.0, 235.0, 111.0, 248.0, 139.0, 130.0, 0.0, 0.0, 1000.0, 0.0, 1000.0, 0.0, 1000.0, 907.0, 999.0, 999.0, 999.0, 999.0, 316.0, 330.0, 0.0, 0.0, , -0.9737701416015625, 0.189544677734375, -0.0989990234375, 0.0776824951171875, , -0.8387451171875, 0.1318817138671875, -0.196014404296875, 0.490570068359375
30300, 30.569183349609375, 1000.0, 49.0, 235.0, 111.0, 248.0, 139.0, 130.0, 0.0, 0.0, 1000.0, 0.0, 1000.0, 0.0, 1000.0, 907.0, 999.0, 999.0, 999.0, 999.0, 316.0, 330.0, 0.0, 0.0, , -0.9737701416015625, 0.189544677734375, -0.0989990234375, 0.0776824951171875, , -0.838958740234375, 0.1318511962890625, -0.19415283203125, 0.490966796875
30310, 30.57921600341797, 1000.0, 49.0, 235.0, 111.0, 248.0, 139.0, 130.0, 0.0, 0.0, 1000.0, 0.0, 1000.0, 0.0, 1000.0, 907.0, 999.0, 999.0, 999.0, 999.0, 316.0, 330.0, 0.0, 0.0, , -0.9737701416015625, 0.189544677734375, -0.0989990234375, 0.0776824951171875, , -0.8389892578125, 0.1312103271484375, -0.1950836181640625, 0.4907073974609375
30320, 30.589099884033203, 1000.0, 49.0, 235.0, 111.0, 248.0, 139.0, 130.0, 0.0, 0.0, 1000.0, 0.0, 1000.0, 0.0, 1000.0, 907.0, 999.0, 999.0, 999.0, 999.0, 316.0, 330.0, 0.0, 0.0, , -0.9737701416015625, 0.189544677734375, -0.0989990234375, 0.0776824951171875, , -0.839263916015625, 0.1304931640625, -0.194000244140625, 0.4908447265625
30330, 30.599132537841797, 1000.0, 49.0, 235.0, 111.0, 248.0, 139.0, 130.0, 0.0, 0.0, 1000.0, 0.0, 1000.0, 0.0, 1000.0, 907.0, 999.0, 999.0, 999.0, 999.0, 316.0, 330.0, 0.0, 0.0, , -0.9737701416015625, 0.189544677734375, -0.0989990234375, 0.0776824951171875, , -0.8387298583984375, 0.1321563720703125, -0.195587158203125, 0.490692138671875
30340, 30.609155654907227, 1000.0, 49.0, 235.0, 111.0, 248.0, 139.0, 130.0, 0.0, 0.0, 1000.0, 0.0, 1000.0, 0.0, 1000.0, 907.0, 999.0, 999.0, 999.0, 999.0, 316.0, 330.0, 0.0, 0.0, , -0.9737701416015625, 0.189544677734375, -0.0989990234375, 0.0776824951171875, , -0.8387298583984375, 0.1321563720703125, -0.19561767578125, 0.490692138671875
30350, 30.619142532348633, 1000.0, 49.0, 235.0, 111.0, 248.0, 139.0, 130.0, 0.0, 0.0, 1000.0, 0.0, 1000.0, 0.0, 1000.0, 907.0, 999.0, 999.0, 999.0, 999.0, 316.0, 330.0, 0.0, 0.0, , -0.9737701416015625, 0.189544677734375, -0.0989990234375, 0.0776824951171875, , -0.8387451171875, 0.1320343017578125, -0.195648193359375, 0.490692138671875
30360, 30.629133224487305, 1000.0, 49.0, 235.0, 111.0, 248.0, 139.0, 130.0, 0.0, 0.0, 1000.0, 0.0, 1000.0, 0.0, 1000.0, 907.0, 999.0, 999.0, 999.0, 999.0, 316.0, 330.0, 0.0, 0.0, , -0.9737701416015625, 0.189544677734375, -0.0989990234375, 0.0776824951171875, , -0.838775634765625, 0.1319580078125, -0.195465087890625, 0.49072265625
30370, 30.6391658782959, 1000.0, 49.0, 235.0, 111.0, 248.0, 139.0, 130.0, 0.0, 0.0, 1000.0, 0.0, 1000.0, 0.0, 1000.0, 907.0, 999.0, 999.0, 999.0, 999.0, 316.0, 330.0, 0.0, 0.0, , -0.9737701416015625, 0.189544677734375, -0.0989990234375, 0.0776824951171875, , -0.8387908935546875, 0.131927490234375, -0.1955108642578125, 0.490692138671875
30380, 30.649171829223633, 1000.0, 49.0, 235.0, 111.0, 248.0, 139.0, 130.0, 0.0, 0.0, 1000.0, 0.0, 1000.0, 0.0, 1000.0, 907.0, 999.0, 999.0, 999.0, 999.0, 316.0, 330.0, 0.0, 0.0, , -0.9737701416015625, 0.189544677734375, -0.0989990234375, 0.0776824951171875, , -0.838775634765625, 0.1319732666015625, -0.195648193359375, 0.4906463623046875
30390, 30.663406372070312, 1000.0, 49.0, 235.0, 111.0, 248.0, 139.0, 130.0, 0.0, 0.0, 1000.0, 0.0, 1000.0, 0.0, 1000.0, 907.0, 999.0, 999.0, 999.0, 999.0, 316.0, 330.0, 0.0, 0.0, , -0.9737701416015625, 0.189544677734375, -0.0989990234375, 0.0776824951171875, , -0.8388214111328125, 0.1317596435546875, -0.19580078125, 0.490570068359375
30400, 30.66909408569336, 1000.0, 49.0, 235.0, 111.0, 248.0, 139.0, 130.0, 0.0, 0.0, 1000.0, 0.0, 1000.0, 0.0, 1000.0, 907.0, 999.0, 999.0, 999.0, 999.0, 316.0, 330.0, 0.0, 0.0, , -0.9737701416015625, 0.189544677734375, -0.0989990234375, 0.0776824951171875, , -0.838836669921875, 0.1316986083984375, -0.1957244873046875, 0.4905853271484375
30410, 30.679122924804688, 1000.0, 49.0, 235.0, 111.0, 248.0, 139.0, 130.0, 0.0, 0.0, 1000.0, 0.0, 1000.0, 0.0, 1000.0, 907.0, 999.0, 999.0, 999.0, 999.0, 316.0, 330.0, 0.0, 0.0, , -0.9737701416015625, 0.189544677734375, -0.0989990234375, 0.0776824951171875, , -0.838714599609375, 0.1320648193359375, -0.1960601806640625, 0.4905548095703125
30420, 30.68910789489746, 1000.0, 49.0, 235.0, 111.0, 248.0, 139.0, 130.0, 0.0, 0.0, 1000.0, 0.0, 1000.0, 0.0, 1000.0, 907.0, 999.0, 999.0, 999.0, 999.0, 316.0, 330.0, 0.0, 0.0, , -0.9737701416015625, 0.189544677734375, -0.0989990234375, 0.0776824951171875, , -0.8387451171875, 0.1318817138671875, -0.196075439453125, 0.49053955078125
30430, 30.699182510375977, 1000.0, 49.0, 235.0, 111.0, 248.0, 139.0, 130.0, 0.0, 0.0, 1000.0, 0.0, 1000.0, 0.0, 1000.0, 907.0, 999.0, 999.0, 999.0, 999.0, 316.0, 330.0, 0.0, 0.0, , -0.9737701416015625, 0.189544677734375, -0.0989990234375, 0.0776824951171875, , -0.8386077880859375, 0.132354736328125, -0.1964263916015625, 0.4905242919921875
30440, 30.709150314331055, 1000.0, 49.0, 235.0, 111.0, 248.0, 139.0, 130.0, 0.0, 0.0, 1000.0, 0.0, 1000.0, 0.0, 1000.0, 907.0, 999.0, 999.0, 999.0, 999.0, 316.0, 330.0, 0.0, 0.0, , -0.9737701416015625, 0.189544677734375, -0.0989990234375, 0.0776824951171875, , -0.8385467529296875, 0.1326751708984375, -0.1962738037109375, 0.4906005859375
30450, 30.71908187866211, 1000.0, 49.0, 235.0, 111.0, 248.0, 139.0, 130.0, 0.0, 0.0, 1000.0, 0.0, 1000.0, 0.0, 1000.0, 907.0, 999.0, 999.0, 999.0, 999.0, 316.0, 330.0, 0.0, 0.0, , -0.9737701416015625, 0.189544677734375, -0.0989990234375, 0.0776824951171875, , -0.83831787109375, 0.1334228515625, -0.1967620849609375, 0.4905853271484375
30460, 30.7291259765625, 1000.0, 49.0, 235.0, 111.0, 248.0, 139.0, 130.0, 0.0, 0.0, 1000.0, 0.0, 1000.0, 0.0, 1000.0, 907.0, 999.0, 999.0, 999.0, 999.0, 316.0, 330.0, 0.0, 0.0, , -0.9737701416015625, 0.189544677734375, -0.0989990234375, 0.0776824951171875, , -0.8384246826171875, 0.1329498291015625, -0.196685791015625, 0.4905548095703125
30470, 30.739110946655273, 1000.0, 49.0, 235.0, 111.0, 248.0, 139.0, 130.0, 0.0, 0.0, 1000.0, 0.0, 1000.0, 0.0, 1000.0, 907.0, 999.0, 999.0, 999.0, 999.0, 316.0, 330.0, 0.0, 0.0, , -0.9737701416015625, 0.189544677734375, -0.0989990234375, 0.0776824951171875, , -0.838592529296875, 0.1326751708984375, -0.195526123046875, 0.490814208984375
30480, 30.749197006225586, 1000.0, 49.0, 235.0, 111.0, 248.0, 139.0, 130.0, 0.0, 0.0, 1000.0, 0.0, 1000.0, 0.0, 1000.0, 907.0, 999.0, 999.0, 999.0, 999.0, 316.0, 330.0, 0.0, 0.0, , -0.9737701416015625, 0.189544677734375, -0.0989990234375, 0.0776824951171875, , -0.8386383056640625, 0.1324615478515625, -0.1954193115234375, 0.4908599853515625
30490, 30.759143829345703, 1000.0, 49.0, 235.0, 111.0, 248.0, 139.0, 130.0, 0.0, 0.0, 1000.0, 0.0, 1000.0, 0.0, 1000.0, 907.0, 999.0, 999.0, 999.0, 999.0, 316.0, 330.0, 0.0, 0.0, , -0.9737701416015625, 0.189544677734375, -0.0989990234375, 0.0776824951171875, , -0.8387451171875, 0.1321563720703125, -0.195037841796875, 0.49090576171875
30500, 30.76905632019043, 1000.0, 49.0, 235.0, 111.0, 248.0, 139.0, 130.0, 0.0, 0.0, 1000.0, 0.0, 1000.0, 0.0, 1000.0, 907.0, 999.0, 999.0, 999.0, 999.0, 316.0, 330.0, 0.0, 0.0, , -0.9737701416015625, 0.189544677734375, -0.0989990234375, 0.0776824951171875, , -0.83868408203125, 0.13250732421875, -0.1948699951171875, 0.490966796875
30510, 30.77912139892578, 1000.0, 49.0, 235.0, 111.0, 248.0, 139.0, 130.0, 0.0, 0.0, 1000.0, 0.0, 1000.0, 0.0, 1000.0, 907.0, 999.0, 999.0, 999.0, 999.0, 316.0, 330.0, 0.0, 0.0, , -0.9737701416015625, 0.189544677734375, -0.0989990234375, 0.0776824951171875, , -0.838531494140625, 0.1331329345703125, -0.1951904296875, 0.4909210205078125
30520, 30.789108276367188, 1000.0, 49.0, 235.0, 111.0, 248.0, 139.0, 130.0, 0.0, 0.0, 1000.0, 0.0, 1000.0, 0.0, 1000.0, 907.0, 999.0, 999.0, 999.0, 999.0, 316.0, 330.0, 0.0, 0.0, , -0.9737701416015625, 0.189544677734375, -0.0989990234375, 0.0776824951171875, , -0.8384552001953125, 0.1331787109375, -0.195770263671875, 0.490814208984375
30530, 30.799118041992188, 1000.0, 49.0, 235.0, 111.0, 248.0, 139.0, 130.0, 0.0, 0.0, 1000.0, 0.0, 1000.0, 0.0, 1000.0, 907.0, 999.0, 999.0, 999.0, 999.0, 316.0, 330.0, 0.0, 0.0, , -0.9737701416015625, 0.189544677734375, -0.0989990234375, 0.0776824951171875, , -0.8383331298828125, 0.1335601806640625, -0.196136474609375, 0.4907684326171875
30540, 30.80914878845215, 1000.0, 49.0, 235.0, 111.0, 248.0, 139.0, 130.0, 0.0, 0.0, 1000.0, 0.0, 1000.0, 0.0, 1000.0, 907.0, 999.0, 999.0, 999.0, 999.0, 316.0, 330.0, 0.0, 0.0, , -0.9737701416015625, 0.189544677734375, -0.0989990234375, 0.0776824951171875, , -0.838287353515625, 0.1337127685546875, -0.1961669921875, 0.4907989501953125
30550, 30.824750900268555, 1000.0, 49.0, 235.0, 111.0, 248.0, 139.0, 130.0, 0.0, 0.0, 1000.0, 0.0, 1000.0, 0.0, 1000.0, 907.0, 999.0, 999.0, 999.0, 999.0, 316.0, 330.0, 0.0, 0.0, , -0.9737701416015625, 0.189544677734375, -0.0989990234375, 0.0776824951171875, , -0.83837890625, 0.133392333984375, -0.196014404296875, 0.4907989501953125
30560, 30.829082489013672, 1000.0, 49.0, 235.0, 111.0, 248.0, 139.0, 130.0, 0.0, 0.0, 1000.0, 0.0, 1000.0, 0.0, 1000.0, 907.0, 999.0, 999.0, 999.0, 999.0, 316.0, 330.0, 0.0, 0.0, , -0.9737701416015625, 0.189544677734375, -0.0989990234375, 0.0776824951171875, , -0.8383941650390625, 0.1329498291015625, -0.1967926025390625, 0.490570068359375
30570, 30.839128494262695, 1000.0, 49.0, 235.0, 111.0, 248.0, 139.0, 130.0, 0.0, 0.0, 1000.0, 0.0, 1000.0, 0.0, 1000.0, 907.0, 999.0, 999.0, 999.0, 999.0, 316.0, 330.0, 0.0, 0.0, , -0.9737701416015625, 0.189544677734375, -0.0989990234375, 0.0776824951171875, , -0.838592529296875, 0.1322174072265625, -0.1963653564453125, 0.4906005859375
30580, 30.849138259887695, 1000.0, 49.0, 235.0, 111.0, 248.0, 139.0, 130.0, 0.0, 0.0, 1000.0, 0.0, 1000.0, 0.0, 1000.0, 907.0, 999.0, 999.0, 999.0, 999.0, 316.0, 330.0, 0.0, 0.0, , -0.9737701416015625, 0.189544677734375, -0.0989990234375, 0.0776824951171875, , -0.838897705078125, 0.1309051513671875, -0.19610595703125, 0.49053955078125
30590, 30.85915184020996, 1000.0, 49.0, 235.0, 111.0, 248.0, 139.0, 130.0, 0.0, 0.0, 1000.0, 0.0, 1000.0, 0.0, 1000.0, 907.0, 999.0, 999.0, 999.0, 999.0, 316.0, 330.0, 0.0, 0.0, , -0.9737701416015625, 0.189544677734375, -0.0989990234375, 0.0776824951171875, , -0.8388824462890625, 0.1312408447265625, -0.1956329345703125, 0.49066162109375
30600, 30.869140625, 1000.0, 49.0, 235.0, 111.0, 248.0, 139.0, 130.0, 0.0, 0.0, 1000.0, 0.0, 1000.0, 0.0, 1000.0, 907.0, 999.0, 999.0, 999.0, 999.0, 316.0, 330.0, 0.0, 0.0, , -0.9737701416015625, 0.189544677734375, -0.0989990234375, 0.0776824951171875, , -0.8386688232421875, 0.1324005126953125, -0.1953277587890625, 0.4908447265625
30610, 30.879045486450195, 1000.0, 49.0, 235.0, 111.0, 248.0, 139.0, 130.0, 0.0, 0.0, 1000.0, 0.0, 1000.0, 0.0, 1000.0, 907.0, 999.0, 999.0, 999.0, 999.0, 316.0, 330.0, 0.0, 0.0, , -0.9737701416015625, 0.189544677734375, -0.0989990234375, 0.0776824951171875, , -0.8384857177734375, 0.133544921875, -0.1945037841796875, 0.4911651611328125
30620, 30.889114379882812, 1000.0, 49.0, 235.0, 111.0, 248.0, 139.0, 130.0, 0.0, 0.0, 1000.0, 0.0, 1000.0, 0.0, 1000.0, 907.0, 999.0, 999.0, 999.0, 999.0, 316.0, 330.0, 0.0, 0.0, , -0.9737701416015625, 0.189544677734375, -0.0989990234375, 0.0776824951171875, , -0.83856201171875, 0.133514404296875, -0.193939208984375, 0.4912872314453125
30630, 30.89918327331543, 1000.0, 49.0, 235.0, 111.0, 248.0, 139.0, 130.0, 0.0, 0.0, 1000.0, 0.0, 1000.0, 0.0, 1000.0, 907.0, 999.0, 999.0, 999.0, 999.0, 316.0, 330.0, 0.0, 0.0, , -0.9737701416015625, 0.189544677734375, -0.0989990234375, 0.0776824951171875, , -0.8381195068359375, 0.1346435546875, -0.1957550048828125, 0.490997314453125
30640, 30.909143447875977, 1000.0, 49.0, 235.0, 111.0, 248.0, 139.0, 130.0, 0.0, 0.0, 1000.0, 0.0, 1000.0, 0.0, 1000.0, 907.0, 999.0, 999.0, 999.0, 999.0, 316.0, 330.0, 0.0, 0.0, , -0.9737701416015625, 0.189544677734375, -0.0989990234375, 0.0776824951171875, , -0.8381195068359375, 0.13421630859375, -0.1966552734375, 0.4907684326171875
30650, 30.91914176940918, 1000.0, 49.0, 235.0, 111.0, 248.0, 139.0, 130.0, 0.0, 0.0, 1000.0, 0.0, 1000.0, 0.0, 1000.0, 907.0, 999.0, 999.0, 999.0, 999.0, 316.0, 330.0, 0.0, 0.0, , -0.9737701416015625, 0.189544677734375, -0.0989990234375, 0.0776824951171875, , -0.8383026123046875, 0.1336822509765625, -0.1958465576171875, 0.49090576171875
30660, 30.934524536132812, 1000.0, 49.0, 235.0, 111.0, 248.0, 139.0, 130.0, 0.0, 0.0, 1000.0, 0.0, 1000.0, 0.0, 1000.0, 907.0, 999.0, 999.0, 999.0, 999.0, 316.0, 330.0, 0.0, 0.0, , -0.9737701416015625, 0.189544677734375, -0.0989990234375, 0.0776824951171875, , -0.8383636474609375, 0.1337738037109375, -0.1949615478515625, 0.4911346435546875
30670, 30.939098358154297, 1000.0, 49.0, 235.0, 111.0, 248.0, 139.0, 130.0, 0.0, 0.0, 1000.0, 0.0, 1000.0, 0.0, 1000.0, 907.0, 999.0, 999.0, 999.0, 999.0, 316.0, 330.0, 0.0, 0.0, , -0.9737701416015625, 0.189544677734375, -0.0989990234375, 0.0776824951171875, , -0.8386077880859375, 0.13287353515625, -0.1945037841796875, 0.4911346435546875
30680, 30.94918441772461, 1000.0, 49.0, 235.0, 111.0, 248.0, 139.0, 130.0, 0.0, 0.0, 1000.0, 0.0, 1000.0, 0.0, 1000.0, 907.0, 999.0, 999.0, 999.0, 999.0, 316.0, 330.0, 0.0, 0.0, , -0.9737701416015625, 0.189544677734375, -0.0989990234375, 0.0776824951171875, , -0.8386993408203125, 0.1329498291015625, -0.193450927734375, 0.491363525390625
30690, 30.959150314331055, 1000.0, 49.0, 235.0, 111.0, 248.0, 139.0, 130.0, 0.0, 0.0, 1000.0, 0.0, 1000.0, 0.0, 1000.0, 907.0, 999.0, 999.0, 999.0, 999.0, 316.0, 330.0, 0.0, 0.0, , -0.9737701416015625, 0.189544677734375, -0.0989990234375, 0.0776824951171875, , -0.8385162353515625, 0.1331329345703125, -0.1950225830078125, 0.49102783203125
30700, 30.969141006469727, 1000.0, 49.0, 235.0, 111.0, 248.0, 139.0, 130.0, 0.0, 0.0, 1000.0, 0.0, 1000.0, 0.0, 1000.0, 907.0, 999.0, 999.0, 999.0, 999.0, 316.0, 330.0, 0.0, 0.0, , -0.9737701416015625, 0.189544677734375, -0.0989990234375, 0.0776824951171875, , -0.8385467529296875, 0.132904052734375, -0.1952056884765625, 0.4909515380859375
30710, 30.979127883911133, 1000.0, 49.0, 235.0, 111.0, 248.0, 139.0, 130.0, 0.0, 0.0, 1000.0, 0.0, 1000.0, 0.0, 1000.0, 907.0, 999.0, 999.0, 999.0, 999.0, 316.0, 330.0, 0.0, 0.0, , -0.9737701416015625, 0.189544677734375, -0.0989990234375, 0.0776824951171875, , -0.8380279541015625, 0.1352386474609375, -0.1956024169921875, 0.491058349609375
30720, 30.989093780517578, 1000.0, 49.0, 235.0, 111.0, 248.0, 139.0, 130.0, 0.0, 0.0, 1000.0, 0.0, 1000.0, 0.0, 1000.0, 907.0, 999.0, 999.0, 999.0, 999.0, 316.0, 330.0, 0.0, 0.0, , -0.9737701416015625, 0.189544677734375, -0.0989990234375, 0.0776824951171875, , -0.8380279541015625, 0.1355133056640625, -0.195068359375, 0.4911956787109375
30730, 30.999181747436523, 1000.0, 49.0, 235.0, 111.0, 248.0, 139.0, 130.0, 0.0, 0.0, 1000.0, 0.0, 1000.0, 0.0, 1000.0, 907.0, 999.0, 999.0, 999.0, 999.0, 316.0, 330.0, 0.0, 0.0, , -0.9737701416015625, 0.189544677734375, -0.0989990234375, 0.0776824951171875, , -0.8378753662109375, 0.13519287109375, -0.1972198486328125, 0.4906768798828125
30740, 31.009159088134766, 1000.0, 49.0, 235.0, 111.0, 248.0, 139.0, 130.0, 0.0, 0.0, 1000.0, 0.0, 1000.0, 0.0, 1000.0, 907.0, 999.0, 999.0, 999.0, 999.0, 316.0, 330.0, 0.0, 0.0, , -0.9737701416015625, 0.189544677734375, -0.0989990234375, 0.0776824951171875, , -0.8377685546875, 0.1359100341796875, -0.1966552734375, 0.49090576171875
30750, 31.019136428833008, 1000.0, 49.0, 235.0, 111.0, 248.0, 139.0, 130.0, 0.0, 0.0, 1000.0, 0.0, 1000.0, 0.0, 1000.0, 907.0, 999.0, 999.0, 999.0, 999.0, 316.0, 330.0, 0.0, 0.0, , -0.9737701416015625, 0.189544677734375, -0.0989990234375, 0.0776824951171875, , -0.838287353515625, 0.1344757080078125, -0.19464111328125, 0.4911956787109375
30760, 31.029123306274414, 1000.0, 49.0, 235.0, 111.0, 248.0, 139.0, 130.0, 0.0, 0.0, 1000.0, 0.0, 1000.0, 0.0, 1000.0, 907.0, 999.0, 999.0, 999.0, 999.0, 316.0, 330.0, 0.0, 0.0, , -0.9737701416015625, 0.189544677734375, -0.0989990234375, 0.0776824951171875, , -0.8381805419921875, 0.13433837890625, -0.195831298828125, 0.4909515380859375
