1170050, 1174.9693603515625, 1000.0, 157.0, 504.0, 116.0, 231.0, 196.0, 146.0, 208.0, 80.0, 1000.0, 201.0, 750.0, 0.0, 1000.0, 888.0, 999.0, 999.0, 999.0, 999.0, 480.0, 691.0, 0.0, 183.0, -16.96416473388672, -0.020146731287240982, -82.8794174194336, -0.741424560546875, 0.110687255859375, -0.0974884033203125, 0.65460205078125, -27.482213973999023, 10.716561317443848, -97.77642059326172, 0.652618408203125, -0.087158203125, 0.237823486328125, -0.7140655517578125
1170110, 1175.0294189453125, 1000.0, 156.0, 503.0, 116.0, 229.0, 196.0, 144.0, 207.0, 80.0, 1000.0, 202.0, 750.0, 0.0, 1000.0, 894.0, 999.0, 999.0, 999.0, 999.0, 479.0, 690.0, 0.0, 180.0, -16.59848976135254, -0.17598722875118256, -82.73616027832031, -0.742462158203125, 0.1093292236328125, -0.0942535400390625, 0.6541290283203125, -25.70382308959961, 10.531366348266602, -97.509033203125, 0.6553955078125, -0.0787506103515625, 0.22552490234375, -0.71649169921875
1170160, 1175.0794677734375, 1000.0, 156.0, 501.0, 115.0, 229.0, 195.0, 144.0, 206.0, 79.0, 1000.0, 200.0, 750.0, 0.0, 666.0, 897.0, 999.0, 999.0, 999.0, 999.0, 479.0, 689.0, 0.0, 178.0, -16.62149429321289, -0.23844152688980103, -82.60781860351562, -0.7431182861328125, 0.1099395751953125, -0.0938568115234375, 0.6533355712890625, -26.36821746826172, 10.85659122467041, -97.57540130615234, 0.6548309326171875, -0.0803070068359375, 0.2314910888671875, -0.714935302734375
1170210, 1175.1295166015625, 1000.0, 156.0, 500.0, 115.0, 228.0, 195.0, 143.0, 205.0, 78.0, 1000.0, 198.0, 750.0, 0.0, 666.0, 877.0, 999.0, 999.0, 999.0, 999.0, 479.0, 689.0, 0.0, 177.0, -16.79051399230957, -0.1733783483505249, -82.45267486572266, -0.743896484375, 0.1107940673828125, -0.0950927734375, 0.652130126953125, -26.558685302734375, 10.967543601989746, -97.54666137695312, 0.6549835205078125, -0.0807342529296875, 0.2332611083984375, -0.71417236328125
1170270, 1175.189453125, 1000.0, 156.0, 499.0, 115.0, 226.0, 196.0, 142.0, 205.0, 78.0, 1000.0, 197.0, 750.0, 0.0, 1000.0, 875.0, 999.0, 999.0, 999.0, 999.0, 478.0, 688.0, 0.0, 175.0, -16.96245002746582, -0.21496595442295074, -82.33679962158203, -0.744354248046875, 0.11224365234375, -0.0956878662109375, 0.651275634765625, -26.799911499023438, 10.8072509765625, -97.55741882324219, 0.6545867919921875, -0.0831298828125, 0.2339019775390625, -0.71405029296875
1170320, 1175.239501953125, 1000.0, 156.0, 498.0, 115.0, 226.0, 196.0, 141.0, 204.0, 78.0, 1000.0, 196.0, 750.0, 0.0, 1000.0, 878.0, 999.0, 999.0, 999.0, 999.0, 478.0, 687.0, 0.0, 174.0, -16.882841110229492, -0.14283999800682068, -82.3045883178711, -0.7446746826171875, 0.1113433837890625, -0.095672607421875, 0.65106201171875, -27.064002990722656, 10.63817024230957, -97.58450317382812, 0.654052734375, -0.0856781005859375, 0.234649658203125, -0.7139892578125
1170370, 1175.2894287109375, 1000.0, 155.0, 497.0, 114.0, 224.0, 196.0, 140.0, 203.0, 77.0, 1000.0, 195.0, 1000.0, 0.0, 1000.0, 879.0, 999.0, 999.0, 999.0, 999.0, 478.0, 686.0, 0.0, 172.0, -16.912914276123047, 0.014753993600606918, -82.25247192382812, -0.7450714111328125, 0.110687255859375, -0.0968170166015625, 0.650543212890625, -26.819726943969727, 10.32652759552002, -97.55460357666016, 0.65411376953125, -0.08636474609375, 0.231414794921875, -0.7149200439453125
1170430, 1175.3494873046875, 1000.0, 155.0, 496.0, 114.0, 223.0, 195.0, 139.0, 202.0, 76.0, 1000.0, 194.0, 750.0, 0.0, 666.0, 875.0, 999.0, 999.0, 999.0, 999.0, 478.0, 686.0, 0.0, 171.0, -16.87296485900879, 0.02514077164232731, -82.16422271728516, -0.7456207275390625, 0.110443115234375, -0.0965728759765625, 0.649993896484375, -26.906848907470703, 10.325358390808105, -97.55467987060547, 0.6540374755859375, -0.0868682861328125, 0.2319488525390625, -0.7147369384765625
1170480, 1175.3995361328125, 1000.0, 155.0, 496.0, 114.0, 221.0, 194.0, 138.0, 201.0, 76.0, 1000.0, 194.0, 750.0, 0.0, 1000.0, 871.0, 999.0, 999.0, 999.0, 999.0, 478.0, 685.0, 0.0, 170.0, -16.802570343017578, -0.058309197425842285, -82.00109100341797, -0.746551513671875, 0.110595703125, -0.0954742431640625, 0.649078369140625, -26.95793914794922, 10.40268611907959, -97.52668762207031, 0.6542510986328125, -0.0867156982421875, 0.232666015625, -0.714324951171875
1170540, 1175.459716796875, 1000.0, 155.0, 493.0, 113.0, 220.0, 193.0, 137.0, 200.0, 75.0, 1000.0, 196.0, 750.0, 0.0, 666.0, 873.0, 999.0, 999.0, 999.0, 999.0, 478.0, 685.0, 0.0, 169.0, -16.656204223632812, -0.278915673494339, -81.7435073852539, -0.747955322265625, 0.1110992431640625, -0.09295654296875, 0.6477203369140625, -26.898855209350586, 10.22000789642334, -97.40923309326172, 0.65484619140625, -0.087799072265625, 0.2312164306640625, -0.7141265869140625
1170590, 1175.5096435546875, 1000.0, 155.0, 491.0, 113.0, 219.0, 192.0, 136.0, 200.0, 75.0, 1000.0, 202.0, 750.0, 0.0, 1000.0, 875.0, 999.0, 999.0, 999.0, 999.0, 479.0, 685.0, 0.0, 167.0, -16.465007781982422, -0.6720567941665649, -81.46485900878906, -0.7493896484375, 0.1122894287109375, -0.0890350341796875, 0.64642333984375, -25.37081527709961, 9.795947074890137, -97.0136489868164, 0.6580352783203125, -0.0825653076171875, 0.2190704345703125, -0.7156524658203125
1170640, 1175.559326171875, 1000.0, 154.0, 490.0, 113.0, 218.0, 191.0, 135.0, 199.0, 75.0, 1000.0, 206.0, 750.0, 0.0, 666.0, 894.0, 999.0, 999.0, 999.0, 999.0, 479.0, 684.0, 0.0, 167.0, -15.782441139221191, -1.6044892072677612, -81.09699249267578, -0.7513275146484375, 0.1133270263671875, -0.078704833984375, 0.64532470703125, -24.774940490722656, 10.716981887817383, -96.75331115722656, 0.6609039306640625, -0.0736846923828125, 0.220245361328125, -0.713623046875
1170700, 1175.619384765625, 1000.0, 153.0, 485.0, 113.0, 217.0, 195.0, 134.0, 197.0, 75.0, 1000.0, 200.0, 750.0, 0.0, 666.0, 897.0, 999.0, 999.0, 999.0, 999.0, 476.0, 686.0, 0.0, 164.0, -14.876371383666992, -2.1414103507995605, -80.64311218261719, -0.754302978515625, 0.1106719970703125, -0.0696258544921875, 0.6433563232421875, -22.815658569335938, 11.109004020690918, -96.07416534423828, 0.666595458984375, -0.0610809326171875, 0.2098236083984375, -0.7126617431640625
1170750, 1175.6695556640625, 1000.0, 153.0, 480.0, 114.0, 214.0, 205.0, 131.0, 196.0, 79.0, 1000.0, 193.0, 750.0, 0.0, 666.0, 902.0, 999.0, 999.0, 999.0, 999.0, 474.0, 688.0, 0.0, 161.0, -14.428194999694824, -0.8490405678749084, -80.5760726928711, -0.756134033203125, 0.1005401611328125, -0.075592041015625, 0.6421966552734375, -22.509090423583984, 11.876677513122559, -95.53614044189453, 0.6706085205078125, -0.0553436279296875, 0.2119293212890625, -0.708709716796875
1170810, 1175.7294921875, 1000.0, 152.0, 491.0, 117.0, 214.0, 213.0, 129.0, 195.0, 90.0, 1000.0, 188.0, 750.0, 0.0, 666.0, 900.0, 999.0, 999.0, 999.0, 999.0, 469.0, 691.0, 0.0, 155.0, -15.35760498046875, 2.441009759902954, -80.33098602294922, -0.7589874267578125, 0.088470458984375, -0.102294921875, 0.6368865966796875, -22.290973663330078, 14.130447387695312, -94.4859848022461, 0.6784820556640625, -0.0416259765625, 0.2227783203125, -0.6987762451171875
1170860, 1175.77978515625, 1000.0, 152.0, 504.0, 120.0, 217.0, 218.0, 133.0, 195.0, 96.0, 1000.0, 184.0, 750.0, 0.0, 666.0, 899.0, 999.0, 999.0, 999.0, 999.0, 465.0, 691.0, 0.0, 153.0, -14.052129745483398, 4.512664794921875, -80.11454772949219, -0.7621612548828125, 0.0684051513671875, -0.1085662841796875, 0.6345367431640625, -20.52059555053711, 16.76597023010254, -93.0369644165039, 0.688720703125, -0.0171661376953125, 0.2265777587890625, -0.6884918212890625
1170870, 1175.8297119140625, 1000.0, 152.0, 506.0, 120.0, 218.0, 219.0, 135.0, 195.0, 98.0, 1000.0, 182.0, 750.0, 0.0, 666.0, 898.0, 999.0, 999.0, 999.0, 999.0, 464.0, 691.0, 0.0, 152.0, -13.859969139099121, 4.780947685241699, -80.18941497802734, -0.761962890625, 0.0655517578125, -0.10931396484375, 0.6349334716796875, -20.290987014770508, 17.343172073364258, -92.72655487060547, 0.69073486328125, -0.01275634765625, 0.2284393310546875, -0.6859283447265625
1170910, 1175.8394775390625, 1000.0, 151.0, 513.0, 122.0, 222.0, 224.0, 138.0, 194.0, 102.0, 1000.0, 180.0, 750.0, 0.0, 666.0, 899.0, 999.0, 999.0, 999.0, 999.0, 462.0, 693.0, 0.0, 155.0, -13.67236328125, 5.5391526222229, -80.67459106445312, -0.7596588134765625, 0.0595703125, -0.113525390625, 0.637542724609375, -19.260570526123047, 19.781476974487305, -91.39398956298828, 0.6989288330078125, 0.0060882568359375, 0.2362213134765625, -0.6750030517578125
1170970, 1175.8892822265625, 1000.0, 151.0, 525.0, 126.0, 229.0, 230.0, 149.0, 193.0, 109.0, 1000.0, 171.0, 750.0, 0.0, 1000.0, 899.0, 999.0, 999.0, 999.0, 999.0, 458.0, 693.0, 0.0, 165.0, -11.386069297790527, 7.915791988372803, -81.02012634277344, -0.7591705322265625, 0.0306243896484375, -0.1165008544921875, 0.639617919921875, -16.19938850402832, 22.686279296875, -88.78380584716797, 0.7129974365234375, 0.037506103515625, 0.23577880859375, -0.65924072265625
1171020, 1175.9400634765625, 1000.0, 151.0, 532.0, 129.0, 234.0, 235.0, 158.0, 193.0, 112.0, 1000.0, 165.0, 1000.0, 0.0, 666.0, 907.0, 999.0, 999.0, 999.0, 999.0, 455.0, 693.0, 0.0, 167.0, -9.913474082946777, 9.96712589263916, -81.5169448852539, -0.7566680908203125, 0.008697509765625, -0.1217498779296875, 0.64227294921875, -13.679930686950684, 24.35626792907715, -86.68789672851562, 0.723052978515625, 0.0590972900390625, 0.2322235107421875, -0.6478729248046875
1171080, 1175.99951171875, 1000.0, 150.0, 533.0, 129.0, 235.0, 230.0, 178.0, 192.0, 124.0, 1000.0, 157.0, 750.0, 0.0, 1000.0, 910.0, 999.0, 999.0, 999.0, 999.0, 453.0, 695.0, 0.0, 174.0, -8.858160972595215, 9.190494537353516, -82.52033996582031, -0.7511444091796875, 0.00518798828125, -0.110809326171875, 0.6507415771484375, -11.627933502197266, 26.484819412231445, -85.361328125, 0.727630615234375, 0.082000732421875, 0.234375, -0.6394195556640625
1171130, 1176.0496826171875, 1000.0, 150.0, 533.0, 130.0, 236.0, 235.0, 203.0, 192.0, 138.0, 1000.0, 151.0, 750.0, 0.0, 1000.0, 919.0, 999.0, 999.0, 999.0, 999.0, 452.0, 691.0, 0.0, 180.0, -8.544093132019043, 8.143851280212402, -83.54857635498047, -0.7453460693359375, 0.00823974609375, -0.1023101806640625, 0.658721923828125, -11.810373306274414, 27.196992874145508, -85.60636901855469, 0.72576904296875, 0.085540771484375, 0.239532470703125, -0.6391754150390625
1171180, 1176.1094970703125, 1000.0, 150.0, 533.0, 130.0, 237.0, 237.0, 242.0, 192.0, 161.0, 1000.0, 146.0, 750.0, 0.0, 1000.0, 919.0, 999.0, 999.0, 999.0, 999.0, 454.0, 691.0, 0.0, 185.0, -6.659085750579834, 3.930171489715576, -86.2710952758789, -0.72943115234375, 0.018951416015625, -0.064666748046875, 0.6807098388671875, -9.822587966918945, 26.84024429321289, -86.10997772216797, 0.7216949462890625, 0.097015380859375, 0.2258148193359375, -0.6470947265625
1171240, 1176.159423828125, 1000.0, 150.0, 524.0, 129.0, 240.0, 235.0, 266.0, 193.0, 177.0, 1000.0, 142.0, 750.0, 0.0, 1000.0, 915.0, 999.0, 999.0, 999.0, 999.0, 461.0, 686.0, 0.0, 187.0, -3.585134506225586, -3.3547706604003906, -90.85160827636719, -0.700531005859375, 0.04278564453125, -0.001739501953125, 0.7123260498046875, -8.821002960205078, 25.7897891998291, -87.54349517822266, 0.7136688232421875, 0.09979248046875, 0.2125244140625, -0.659942626953125
1171270, 1176.20947265625, 1000.0, 150.0, 521.0, 128.0, 244.0, 238.0, 280.0, 195.0, 190.0, 1000.0, 140.0, 750.0, 0.0, 666.0, 913.0, 999.0, 999.0, 999.0, 999.0, 466.0, 684.0, 0.0, 199.0, -2.065791368484497, -7.338537693023682, -93.66372680664062, -0.6817779541015625, 0.0589752197265625, 0.0306549072265625, 0.728515625, -7.875034809112549, 24.9628849029541, -88.21687316894531, 0.709716796875, 0.1019287109375, 0.20147705078125, -0.66729736328125
1171290, 1176.2193603515625, 1000.0, 150.0, 521.0, 128.0, 245.0, 241.0, 287.0, 196.0, 199.0, 1000.0, 138.0, 750.0, 0.0, 666.0, 912.0, 999.0, 999.0, 999.0, 999.0, 467.0, 680.0, 0.0, 215.0, -0.5231387615203857, -10.548371315002441, -95.81621551513672, -0.6671600341796875, 0.071258544921875, 0.0582427978515625, 0.73919677734375, -7.1489644050598145, 24.42107391357422, -88.71862030029297, 0.7066497802734375, 0.1040191650390625, 0.1935272216796875, -0.672576904296875
1171350, 1176.2694091796875, 1000.0, 150.0, 506.0, 126.0, 240.0, 255.0, 273.0, 225.0, 220.0, 1000.0, 130.0, 750.0, 0.0, 666.0, 910.0, 999.0, 999.0, 999.0, 999.0, 467.0, 668.0, 0.0, 299.0, 3.878918409347534, -19.477502822875977, -101.70236206054688, -0.626312255859375, 0.11004638671875, 0.132598876953125, 0.7602691650390625, -6.350305080413818, 22.608367919921875, -90.40945434570312, 0.697540283203125, 0.100616455078125, 0.1764373779296875, -0.6871337890625
1171370, 1176.3197021484375, 1000.0, 149.0, 503.0, 125.0, 239.0, 260.0, 272.0, 246.0, 220.0, 1000.0, 129.0, 750.0, 0.0, 666.0, 912.0, 999.0, 999.0, 999.0, 999.0, 465.0, 668.0, 0.0, 336.0, 5.012876987457275, -21.615371704101562, -103.15625, -0.6162567138671875, 0.1200714111328125, 0.1500701904296875, 0.7637176513671875, -6.3670430183410645, 22.163698196411133, -90.7145767211914, 0.69610595703125, 0.0982513427734375, 0.1736297607421875, -0.6896514892578125
1171400, 1176.329345703125, 1000.0, 148.0, 498.0, 125.0, 247.0, 261.0, 267.0, 288.0, 213.0, 1000.0, 127.0, 750.0, 0.0, 1000.0, 908.0, 999.0, 999.0, 999.0, 999.0, 458.0, 668.0, 0.0, 406.0, 7.297173023223877, -23.77919578552246, -105.0916748046875, -0.604278564453125, 0.1253509521484375, 0.174468994140625, 0.7672576904296875, -5.790079116821289, 21.910551071166992, -90.8115234375, 0.6952362060546875, 0.100341796875, 0.1685638427734375, -0.6914825439453125
1171450, 1176.3795166015625, 1000.0, 147.0, 486.0, 125.0, 267.0, 265.0, 260.0, 343.0, 202.0, 1000.0, 128.0, 750.0, 0.0, 666.0, 745.0, 999.0, 999.0, 999.0, 999.0, 447.0, 669.0, 0.0, 460.0, 6.24264669418335, -25.08074951171875, -106.41555786132812, -0.5932159423828125, 0.14178466796875, 0.1724090576171875, 0.7734527587890625, -7.7469964027404785, 22.754840850830078, -92.0414810180664, 0.68878173828125, 0.09564208984375, 0.184326171875, -0.694580078125
1171510, 1176.429443359375, 1000.0, 146.0, 469.0, 124.0, 276.0, 283.0, 289.0, 476.0, 181.0, 1000.0, 155.0, 750.0, 0.0, 666.0, 540.0, 999.0, 999.0, 999.0, 999.0, 435.0, 719.0, 0.0, 607.0, 6.183243274688721, -28.27217674255371, -108.97160339355469, -0.573211669921875, 0.168121337890625, 0.184234619140625, 0.780517578125, -9.070893287658691, 22.884761810302734, -93.59341430664062, 0.6803131103515625, 0.091094970703125, 0.1918792724609375, -0.7014617919921875
1171560, 1176.4898681640625, 1000.0, 147.0, 458.0, 126.0, 447.0, 280.0, 257.0, 466.0, 166.0, 1000.0, 192.0, 750.0, 0.0, 666.0, 268.0, 999.0, 605.0, 999.0, 999.0, 427.0, 756.0, 0.0, 657.0, 6.5008440017700195, -29.790563583374023, -110.53252410888672, -0.56170654296875, 0.1796875, 0.191253662109375, 0.78460693359375, -10.6739501953125, 22.51885223388672, -95.99406433105469, 0.66693115234375, 0.0834197998046875, 0.1978759765625, -0.7134857177734375
1171610, 1176.53955078125, 1000.0, 147.0, 460.0, 126.0, 787.0, 261.0, 608.0, 373.0, 143.0, 1000.0, 195.0, 750.0, 0.0, 1000.0, 194.0, 999.0, 392.0, 995.0, 999.0, 416.0, 809.0, 0.0, 615.0, 4.518511772155762, -32.647438049316406, -112.83634948730469, -0.539642333984375, 0.213043212890625, 0.186859130859375, 0.792755126953125, -14.218631744384766, 22.755584716796875, -100.21029663085938, 0.642669677734375, 0.0723724365234375, 0.2186431884765625, -0.7306976318359375
1171670, 1176.5997314453125, 1000.0, 143.0, 593.0, 121.0, 949.0, 203.0, 924.0, 296.0, 157.0, 1000.0, 174.0, 750.0, 0.0, 666.0, 132.0, 999.0, 429.0, 997.0, 999.0, 404.0, 836.0, 0.0, 520.0, 7.089087009429932, -34.487144470214844, -116.87635040283203, -0.5145416259765625, 0.22119140625, 0.205169677734375, 0.8026123046875, -19.666133880615234, 22.197067260742188, -105.53824615478516, 0.6111602783203125, 0.04962158203125, 0.2481842041015625, -0.74993896484375
1171720, 1176.6495361328125, 1000.0, 142.0, 800.0, 112.0, 1000.0, 157.0, 981.0, 260.0, 591.0, 1000.0, 162.0, 750.0, 0.0, 1000.0, 141.0, 999.0, 752.0, 999.0, 999.0, 394.0, 851.0, 0.0, 478.0, 4.82607889175415, -35.62651824951172, -116.53034973144531, -0.5112762451171875, 0.238861083984375, 0.194854736328125, 0.802215576171875, -21.74167823791504, 21.662160873413086, -107.05403137207031, 0.60186767578125, 0.0382843017578125, 0.2586517333984375, -0.7545623779296875
1171780, 1176.7095947265625, 1000.0, 139.0, 973.0, 105.0, 1000.0, 163.0, 1000.0, 235.0, 940.0, 1000.0, 139.0, 750.0, 0.0, 666.0, 265.0, 999.0, 806.0, 999.0, 999.0, 382.0, 848.0, 0.0, 515.0, -2.2540969848632812, -33.24292755126953, -111.51712799072266, -0.5344085693359375, 0.2470245361328125, 0.1453399658203125, 0.795135498046875, -26.936458587646484, 21.513978958129883, -105.65481567382812, 0.611907958984375, 0.006378173828125, 0.2919921875, -0.735015869140625
1171830, 1176.759521484375, 1000.0, 142.0, 1000.0, 101.0, 1000.0, 183.0, 1000.0, 245.0, 957.0, 1000.0, 163.0, 750.0, 0.0, 666.0, 282.0, 999.0, 661.0, 999.0, 999.0, 371.0, 843.0, 0.0, 609.0, -3.740510940551758, -26.97657012939453, -108.87895202636719, -0.55902099609375, 0.208099365234375, 0.1097564697265625, 0.7950592041015625, -23.685455322265625, 22.64582633972168, -103.35994720458984, 0.62664794921875, 0.0259857177734375, 0.2770233154296875, -0.7279205322265625
1171880, 1176.8095703125, 1000.0, 152.0, 1000.0, 108.0, 1000.0, 285.0, 959.0, 693.0, 722.0, 1000.0, 700.0, 750.0, 0.0, 666.0, 450.0, 999.0, 999.0, 999.0, 999.0, 363.0, 820.0, 0.0, 777.0, -12.054619789123535, -21.061391830444336, -104.21122741699219, -0.5853729248046875, 0.2068328857421875, 0.0301666259765625, 0.7833404541015625, -29.892345428466797, 24.90991973876953, -103.62627410888672, 0.6269683837890625, 0.008087158203125, 0.3267669677734375, -0.7071380615234375
1171940, 1176.8695068359375, 1000.0, 160.0, 1000.0, 110.0, 883.0, 645.0, 585.0, 920.0, 371.0, 1000.0, 922.0, 750.0, 0.0, 666.0, 255.0, 999.0, 999.0, 999.0, 999.0, 362.0, 787.0, 0.0, 874.0, -15.323586463928223, -19.523334503173828, -101.45288848876953, -0.6007843017578125, 0.2132568359375, 0.0046539306640625, 0.770416259765625, -36.02849197387695, 26.47031593322754, -105.38587188720703, 0.61737060546875, -0.00927734375, 0.37139892578125, -0.693389892578125
1171990, 1176.9193115234375, 1000.0, 163.0, 1000.0, 116.0, 713.0, 766.0, 423.0, 955.0, 251.0, 1000.0, 942.0, 750.0, 0.0, 666.0, 165.0, 999.0, 747.0, 999.0, 999.0, 367.0, 766.0, 0.0, 901.0, -24.059782028198242, -20.202648162841797, -97.93701934814453, -0.604522705078125, 0.26409912109375, -0.04217529296875, 0.750335693359375, -46.49898147583008, 26.9030704498291, -109.64374542236328, 0.5898590087890625, -0.046478271484375, 0.436920166015625, -0.6774749755859375
1172050, 1176.9794921875, 1000.0, 166.0, 1000.0, 122.0, 670.0, 766.0, 363.0, 957.0, 192.0, 1000.0, 946.0, 1000.0, 0.0, 666.0, 117.0, 999.0, 407.0, 987.0, 999.0, 370.0, 760.0, 0.0, 903.0, -38.876609802246094, -22.27409553527832, -91.61969757080078, -0.5988311767578125, 0.3582000732421875, -0.1071624755859375, 0.708221435546875, -62.01403045654297, 25.949377059936523, -115.28109741210938, 0.5447235107421875, -0.1061248779296875, 0.5270233154296875, -0.6436004638671875
1172100, 1177.0296630859375, 1000.0, 168.0, 992.0, 125.0, 663.0, 741.0, 339.0, 941.0, 161.0, 1000.0, 951.0, 750.0, 0.0, 666.0, 106.0, 999.0, 362.0, 981.0, 999.0, 372.0, 752.0, 0.0, 887.0, -52.56584930419922, -21.93354034423828, -85.27536010742188, -0.590484619140625, 0.435333251953125, -0.168975830078125, 0.658203125, -74.322509765625, 24.864234924316406, -119.1731185913086, 0.5061187744140625, -0.150665283203125, 0.5955657958984375, -0.605316162109375
1172150, 1177.079833984375, 1000.0, 170.0, 984.0, 125.0, 635.0, 728.0, 321.0, 928.0, 137.0, 1000.0, 957.0, 750.0, 0.0, 666.0, 123.0, 999.0, 445.0, 982.0, 999.0, 373.0, 750.0, 0.0, 882.0, -65.2625503540039, -18.345783233642578, -79.78113555908203, -0.582763671875, 0.494537353515625, -0.2383880615234375, 0.5991363525390625, -84.22159576416016, 24.341733932495117, -122.10679626464844, 0.4746856689453125, -0.180389404296875, 0.6492919921875, -0.5661468505859375
1172210, 1177.1395263671875, 1000.0, 171.0, 973.0, 123.0, 609.0, 693.0, 305.0, 904.0, 115.0, 1000.0, 955.0, 750.0, 0.0, 666.0, 148.0, 999.0, 465.0, 981.0, 999.0, 373.0, 739.0, 0.0, 860.0, -76.87458801269531, -13.57475471496582, -75.4674072265625, -0.570159912109375, 0.5448455810546875, -0.3045654296875, 0.5341033935546875, -93.73844146728516, 23.63897132873535, -123.98591613769531, 0.446197509765625, -0.2117919921875, 0.6964111328125, -0.520599365234375
1172260, 1177.189697265625, 1000.0, 173.0, 968.0, 122.0, 582.0, 662.0, 295.0, 873.0, 106.0, 1000.0, 948.0, 750.0, 0.0, 1000.0, 184.0, 999.0, 481.0, 999.0, 999.0, 371.0, 730.0, 0.0, 842.0, -84.0471420288086, -10.07834529876709, -73.42473602294922, -0.5580596923828125, 0.573577880859375, -0.3463287353515625, 0.489501953125, -97.75679779052734, 23.550979614257812, -124.33118438720703, 0.436553955078125, -0.22564697265625, 0.7147979736328125, -0.4975433349609375
1172320, 1177.24951171875, 1000.0, 174.0, 967.0, 121.0, 556.0, 621.0, 286.0, 846.0, 96.0, 1000.0, 943.0, 750.0, 0.0, 1000.0, 175.0, 999.0, 416.0, 999.0, 999.0, 371.0, 717.0, 0.0, 820.0, -89.55458068847656, -4.541879177093506, -71.0520248413086, -0.56103515625, 0.5891265869140625, -0.3860626220703125, 0.4348602294921875, -101.3431167602539, 24.745582580566406, -121.54259490966797, 0.4469146728515625, -0.25042724609375, 0.7256622314453125, -0.45928955078125
1172370, 1177.2996826171875, 1000.0, 175.0, 966.0, 120.0, 557.0, 593.0, 281.0, 834.0, 92.0, 1000.0, 940.0, 750.0, 0.0, 1000.0, 171.0, 999.0, 447.0, 999.0, 999.0, 371.0, 711.0, 0.0, 809.0, -93.42356872558594, -0.8393447399139404, -69.99635314941406, -0.55859375, 0.5991363525390625, -0.413360595703125, 0.397613525390625, -102.62197875976562, 25.759265899658203, -118.55516052246094, 0.46087646484375, -0.268951416015625, 0.7252960205078125, -0.4349517822265625
1172420, 1177.349853515625, 1000.0, 175.0, 965.0, 121.0, 553.0, 575.0, 277.0, 823.0, 89.0, 1000.0, 933.0, 750.0, 0.0, 666.0, 177.0, 999.0, 385.0, 999.0, 999.0, 369.0, 705.0, 0.0, 802.0, -95.40892791748047, 2.5959787368774414, -69.30599212646484, -0.562957763671875, 0.599639892578125, -0.433013916015625, 0.3687591552734375, -103.4415283203125, 26.543684005737305, -116.21373748779297, 0.4715576171875, -0.2829132080078125, 0.72381591796875, -0.4167022705078125
1172480, 1177.40966796875, 1000.0, 176.0, 963.0, 120.0, 545.0, 558.0, 278.0, 816.0, 84.0, 1000.0, 931.0, 750.0, 0.0, 666.0, 156.0, 999.0, 358.0, 988.0, 999.0, 367.0, 696.0, 0.0, 791.0, -97.78394317626953, 6.244125843048096, -68.45284271240234, -0.565887451171875, 0.6019134521484375, -0.4527740478515625, 0.3353271484375, -104.37386322021484, 28.39455795288086, -113.1473159790039, 0.4891204833984375, -0.2964019775390625, 0.7220306396484375, -0.389312744140625
1172530, 1177.4595947265625, 1000.0, 176.0, 961.0, 121.0, 537.0, 541.0, 274.0, 796.0, 83.0, 1000.0, 927.0, 750.0, 0.0, 1000.0, 159.0, 999.0, 336.0, 989.0, 999.0, 366.0, 684.0, 0.0, 785.0, -98.88607025146484, 8.63707447052002, -68.62751007080078, -0.5677642822265625, 0.59814453125, -0.4675140380859375, 0.3182373046875, -104.82762908935547, 29.272768020629883, -111.47606658935547, 0.4977264404296875, -0.30426025390625, 0.720428466796875, -0.3750152587890625
1172590, 1177.5198974609375, 1000.0, 177.0, 959.0, 120.0, 542.0, 528.0, 266.0, 783.0, 78.0, 1000.0, 922.0, 750.0, 0.0, 666.0, 150.0, 999.0, 312.0, 983.0, 999.0, 364.0, 669.0, 0.0, 774.0, -98.59623718261719, 8.58353328704834, -68.73719024658203, -0.56878662109375, 0.5964508056640625, -0.467041015625, 0.3202667236328125, -104.39555358886719, 28.543983459472656, -111.49259185791016, 0.4953460693359375, -0.3061065673828125, 0.7179718017578125, -0.38134765625
1172640, 1177.569580078125, 1000.0, 177.0, 957.0, 119.0, 547.0, 520.0, 264.0, 776.0, 77.0, 1000.0, 920.0, 750.0, 0.0, 666.0, 155.0, 999.0, 310.0, 985.0, 999.0, 363.0, 664.0, 0.0, 770.0, -98.51487731933594, 8.169358253479004, -69.01217651367188, -0.5670318603515625, 0.5964202880859375, -0.4664154052734375, 0.324310302734375, -107.60157775878906, 27.40639305114746, -113.05867004394531, 0.4759063720703125, -0.315673828125, 0.73114013671875, -0.373199462890625
1172690, 1177.61962890625, 1000.0, 178.0, 957.0, 118.0, 543.0, 511.0, 260.0, 773.0, 75.0, 1000.0, 919.0, 750.0, 0.0, 1000.0, 153.0, 999.0, 302.0, 983.0, 999.0, 362.0, 658.0, 0.0, 764.0, -100.77662658691406, 6.313297271728516, -69.68762969970703, -0.5467071533203125, 0.611236572265625, -0.468292236328125, 0.3289031982421875, -106.84767150878906, 26.408273696899414, -112.22777557373047, 0.4757232666015625, -0.322906494140625, 0.72491455078125, -0.3793182373046875
1172750, 1177.6795654296875, 1000.0, 178.0, 956.0, 118.0, 547.0, 500.0, 258.0, 767.0, 74.0, 1000.0, 916.0, 750.0, 0.0, 666.0, 165.0, 999.0, 295.0, 983.0, 999.0, 361.0, 655.0, 0.0, 759.0, -99.52839660644531, 6.480514049530029, -70.05367279052734, -0.5528564453125, 0.6031646728515625, -0.46734619140625, 0.334808349609375, -107.20162963867188, 25.76415252685547, -112.48663330078125, 0.4706268310546875, -0.3260040283203125, 0.725860595703125, -0.3812255859375
1172800, 1177.729736328125, 1000.0, 179.0, 956.0, 117.0, 548.0, 491.0, 257.0, 762.0, 72.0, 1000.0, 913.0, 750.0, 0.0, 666.0, 161.0, 999.0, 297.0, 982.0, 999.0, 360.0, 650.0, 0.0, 756.0, -99.77802276611328, 6.3932204246521, -70.57270050048828, -0.549713134765625, 0.6025543212890625, -0.470428466796875, 0.3367767333984375, -107.18852996826172, 24.706329345703125, -112.0827407836914, 0.4666595458984375, -0.3338470458984375, 0.7230224609375, -0.3846893310546875
1172850, 1177.7794189453125, 1000.0, 180.0, 955.0, 117.0, 550.0, 482.0, 255.0, 757.0, 71.0, 1000.0, 910.0, 750.0, 0.0, 1000.0, 167.0, 999.0, 292.0, 985.0, 999.0, 359.0, 647.0, 0.0, 751.0, -100.63258361816406, 5.134819984436035, -71.22620391845703, -0.538665771484375, 0.6083526611328125, -0.4709320068359375, 0.3434295654296875, -105.82731628417969, 24.151809692382812, -110.85626220703125, 0.472015380859375, -0.3387603759765625, 0.713897705078125, -0.390838623046875
1172910, 1177.839599609375, 1000.0, 180.0, 954.0, 116.0, 551.0, 474.0, 253.0, 748.0, 69.0, 1000.0, 908.0, 750.0, 0.0, 666.0, 166.0, 999.0, 291.0, 984.0, 999.0, 358.0, 645.0, 0.0, 743.0, -99.09890747070312, 5.536637306213379, -71.48853302001953, -0.54742431640625, 0.5985870361328125, -0.4694366455078125, 0.348724365234375, -105.34149932861328, 24.065811157226562, -110.43480682373047, 0.4744720458984375, -0.339813232421875, 0.710845947265625, -0.3925323486328125
1172960, 1177.889404296875, 1000.0, 181.0, 954.0, 116.0, 551.0, 471.0, 252.0, 745.0, 68.0, 1000.0, 907.0, 750.0, 0.0, 666.0, 170.0, 999.0, 290.0, 983.0, 999.0, 358.0, 643.0, 0.0, 741.0, -98.68572235107422, 5.284613609313965, -71.94839477539062, -0.5472412109375, 0.5956268310546875, -0.469451904296875, 0.35400390625, -103.59435272216797, 23.607009887695312, -109.77796173095703, 0.47967529296875, -0.33892822265625, 0.701995849609375, -0.4027557373046875
1173020, 1177.9498291015625, 1000.0, 181.0, 954.0, 116.0, 551.0, 465.0, 251.0, 740.0, 67.0, 1000.0, 904.0, 750.0, 0.0, 1000.0, 172.0, 999.0, 296.0, 986.0, 999.0, 357.0, 641.0, 0.0, 736.0, -98.47994232177734, 5.482264041900635, -72.27295684814453, -0.54803466796875, 0.5926055908203125, -0.47137451171875, 0.355316162109375, -106.23760986328125, 24.515071868896484, -111.2503662109375, 0.471282958984375, -0.336151123046875, 0.717071533203125, -0.3881683349609375
1173070, 1177.999755859375, 1000.0, 182.0, 952.0, 116.0, 549.0, 463.0, 249.0, 738.0, 65.0, 1000.0, 903.0, 750.0, 0.0, 666.0, 167.0, 999.0, 291.0, 990.0, 999.0, 356.0, 639.0, 0.0, 734.0, -99.07434844970703, 5.545956611633301, -72.5087890625, -0.544464111328125, 0.59423828125, -0.4747161865234375, 0.3536376953125, -104.705078125, 23.708301544189453, -110.59086608886719, 0.4740447998046875, -0.3380279541015625, 0.708465576171875, -0.3988189697265625
1173080, 1178.0494384765625, 1000.0, 182.0, 952.0, 116.0, 547.0, 463.0, 249.0, 738.0, 65.0, 1000.0, 903.0, 750.0, 0.0, 666.0, 167.0, 999.0, 291.0, 990.0, 999.0, 356.0, 639.0, 0.0, 734.0, -99.182861328125, 5.533690452575684, -72.55992889404297, -0.543701171875, 0.5945892333984375, -0.4752655029296875, 0.3535003662109375, -104.70675659179688, 23.68811798095703, -110.6360855102539, 0.473785400390625, -0.337860107421875, 0.7085723876953125, -0.3990936279296875
1173120, 1178.0594482421875, 1000.0, 182.0, 952.0, 116.0, 545.0, 461.0, 248.0, 736.0, 64.0, 1000.0, 903.0, 750.0, 0.0, 1000.0, 172.0, 999.0, 290.0, 993.0, 999.0, 355.0, 638.0, 0.0, 730.0, -99.25770568847656, 5.344918251037598, -72.85154724121094, -0.5417022705078125, 0.5944061279296875, -0.4761810302734375, 0.3556060791015625, -104.71073913574219, 23.763032913208008, -110.73506927490234, 0.4738006591796875, -0.336883544921875, 0.709014892578125, -0.3991241455078125
1173180, 1178.109619140625, 1000.0, 183.0, 953.0, 115.0, 541.0, 459.0, 247.0, 733.0, 63.0, 1000.0, 902.0, 750.0, 0.0, 1000.0, 166.0, 999.0, 288.0, 990.0, 999.0, 354.0, 635.0, 0.0, 725.0, -99.36414337158203, 5.247555732727051, -73.08348846435547, -0.540069580078125, 0.59429931640625, -0.477294921875, 0.3567962646484375, -104.88249206542969, 23.516944885253906, -111.05445098876953, 0.4709625244140625, -0.3368682861328125, 0.710113525390625, -0.400543212890625
1173230, 1178.15966796875, 1000.0, 183.0, 953.0, 115.0, 539.0, 459.0, 245.0, 732.0, 62.0, 1000.0, 901.0, 750.0, 0.0, 666.0, 167.0, 998.0, 284.0, 987.0, 999.0, 353.0, 634.0, 0.0, 723.0, -99.27230834960938, 4.998112678527832, -73.33084106445312, -0.5388336181640625, 0.5937347412109375, -0.477203369140625, 0.359710693359375, -105.37367248535156, 23.457162857055664, -111.4470443725586, 0.4678497314453125, -0.3367462158203125, 0.7128753662109375, -0.399383544921875
1173290, 1178.2196044921875, 1000.0, 184.0, 953.0, 115.0, 539.0, 459.0, 243.0, 732.0, 61.0, 1000.0, 900.0, 750.0, 0.0, 666.0, 169.0, 997.0, 288.0, 987.0, 999.0, 353.0, 632.0, 0.0, 722.0, -100.0820541381836, 4.074766635894775, -73.71759033203125, -0.529876708984375, 0.5991973876953125, -0.477752685546875, 0.363189697265625, -105.9737319946289, 23.197568893432617, -111.57872772216797, 0.4643096923828125, -0.3396759033203125, 0.7148895263671875, -0.39739990234375
1173340, 1178.2694091796875, 1000.0, 184.0, 953.0, 115.0, 540.0, 460.0, 242.0, 732.0, 59.0, 1000.0, 899.0, 750.0, 0.0, 1000.0, 175.0, 995.0, 296.0, 987.0, 999.0, 352.0, 631.0, 0.0, 721.0, -99.75288391113281, 3.3874289989471436, -74.34271240234375, -0.5269317626953125, 0.5975189208984375, -0.4769744873046875, 0.371185302734375, -105.4898681640625, 23.27501106262207, -111.27906799316406, 0.4671783447265625, -0.3391876220703125, 0.71246337890625, -0.398834228515625
1173380, 1178.319580078125, 1000.0, 185.0, 953.0, 115.0, 539.0, 462.0, 240.0, 734.0, 59.0, 1000.0, 899.0, 750.0, 0.0, 666.0, 182.0, 991.0, 300.0, 988.0, 999.0, 350.0, 629.0, 0.0, 721.0, -98.85761260986328, 2.6226251125335693, -75.09658813476562, -0.5261077880859375, 0.5930023193359375, -0.4745941162109375, 0.382476806640625, -104.77974700927734, 23.4948673248291, -111.1346435546875, 0.4708709716796875, -0.3360595703125, 0.7099456787109375, -0.401611328125
1173390, 1178.3294677734375, 1000.0, 184.0, 953.0, 115.0, 539.0, 463.0, 240.0, 735.0, 58.0, 1000.0, 899.0, 750.0, 0.0, 666.0, 182.0, 990.0, 305.0, 989.0, 999.0, 350.0, 629.0, 0.0, 721.0, -98.58795166015625, 2.4253737926483154, -75.28589630126953, -0.526092529296875, 0.5916900634765625, -0.4738006591796875, 0.3855133056640625, -104.56914520263672, 23.531408309936523, -111.09295654296875, 0.4718170166015625, -0.33526611328125, 0.7091522216796875, -0.4025726318359375
1173450, 1178.3795166015625, 1000.0, 186.0, 955.0, 115.0, 538.0, 480.0, 236.0, 747.0, 56.0, 1000.0, 897.0, 750.0, 0.0, 666.0, 200.0, 999.0, 385.0, 992.0, 999.0, 347.0, 626.0, 0.0, 721.0, -97.67427825927734, 0.8935995697975159, -76.16509246826172, -0.5216827392578125, 0.589385986328125, -0.4683685302734375, 0.401336669921875, -104.37628173828125, 24.372909545898438, -110.7511215209961, 0.47772216796875, -0.332275390625, 0.708984375, -0.3983612060546875
1173500, 1178.429443359375, 1000.0, 186.0, 953.0, 115.0, 537.0, 485.0, 238.0, 748.0, 55.0, 1000.0, 896.0, 750.0, 0.0, 666.0, 202.0, 999.0, 392.0, 991.0, 999.0, 345.0, 623.0, 0.0, 721.0, -97.08938598632812, 0.16443198919296265, -76.87012481689453, -0.5192413330078125, 0.5864715576171875, -0.4666290283203125, 0.4106903076171875, -102.35245513916016, 23.656978607177734, -109.97569274902344, 0.48284912109375, -0.332244873046875, 0.6982574462890625, -0.4109344482421875
1173560, 1178.489501953125, 1000.0, 187.0, 951.0, 115.0, 537.0, 506.0, 239.0, 761.0, 55.0, 1000.0, 894.0, 750.0, 0.0, 666.0, 206.0, 999.0, 401.0, 995.0, 999.0, 343.0, 622.0, 0.0, 728.0, -95.607666015625, -0.8585962653160095, -78.23147583007812, -0.517608642578125, 0.5779571533203125, -0.463470458984375, 0.42803955078125, -101.06133270263672, 23.954675674438477, -109.86180114746094, 0.4883880615234375, -0.3259124755859375, 0.69384765625, -0.4168853759765625
