421410, 423.109375, 1000.0, 283.0, 446.0, 120.0, 319.0, 172.0, 299.0, 226.0, 165.0, 1000.0, 106.0, 1000.0, 0.0, 1000.0, 926.0, 999.0, 999.0, 999.0, 999.0, 474.0, 638.0, 0.0, 132.0, -18.65013313293457, 0.5656958818435669, 117.62556457519531, 0.5102996826171875, -0.08807373046875, -0.1360931396484375, 0.844573974609375, -29.0385684967041, 9.942453384399414, -171.1954345703125, 0.0956878662109375, 0.0644683837890625, 0.255462646484375, -0.95989990234375
421470, 423.159423828125, 1000.0, 284.0, 443.0, 119.0, 309.0, 172.0, 294.0, 227.0, 162.0, 1000.0, 106.0, 750.0, 0.0, 1000.0, 926.0, 999.0, 999.0, 999.0, 999.0, 474.0, 636.0, 0.0, 130.0, -18.559324264526367, 0.5295113921165466, 117.75382232666016, 0.50946044921875, -0.087249755859375, -0.13568115234375, 0.84521484375, -28.836589813232422, 10.044393539428711, -171.1181640625, 0.096435546875, 0.0653228759765625, 0.2538604736328125, -0.9601898193359375
421520, 423.2196350097656, 1000.0, 282.0, 442.0, 119.0, 304.0, 173.0, 290.0, 227.0, 160.0, 1000.0, 105.0, 1000.0, 0.0, 1000.0, 926.0, 999.0, 999.0, 999.0, 999.0, 474.0, 635.0, 0.0, 129.0, -18.459421157836914, 0.5211445093154907, 117.83012390136719, 0.5089874267578125, -0.0866546630859375, -0.135040283203125, 0.845672607421875, -28.892221450805664, 9.41386604309082, -171.09449768066406, 0.0953369140625, 0.0599212646484375, 0.2540435791015625, -0.960601806640625
421580, 423.26959228515625, 1000.0, 282.0, 439.0, 119.0, 295.0, 173.0, 285.0, 227.0, 158.0, 1000.0, 105.0, 1000.0, 0.0, 666.0, 923.0, 999.0, 999.0, 999.0, 999.0, 474.0, 634.0, 0.0, 127.0, -18.36844825744629, 0.5376770496368408, 117.96732330322266, 0.508026123046875, -0.086212158203125, -0.1343994140625, 0.846405029296875, -29.405649185180664, 9.622842788696289, -171.1891326904297, 0.0952606201171875, 0.06146240234375, 0.258392333984375, -0.9593505859375
421630, 423.31939697265625, 1000.0, 282.0, 438.0, 119.0, 291.0, 172.0, 283.0, 226.0, 157.0, 1000.0, 105.0, 1000.0, 0.0, 1000.0, 923.0, 999.0, 999.0, 999.0, 999.0, 474.0, 632.0, 0.0, 127.0, -18.326501846313477, 0.5360876321792603, 118.00636291503906, 0.5077667236328125, -0.085968017578125, -0.134124755859375, 0.84661865234375, -29.062484741210938, 9.177117347717285, -171.12704467773438, 0.0946502685546875, 0.057861328125, 0.255340576171875, -0.96044921875
421680, 423.37945556640625, 1000.0, 281.0, 437.0, 118.0, 287.0, 172.0, 281.0, 226.0, 156.0, 1000.0, 104.0, 750.0, 0.0, 1000.0, 922.0, 999.0, 999.0, 999.0, 999.0, 473.0, 631.0, 0.0, 126.0, -18.203475952148438, 0.5803674459457397, 118.05543518066406, 0.5074462890625, -0.085693359375, -0.133056640625, 0.847015380859375, -28.975374221801758, 9.376191139221191, -171.11021423339844, 0.0951690673828125, 0.0595703125, 0.2547149658203125, -0.9604644775390625
421740, 423.42938232421875, 1000.0, 282.0, 436.0, 118.0, 284.0, 172.0, 279.0, 226.0, 155.0, 1000.0, 104.0, 1000.0, 0.0, 1000.0, 920.0, 999.0, 999.0, 999.0, 999.0, 473.0, 631.0, 0.0, 124.0, -17.950654983520508, 0.7257741093635559, 118.1351547241211, 0.506866455078125, -0.0855560302734375, -0.1305999755859375, 0.847747802734375, -29.016002655029297, 9.330849647521973, -171.1048583984375, 0.0951385498046875, 0.05914306640625, 0.255035400390625, -0.9604034423828125
421790, 423.48956298828125, 1000.0, 283.0, 435.0, 118.0, 282.0, 171.0, 277.0, 226.0, 155.0, 1000.0, 104.0, 1000.0, 0.0, 1000.0, 920.0, 999.0, 999.0, 999.0, 999.0, 473.0, 631.0, 0.0, 123.0, -17.86713218688965, 0.6652938723564148, 118.23594665527344, 0.506256103515625, -0.084625244140625, -0.1303253173828125, 0.8482513427734375, -29.131101608276367, 9.206514358520508, -171.11683654785156, 0.0948333740234375, 0.0580291748046875, 0.2559356689453125, -0.96026611328125
421850, 423.53936767578125, 1000.0, 282.0, 434.0, 118.0, 279.0, 171.0, 275.0, 225.0, 154.0, 1000.0, 103.0, 1000.0, 0.0, 1000.0, 922.0, 999.0, 999.0, 999.0, 999.0, 473.0, 629.0, 0.0, 122.0, -18.02597999572754, 0.507422149181366, 118.32173919677734, 0.5056915283203125, -0.0840606689453125, -0.13226318359375, 0.8483428955078125, -28.95330238342285, 9.012717247009277, -171.0972900390625, 0.0944976806640625, 0.0565032958984375, 0.254364013671875, -0.9608154296875
421900, 423.5994873046875, 1000.0, 281.0, 433.0, 117.0, 276.0, 170.0, 274.0, 225.0, 153.0, 1000.0, 103.0, 750.0, 0.0, 1000.0, 924.0, 999.0, 999.0, 999.0, 999.0, 473.0, 628.0, 0.0, 121.0, -18.201129913330078, 0.4716460704803467, 118.41756439208984, 0.5048980712890625, -0.0844573974609375, -0.1337890625, 0.848541259765625, -29.2298641204834, 9.206867218017578, -171.12472534179688, 0.094818115234375, 0.0579681396484375, 0.2567596435546875, -0.960052490234375
421950, 423.6498107910156, 1000.0, 282.0, 433.0, 117.0, 275.0, 170.0, 273.0, 225.0, 152.0, 1000.0, 103.0, 750.0, 0.0, 1000.0, 925.0, 999.0, 999.0, 999.0, 999.0, 473.0, 628.0, 0.0, 121.0, -18.183197021484375, 0.4224207401275635, 118.57340240478516, 0.503814697265625, -0.083831787109375, -0.1339874267578125, 0.849212646484375, -28.345735549926758, 8.921004295349121, -170.9351043701172, 0.095367431640625, 0.055877685546875, 0.249298095703125, -0.9620819091796875
421960, 423.6994934082031, 1000.0, 282.0, 433.0, 117.0, 275.0, 170.0, 273.0, 225.0, 152.0, 1000.0, 104.0, 750.0, 0.0, 1000.0, 925.0, 999.0, 999.0, 999.0, 999.0, 473.0, 628.0, 0.0, 120.0, -18.171142578125, 0.40038973093032837, 118.62403106689453, 0.50347900390625, -0.08355712890625, -0.134033203125, 0.8494415283203125, -28.546972274780273, 8.87450122833252, -170.94625854492188, 0.09527587890625, 0.0553436279296875, 0.2509613037109375, -0.961700439453125
422010, 423.70953369140625, 1000.0, 282.0, 432.0, 117.0, 273.0, 169.0, 272.0, 225.0, 151.0, 1000.0, 104.0, 1000.0, 0.0, 1000.0, 925.0, 999.0, 999.0, 999.0, 999.0, 474.0, 627.0, 0.0, 120.0, -17.972623825073242, 0.23152227699756622, 118.96246337890625, 0.501312255859375, -0.0810394287109375, -0.133544921875, 0.851043701171875, -27.89558982849121, 8.779812812805176, -170.66775512695312, 0.09710693359375, 0.0544891357421875, 0.245574951171875, -0.96295166015625
422060, 423.7594299316406, 1000.0, 283.0, 431.0, 116.0, 273.0, 167.0, 271.0, 224.0, 151.0, 1000.0, 104.0, 1000.0, 0.0, 1000.0, 926.0, 999.0, 999.0, 999.0, 999.0, 474.0, 627.0, 0.0, 119.0, -17.682815551757812, 0.17624564468860626, 119.32061767578125, 0.4989166259765625, -0.078948974609375, -0.1318817138671875, 0.8529052734375, -28.787860870361328, 8.395203590393066, -170.5486297607422, 0.09771728515625, 0.05023193359375, 0.2529144287109375, -0.961212158203125
422120, 423.8196105957031, 1000.0, 282.0, 430.0, 116.0, 271.0, 164.0, 270.0, 223.0, 150.0, 1000.0, 105.0, 1000.0, 0.0, 1000.0, 927.0, 999.0, 999.0, 999.0, 999.0, 476.0, 628.0, 0.0, 118.0, -16.682527542114258, -0.8070195317268372, 119.98606872558594, 0.4956817626953125, -0.0665130615234375, -0.1291046142578125, 0.85626220703125, -27.79861831665039, 8.621259689331055, -169.83399963378906, 0.1037445068359375, 0.05145263671875, 0.24505615234375, -0.962554931640625
422170, 423.86962890625, 1000.0, 281.0, 429.0, 115.0, 270.0, 161.0, 269.0, 222.0, 150.0, 1000.0, 103.0, 1000.0, 0.0, 1000.0, 937.0, 999.0, 999.0, 999.0, 999.0, 475.0, 631.0, 0.0, 116.0, -14.616471290588379, -2.035327434539795, 120.40826416015625, 0.4947509765625, -0.04791259765625, -0.1191253662109375, 0.8594818115234375, -26.27643394470215, 9.463274002075195, -169.02017211914062, 0.11151123046875, 0.05828857421875, 0.2331695556640625, -0.9642486572265625
422220, 423.9194030761719, 1000.0, 280.0, 425.0, 117.0, 269.0, 168.0, 267.0, 223.0, 160.0, 1000.0, 99.0, 750.0, 0.0, 1000.0, 946.0, 999.0, 999.0, 999.0, 999.0, 474.0, 634.0, 0.0, 116.0, -12.68557071685791, -1.7341837882995605, 120.40664672851562, 0.495269775390625, -0.041839599609375, -0.10333251953125, 0.861541748046875, -25.066015243530273, 11.710756301879883, -168.13259887695312, 0.122406005859375, 0.0767364501953125, 0.225006103515625, -0.9635772705078125
422280, 423.9796142578125, 1000.0, 280.0, 433.0, 123.0, 276.0, 183.0, 282.0, 224.0, 190.0, 1000.0, 96.0, 1000.0, 0.0, 1000.0, 950.0, 999.0, 999.0, 999.0, 999.0, 471.0, 632.0, 0.0, 111.0, -11.694096565246582, -0.5428977608680725, 120.62905883789062, 0.493072509765625, -0.046356201171875, -0.0908355712890625, 0.863983154296875, -23.772174835205078, 14.634825706481934, -166.8721466064453, 0.1370086669921875, 0.1004638671875, 0.217193603515625, -0.961212158203125
422330, 424.0294189453125, 1000.0, 281.0, 454.0, 132.0, 289.0, 215.0, 318.0, 223.0, 206.0, 1000.0, 93.0, 750.0, 0.0, 1000.0, 954.0, 999.0, 999.0, 999.0, 999.0, 466.0, 628.0, 0.0, 112.0, -11.087067604064941, 2.1005806922912598, 120.6866455078125, 0.4908599853515625, -0.0636444091796875, -0.0749053955078125, 0.86566162109375, -22.20134925842285, 17.03084373474121, -165.95877075195312, 0.14691162109375, 0.120941162109375, 0.2067413330078125, -0.9597015380859375
422390, 424.0894470214844, 1000.0, 281.0, 466.0, 143.0, 302.0, 244.0, 338.0, 223.0, 215.0, 1000.0, 90.0, 1000.0, 0.0, 1000.0, 949.0, 999.0, 999.0, 999.0, 999.0, 463.0, 627.0, 0.0, 111.0, -9.60457992553711, 5.448113441467285, 120.60845184326172, 0.4896392822265625, -0.0825653076171875, -0.0491790771484375, 0.866607666015625, -20.086652755737305, 19.730497360229492, -165.30996704101562, 0.153656005859375, 0.145355224609375, 0.1919708251953125, -0.9583282470703125
422440, 424.13946533203125, 1000.0, 280.0, 478.0, 150.0, 310.0, 260.0, 348.0, 224.0, 220.0, 1000.0, 87.0, 1000.0, 0.0, 1000.0, 949.0, 999.0, 999.0, 999.0, 999.0, 460.0, 626.0, 0.0, 111.0, -9.44827938079834, 7.717809677124023, 119.9137954711914, 0.493011474609375, -0.0991973876953125, -0.0375518798828125, 0.8635101318359375, -19.365367889404297, 21.59234619140625, -165.6510009765625, 0.152191162109375, 0.162567138671875, 0.186981201171875, -0.956787109375
422490, 424.189697265625, 1000.0, 280.0, 485.0, 155.0, 316.0, 264.0, 354.0, 225.0, 221.0, 1000.0, 85.0, 750.0, 0.0, 1000.0, 947.0, 999.0, 999.0, 999.0, 999.0, 458.0, 625.0, 0.0, 111.0, -10.044641494750977, 8.393254280090332, 118.3257064819336, 0.503753662109375, -0.1073455810546875, -0.03759765625, 0.8563079833984375, -19.977863311767578, 22.8039493560791, -166.91932678222656, 0.1440277099609375, 0.1740570068359375, 0.19110107421875, -0.9552001953125
422550, 424.24945068359375, 1000.0, 279.0, 488.0, 158.0, 321.0, 255.0, 357.0, 225.0, 221.0, 1000.0, 81.0, 1000.0, 0.0, 1000.0, 932.0, 999.0, 999.0, 999.0, 999.0, 452.0, 626.0, 0.0, 113.0, -10.852945327758789, 7.005609512329102, 115.57547760009766, 0.5247802734375, -0.101776123046875, -0.0474395751953125, 0.843780517578125, -21.54833984375, 23.26970863342285, -169.03509521484375, 0.12945556640625, 0.179718017578125, 0.2011871337890625, -0.9541778564453125
422600, 424.2996520996094, 1000.0, 279.0, 487.0, 157.0, 319.0, 245.0, 355.0, 225.0, 220.0, 1000.0, 80.0, 750.0, 0.0, 1000.0, 925.0, 999.0, 999.0, 999.0, 999.0, 449.0, 642.0, 0.0, 119.0, -12.24761962890625, 3.3458285331726074, 112.23687744140625, 0.5514678955078125, -0.0835418701171875, -0.0723419189453125, 0.8268280029296875, -22.66160774230957, 23.17902946472168, -170.90774536132812, 0.115478515625, 0.1811065673828125, 0.2074737548828125, -0.9543609619140625
422650, 424.34979248046875, 1000.0, 279.0, 479.0, 154.0, 311.0, 236.0, 343.0, 224.0, 218.0, 1000.0, 78.0, 1000.0, 0.0, 1000.0, 954.0, 999.0, 999.0, 999.0, 999.0, 455.0, 653.0, 0.0, 122.0, -11.639965057373047, -1.9359608888626099, 108.84489440917969, 0.580108642578125, -0.045318603515625, -0.0922393798828125, 0.808013916015625, -22.32981300354004, 22.88755226135254, -172.4065704345703, 0.1020050048828125, 0.1816558837890625, 0.2022552490234375, -0.9569091796875
422710, 424.4097900390625, 1000.0, 280.0, 472.0, 150.0, 303.0, 222.0, 328.0, 222.0, 209.0, 1000.0, 76.0, 1000.0, 0.0, 1000.0, 952.0, 999.0, 999.0, 999.0, 999.0, 474.0, 654.0, 0.0, 127.0, -9.640195846557617, -8.694631576538086, 104.54041290283203, 0.6130523681640625, 0.0084686279296875, -0.11248779296875, 0.7819366455078125, -20.29010009765625, 22.276397705078125, -173.07421875, 0.0923004150390625, 0.1793670654296875, 0.183990478515625, -0.9619903564453125
422760, 424.4595031738281, 1000.0, 280.0, 456.0, 146.0, 288.0, 213.0, 315.0, 222.0, 204.0, 1000.0, 73.0, 1000.0, 0.0, 1000.0, 939.0, 999.0, 999.0, 999.0, 999.0, 486.0, 657.0, 0.0, 150.0, -6.59221887588501, -13.646371841430664, 100.91064453125, 0.636383056640625, 0.05511474609375, -0.119537353515625, 0.760040283203125, -18.374162673950195, 22.30562973022461, -173.1395721435547, 0.088775634765625, 0.1812286376953125, 0.16778564453125, -0.964935302734375
422820, 424.5198669433594, 1000.0, 278.0, 421.0, 142.0, 260.0, 223.0, 298.0, 229.0, 195.0, 1000.0, 65.0, 1000.0, 0.0, 1000.0, 939.0, 999.0, 999.0, 999.0, 999.0, 470.0, 655.0, 0.0, 181.0, -1.6707278490066528, -19.983938217163086, 97.1678237915039, 0.6533050537109375, 0.12060546875, -0.1255340576171875, 0.736785888671875, -15.99490737915039, 22.59091567993164, -172.69415283203125, 0.0890655517578125, 0.18487548828125, 0.1485137939453125, -0.967376708984375
422870, 424.56982421875, 1000.0, 276.0, 397.0, 138.0, 244.0, 250.0, 290.0, 243.0, 192.0, 1000.0, 65.0, 1000.0, 0.0, 1000.0, 858.0, 999.0, 999.0, 999.0, 999.0, 462.0, 652.0, 0.0, 217.0, -1.0197798013687134, -21.907079696655273, 96.01959991455078, 0.6580352783203125, 0.1353759765625, -0.13360595703125, 0.728546142578125, -10.930161476135254, 22.18131446838379, -170.92050170898438, 0.0955810546875, 0.1834869384765625, 0.1083221435546875, -0.9723358154296875
422920, 424.6195373535156, 1000.0, 276.0, 379.0, 136.0, 231.0, 290.0, 284.0, 274.0, 189.0, 1000.0, 67.0, 1000.0, 0.0, 1000.0, 695.0, 999.0, 999.0, 999.0, 999.0, 455.0, 654.0, 0.0, 264.0, -0.7342538237571716, -24.239246368408203, 94.50143432617188, 0.6646270751953125, 0.1499176025390625, -0.1471099853515625, 0.7170257568359375, -11.863130569458008, 23.047771453857422, -171.7911834716797, 0.0903472900390625, 0.190948486328125, 0.1152191162109375, -0.970611572265625
422980, 424.6798095703125, 1000.0, 276.0, 364.0, 134.0, 217.0, 323.0, 275.0, 336.0, 178.0, 1000.0, 80.0, 1000.0, 0.0, 1000.0, 419.0, 999.0, 523.0, 999.0, 999.0, 449.0, 669.0, 0.0, 380.0, -0.6067245006561279, -26.955591201782227, 92.6478042602539, 0.6724395751953125, 0.165008544921875, -0.1646728515625, 0.7024688720703125, -12.992288589477539, 23.707698822021484, -173.44664001464844, 0.0787811279296875, 0.1974334716796875, 0.1222076416015625, -0.9694671630859375
423030, 424.7297668457031, 1000.0, 276.0, 358.0, 134.0, 211.0, 320.0, 268.0, 369.0, 169.0, 1000.0, 97.0, 1000.0, 0.0, 1000.0, 309.0, 999.0, 409.0, 999.0, 999.0, 445.0, 686.0, 0.0, 474.0, 2.014127731323242, -27.96015739440918, 90.04776000976562, 0.6827545166015625, 0.18292236328125, -0.158660888671875, 0.6893310546875, -14.477166175842285, 24.021574020385742, -175.50648498535156, 0.064239501953125, 0.201446533203125, 0.1312408447265625, -0.968536376953125
423090, 424.7896423339844, 1000.0, 273.0, 366.0, 132.0, 588.0, 294.0, 348.0, 350.0, 155.0, 1000.0, 151.0, 1000.0, 0.0, 1000.0, 216.0, 999.0, 624.0, 999.0, 999.0, 436.0, 728.0, 0.0, 542.0, 1.5233622789382935, -31.557933807373047, 87.1292495727539, 0.694732666015625, 0.1966552734375, -0.188201904296875, 0.6657562255859375, -16.464365005493164, 23.889657974243164, -178.6148223876953, 0.0413360595703125, 0.203125, 0.142547607421875, -0.9678192138671875
423140, 424.8395080566406, 1000.0, 271.0, 470.0, 131.0, 855.0, 268.0, 711.0, 287.0, 201.0, 1000.0, 182.0, 1000.0, 0.0, 1000.0, 171.0, 999.0, 670.0, 999.0, 999.0, 430.0, 746.0, 0.0, 524.0, 2.9772191047668457, -33.29395294189453, 84.81123352050781, 0.702178955078125, 0.2115020751953125, -0.194671630859375, 0.6513824462890625, -18.96540641784668, 23.274452209472656, 178.23587036132812, 0.0183563232421875, 0.201416015625, 0.1582794189453125, -0.9664459228515625
423190, 424.88970947265625, 1000.0, 269.0, 634.0, 123.0, 949.0, 234.0, 938.0, 370.0, 698.0, 1000.0, 180.0, 1000.0, 0.0, 1000.0, 142.0, 999.0, 794.0, 980.0, 999.0, 424.0, 740.0, 0.0, 482.0, 2.3816189765930176, -37.21266174316406, 83.27800750732422, 0.7037200927734375, 0.2266693115234375, -0.225311279296875, 0.634521484375, -21.870990753173828, 22.234073638916016, 174.79360961914062, -0.0072174072265625, 0.19757080078125, 0.1773529052734375, -0.964080810546875
423250, 424.9496765136719, 1000.0, 268.0, 766.0, 111.0, 990.0, 205.0, 976.0, 343.0, 901.0, 1000.0, 170.0, 1000.0, 0.0, 1000.0, 112.0, 999.0, 933.0, 985.0, 999.0, 418.0, 742.0, 0.0, 430.0, 1.8352030515670776, -41.03635025024414, 81.92615509033203, 0.7034454345703125, 0.2410736083984375, -0.2548065185546875, 0.618133544921875, -24.30452537536621, 20.777301788330078, 171.97479248046875, -0.0294189453125, 0.190338134765625, 0.1942138671875, -0.96185302734375
423300, 424.99951171875, 1000.0, 267.0, 833.0, 101.0, 1000.0, 174.0, 988.0, 237.0, 963.0, 1000.0, 160.0, 750.0, 0.0, 1000.0, 113.0, 999.0, 999.0, 984.0, 999.0, 412.0, 754.0, 0.0, 393.0, 1.186761736869812, -42.82664489746094, 81.6164779663086, 0.7021331787109375, 0.245880126953125, -0.27001953125, 0.611236572265625, -31.5011043548584, 16.025367736816406, 168.94508361816406, -0.05413818359375, 0.159423828125, 0.2546234130859375, -0.9522552490234375
423360, 425.0598449707031, 1000.0, 266.0, 892.0, 90.0, 1000.0, 140.0, 1000.0, 216.0, 1000.0, 1000.0, 149.0, 1000.0, 0.0, 1000.0, 117.0, 999.0, 999.0, 999.0, 999.0, 405.0, 760.0, 0.0, 388.0, 1.2837640047073364, -41.64675521850586, 81.9061050415039, 0.7032470703125, 0.2408905029296875, -0.2615966796875, 0.6155853271484375, -34.77524948120117, 12.88040542602539, 168.56402587890625, -0.061126708984375, 0.1360931396484375, 0.2848052978515625, -0.9468994140625
423410, 425.1098327636719, 1000.0, 263.0, 923.0, 87.0, 1000.0, 126.0, 1000.0, 203.0, 1000.0, 1000.0, 137.0, 1000.0, 0.0, 1000.0, 204.0, 999.0, 828.0, 999.0, 999.0, 399.0, 757.0, 0.0, 422.0, -0.4184292256832123, -42.791297912597656, 83.30766296386719, 0.6965484619140625, 0.2399139404296875, -0.2748260498046875, 0.6178131103515625, -29.74400520324707, 15.704506874084473, 170.2950439453125, -0.046051025390625, 0.153076171875, 0.2421722412109375, -0.95697021484375
423460, 425.15972900390625, 1000.0, 260.0, 982.0, 85.0, 1000.0, 140.0, 1000.0, 203.0, 1000.0, 1000.0, 128.0, 1000.0, 0.0, 1000.0, 250.0, 999.0, 999.0, 998.0, 999.0, 392.0, 749.0, 0.0, 510.0, -3.8281822204589844, -40.16919708251953, 86.33161926269531, 0.692474365234375, 0.2119140625, -0.27178955078125, 0.6337738037109375, -30.13815689086914, 16.748897552490234, 171.68678283691406, -0.0314788818359375, 0.158905029296875, 0.246337890625, -0.955535888671875
423520, 425.2195739746094, 1000.0, 255.0, 1000.0, 91.0, 1000.0, 156.0, 1000.0, 274.0, 1000.0, 1000.0, 202.0, 1000.0, 0.0, 1000.0, 333.0, 999.0, 999.0, 999.0, 999.0, 385.0, 748.0, 0.0, 617.0, -5.299400806427002, -33.340824127197266, 88.15738677978516, 0.6966705322265625, 0.1675262451171875, -0.236663818359375, 0.656158447265625, -28.974592208862305, 17.7213134765625, 173.68460083007812, -0.01422119140625, 0.1625213623046875, 0.23858642578125, -0.957305908203125
423570, 425.2696838378906, 1000.0, 257.0, 1000.0, 96.0, 999.0, 178.0, 994.0, 493.0, 983.0, 1000.0, 622.0, 1000.0, 0.0, 1000.0, 459.0, 999.0, 999.0, 999.0, 999.0, 381.0, 742.0, 0.0, 746.0, -8.720844268798828, -28.96977996826172, 90.6666030883789, 0.6921844482421875, 0.1256256103515625, -0.2276763916015625, 0.6732330322265625, -30.336223602294922, 18.449316024780273, 174.1164093017578, -0.0070037841796875, 0.1677703857421875, 0.2499847412109375, -0.9535675048828125
423630, 425.32952880859375, 1000.0, 258.0, 1000.0, 105.0, 934.0, 456.0, 906.0, 809.0, 853.0, 1000.0, 881.0, 1000.0, 0.0, 1000.0, 395.0, 999.0, 999.0, 999.0, 999.0, 381.0, 729.0, 0.0, 837.0, -15.213057518005371, -26.197654724121094, 94.12418365478516, 0.679595947265625, 0.076629638671875, -0.247406005859375, 0.6863250732421875, -35.72547149658203, 19.648836135864258, 173.14056396484375, -0.0038604736328125, 0.1801910400390625, 0.2919769287109375, -0.93927001953125
423680, 425.3794860839844, 1000.0, 264.0, 1000.0, 117.0, 807.0, 715.0, 638.0, 907.0, 596.0, 1000.0, 926.0, 1000.0, 0.0, 1000.0, 436.0, 999.0, 999.0, 999.0, 999.0, 385.0, 712.0, 0.0, 869.0, -21.859960556030273, -26.699413299560547, 97.74571990966797, 0.66131591796875, 0.0494232177734375, -0.2880706787109375, 0.6907958984375, -42.579803466796875, 19.94890022277832, 171.1819610595703, -0.007843017578125, 0.1884002685546875, 0.3441314697265625, -0.9197845458984375
423730, 425.42950439453125, 1000.0, 269.0, 978.0, 148.0, 613.0, 818.0, 474.0, 943.0, 422.0, 1000.0, 947.0, 750.0, 0.0, 1000.0, 346.0, 999.0, 999.0, 965.0, 999.0, 391.0, 695.0, 0.0, 882.0, -22.675283432006836, -26.797632217407227, 97.74803161621094, 0.6616363525390625, 0.0453643798828125, -0.293487548828125, 0.6884918212890625, -51.26504898071289, 19.639307022094727, 167.80978393554688, -0.020965576171875, 0.198150634765625, 0.4075164794921875, -0.89117431640625
423790, 425.4895324707031, 1000.0, 269.0, 960.0, 183.0, 527.0, 825.0, 400.0, 952.0, 461.0, 1000.0, 953.0, 1000.0, 0.0, 1000.0, 182.0, 999.0, 498.0, 960.0, 999.0, 399.0, 689.0, 0.0, 897.0, -36.649051666259766, -28.429790496826172, 102.97257995605469, 0.6334228515625, -0.00738525390625, -0.3836212158203125, 0.6719512939453125, -64.73967742919922, 18.396564483642578, 162.4722137451172, -0.042449951171875, 0.213958740234375, 0.5017547607421875, -0.8370513916015625
423840, 425.539794921875, 1000.0, 272.0, 952.0, 206.0, 520.0, 837.0, 347.0, 971.0, 465.0, 1000.0, 960.0, 1000.0, 0.0, 1000.0, 147.0, 999.0, 272.0, 974.0, 999.0, 403.0, 684.0, 0.0, 921.0, -50.77560043334961, -28.23274803161621, 109.83524322509766, 0.5891265869140625, -0.0586700439453125, -0.466888427734375, 0.6568603515625, -76.06353759765625, 17.17068862915039, 158.2827606201172, -0.056396484375, 0.2302398681640625, 0.5761260986328125, -0.7822113037109375
423890, 425.59954833984375, 1000.0, 276.0, 942.0, 229.0, 562.0, 846.0, 317.0, 979.0, 424.0, 1000.0, 958.0, 1000.0, 0.0, 1000.0, 125.0, 999.0, 217.0, 958.0, 999.0, 406.0, 685.0, 0.0, 939.0, -63.975528717041016, -27.1302547454834, 116.50099182128906, 0.5395050048828125, -0.101806640625, -0.542572021484375, 0.6357269287109375, -86.42962646484375, 15.751178741455078, 154.9949951171875, -0.0646820068359375, 0.24432373046875, 0.64056396484375, -0.72509765625
423950, 425.64947509765625, 1000.0, 280.0, 951.0, 236.0, 650.0, 833.0, 298.0, 975.0, 413.0, 1000.0, 955.0, 1000.0, 0.0, 1000.0, 137.0, 999.0, 245.0, 959.0, 999.0, 406.0, 684.0, 0.0, 954.0, -79.42768859863281, -24.194820404052734, 124.65054321289062, 0.467926025390625, -0.14739990234375, -0.6281585693359375, 0.603912353515625, -99.1804428100586, 14.075119972229004, 152.5811004638672, -0.0618438720703125, 0.256256103515625, 0.71533203125, -0.6471405029296875
424000, 425.7095947265625, 1000.0, 284.0, 972.0, 226.0, 610.0, 829.0, 278.0, 963.0, 365.0, 1000.0, 951.0, 1000.0, 0.0, 1000.0, 170.0, 999.0, 416.0, 960.0, 999.0, 405.0, 681.0, 0.0, 957.0, -92.29784393310547, -20.26673698425293, 129.712890625, 0.4046173095703125, -0.1912841796875, -0.6944122314453125, 0.563446044921875, -109.37861633300781, 12.640816688537598, 150.53123474121094, -0.059234619140625, 0.267822265625, 0.7682037353515625, -0.5784454345703125
424060, 425.7596130371094, 1000.0, 287.0, 992.0, 194.0, 553.0, 826.0, 261.0, 945.0, 330.0, 1000.0, 943.0, 1000.0, 0.0, 1000.0, 234.0, 999.0, 684.0, 956.0, 999.0, 403.0, 701.0, 0.0, 952.0, -104.54917907714844, -13.652896881103516, 134.2455596923828, 0.3227996826171875, -0.2382965087890625, -0.7518310546875, 0.523193359375, -118.17889404296875, 10.0043363571167, 149.11952209472656, -0.0641326904296875, 0.270721435546875, 0.811920166015625, -0.51318359375
424100, 425.8095703125, 1000.0, 289.0, 997.0, 178.0, 472.0, 831.0, 327.0, 955.0, 316.0, 1000.0, 935.0, 1000.0, 0.0, 1000.0, 312.0, 999.0, 999.0, 959.0, 999.0, 399.0, 706.0, 68.0, 944.0, -109.26941680908203, -9.412139892578125, 134.93995666503906, 0.2828216552734375, -0.267547607421875, -0.768890380859375, 0.507171630859375, -120.62968444824219, 9.57453441619873, 149.64736938476562, -0.0592193603515625, 0.2665252685546875, 0.82470703125, -0.495269775390625
424110, 425.8194274902344, 1000.0, 290.0, 997.0, 176.0, 451.0, 830.0, 326.0, 952.0, 311.0, 1000.0, 934.0, 1000.0, 0.0, 1000.0, 343.0, 999.0, 999.0, 960.0, 999.0, 398.0, 703.0, 77.0, 940.0, -109.98004913330078, -8.579048156738281, 135.00086975097656, 0.2755279541015625, -0.2729034423828125, -0.77099609375, 0.5051116943359375, -120.9748306274414, 9.686203002929688, 149.76528930664062, -0.0570831298828125, 0.26629638671875, 0.8262786865234375, -0.4930267333984375
424160, 425.8692932128906, 1000.0, 291.0, 1000.0, 164.0, 370.0, 819.0, 332.0, 950.0, 269.0, 1000.0, 930.0, 1000.0, 0.0, 1000.0, 644.0, 999.0, 999.0, 961.0, 999.0, 389.0, 670.0, 31.0, 910.0, -113.1135482788086, -5.374656677246094, 136.13772583007812, 0.2418975830078125, -0.2873382568359375, -0.7828369140625, 0.4960479736328125, -124.15119171142578, 16.953533172607422, 150.03173828125, 0.0060577392578125, 0.292633056640625, 0.8263397216796875, -0.481109619140625
424180, 425.9195251464844, 1000.0, 292.0, 1000.0, 158.0, 355.0, 812.0, 320.0, 947.0, 253.0, 1000.0, 927.0, 1000.0, 0.0, 1000.0, 687.0, 999.0, 999.0, 961.0, 999.0, 385.0, 658.0, 29.0, 903.0, -113.71188354492188, -4.495367050170898, 136.70159912109375, 0.2320709228515625, -0.288726806640625, -0.7855377197265625, 0.49566650390625, -124.6402587890625, 16.969465255737305, 150.28904724121094, 0.0084991455078125, 0.290802001953125, 0.829010009765625, -0.4775848388671875
424220, 425.9294128417969, 1000.0, 288.0, 999.0, 146.0, 336.0, 774.0, 296.0, 941.0, 227.0, 1000.0, 931.0, 1000.0, 0.0, 1000.0, 721.0, 999.0, 999.0, 968.0, 999.0, 378.0, 634.0, 0.0, 892.0, -112.97946166992188, -2.648030996322632, 137.37493896484375, 0.2185516357421875, -0.29107666015625, -0.78118896484375, 0.5071868896484375, -123.61909484863281, 12.85405445098877, 150.3761749267578, -0.024627685546875, 0.2750244140625, 0.8332061767578125, -0.4790496826171875
424270, 425.97955322265625, 1000.0, 290.0, 966.0, 137.0, 337.0, 687.0, 296.0, 906.0, 202.0, 1000.0, 943.0, 1000.0, 0.0, 1000.0, 749.0, 999.0, 752.0, 996.0, 999.0, 376.0, 601.0, 0.0, 866.0, -112.47607421875, -0.7571880221366882, 138.0533447265625, 0.20404052734375, -0.29412841796875, -0.777557373046875, 0.516937255859375, -127.21139526367188, 14.258986473083496, 150.67813110351562, -0.00408935546875, 0.2783355712890625, 0.845916748046875, -0.4548797607421875
424330, 426.02947998046875, 1000.0, 293.0, 926.0, 134.0, 495.0, 562.0, 301.0, 860.0, 186.0, 1000.0, 950.0, 750.0, 0.0, 1000.0, 713.0, 999.0, 625.0, 973.0, 999.0, 376.0, 611.0, 72.0, 833.0, -111.97941589355469, -1.0465443134307861, 136.13636779785156, 0.2159271240234375, -0.3048553466796875, -0.77081298828125, 0.5160064697265625, -123.00800323486328, 14.362842559814453, 152.0126495361328, -0.0078582763671875, 0.2687225341796875, 0.8316497802734375, -0.485870361328125
424380, 426.08953857421875, 1000.0, 296.0, 933.0, 134.0, 631.0, 503.0, 288.0, 824.0, 179.0, 1000.0, 942.0, 1000.0, 0.0, 1000.0, 789.0, 999.0, 742.0, 964.0, 999.0, 377.0, 626.0, 0.0, 808.0, -109.34976959228516, -1.538953423500061, 134.80303955078125, 0.2322845458984375, -0.3063201904296875, -0.7561492919921875, 0.5295562744140625, -119.64317321777344, 14.166987419128418, 152.69419860839844, -0.01416015625, 0.262725830078125, 0.8189849853515625, -0.509918212890625
424430, 426.1399230957031, 1000.0, 298.0, 930.0, 133.0, 665.0, 478.0, 279.0, 800.0, 169.0, 1000.0, 941.0, 1000.0, 0.0, 1000.0, 847.0, 999.0, 904.0, 961.0, 999.0, 379.0, 626.0, 1.0, 794.0, -108.7660140991211, -1.331035852432251, 134.09512329101562, 0.23577880859375, -0.310760498046875, -0.7511444091796875, 0.53253173828125, -113.68712615966797, 12.759099006652832, 154.27615356445312, -0.030303955078125, 0.24444580078125, 0.797576904296875, -0.55059814453125
424490, 426.1997375488281, 1000.0, 300.0, 907.0, 133.0, 641.0, 482.0, 274.0, 797.0, 169.0, 1000.0, 938.0, 750.0, 0.0, 666.0, 888.0, 999.0, 839.0, 962.0, 999.0, 382.0, 622.0, 0.0, 787.0, -108.70246887207031, -0.6180018186569214, 133.56785583496094, 0.2337646484375, -0.3174285888671875, -0.748016357421875, 0.53387451171875, -111.95425415039062, 12.360962867736816, 155.28054809570312, -0.0319061279296875, 0.2352142333984375, 0.7919921875, -0.562469482421875
424540, 426.2497863769531, 1000.0, 301.0, 900.0, 132.0, 635.0, 474.0, 267.0, 783.0, 171.0, 1000.0, 938.0, 750.0, 0.0, 1000.0, 899.0, 999.0, 847.0, 961.0, 999.0, 384.0, 617.0, 0.0, 782.0, -108.54806518554688, -1.1545686721801758, 132.11282348632812, 0.2444305419921875, -0.324066162109375, -0.744293212890625, 0.530303955078125, -111.04798126220703, 12.726163864135742, 156.23866271972656, -0.0264129638671875, 0.2300567626953125, 0.7888031005859375, -0.5693206787109375
424600, 426.3097229003906, 1000.0, 302.0, 893.0, 132.0, 619.0, 478.0, 271.0, 777.0, 174.0, 1000.0, 935.0, 1000.0, 0.0, 1000.0, 913.0, 999.0, 846.0, 962.0, 999.0, 384.0, 611.0, 0.0, 777.0, -108.41126251220703, -1.2401155233383179, 130.6151885986328, 0.252288818359375, -0.33306884765625, -0.7395477294921875, 0.5276947021484375, -110.44789123535156, 12.802847862243652, 156.92860412597656, -0.02362060546875, 0.2255401611328125, 0.78704833984375, -0.57366943359375
424650, 426.3599548339844, 1000.0, 302.0, 889.0, 132.0, 598.0, 479.0, 270.0, 772.0, 177.0, 1000.0, 934.0, 1000.0, 0.0, 1000.0, 910.0, 999.0, 828.0, 965.0, 999.0, 383.0, 610.0, 0.0, 776.0, -106.43079376220703, -0.8538442850112915, 130.3390655517578, 0.256866455078125, -0.3322601318359375, -0.72869873046875, 0.540924072265625, -110.84539031982422, 12.629973411560059, 156.58619689941406, -0.0257720947265625, 0.2271728515625, 0.788665771484375, -0.570709228515625
424700, 426.40960693359375, 1000.0, 305.0, 887.0, 132.0, 590.0, 475.0, 268.0, 766.0, 177.0, 1000.0, 933.0, 1000.0, 0.0, 1000.0, 913.0, 999.0, 856.0, 980.0, 999.0, 383.0, 609.0, 0.0, 771.0, -107.80321502685547, -0.8928110599517822, 130.1130828857422, 0.2541656494140625, -0.336578369140625, -0.7345428466796875, 0.5315399169921875, -110.81350708007812, 12.491732597351074, 156.440673828125, -0.0275421142578125, 0.2275238037109375, 0.7884674072265625, -0.570770263671875
424760, 426.46954345703125, 1000.0, 308.0, 886.0, 132.0, 583.0, 474.0, 270.0, 769.0, 177.0, 1000.0, 933.0, 1000.0, 0.0, 1000.0, 914.0, 999.0, 846.0, 980.0, 999.0, 381.0, 609.0, 0.0, 770.0, -109.10164642333984, -1.3668802976608276, 129.8601837158203, 0.2545318603515625, -0.3388824462890625, -0.740753173828125, 0.52117919921875, -110.64474487304688, 12.455170631408691, 156.38551330566406, -0.028411865234375, 0.227691650390625, 0.7875823974609375, -0.5718841552734375
424810, 426.51953125, 1000.0, 311.0, 885.0, 132.0, 580.0, 474.0, 269.0, 771.0, 178.0, 1000.0, 932.0, 1000.0, 0.0, 1000.0, 912.0, 999.0, 837.0, 979.0, 999.0, 380.0, 610.0, 0.0, 768.0, -108.56858825683594, -1.4960074424743652, 129.45680236816406, 0.2587738037109375, -0.339691162109375, -0.737396240234375, 0.5233154296875, -108.99500274658203, 12.413928985595703, 156.5282440185547, -0.03125, 0.2260894775390625, 0.7796173095703125, -0.583160400390625
424870, 426.57952880859375, 1000.0, 311.0, 884.0, 132.0, 574.0, 480.0, 262.0, 774.0, 176.0, 1000.0, 931.0, 1000.0, 0.0, 1000.0, 913.0, 999.0, 796.0, 979.0, 999.0, 379.0, 609.0, 0.0, 770.0, -108.30584716796875, -1.3184689283370972, 129.49322509765625, 0.2582550048828125, -0.339691162109375, -0.735931396484375, 0.525634765625, -110.0698471069336, 12.222925186157227, 156.03750610351562, -0.0329437255859375, 0.2288360595703125, 0.784423828125, -0.5755157470703125
424920, 426.6298522949219, 1000.0, 313.0, 881.0, 132.0, 567.0, 482.0, 262.0, 771.0, 178.0, 1000.0, 930.0, 1000.0, 0.0, 1000.0, 907.0, 999.0, 769.0, 980.0, 999.0, 378.0, 610.0, 0.0, 767.0, -108.04959869384766, -1.5111985206604004, 129.19126892089844, 0.261627197265625, -0.34014892578125, -0.7342681884765625, 0.5260009765625, -109.31227111816406, 12.311287879943848, 156.03248596191406, -0.0338592529296875, 0.22906494140625, 0.780426025390625, -0.5807647705078125
424970, 426.6795349121094, 1000.0, 316.0, 879.0, 132.0, 562.0, 478.0, 264.0, 769.0, 178.0, 1000.0, 928.0, 1000.0, 0.0, 1000.0, 909.0, 999.0, 753.0, 980.0, 999.0, 377.0, 608.0, 0.0, 764.0, -107.51030731201172, -1.755272388458252, 129.06173706054688, 0.2653656005859375, -0.338592529296875, -0.7319183349609375, 0.5283966064453125, -108.55777740478516, 12.235939979553223, 156.05157470703125, -0.035797119140625, 0.2283477783203125, 0.776763916015625, -0.5858306884765625
425030, 426.7395324707031, 1000.0, 317.0, 876.0, 133.0, 556.0, 477.0, 260.0, 767.0, 178.0, 1000.0, 926.0, 1000.0, 0.0, 1000.0, 898.0, 999.0, 753.0, 981.0, 999.0, 376.0, 608.0, 0.0, 763.0, -106.70420837402344, -1.5423437356948853, 128.84861755371094, 0.26739501953125, -0.339080810546875, -0.7270965576171875, 0.53369140625, -109.54615783691406, 12.370293617248535, 155.45018005371094, -0.035919189453125, 0.2333831787109375, 0.78033447265625, -0.5790557861328125
425080, 426.78955078125, 1000.0, 318.0, 874.0, 133.0, 553.0, 478.0, 265.0, 770.0, 177.0, 1000.0, 925.0, 1000.0, 0.0, 1000.0, 889.0, 999.0, 740.0, 980.0, 999.0, 376.0, 606.0, 0.0, 761.0, -107.3124771118164, -1.8085906505584717, 128.92416381835938, 0.2669219970703125, -0.3387603759765625, -0.730712890625, 0.5291748046875, -109.4616470336914, 12.243882179260254, 155.34022521972656, -0.03753662109375, 0.2335052490234375, 0.7799072265625, -0.5794677734375
425130, 426.83953857421875, 1000.0, 319.0, 874.0, 132.0, 550.0, 479.0, 264.0, 772.0, 175.0, 1000.0, 925.0, 1000.0, 0.0, 1000.0, 909.0, 999.0, 751.0, 980.0, 999.0, 375.0, 605.0, 0.0, 760.0, -107.3028793334961, -1.9447534084320068, 128.8317413330078, 0.2682342529296875, -0.33868408203125, -0.730682373046875, 0.528594970703125, -109.2703857421875, 12.140398025512695, 155.2655487060547, -0.039031982421875, 0.23345947265625, 0.7789764404296875, -0.5806427001953125
425190, 426.8996887207031, 1000.0, 323.0, 874.0, 132.0, 546.0, 477.0, 268.0, 773.0, 175.0, 1000.0, 924.0, 1000.0, 0.0, 1000.0, 907.0, 999.0, 743.0, 980.0, 999.0, 374.0, 603.0, 0.0, 759.0, -106.84146881103516, -1.767446756362915, 128.8131866455078, 0.2685699462890625, -0.33856201171875, -0.728118896484375, 0.53204345703125, -109.03863525390625, 12.190690994262695, 155.21685791015625, -0.039398193359375, 0.23394775390625, 0.7776031494140625, -0.582244873046875
425240, 426.9495544433594, 1000.0, 325.0, 873.0, 132.0, 544.0, 479.0, 257.0, 769.0, 175.0, 1000.0, 923.0, 1000.0, 0.0, 1000.0, 895.0, 999.0, 747.0, 980.0, 999.0, 374.0, 603.0, 0.0, 759.0, -107.1146011352539, -1.6720184087753296, 128.93402099609375, 0.2666015625, -0.3388824462890625, -0.7295379638671875, 0.5308837890625, -108.93106079101562, 12.055075645446777, 155.12303161621094, -0.041046142578125, 0.2339019775390625, 0.7771148681640625, -0.5828094482421875
425300, 427.0096130371094, 1000.0, 327.0, 873.0, 132.0, 542.0, 480.0, 254.0, 767.0, 176.0, 1000.0, 921.0, 1000.0, 0.0, 1000.0, 896.0, 999.0, 768.0, 981.0, 999.0, 373.0, 602.0, 0.0, 758.0, -107.09600067138672, -1.6795488595962524, 128.97901916503906, 0.2664947509765625, -0.3385162353515625, -0.7295989990234375, 0.5310821533203125, -108.09809875488281, 11.827878952026367, 155.21885681152344, -0.0438385009765625, 0.2318572998046875, 0.773468017578125, -0.5882568359375
425350, 427.0596923828125, 1000.0, 327.0, 873.0, 132.0, 541.0, 477.0, 241.0, 759.0, 175.0, 1000.0, 920.0, 750.0, 0.0, 1000.0, 903.0, 999.0, 737.0, 981.0, 999.0, 372.0, 602.0, 0.0, 757.0, -106.8992919921875, -1.7880022525787354, 128.7971649169922, 0.2686004638671875, -0.3386993408203125, -0.7283782958984375, 0.5315704345703125, -107.97425079345703, 12.025829315185547, 155.22479248046875, -0.0426788330078125, 0.23272705078125, 0.772491455078125, -0.58929443359375
425400, 427.109619140625, 1000.0, 329.0, 872.0, 133.0, 539.0, 477.0, 240.0, 758.0, 174.0, 1000.0, 920.0, 1000.0, 0.0, 1000.0, 896.0, 999.0, 723.0, 980.0, 999.0, 372.0, 603.0, 0.0, 756.0, -106.49747467041016, -2.1085212230682373, 128.37203979492188, 0.273773193359375, -0.33892822265625, -0.7259521484375, 0.5321197509765625, -108.739501953125, 12.130160331726074, 155.03076171875, -0.0413818359375, 0.2348175048828125, 0.77581787109375, -0.5841522216796875
425460, 427.1695556640625, 1000.0, 329.0, 871.0, 133.0, 538.0, 478.0, 240.0, 759.0, 173.0, 1000.0, 919.0, 750.0, 0.0, 1000.0, 903.0, 999.0, 713.0, 980.0, 999.0, 371.0, 602.0, 0.0, 755.0, -106.83262634277344, -2.2325167655944824, 128.02767944335938, 0.275146484375, -0.3413238525390625, -0.72674560546875, 0.528778076171875, -107.97077941894531, 12.142193794250488, 155.19888305664062, -0.0420074462890625, 0.23345947265625, 0.7722015380859375, -0.58941650390625
425510, 427.21954345703125, 1000.0, 331.0, 870.0, 132.0, 536.0, 478.0, 239.0, 758.0, 172.0, 1000.0, 918.0, 1000.0, 0.0, 1000.0, 916.0, 999.0, 693.0, 981.0, 999.0, 370.0, 602.0, 0.0, 754.0, -106.70565032958984, -2.2244670391082764, 127.84104919433594, 0.276336669921875, -0.3422393798828125, -0.7255859375, 0.5291595458984375, -108.86161804199219, 12.288872718811035, 154.94593811035156, -0.0404510498046875, 0.2361907958984375, 0.775970458984375, -0.5834503173828125
425570, 427.279541015625, 1000.0, 332.0, 870.0, 132.0, 532.0, 477.0, 237.0, 756.0, 171.0, 1000.0, 918.0, 1000.0, 0.0, 1000.0, 917.0, 999.0, 710.0, 981.0, 999.0, 370.0, 600.0, 0.0, 753.0, -106.50950622558594, -2.209625005722046, 127.49227142333984, 0.2784423828125, -0.3440399169921875, -0.723602294921875, 0.52960205078125, -107.86873626708984, 12.323046684265137, 155.0420379638672, -0.0417633056640625, 0.2353515625, 0.771026611328125, -0.5902252197265625
425620, 427.32952880859375, 1000.0, 334.0, 869.0, 132.0, 529.0, 478.0, 237.0, 756.0, 171.0, 1000.0, 916.0, 1000.0, 0.0, 1000.0, 902.0, 999.0, 716.0, 981.0, 999.0, 370.0, 598.0, 0.0, 751.0, -106.1528091430664, -2.05863094329834, 127.2480697631836, 0.2797088623046875, -0.345428466796875, -0.72088623046875, 0.53173828125, -108.08756256103516, 12.458799362182617, 154.8355255126953, -0.0414276123046875, 0.2374725341796875, 0.7714691162109375, -0.58880615234375
425670, 427.3795471191406, 1000.0, 334.0, 868.0, 132.0, 527.0, 479.0, 241.0, 758.0, 170.0, 1000.0, 915.0, 1000.0, 0.0, 1000.0, 905.0, 999.0, 701.0, 981.0, 999.0, 369.0, 598.0, 0.0, 749.0, -106.43827056884766, -1.9810192584991455, 127.07225799560547, 0.2791748046875, -0.34759521484375, -0.72149658203125, 0.529754638671875, -108.17530059814453, 12.561511039733887, 154.66644287109375, -0.0413970947265625, 0.2391357421875, 0.7713775634765625, -0.5882568359375
425730, 427.4395446777344, 1000.0, 335.0, 867.0, 132.0, 525.0, 480.0, 241.0, 759.0, 169.0, 1000.0, 914.0, 1000.0, 0.0, 1000.0, 905.0, 999.0, 692.0, 980.0, 999.0, 369.0, 597.0, 0.0, 748.0, -106.34876251220703, -2.094501495361328, 126.93111419677734, 0.2808074951171875, -0.3477325439453125, -0.720916748046875, 0.5296173095703125, -108.4526138305664, 12.731470108032227, 154.2855224609375, -0.0415802001953125, 0.24261474609375, 0.7716827392578125, -0.58642578125
425780, 427.48956298828125, 1000.0, 338.0, 866.0, 132.0, 522.0, 480.0, 241.0, 759.0, 168.0, 1000.0, 914.0, 1000.0, 0.0, 1000.0, 903.0, 999.0, 681.0, 980.0, 999.0, 369.0, 596.0, 0.0, 747.0, -106.8961410522461, -2.3140432834625244, 126.87257385253906, 0.2807769775390625, -0.3484039306640625, -0.7237396240234375, 0.5253143310546875, -108.26823425292969, 12.512273788452148, 154.219482421875, -0.0438385009765625, 0.241943359375, 0.7710113525390625, -0.5874176025390625
425840, 427.5495300292969, 1000.0, 339.0, 866.0, 132.0, 518.0, 484.0, 247.0, 764.0, 167.0, 1000.0, 914.0, 1000.0, 0.0, 1000.0, 905.0, 999.0, 665.0, 981.0, 999.0, 368.0, 595.0, 0.0, 746.0, -106.95745086669922, -2.272278308868408, 126.95145416259766, 0.27996826171875, -0.3482513427734375, -0.7241668701171875, 0.5252532958984375, -108.5455551147461, 12.599271774291992, 154.08145141601562, -0.0433502197265625, 0.2433929443359375, 0.77197265625, -0.5855865478515625
425890, 427.59954833984375, 1000.0, 340.0, 864.0, 132.0, 517.0, 485.0, 247.0, 766.0, 166.0, 1000.0, 914.0, 1000.0, 0.0, 1000.0, 895.0, 999.0, 697.0, 981.0, 999.0, 368.0, 595.0, 0.0, 745.0, -106.6960678100586, -2.3129894733428955, 127.06625366210938, 0.280487060546875, -0.3466949462890625, -0.7234039306640625, 0.5270538330078125, -108.3116226196289, 12.55374813079834, 154.1064453125, -0.044036865234375, 0.242919921875, 0.7709197998046875, -0.587127685546875
