1034890, 1039.2091064453125, 1000.0, 168.0, 264.0, 110.0, 119.0, 161.0, 90.0, 113.0, 40.0, 1000.0, 0.0, 750.0, 0.0, 1000.0, 874.0, 999.0, 999.0, 999.0, 999.0, 532.0, 663.0, 0.0, 15.0, -17.12351417541504, -4.251675605773926, 103.08920288085938, 0.618865966796875, -0.0637969970703125, -0.139312744140625, 0.7703857421875, -26.09432029724121, 14.788122177124023, -68.30514526367188, 0.8157806396484375, -0.1148834228515625, 0.22943115234375, -0.518310546875
1034950, 1039.2694091796875, 1000.0, 167.0, 263.0, 110.0, 118.0, 160.0, 90.0, 112.0, 40.0, 1000.0, 0.0, 750.0, 0.0, 1000.0, 873.0, 999.0, 999.0, 999.0, 999.0, 532.0, 662.0, 0.0, 15.0, -17.082738876342773, -4.39231538772583, 103.2270736694336, 0.618072509765625, -0.0624542236328125, -0.139862060546875, 0.771026611328125, -26.041667938232422, 14.246655464172363, -68.2953872680664, 0.815765380859375, -0.1172027587890625, 0.2254791259765625, -0.5195465087890625
1035000, 1039.3194580078125, 1000.0, 167.0, 262.0, 109.0, 117.0, 159.0, 89.0, 111.0, 39.0, 1000.0, 0.0, 750.0, 0.0, 1000.0, 872.0, 999.0, 999.0, 999.0, 999.0, 533.0, 663.0, 0.0, 14.0, -16.980207443237305, -4.384121894836426, 103.28291320800781, 0.6177520751953125, -0.0618896484375, -0.13916015625, 0.7714691162109375, -26.30854034423828, 14.41220474243164, -68.36356353759766, 0.815216064453125, -0.1181488037109375, 0.2278900146484375, -0.519134521484375
1035020, 1039.3695068359375, 1000.0, 167.0, 262.0, 109.0, 116.0, 158.0, 89.0, 111.0, 39.0, 1000.0, 0.0, 750.0, 0.0, 666.0, 870.0, 999.0, 999.0, 999.0, 999.0, 533.0, 662.0, 0.0, 14.0, -16.97679328918457, -4.417401313781738, 103.30792236328125, 0.61761474609375, -0.061614990234375, -0.1393280029296875, 0.771575927734375, -26.41472816467285, 14.279632568359375, -68.39013671875, 0.8149566650390625, -0.1195068359375, 0.2274932861328125, -0.5194091796875
1035050, 1039.3792724609375, 1000.0, 167.0, 262.0, 109.0, 116.0, 158.0, 89.0, 110.0, 39.0, 1000.0, 0.0, 750.0, 0.0, 666.0, 870.0, 999.0, 999.0, 999.0, 999.0, 533.0, 662.0, 0.0, 13.0, -16.99081802368164, -4.473496913909912, 103.34504699707031, 0.617401123046875, -0.0612640380859375, -0.139739990234375, 0.771697998046875, -26.259244918823242, 14.503594398498535, -68.35907745361328, 0.8153076171875, -0.1173553466796875, 0.2282867431640625, -0.5189971923828125
1035110, 1039.4293212890625, 1000.0, 167.0, 261.0, 109.0, 116.0, 157.0, 88.0, 110.0, 39.0, 1000.0, 0.0, 750.0, 0.0, 666.0, 876.0, 999.0, 999.0, 999.0, 999.0, 533.0, 662.0, 0.0, 12.0, -16.93301010131836, -4.6033782958984375, 103.41598510742188, 0.6170501708984375, -0.0599822998046875, -0.14007568359375, 0.772003173828125, -25.992919921875, 14.293965339660645, -68.28661346435547, 0.81585693359375, -0.11663818359375, 0.2255706787109375, -0.51947021484375
1035160, 1039.4793701171875, 1000.0, 166.0, 260.0, 108.0, 115.0, 157.0, 88.0, 110.0, 39.0, 1000.0, 0.0, 750.0, 0.0, 1000.0, 877.0, 999.0, 999.0, 999.0, 999.0, 534.0, 660.0, 0.0, 13.0, -16.899595260620117, -4.4411845207214355, 103.47335815429688, 0.6165618896484375, -0.0608367919921875, -0.1390228271484375, 0.7725372314453125, -26.008197784423828, 14.283019065856934, -68.2764892578125, 0.815887451171875, -0.1168212890625, 0.225555419921875, -0.5193939208984375
1035210, 1039.5394287109375, 1000.0, 165.0, 259.0, 108.0, 114.0, 156.0, 87.0, 109.0, 38.0, 1000.0, 0.0, 750.0, 0.0, 666.0, 877.0, 999.0, 999.0, 999.0, 999.0, 534.0, 662.0, 0.0, 12.0, -16.830163955688477, -4.373269081115723, 103.57130432128906, 0.615875244140625, -0.0608062744140625, -0.13824462890625, 0.7732086181640625, -26.07013511657715, 14.291369438171387, -68.3018798828125, 0.8157196044921875, -0.1171722412109375, 0.225921630859375, -0.519439697265625
1035270, 1039.589599609375, 1000.0, 165.0, 258.0, 107.0, 114.0, 155.0, 87.0, 108.0, 38.0, 1000.0, 0.0, 1000.0, 0.0, 666.0, 876.0, 999.0, 999.0, 999.0, 999.0, 534.0, 660.0, 0.0, 12.0, -16.876434326171875, -4.387942314147949, 103.66923522949219, 0.615203857421875, -0.0608367919921875, -0.1386871337890625, 0.7736663818359375, -26.072267532348633, 14.43255615234375, -68.30386352539062, 0.81573486328125, -0.116485595703125, 0.226898193359375, -0.519134521484375
1035320, 1039.6495361328125, 1000.0, 166.0, 258.0, 107.0, 113.0, 155.0, 86.0, 107.0, 38.0, 1000.0, 0.0, 750.0, 0.0, 666.0, 876.0, 999.0, 999.0, 999.0, 999.0, 535.0, 660.0, 0.0, 11.0, -16.93613624572754, -4.37310791015625, 103.77742004394531, 0.6144256591796875, -0.061126708984375, -0.139068603515625, 0.7741851806640625, -26.244915008544922, 14.318425178527832, -68.3309555053711, 0.8154144287109375, -0.11822509765625, 0.2269287109375, -0.5192413330078125
1035380, 1039.699462890625, 1000.0, 165.0, 256.0, 107.0, 113.0, 154.0, 86.0, 107.0, 37.0, 1000.0, 0.0, 750.0, 0.0, 666.0, 875.0, 999.0, 999.0, 999.0, 999.0, 536.0, 660.0, 0.0, 10.0, -16.85962677001953, -4.358684539794922, 103.99987030029297, 0.6129608154296875, -0.060546875, -0.1385955810546875, 0.7754974365234375, -25.424728393554688, 13.877593994140625, -68.0445327758789, 0.81744384765625, -0.1151123046875, 0.2198944091796875, -0.5197601318359375
1035430, 1039.759521484375, 1000.0, 165.0, 255.0, 106.0, 112.0, 153.0, 85.0, 106.0, 37.0, 1000.0, 0.0, 750.0, 0.0, 1000.0, 875.0, 999.0, 999.0, 999.0, 999.0, 537.0, 660.0, 0.0, 9.0, -16.71050262451172, -4.516221046447754, 104.29255676269531, 0.611175537109375, -0.058319091796875, -0.1385650634765625, 0.777069091796875, -26.056970596313477, 13.665262222290039, -68.09913635253906, 0.816497802734375, -0.1205596923828125, 0.2213592529296875, -0.5193939208984375
1035480, 1039.8094482421875, 1000.0, 165.0, 254.0, 106.0, 111.0, 153.0, 84.0, 105.0, 37.0, 1000.0, 0.0, 750.0, 0.0, 1000.0, 884.0, 999.0, 999.0, 999.0, 999.0, 539.0, 659.0, 0.0, 7.0, -16.640623092651367, -4.76657772064209, 104.66008758544922, 0.608917236328125, -0.0557861328125, -0.13958740234375, 0.7788543701171875, -26.012292861938477, 13.766642570495605, -68.09465026855469, 0.81658935546875, -0.1197509765625, 0.2218475341796875, -0.51922607421875
1035530, 1039.8594970703125, 1000.0, 165.0, 253.0, 106.0, 111.0, 151.0, 84.0, 105.0, 37.0, 1000.0, 0.0, 750.0, 0.0, 666.0, 884.0, 999.0, 999.0, 999.0, 999.0, 539.0, 659.0, 0.0, 5.0, -17.147544860839844, -4.1670942306518555, 105.13230895996094, 0.604949951171875, -0.06201171875, -0.1401519775390625, 0.7813568115234375, -25.757722854614258, 15.450173377990723, -67.86331176757812, 0.818206787109375, -0.110107421875, 0.2320098876953125, -0.5143585205078125
1035540, 1039.8695068359375, 1000.0, 165.0, 253.0, 106.0, 111.0, 151.0, 84.0, 105.0, 37.0, 1000.0, 0.0, 750.0, 0.0, 666.0, 885.0, 999.0, 999.0, 999.0, 999.0, 539.0, 660.0, 0.0, 5.0, -17.07630729675293, -4.086580276489258, 105.2532958984375, 0.604095458984375, -0.062042236328125, -0.139312744140625, 0.78216552734375, -30.45433235168457, 16.565196990966797, -69.07926177978516, 0.8079681396484375, -0.135284423828125, 0.2618560791015625, -0.51019287109375
1035590, 1039.9193115234375, 1000.0, 164.0, 254.0, 105.0, 111.0, 152.0, 84.0, 103.0, 40.0, 1000.0, 0.0, 750.0, 0.0, 666.0, 892.0, 999.0, 999.0, 999.0, 999.0, 538.0, 668.0, 0.0, 7.0, -16.245624542236328, -1.17225182056427, 105.09141540527344, 0.6031341552734375, -0.077880859375, -0.118316650390625, 0.784942626953125, -27.856117248535156, 17.901386260986328, -67.86009216308594, 0.81640625, -0.1129913330078125, 0.2580108642578125, -0.50408935546875
1035650, 1039.96923828125, 1000.0, 164.0, 260.0, 112.0, 111.0, 190.0, 83.0, 103.0, 53.0, 1000.0, 0.0, 750.0, 0.0, 1000.0, 902.0, 999.0, 999.0, 999.0, 999.0, 531.0, 671.0, 0.0, 28.0, -15.245552062988281, 2.2374157905578613, 105.24681091308594, 0.5995025634765625, -0.09588623046875, -0.0936431884765625, 0.7890472412109375, -26.11760139465332, 21.064071655273438, -66.3048324584961, 0.82440185546875, -0.0886077880859375, 0.2705535888671875, -0.489166259765625
1035700, 1040.0294189453125, 1000.0, 164.0, 283.0, 121.0, 113.0, 234.0, 90.0, 103.0, 60.0, 1000.0, 0.0, 750.0, 0.0, 666.0, 891.0, 999.0, 999.0, 999.0, 999.0, 524.0, 673.0, 0.0, 39.0, -14.758148193359375, 6.1496076583862305, 105.03292846679688, 0.5971527099609375, -0.1202545166015625, -0.06939697265625, 0.790008544921875, -23.801252365112305, 24.17638397216797, -64.46895599365234, 0.832366943359375, -0.0612640380859375, 0.2808837890625, -0.47381591796875
1035750, 1040.07958984375, 1000.0, 163.0, 305.0, 127.0, 117.0, 243.0, 109.0, 103.0, 68.0, 1000.0, 0.0, 750.0, 0.0, 666.0, 889.0, 999.0, 999.0, 999.0, 999.0, 518.0, 675.0, 0.0, 56.0, -12.762749671936035, 7.807869911193848, 104.35221862792969, 0.6020355224609375, -0.1214447021484375, -0.0460968017578125, 0.787811279296875, -20.47212791442871, 27.145986557006836, -62.739810943603516, 0.838470458984375, -0.0272674560546875, 0.287109375, -0.4623565673828125
1035810, 1040.1392822265625, 1000.0, 163.0, 302.0, 128.0, 122.0, 229.0, 196.0, 102.0, 80.0, 1000.0, 0.0, 750.0, 0.0, 666.0, 885.0, 999.0, 999.0, 999.0, 999.0, 511.0, 688.0, 0.0, 81.0, -11.754857063293457, 7.579551696777344, 102.84569549560547, 0.6136322021484375, -0.1151123046875, -0.03887939453125, 0.7801666259765625, -18.736156463623047, 29.706567764282227, -61.72007751464844, 0.8400726318359375, -0.0053253173828125, 0.297821044921875, -0.453369140625
1035860, 1040.1898193359375, 1000.0, 163.0, 297.0, 128.0, 130.0, 223.0, 328.0, 101.0, 105.0, 1000.0, 0.0, 750.0, 0.0, 1000.0, 884.0, 999.0, 999.0, 999.0, 999.0, 506.0, 688.0, 0.0, 107.0, -11.315346717834473, 7.842343330383301, 101.59475708007812, 0.622283935546875, -0.114898681640625, -0.033203125, 0.773590087890625, -16.5203800201416, 31.069618225097656, -60.820438385009766, 0.841766357421875, 0.0147857666015625, 0.29864501953125, -0.4494476318359375
1035920, 1040.24951171875, 1000.0, 164.0, 293.0, 126.0, 139.0, 216.0, 379.0, 103.0, 134.0, 1000.0, 0.0, 750.0, 0.0, 1000.0, 889.0, 999.0, 999.0, 999.0, 999.0, 499.0, 683.0, 0.0, 126.0, -9.106029510498047, 3.2509965896606445, 98.599365234375, 0.6480712890625, -0.07318115234375, -0.041717529296875, 0.75689697265625, -14.627203941345215, 31.876697540283203, -60.90867233276367, 0.8398590087890625, 0.03253173828125, 0.2968292236328125, -0.4532623291015625
1035970, 1040.2994384765625, 1000.0, 164.0, 287.0, 125.0, 140.0, 212.0, 359.0, 105.0, 139.0, 1000.0, 0.0, 750.0, 0.0, 666.0, 902.0, 999.0, 999.0, 999.0, 999.0, 496.0, 677.0, 0.0, 133.0, -7.8193511962890625, -3.354614496231079, 96.0118408203125, 0.6686859130859375, -0.023895263671875, -0.0701904296875, 0.7398223876953125, -13.904006004333496, 31.543123245239258, -61.397132873535156, 0.83819580078125, 0.0375823974609375, 0.2914581298828125, -0.4593963623046875
1036020, 1040.3494873046875, 1000.0, 164.0, 283.0, 124.0, 137.0, 208.0, 321.0, 107.0, 138.0, 1000.0, 0.0, 750.0, 0.0, 666.0, 908.0, 999.0, 999.0, 999.0, 999.0, 494.0, 677.0, 0.0, 143.0, -4.824125289916992, -10.819857597351074, 92.56292724609375, 0.6902923583984375, 0.03912353515625, -0.0953826904296875, 0.7161407470703125, -12.339426040649414, 30.895479202270508, -61.83053970336914, 0.8368377685546875, 0.04718017578125, 0.2804107666015625, -0.4677734375
1036080, 1040.409912109375, 1000.0, 163.0, 275.0, 122.0, 134.0, 210.0, 279.0, 112.0, 132.0, 1000.0, 0.0, 750.0, 0.0, 666.0, 919.0, 999.0, 999.0, 999.0, 999.0, 489.0, 670.0, 0.0, 138.0, -1.2921133041381836, -17.637447357177734, 88.77897644042969, 0.707305908203125, 0.099273681640625, -0.117340087890625, 0.689971923828125, -11.56898021697998, 29.434890747070312, -62.442481994628906, 0.8361663818359375, 0.0476531982421875, 0.2666778564453125, -0.4768829345703125
1036130, 1040.459716796875, 1000.0, 161.0, 269.0, 121.0, 133.0, 225.0, 248.0, 120.0, 127.0, 1000.0, 0.0, 750.0, 0.0, 666.0, 921.0, 999.0, 999.0, 999.0, 999.0, 481.0, 664.0, 0.0, 158.0, -0.16149088740348816, -20.44454574584961, 86.6239242553711, 0.71624755859375, 0.1207275390625, -0.1300811767578125, 0.674896240234375, -17.386037826538086, 17.787925720214844, -64.71480560302734, 0.8374786376953125, -0.044342041015625, 0.209014892578125, -0.5029449462890625
1036190, 1040.51953125, 1000.0, 158.0, 259.0, 120.0, 133.0, 262.0, 285.0, 250.0, 120.0, 1000.0, 0.0, 750.0, 0.0, 666.0, 832.0, 999.0, 999.0, 999.0, 999.0, 464.0, 654.0, 0.0, 246.0, 3.440901041030884, -26.322725296020508, 82.96382141113281, 0.7246246337890625, 0.1726531982421875, -0.1511383056640625, 0.649810791015625, -17.43149757385254, 18.314762115478516, -65.31636810302734, 0.8345794677734375, -0.0410614013671875, 0.213165283203125, -0.50628662109375
1036240, 1040.56982421875, 1000.0, 157.0, 252.0, 120.0, 192.0, 379.0, 186.0, 246.0, 113.0, 1000.0, 0.0, 750.0, 0.0, 666.0, 713.0, 999.0, 999.0, 999.0, 999.0, 460.0, 645.0, 0.0, 355.0, 3.124680519104004, -28.567428588867188, 81.5893783569336, 0.728973388671875, 0.1811370849609375, -0.1694488525390625, 0.63800048828125, -18.34738540649414, 19.168851852416992, -66.1121597290039, 0.8303375244140625, -0.0420989990234375, 0.2235107421875, -0.5087127685546875
1036290, 1040.6197509765625, 1000.0, 153.0, 246.0, 121.0, 146.0, 429.0, 167.0, 405.0, 107.0, 1000.0, 15.0, 750.0, 0.0, 666.0, 490.0, 999.0, 999.0, 999.0, 999.0, 460.0, 645.0, 0.0, 490.0, 3.38690447807312, -30.780445098876953, 80.5384750366211, 0.730255126953125, 0.193206787109375, -0.183990478515625, 0.62890625, -7.467985153198242, 23.50737190246582, -62.68086242675781, 0.8412933349609375, 0.05126953125, 0.2067718505859375, -0.496795654296875
1036350, 1040.679443359375, 1000.0, 139.0, 260.0, 155.0, 110.0, 407.0, 163.0, 472.0, 97.0, 1000.0, 88.0, 750.0, 0.0, 666.0, 314.0, 999.0, 515.0, 999.0, 999.0, 456.0, 672.0, 0.0, 548.0, 4.524746894836426, -32.62067794799805, 77.81846618652344, 0.7392730712890625, 0.2057342529296875, -0.1945648193359375, 0.6109619140625, -8.182692527770996, 23.92083168029785, -65.06001281738281, 0.8306427001953125, 0.05230712890625, 0.2118072509765625, -0.5122528076171875
1036400, 1040.7296142578125, 1000.0, 124.0, 239.0, 135.0, 274.0, 369.0, 299.0, 518.0, 90.0, 1000.0, 159.0, 750.0, 0.0, 1000.0, 244.0, 999.0, 467.0, 999.0, 999.0, 448.0, 708.0, 0.0, 568.0, 3.387381076812744, -34.79940414428711, 76.03565216064453, 0.7459869384765625, 0.2063140869140625, -0.218109130859375, 0.59442138671875, -11.05101203918457, 24.255329132080078, -68.67620849609375, 0.81494140625, 0.04022216796875, 0.22576904296875, -0.5322113037109375
1036450, 1040.779541015625, 1000.0, 119.0, 244.0, 137.0, 779.0, 313.0, 652.0, 446.0, 81.0, 1000.0, 179.0, 750.0, 0.0, 666.0, 190.0, 999.0, 558.0, 999.0, 999.0, 437.0, 756.0, 0.0, 552.0, 1.4518649578094482, -37.39593505859375, 74.50857543945312, 0.7514190673828125, 0.2035980224609375, -0.2478790283203125, 0.5765838623046875, -13.704378128051758, 24.12908172607422, -72.17817687988281, 0.799285888671875, 0.0279541015625, 0.236419677734375, -0.5517578125
1036510, 1040.8394775390625, 1000.0, 124.0, 476.0, 157.0, 936.0, 246.0, 869.0, 303.0, 113.0, 1000.0, 157.0, 750.0, 0.0, 666.0, 139.0, 999.0, 578.0, 999.0, 999.0, 428.0, 747.0, 0.0, 511.0, 7.45485258102417, -37.54645919799805, 68.94669342041016, 0.76702880859375, 0.232513427734375, -0.2299041748046875, 0.5520172119140625, -16.96074867248535, 23.753496170043945, -75.99785614013672, 0.781402587890625, 0.0115966796875, 0.2492523193359375, -0.57196044921875
1036560, 1040.8895263671875, 1000.0, 157.0, 747.0, 142.0, 987.0, 219.0, 963.0, 254.0, 646.0, 1000.0, 139.0, 750.0, 0.0, 1000.0, 121.0, 999.0, 798.0, 999.0, 999.0, 421.0, 744.0, 0.0, 460.0, 4.7764763832092285, -40.00008010864258, 68.99005889892578, 0.765716552734375, 0.225799560546875, -0.25946044921875, 0.54345703125, -20.13361167907715, 23.455373764038086, -78.7948226928711, 0.76751708984375, -0.0052337646484375, 0.263275146484375, -0.58441162109375
1036620, 1040.9493408203125, 1000.0, 203.0, 883.0, 111.0, 1000.0, 185.0, 993.0, 218.0, 919.0, 1000.0, 123.0, 750.0, 0.0, 666.0, 129.0, 999.0, 999.0, 999.0, 999.0, 412.0, 743.0, 0.0, 444.0, 3.6982781887054443, -39.86167526245117, 69.41033172607422, 0.76617431640625, 0.2189178466796875, -0.2628173828125, 0.54400634765625, -31.053478240966797, 16.87999725341797, -82.69246673583984, 0.7414398193359375, -0.1053619384765625, 0.2810821533203125, -0.60009765625
1036670, 1040.999755859375, 1000.0, 206.0, 910.0, 106.0, 1000.0, 171.0, 1000.0, 204.0, 973.0, 1000.0, 114.0, 750.0, 0.0, 666.0, 154.0, 999.0, 999.0, 999.0, 999.0, 406.0, 752.0, 0.0, 467.0, 4.116052150726318, -38.00075912475586, 69.93628692626953, 0.767608642578125, 0.21429443359375, -0.247161865234375, 0.551116943359375, -29.704294204711914, 17.859495162963867, -81.66390991210938, 0.7484893798828125, -0.0934906005859375, 0.279083251953125, -0.5942230224609375
1036720, 1041.0498046875, 1000.0, 209.0, 952.0, 105.0, 1000.0, 162.0, 1000.0, 191.0, 1000.0, 1000.0, 98.0, 750.0, 0.0, 1000.0, 217.0, 999.0, 999.0, 999.0, 999.0, 399.0, 764.0, 0.0, 533.0, -0.2798203229904175, -38.919979095458984, 73.34870147705078, 0.7566986083984375, 0.1971282958984375, -0.2685699462890625, 0.5624847412109375, -30.868976593017578, 18.847166061401367, -81.49979400634766, 0.7488250732421875, -0.0958709716796875, 0.2909393310546875, -0.58770751953125
1036780, 1041.10986328125, 1000.0, 201.0, 1000.0, 110.0, 1000.0, 178.0, 1000.0, 179.0, 1000.0, 1000.0, 86.0, 750.0, 0.0, 666.0, 368.0, 999.0, 999.0, 999.0, 999.0, 385.0, 761.0, 0.0, 591.0, -6.660374164581299, -37.285858154296875, 78.54306030273438, 0.7440338134765625, 0.159393310546875, -0.281890869140625, 0.584381103515625, -31.829391479492188, 19.81932830810547, -79.78950500488281, 0.7570648193359375, -0.1010894775390625, 0.3002166748046875, -0.571380615234375
1036830, 1041.1595458984375, 1000.0, 213.0, 1000.0, 115.0, 1000.0, 196.0, 992.0, 381.0, 956.0, 1000.0, 355.0, 750.0, 0.0, 1000.0, 549.0, 999.0, 999.0, 999.0, 999.0, 380.0, 759.0, 0.0, 698.0, -11.287798881530762, -31.005678176879883, 81.64762115478516, 0.742828369140625, 0.1021728515625, -0.2632293701171875, 0.60699462890625, -33.854095458984375, 21.142744064331055, -79.28131103515625, 0.758270263671875, -0.108428955078125, 0.3177490234375, -0.558837890625
1036890, 1041.219482421875, 1000.0, 138.0, 1000.0, 120.0, 907.0, 553.0, 879.0, 865.0, 788.0, 1000.0, 851.0, 750.0, 0.0, 1000.0, 427.0, 999.0, 999.0, 999.0, 999.0, 377.0, 741.0, 0.0, 807.0, -17.88579559326172, -29.166339874267578, 85.10885620117188, 0.7306976318359375, 0.0573883056640625, -0.2849578857421875, 0.617706298828125, -39.228511810302734, 22.140625, -80.45169830322266, 0.7474365234375, -0.1347198486328125, 0.3508453369140625, -0.54779052734375
1036940, 1041.26953125, 1000.0, 194.0, 1000.0, 125.0, 767.0, 725.0, 605.0, 932.0, 483.0, 1000.0, 910.0, 750.0, 0.0, 666.0, 399.0, 999.0, 999.0, 999.0, 999.0, 378.0, 727.0, 0.0, 855.0, -24.55120849609375, -29.450942993164062, 88.49853515625, 0.7146453857421875, 0.0260162353515625, -0.3213958740234375, 0.6207122802734375, -46.159820556640625, 22.561260223388672, -83.04898834228516, 0.7262725830078125, -0.16851806640625, 0.38958740234375, -0.540679931640625
1036990, 1041.3194580078125, 1000.0, 192.0, 997.0, 133.0, 665.0, 789.0, 468.0, 955.0, 349.0, 1000.0, 925.0, 750.0, 0.0, 666.0, 237.0, 999.0, 999.0, 999.0, 999.0, 382.0, 712.0, 0.0, 874.0, -31.47101402282715, -30.312604904174805, 91.57695007324219, 0.698638916015625, -0.0021514892578125, -0.36309814453125, 0.616455078125, -53.7862548828125, 21.947769165039062, -86.4102554321289, 0.6971282958984375, -0.2074432373046875, 0.4277496337890625, -0.5366363525390625
1037050, 1041.3795166015625, 1000.0, 191.0, 987.0, 139.0, 650.0, 768.0, 390.0, 965.0, 288.0, 1000.0, 937.0, 750.0, 0.0, 666.0, 158.0, 999.0, 728.0, 999.0, 999.0, 386.0, 700.0, 0.0, 873.0, -45.07203674316406, -31.992830276489258, 97.11216735839844, 0.666839599609375, -0.0530548095703125, -0.44464111328125, 0.59564208984375, -67.89408111572266, 20.145627975463867, -92.29087829589844, 0.6363067626953125, -0.27630615234375, 0.4969940185546875, -0.52130126953125
1037100, 1041.429443359375, 1000.0, 191.0, 981.0, 145.0, 598.0, 794.0, 322.0, 979.0, 583.0, 1000.0, 956.0, 750.0, 0.0, 666.0, 130.0, 999.0, 321.0, 999.0, 999.0, 390.0, 687.0, 0.0, 907.0, -46.29987716674805, -30.91680908203125, 95.25529479980469, 0.6746673583984375, -0.074310302734375, -0.445098876953125, 0.5840911865234375, -78.73224639892578, 18.54532241821289, -97.00862884521484, 0.5820770263671875, -0.321441650390625, 0.5513916015625, -0.5037689208984375
1037160, 1041.489501953125, 1000.0, 195.0, 976.0, 153.0, 582.0, 838.0, 288.0, 1000.0, 435.0, 1000.0, 957.0, 750.0, 0.0, 1000.0, 106.0, 999.0, 242.0, 999.0, 999.0, 393.0, 683.0, 0.0, 947.0, -60.367774963378906, -29.609455108642578, 102.04009246826172, 0.6255645751953125, -0.134063720703125, -0.5167999267578125, 0.5688323974609375, -90.33404541015625, 16.510879516601562, -100.7838134765625, 0.5232696533203125, -0.3694305419921875, 0.605224609375, -0.472625732421875
1037210, 1041.53955078125, 1000.0, 196.0, 972.0, 172.0, 559.0, 852.0, 273.0, 1000.0, 434.0, 1000.0, 944.0, 750.0, 0.0, 666.0, 102.0, 999.0, 237.0, 999.0, 999.0, 395.0, 684.0, 0.0, 966.0, -72.05022430419922, -28.383506774902344, 106.3419418334961, 0.5854034423828125, -0.183074951171875, -0.5752410888671875, 0.5411529541015625, -99.5617904663086, 14.50930118560791, -103.0053939819336, 0.47418212890625, -0.407684326171875, 0.6435699462890625, -0.4412841796875
1037230, 1041.5897216796875, 1000.0, 196.0, 971.0, 175.0, 554.0, 839.0, 270.0, 1000.0, 420.0, 1000.0, 942.0, 1000.0, 0.0, 666.0, 104.0, 999.0, 248.0, 999.0, 999.0, 395.0, 684.0, 0.0, 967.0, -76.52732849121094, -27.42672348022461, 107.83065795898438, 0.567901611328125, -0.20391845703125, -0.5958251953125, 0.52996826171875, -103.02190399169922, 13.803590774536133, -103.7917709350586, 0.4552764892578125, -0.420654296875, 0.6575927734375, -0.428131103515625
1037260, 1041.599365234375, 1000.0, 199.0, 975.0, 173.0, 551.0, 824.0, 268.0, 1000.0, 384.0, 1000.0, 945.0, 750.0, 0.0, 666.0, 109.0, 999.0, 275.0, 999.0, 999.0, 395.0, 686.0, 0.0, 965.0, -83.64075469970703, -25.963531494140625, 109.80399322509766, 0.5400848388671875, -0.2366180419921875, -0.6278533935546875, 0.5080108642578125, -108.93174743652344, 12.653717041015625, -105.1128158569336, 0.422393798828125, -0.440887451171875, 0.68109130859375, -0.4040985107421875
1037320, 1041.6497802734375, 1000.0, 200.0, 986.0, 167.0, 588.0, 813.0, 301.0, 1000.0, 338.0, 1000.0, 936.0, 750.0, 0.0, 666.0, 126.0, 999.0, 348.0, 999.0, 999.0, 392.0, 686.0, 0.0, 973.0, -97.00439453125, -21.954545974731445, 113.10911560058594, 0.4774932861328125, -0.299957275390625, -0.68304443359375, 0.464141845703125, -119.3834457397461, 11.1237154006958, -107.87910461425781, 0.3632965087890625, -0.46624755859375, 0.7234039306640625, -0.356781005859375
1037370, 1041.699462890625, 1000.0, 204.0, 1000.0, 153.0, 689.0, 766.0, 294.0, 995.0, 326.0, 1000.0, 920.0, 750.0, 0.0, 1000.0, 188.0, 999.0, 546.0, 999.0, 999.0, 386.0, 688.0, 0.0, 965.0, -108.78579711914062, -16.286413192749023, 116.50244903564453, 0.4011993408203125, -0.353363037109375, -0.727783203125, 0.42950439453125, -127.0770492553711, 11.59444808959961, -108.56658172607422, 0.33221435546875, -0.4833984375, 0.7494049072265625, -0.3071441650390625
1037430, 1041.759521484375, 1000.0, 199.0, 1000.0, 141.0, 655.0, 734.0, 343.0, 994.0, 273.0, 1000.0, 906.0, 750.0, 0.0, 1000.0, 380.0, 999.0, 898.0, 999.0, 999.0, 378.0, 678.0, 0.0, 945.0, -112.65402221679688, -10.253015518188477, 118.84504699707031, 0.344940185546875, -0.378997802734375, -0.7388153076171875, 0.4376068115234375, -132.11773681640625, 12.292398452758789, -109.0600814819336, 0.313812255859375, -0.491912841796875, 0.7652740478515625, -0.2718048095703125
1037480, 1041.8094482421875, 1000.0, 199.0, 1000.0, 137.0, 571.0, 739.0, 332.0, 988.0, 245.0, 1000.0, 902.0, 750.0, 0.0, 1000.0, 386.0, 999.0, 999.0, 999.0, 999.0, 367.0, 667.0, 0.0, 937.0, -113.72688293457031, -6.574489593505859, 120.48518371582031, 0.3125457763671875, -0.3877105712890625, -0.741302490234375, 0.4499359130859375, -132.74740600585938, 12.854247093200684, -109.58446502685547, 0.3134002685546875, -0.4882354736328125, 0.7697296142578125, -0.266265869140625
1037530, 1041.86962890625, 1000.0, 199.0, 999.0, 133.0, 504.0, 714.0, 302.0, 973.0, 227.0, 1000.0, 905.0, 750.0, 0.0, 666.0, 508.0, 999.0, 999.0, 999.0, 999.0, 362.0, 635.0, 0.0, 922.0, -110.94378662109375, -3.5222744941711426, 122.14273071289062, 0.29620361328125, -0.3830718994140625, -0.7291259765625, 0.4835968017578125, -131.7238311767578, 13.757013320922852, -109.73551177978516, 0.3230133056640625, -0.4813079833984375, 0.7691192626953125, -0.269134521484375
1037590, 1041.91943359375, 1000.0, 201.0, 976.0, 131.0, 476.0, 672.0, 297.0, 958.0, 202.0, 1000.0, 920.0, 1000.0, 0.0, 1000.0, 457.0, 999.0, 884.0, 999.0, 999.0, 362.0, 620.0, 0.0, 909.0, -112.48380279541016, -0.7806655764579773, 124.22228240966797, 0.264923095703125, -0.385528564453125, -0.736572265625, 0.4884796142578125, -133.5548553466797, 15.488419532775879, -107.3926010131836, 0.33111572265625, -0.496307373046875, 0.765289306640625, -0.241546630859375
1037640, 1041.9794921875, 1000.0, 203.0, 960.0, 130.0, 490.0, 592.0, 274.0, 915.0, 175.0, 1000.0, 930.0, 750.0, 0.0, 666.0, 588.0, 999.0, 777.0, 999.0, 999.0, 364.0, 627.0, 0.0, 890.0, -111.53510284423828, 1.917170763015747, 124.02202606201172, 0.2517547607421875, -0.3962554931640625, -0.7255401611328125, 0.503173828125, -131.90017700195312, 17.302467346191406, -104.92865753173828, 0.3543853759765625, -0.5014190673828125, 0.75323486328125, -0.2357940673828125
1037690, 1042.029541015625, 1000.0, 203.0, 981.0, 125.0, 582.0, 504.0, 278.0, 875.0, 141.0, 1000.0, 934.0, 750.0, 0.0, 666.0, 695.0, 999.0, 886.0, 999.0, 999.0, 366.0, 638.0, 0.0, 852.0, -114.1292495727539, 3.0963072776794434, 122.54320526123047, 0.2413482666015625, -0.4161376953125, -0.7286376953125, 0.48748779296875, -130.8541259765625, 17.981977462768555, -102.46690368652344, 0.3679962158203125, -0.5117645263671875, 0.741058349609375, -0.23126220703125
1037710, 1042.0797119140625, 1000.0, 204.0, 983.0, 123.0, 606.0, 485.0, 275.0, 865.0, 134.0, 1000.0, 931.0, 750.0, 0.0, 666.0, 724.0, 999.0, 985.0, 999.0, 999.0, 366.0, 639.0, 0.0, 845.0, -113.60015106201172, 3.3993284702301025, 121.7828140258789, 0.24456787109375, -0.4210662841796875, -0.7228546142578125, 0.490264892578125, -129.88409423828125, 18.172948837280273, -102.04783630371094, 0.374267578125, -0.5106353759765625, 0.737457275390625, -0.235137939453125
1037750, 1042.0894775390625, 1000.0, 203.0, 983.0, 120.0, 599.0, 470.0, 290.0, 865.0, 124.0, 1000.0, 922.0, 750.0, 0.0, 1000.0, 760.0, 999.0, 999.0, 999.0, 999.0, 368.0, 634.0, 0.0, 839.0, -112.18324279785156, 3.548705816268921, 120.12577819824219, 0.2559967041015625, -0.4289398193359375, -0.7102203369140625, 0.4960174560546875, -128.2017822265625, 18.353364944458008, -101.7658920288086, 0.3833465576171875, -0.5062255859375, 0.732940673828125, -0.2440338134765625
1037800, 1042.1395263671875, 1000.0, 203.0, 963.0, 117.0, 561.0, 471.0, 268.0, 858.0, 118.0, 1000.0, 918.0, 750.0, 0.0, 666.0, 785.0, 999.0, 999.0, 999.0, 999.0, 372.0, 621.0, 0.0, 837.0, -110.03726196289062, 3.8521957397460938, 118.86647033691406, 0.267669677734375, -0.433013916015625, -0.6952667236328125, 0.507354736328125, -126.16036224365234, 18.387371063232422, -102.00065612792969, 0.3919677734375, -0.4976959228515625, 0.72955322265625, -0.2576751708984375
1037860, 1042.189453125, 1000.0, 205.0, 947.0, 115.0, 540.0, 471.0, 272.0, 857.0, 119.0, 1000.0, 915.0, 750.0, 0.0, 1000.0, 641.0, 999.0, 901.0, 999.0, 999.0, 376.0, 617.0, 0.0, 838.0, -107.8929443359375, 3.8078789710998535, 116.5714111328125, 0.2863616943359375, -0.4413909912109375, -0.6770782470703125, 0.514495849609375, -123.85356903076172, 18.9608211517334, -101.21344757080078, 0.406890869140625, -0.4924163818359375, 0.7217559814453125, -0.2664794921875
1037910, 1042.24951171875, 1000.0, 207.0, 940.0, 114.0, 534.0, 465.0, 266.0, 848.0, 118.0, 1000.0, 911.0, 750.0, 0.0, 666.0, 655.0, 999.0, 844.0, 999.0, 999.0, 376.0, 618.0, 0.0, 825.0, -108.85468292236328, 4.592185020446777, 114.88811492919922, 0.2853240966796875, -0.4569854736328125, -0.6724700927734375, 0.5074615478515625, -122.5270004272461, 19.51698875427246, -100.7678451538086, 0.4166107177734375, -0.4882354736328125, 0.7176361083984375, -0.270233154296875
1037960, 1042.2994384765625, 1000.0, 208.0, 936.0, 114.0, 534.0, 461.0, 267.0, 840.0, 112.0, 1000.0, 908.0, 1000.0, 0.0, 666.0, 738.0, 999.0, 866.0, 999.0, 999.0, 376.0, 622.0, 0.0, 816.0, -108.66515350341797, 5.79974889755249, 113.91558074951172, 0.2830657958984375, -0.467132568359375, -0.6640625, 0.51055908203125, -115.70547485351562, 25.22476577758789, -98.40206146240234, 0.4792327880859375, -0.4519195556640625, 0.701385498046875, -0.27227783203125
1038020, 1042.359619140625, 1000.0, 209.0, 933.0, 114.0, 533.0, 454.0, 275.0, 838.0, 109.0, 1000.0, 908.0, 750.0, 0.0, 1000.0, 695.0, 999.0, 895.0, 999.0, 999.0, 375.0, 626.0, 0.0, 811.0, -107.82069396972656, 6.319385528564453, 113.6173324584961, 0.284698486328125, -0.4688720703125, -0.657440185546875, 0.516571044921875, -114.93135070800781, 25.26961326599121, -98.68128967285156, 0.4818115234375, -0.4467620849609375, 0.7006988525390625, -0.2779388427734375
1038070, 1042.4097900390625, 1000.0, 210.0, 929.0, 114.0, 526.0, 465.0, 266.0, 838.0, 108.0, 1000.0, 907.0, 750.0, 0.0, 666.0, 607.0, 999.0, 843.0, 999.0, 999.0, 375.0, 627.0, 0.0, 812.0, -107.03923797607422, 5.962230205535889, 113.45576477050781, 0.290771484375, -0.46636962890625, -0.6543731689453125, 0.51934814453125, -114.03558349609375, 25.018579483032227, -98.52644348144531, 0.4844818115234375, -0.445068359375, 0.69744873046875, -0.28411865234375
1038130, 1042.469482421875, 1000.0, 213.0, 923.0, 115.0, 519.0, 472.0, 264.0, 840.0, 107.0, 1000.0, 904.0, 750.0, 0.0, 1000.0, 628.0, 999.0, 812.0, 999.0, 999.0, 374.0, 632.0, 0.0, 811.0, -106.10121154785156, 5.795835971832275, 113.27044677734375, 0.296417236328125, -0.464324951171875, -0.649871826171875, 0.5236053466796875, -113.21990203857422, 24.75595474243164, -98.27740478515625, 0.487030029296875, -0.4443206787109375, 0.6939544677734375, -0.2894439697265625
1038180, 1042.5198974609375, 1000.0, 216.0, 920.0, 116.0, 515.0, 470.0, 263.0, 843.0, 107.0, 1000.0, 902.0, 750.0, 0.0, 666.0, 629.0, 999.0, 763.0, 999.0, 999.0, 373.0, 631.0, 0.0, 810.0, -105.65156555175781, 5.71251916885376, 113.13998413085938, 0.2993316650390625, -0.4635467529296875, -0.647552490234375, 0.5255126953125, -111.59294891357422, 25.51117515563965, -97.44572448730469, 0.4989166259765625, -0.4388580322265625, 0.688079833984375, -0.29156494140625
1038230, 1042.569580078125, 1000.0, 218.0, 917.0, 116.0, 511.0, 475.0, 266.0, 848.0, 107.0, 1000.0, 900.0, 750.0, 0.0, 1000.0, 628.0, 999.0, 747.0, 999.0, 999.0, 371.0, 629.0, 0.0, 813.0, -105.1762466430664, 5.56577205657959, 113.08003997802734, 0.302398681640625, -0.4620208740234375, -0.645599365234375, 0.5275115966796875, -110.01495361328125, 25.123641967773438, -96.8493881225586, 0.504730224609375, -0.43731689453125, 0.680938720703125, -0.3004913330078125
1038290, 1042.629638671875, 1000.0, 221.0, 914.0, 116.0, 507.0, 470.0, 213.0, 820.0, 106.0, 1000.0, 897.0, 750.0, 0.0, 1000.0, 662.0, 999.0, 729.0, 999.0, 999.0, 370.0, 628.0, 0.0, 808.0, -103.63377380371094, 5.322843074798584, 112.77275848388672, 0.3114471435546875, -0.4585723876953125, -0.63800048828125, 0.534454345703125, -108.99459838867188, 26.219701766967773, -96.82254028320312, 0.5135345458984375, -0.427764892578125, 0.6804351806640625, -0.3004608154296875
1038340, 1042.6796875, 1000.0, 223.0, 912.0, 117.0, 505.0, 467.0, 227.0, 826.0, 106.0, 1000.0, 895.0, 1000.0, 0.0, 1000.0, 661.0, 999.0, 724.0, 999.0, 999.0, 369.0, 627.0, 0.0, 807.0, -102.79032135009766, 4.891341686248779, 112.4988784790039, 0.318603515625, -0.455902099609375, -0.634368896484375, 0.536834716796875, -109.52806091308594, 26.519943237304688, -97.37299346923828, 0.511444091796875, -0.425445556640625, 0.6844940185546875, -0.2981109619140625
1038400, 1042.7398681640625, 1000.0, 226.0, 912.0, 118.0, 502.0, 467.0, 188.0, 811.0, 107.0, 1000.0, 893.0, 750.0, 0.0, 666.0, 666.0, 999.0, 731.0, 999.0, 999.0, 368.0, 628.0, 0.0, 809.0, -103.28504180908203, 4.839888095855713, 112.15644836425781, 0.3185272216796875, -0.458953857421875, -0.6354827880859375, 0.532958984375, -109.3802490234375, 26.03192901611328, -97.48011779785156, 0.5095367431640625, -0.4264678955078125, 0.6835174560546875, -0.3021240234375
1038450, 1042.7899169921875, 1000.0, 228.0, 911.0, 118.0, 501.0, 466.0, 190.0, 810.0, 106.0, 1000.0, 891.0, 750.0, 0.0, 666.0, 688.0, 999.0, 693.0, 999.0, 999.0, 368.0, 627.0, 0.0, 808.0, -103.18661499023438, 4.50575065612793, 111.9405746459961, 0.3218536376953125, -0.4584197998046875, -0.6352386474609375, 0.53167724609375, -109.3025131225586, 25.564517974853516, -97.67875671386719, 0.5072021484375, -0.427154541015625, 0.6830902099609375, -0.305999755859375
1038500, 1042.8394775390625, 1000.0, 230.0, 911.0, 118.0, 500.0, 466.0, 190.0, 810.0, 106.0, 1000.0, 890.0, 750.0, 0.0, 666.0, 705.0, 999.0, 692.0, 999.0, 999.0, 367.0, 627.0, 0.0, 807.0, -103.17237091064453, 4.33656120300293, 111.61493682861328, 0.32440185546875, -0.4594573974609375, -0.634429931640625, 0.5302276611328125, -110.20327758789062, 26.190500259399414, -98.24312591552734, 0.50518798828125, -0.4247894287109375, 0.6888275146484375, -0.299713134765625
1038560, 1042.8994140625, 1000.0, 232.0, 910.0, 118.0, 500.0, 467.0, 189.0, 809.0, 105.0, 1000.0, 886.0, 750.0, 0.0, 1000.0, 711.0, 999.0, 689.0, 999.0, 999.0, 366.0, 627.0, 0.0, 805.0, -103.02549743652344, 4.295614719390869, 111.29167175292969, 0.32672119140625, -0.4606475830078125, -0.6325836181640625, 0.52996826171875, -109.9690170288086, 25.612537384033203, -98.57007598876953, 0.5025634765625, -0.424530029296875, 0.6882781982421875, -0.3056793212890625
1038610, 1042.9495849609375, 1000.0, 234.0, 909.0, 119.0, 497.0, 466.0, 188.0, 808.0, 106.0, 1000.0, 885.0, 750.0, 0.0, 1000.0, 737.0, 999.0, 734.0, 999.0, 999.0, 365.0, 627.0, 0.0, 805.0, -103.79735565185547, 4.6887335777282715, 110.8671646118164, 0.3232879638671875, -0.4668731689453125, -0.6331329345703125, 0.5259552001953125, -110.40742492675781, 25.95431900024414, -98.94487762451172, 0.5015106201171875, -0.422576904296875, 0.691497802734375, -0.3028411865234375
1038670, 1043.0098876953125, 1000.0, 236.0, 909.0, 120.0, 496.0, 465.0, 188.0, 805.0, 106.0, 1000.0, 880.0, 750.0, 0.0, 1000.0, 778.0, 999.0, 722.0, 999.0, 999.0, 364.0, 627.0, 0.0, 804.0, -104.69768524169922, 5.311697006225586, 110.55394744873047, 0.317413330078125, -0.4737548828125, -0.6339111328125, 0.5224151611328125, -110.82317352294922, 26.1147518157959, -99.13058471679688, 0.5002288818359375, -0.422515869140625, 0.6935882568359375, -0.3002777099609375
1038720, 1043.059814453125, 1000.0, 238.0, 909.0, 119.0, 496.0, 463.0, 188.0, 803.0, 106.0, 1000.0, 879.0, 750.0, 0.0, 666.0, 780.0, 999.0, 734.0, 999.0, 999.0, 363.0, 627.0, 0.0, 802.0, -104.33145141601562, 5.002230644226074, 110.4929428100586, 0.3209991455078125, -0.471771240234375, -0.6330108642578125, 0.5231170654296875, -110.68241882324219, 25.926542282104492, -99.05384063720703, 0.5000762939453125, -0.423248291015625, 0.69256591796875, -0.3018035888671875
1038770, 1043.1097412109375, 1000.0, 240.0, 908.0, 120.0, 495.0, 464.0, 188.0, 801.0, 106.0, 1000.0, 877.0, 750.0, 0.0, 666.0, 780.0, 999.0, 706.0, 999.0, 999.0, 362.0, 626.0, 0.0, 801.0, -104.25013732910156, 4.71852970123291, 110.35111999511719, 0.3236236572265625, -0.47113037109375, -0.63299560546875, 0.5221099853515625, -110.39601135253906, 25.916879653930664, -98.89006042480469, 0.50152587890625, -0.42303466796875, 0.691192626953125, -0.3028717041015625
1038830, 1043.169677734375, 1000.0, 242.0, 908.0, 120.0, 494.0, 466.0, 189.0, 801.0, 106.0, 1000.0, 874.0, 750.0, 0.0, 666.0, 770.0, 999.0, 712.0, 999.0, 999.0, 362.0, 626.0, 0.0, 802.0, -104.26969909667969, 4.141035079956055, 110.15215301513672, 0.3277740478515625, -0.4698333740234375, -0.6341552734375, 0.519256591796875, -109.68029022216797, 25.2910213470459, -98.53173828125, 0.5022735595703125, -0.425018310546875, 0.6867218017578125, -0.3089752197265625
1038880, 1043.2196044921875, 1000.0, 244.0, 903.0, 121.0, 488.0, 481.0, 189.0, 804.0, 107.0, 1000.0, 871.0, 750.0, 0.0, 666.0, 781.0, 999.0, 703.0, 999.0, 999.0, 360.0, 626.0, 0.0, 804.0, -103.72447204589844, 3.227034568786621, 109.8868408203125, 0.3364410400390625, -0.4658203125, -0.6335906982421875, 0.518035888671875, -109.17769622802734, 25.705833435058594, -98.4478759765625, 0.5062408447265625, -0.4213409423828125, 0.6858978271484375, -0.30938720703125
1038930, 1043.2694091796875, 1000.0, 246.0, 900.0, 121.0, 485.0, 479.0, 190.0, 803.0, 107.0, 1000.0, 869.0, 750.0, 0.0, 1000.0, 764.0, 999.0, 700.0, 999.0, 999.0, 359.0, 625.0, 0.0, 803.0, -103.27588653564453, 2.929076910018921, 109.5400619506836, 0.341522216796875, -0.465118408203125, -0.6311187744140625, 0.518341064453125, -109.2514419555664, 26.084964752197266, -98.7955551147461, 0.506744384765625, -0.4177703857421875, 0.6881256103515625, -0.308441162109375
1038990, 1043.32958984375, 1000.0, 247.0, 899.0, 121.0, 483.0, 478.0, 189.0, 802.0, 107.0, 1000.0, 867.0, 750.0, 0.0, 666.0, 775.0, 999.0, 686.0, 999.0, 999.0, 359.0, 623.0, 0.0, 802.0, -103.32875061035156, 3.05609393119812, 109.1269760131836, 0.3424530029296875, -0.4680938720703125, -0.6292572021484375, 0.517303466796875, -110.23046112060547, 26.755706787109375, -99.67688751220703, 0.5038909912109375, -0.4135589599609375, 0.695220947265625, -0.3028106689453125
1039040, 1043.3795166015625, 1000.0, 249.0, 896.0, 121.0, 481.0, 483.0, 194.0, 805.0, 107.0, 1000.0, 866.0, 750.0, 0.0, 666.0, 764.0, 999.0, 697.0, 999.0, 999.0, 358.0, 623.0, 0.0, 803.0, -103.69540405273438, 3.055138111114502, 108.69293212890625, 0.3429107666015625, -0.4715728759765625, -0.6291351318359375, 0.5139923095703125, -109.97674560546875, 26.634153366088867, -99.85833740234375, 0.5037689208984375, -0.41192626953125, 0.694976806640625, -0.3058013916015625
1039100, 1043.4395751953125, 1000.0, 252.0, 893.0, 122.0, 478.0, 486.0, 195.0, 805.0, 107.0, 1000.0, 864.0, 750.0, 0.0, 666.0, 765.0, 999.0, 696.0, 999.0, 999.0, 358.0, 622.0, 0.0, 803.0, -103.78392791748047, 3.1507344245910645, 108.42582702636719, 0.34320068359375, -0.4737091064453125, -0.62811279296875, 0.5130767822265625, -110.55948638916016, 26.56428337097168, -100.4810562133789, 0.49969482421875, -0.4110260009765625, 0.698638916015625, -0.30535888671875
1039150, 1043.489501953125, 1000.0, 250.0, 892.0, 122.0, 476.0, 489.0, 194.0, 805.0, 107.0, 1000.0, 863.0, 750.0, 0.0, 1000.0, 771.0, 999.0, 699.0, 999.0, 999.0, 357.0, 621.0, 0.0, 805.0, -103.7633285522461, 2.570868492126465, 108.2588119506836, 0.3473052978515625, -0.4720916748046875, -0.629241943359375, 0.5104217529296875, -110.7158203125, 26.332550048828125, -100.88325500488281, 0.496978759765625, -0.4103546142578125, 0.7000732421875, -0.3073883056640625
