159610, 160.22946166992188, 1000.0, 265.0, 383.0, 54.0, 185.0, 22.0, 135.0, 0.0, 41.0, 1000.0, 0.0, 1000.0, 0.0, 1000.0, 998.0, 999.0, 999.0, 999.0, 999.0, 614.0, 678.0, 0.0, 0.0, -19.467973709106445, -6.687845230102539, 146.7367706298828, -0.2910614013671875, -0.00677490234375, 0.1781768798828125, -0.9399261474609375, -26.30620765686035, 15.580592155456543, -110.63731384277344, 0.5743255615234375, -0.019744873046875, 0.260498046875, -0.7758026123046875
159670, 160.2893829345703, 1000.0, 261.0, 383.0, 54.0, 185.0, 22.0, 135.0, 0.0, 41.0, 1000.0, 0.0, 1000.0, 0.0, 1000.0, 999.0, 999.0, 999.0, 999.0, 999.0, 614.0, 678.0, 0.0, 0.0, -19.473323822021484, -6.705218315124512, 146.87896728515625, -0.2899169921875, -0.0071258544921875, 0.178253173828125, -0.9402618408203125, -26.837085723876953, 15.648886680603027, -110.73458099365234, 0.573638916015625, -0.021697998046875, 0.2644195556640625, -0.774932861328125
159720, 160.3394317626953, 1000.0, 261.0, 382.0, 54.0, 185.0, 21.0, 135.0, 0.0, 40.0, 1000.0, 0.0, 1000.0, 0.0, 1000.0, 999.0, 999.0, 999.0, 999.0, 999.0, 614.0, 678.0, 0.0, 0.0, -19.4240665435791, -6.717751979827881, 147.00721740722656, -0.28887939453125, -0.0075531005859375, 0.1778717041015625, -0.9406585693359375, -26.799753189086914, 15.68875503540039, -110.70326232910156, 0.5738983154296875, -0.02130126953125, 0.26434326171875, -0.7747802734375
159770, 160.38963317871094, 1000.0, 264.0, 382.0, 54.0, 185.0, 21.0, 135.0, 0.0, 40.0, 1000.0, 0.0, 1000.0, 0.0, 1000.0, 999.0, 999.0, 999.0, 999.0, 999.0, 614.0, 677.0, 0.0, 0.0, -19.413572311401367, -6.803456783294678, 147.1337890625, -0.2879486083984375, -0.00848388671875, 0.177978515625, -0.94091796875, -26.85138702392578, 15.658844947814941, -110.70863342285156, 0.573822021484375, -0.021759033203125, 0.264556884765625, -0.774749755859375
159830, 160.44952392578125, 1000.0, 263.0, 381.0, 54.0, 184.0, 21.0, 135.0, 0.0, 40.0, 1000.0, 0.0, 1000.0, 0.0, 1000.0, 999.0, 999.0, 999.0, 999.0, 999.0, 614.0, 677.0, 0.0, 0.0, -19.452924728393555, -6.833762168884277, 147.2816162109375, -0.286773681640625, -0.0088653564453125, 0.1783599853515625, -0.941192626953125, -26.83936309814453, 15.675985336303711, -110.7357177734375, 0.5736541748046875, -0.021514892578125, 0.264556884765625, -0.774871826171875
159880, 160.4993896484375, 1000.0, 261.0, 381.0, 54.0, 184.0, 21.0, 134.0, 0.0, 40.0, 1000.0, 0.0, 750.0, 0.0, 1000.0, 999.0, 999.0, 999.0, 999.0, 999.0, 614.0, 677.0, 0.0, 0.0, -19.412084579467773, -6.803658485412598, 147.35635375976562, -0.2861175537109375, -0.0088348388671875, 0.177947998046875, -0.94146728515625, -26.97290802001953, 15.779630661010742, -110.79994201660156, 0.57330322265625, -0.02130126953125, 0.2659454345703125, -0.7746734619140625
159940, 160.55953979492188, 1000.0, 262.0, 380.0, 54.0, 184.0, 21.0, 134.0, 0.0, 39.0, 1000.0, 0.0, 1000.0, 0.0, 1000.0, 999.0, 999.0, 999.0, 999.0, 999.0, 614.0, 677.0, 0.0, 0.0, -19.328622817993164, -6.935605049133301, 147.3944091796875, -0.2859649658203125, -0.01019287109375, 0.1775665283203125, -0.9415740966796875, -26.65138816833496, 15.512787818908691, -110.72267150878906, 0.5736236572265625, -0.021759033203125, 0.262542724609375, -0.7755889892578125
159990, 160.6096649169922, 1000.0, 261.0, 380.0, 54.0, 184.0, 20.0, 133.0, 0.0, 39.0, 1000.0, 0.0, 750.0, 0.0, 1000.0, 998.0, 999.0, 999.0, 999.0, 999.0, 614.0, 677.0, 0.0, 0.0, -19.274677276611328, -6.917553901672363, 147.44332885742188, -0.2855377197265625, -0.01025390625, 0.1770782470703125, -0.941802978515625, -26.88172149658203, 15.492963790893555, -110.78721618652344, 0.5731201171875, -0.0229034423828125, 0.2640228271484375, -0.775421142578125
160030, 160.65956115722656, 1000.0, 261.0, 380.0, 54.0, 184.0, 20.0, 133.0, 0.0, 39.0, 1000.0, 0.0, 1000.0, 0.0, 1000.0, 999.0, 999.0, 999.0, 999.0, 999.0, 614.0, 677.0, 0.0, 0.0, -19.283666610717773, -6.874597072601318, 147.50003051757812, -0.2850189208984375, -0.0099639892578125, 0.1770477294921875, -0.9419708251953125, -26.891361236572266, 15.573168754577637, -110.7802734375, 0.5732421875, -0.02239990234375, 0.2644500732421875, -0.7751922607421875
160040, 160.66934204101562, 1000.0, 260.0, 380.0, 54.0, 184.0, 20.0, 133.0, 0.0, 39.0, 1000.0, 0.0, 1000.0, 0.0, 1000.0, 999.0, 999.0, 999.0, 999.0, 999.0, 614.0, 677.0, 0.0, 0.0, -19.28969383239746, -6.874047756195068, 147.5127410888672, -0.284912109375, -0.0099639892578125, 0.177093505859375, -0.941986083984375, -27.133602142333984, 15.646171569824219, -110.84308624267578, 0.572845458984375, -0.02294921875, 0.2664337158203125, -0.7747955322265625
160100, 160.719482421875, 1000.0, 259.0, 379.0, 54.0, 184.0, 20.0, 133.0, 0.0, 39.0, 1000.0, 0.0, 1000.0, 0.0, 1000.0, 999.0, 999.0, 999.0, 999.0, 999.0, 614.0, 677.0, 0.0, 0.0, -19.3580379486084, -6.884704113006592, 147.59500122070312, -0.2842559814453125, -0.010009765625, 0.17767333984375, -0.94207763671875, -26.991710662841797, 15.409738540649414, -110.79804992675781, 0.57293701171875, -0.024017333984375, 0.2643890380859375, -0.775390625
160150, 160.7794189453125, 1000.0, 256.0, 379.0, 54.0, 183.0, 20.0, 133.0, 0.0, 39.0, 1000.0, 0.0, 1000.0, 0.0, 1000.0, 999.0, 999.0, 999.0, 999.0, 999.0, 613.0, 675.0, 0.0, 0.0, -19.465288162231445, -6.910787105560303, 147.7056884765625, -0.28338623046875, -0.0101318359375, 0.1786041259765625, -0.9421539306640625, -26.81279182434082, 15.570261001586914, -110.74452209472656, 0.5735015869140625, -0.0221099853515625, 0.2639007568359375, -0.77520751953125
160210, 160.8293914794922, 1000.0, 249.0, 379.0, 54.0, 183.0, 20.0, 133.0, 0.0, 39.0, 1000.0, 0.0, 1000.0, 0.0, 1000.0, 999.0, 999.0, 999.0, 999.0, 999.0, 614.0, 675.0, 0.0, 0.0, -19.414907455444336, -6.881455421447754, 147.80117797851562, -0.282562255859375, -0.010162353515625, 0.1781158447265625, -0.9425048828125, -26.68071746826172, 15.392852783203125, -110.71094512939453, 0.573577880859375, -0.0227813720703125, 0.2621917724609375, -0.7757110595703125
160260, 160.87957763671875, 1000.0, 251.0, 379.0, 54.0, 183.0, 20.0, 133.0, 0.0, 38.0, 1000.0, 0.0, 1000.0, 0.0, 1000.0, 999.0, 999.0, 999.0, 999.0, 999.0, 614.0, 674.0, 0.0, 0.0, -19.37875747680664, -6.90809440612793, 147.87704467773438, -0.2819671630859375, -0.010589599609375, 0.1778717041015625, -0.942718505859375, -26.8641357421875, 15.47287368774414, -110.777587890625, 0.5731658935546875, -0.022979736328125, 0.2638092041015625, -0.77545166015625
160270, 160.9294891357422, 1000.0, 252.0, 379.0, 54.0, 183.0, 20.0, 132.0, 0.0, 38.0, 1000.0, 0.0, 1000.0, 0.0, 1000.0, 999.0, 999.0, 999.0, 999.0, 999.0, 614.0, 674.0, 0.0, 0.0, -19.38027000427246, -6.909732818603516, 147.89035034179688, -0.2818603515625, -0.0106201171875, 0.177886962890625, -0.9427490234375, -26.897069931030273, 15.426725387573242, -110.7921371459961, 0.5730133056640625, -0.0234375, 0.263824462890625, -0.775543212890625
160310, 160.939453125, 1000.0, 252.0, 379.0, 54.0, 182.0, 20.0, 132.0, 0.0, 38.0, 1000.0, 0.0, 750.0, 0.0, 1000.0, 999.0, 999.0, 999.0, 999.0, 999.0, 614.0, 674.0, 0.0, 0.0, -19.43501091003418, -6.875698089599609, 147.96177673339844, -0.2812347412109375, -0.01031494140625, 0.178253173828125, -0.94287109375, -26.744150161743164, 15.400510787963867, -110.76582336425781, 0.5731964111328125, -0.022918701171875, 0.262664794921875, -0.77581787109375
160370, 160.9896240234375, 1000.0, 259.0, 378.0, 54.0, 182.0, 20.0, 132.0, 0.0, 38.0, 1000.0, 0.0, 1000.0, 0.0, 1000.0, 991.0, 999.0, 999.0, 999.0, 999.0, 614.0, 674.0, 0.0, 0.0, -19.430896759033203, -6.7808756828308105, 148.06761169433594, -0.280242919921875, -0.00970458984375, 0.1779937744140625, -0.9432220458984375, -26.976776123046875, 15.387833595275879, -110.8130111694336, 0.57281494140625, -0.0240631103515625, 0.264190673828125, -0.775543212890625
160420, 161.03924560546875, 1000.0, 253.0, 378.0, 54.0, 182.0, 19.0, 132.0, 0.0, 38.0, 1000.0, 0.0, 1000.0, 0.0, 1000.0, 991.0, 999.0, 999.0, 999.0, 999.0, 614.0, 674.0, 0.0, 0.0, -19.261245727539062, -6.847419261932373, 148.12400817871094, -0.27984619140625, -0.0107574462890625, 0.1767425537109375, -0.9435577392578125, -26.833999633789062, 15.60450553894043, -110.77808380126953, 0.57330322265625, -0.0218963623046875, 0.2642059326171875, -0.7752532958984375
160480, 161.09962463378906, 1000.0, 262.0, 378.0, 54.0, 182.0, 19.0, 132.0, 0.0, 38.0, 1000.0, 0.0, 750.0, 0.0, 1000.0, 998.0, 999.0, 999.0, 999.0, 999.0, 613.0, 674.0, 0.0, 0.0, -19.350610733032227, -6.9498748779296875, 148.20956420898438, -0.2792816162109375, -0.0115203857421875, 0.177703857421875, -0.94354248046875, -26.803592681884766, 15.314672470092773, -110.77455139160156, 0.5730438232421875, -0.0238037109375, 0.2626800537109375, -0.775909423828125
160530, 161.1494903564453, 1000.0, 248.0, 378.0, 54.0, 182.0, 19.0, 131.0, 0.0, 38.0, 1000.0, 0.0, 1000.0, 0.0, 1000.0, 999.0, 999.0, 999.0, 999.0, 999.0, 613.0, 674.0, 0.0, 0.0, -19.4814510345459, -6.936314582824707, 148.29039001464844, -0.2786102294921875, -0.0112152099609375, 0.178741455078125, -0.94354248046875, -26.96473503112793, 15.358158111572266, -110.81851196289062, 0.57275390625, -0.024200439453125, 0.26397705078125, -0.775665283203125
160580, 161.20962524414062, 1000.0, 251.0, 378.0, 54.0, 181.0, 19.0, 131.0, 0.0, 37.0, 1000.0, 0.0, 1000.0, 0.0, 1000.0, 999.0, 999.0, 999.0, 999.0, 999.0, 613.0, 673.0, 0.0, 0.0, -19.47291374206543, -6.9300384521484375, 148.36911010742188, -0.2779541015625, -0.0113067626953125, 0.17864990234375, -0.943756103515625, -26.65403175354004, 15.679487228393555, -110.7329330444336, 0.5737152099609375, -0.02056884765625, 0.2633209228515625, -0.7752838134765625
160640, 161.25961303710938, 1000.0, 256.0, 378.0, 54.0, 181.0, 19.0, 131.0, 0.0, 37.0, 1000.0, 0.0, 1000.0, 0.0, 1000.0, 999.0, 999.0, 999.0, 999.0, 999.0, 613.0, 673.0, 0.0, 0.0, -19.460613250732422, -6.937290191650391, 148.43870544433594, -0.2773895263671875, -0.011505126953125, 0.178558349609375, -0.943939208984375, -26.971567153930664, 15.531283378601074, -110.83795166015625, 0.5727996826171875, -0.0229644775390625, 0.2648162841796875, -0.775390625
160690, 161.31951904296875, 1000.0, 255.0, 378.0, 54.0, 181.0, 19.0, 131.0, 0.0, 37.0, 1000.0, 0.0, 750.0, 0.0, 1000.0, 999.0, 999.0, 999.0, 999.0, 999.0, 613.0, 673.0, 0.0, 0.0, -19.448251724243164, -6.999030113220215, 148.4829559326172, -0.277099609375, -0.012115478515625, 0.1785888671875, -0.944000244140625, -26.781492233276367, 15.372781753540039, -110.80652618408203, 0.5728912353515625, -0.0232086181640625, 0.2628021240234375, -0.7760009765625
160750, 161.36956787109375, 1000.0, 253.0, 378.0, 54.0, 181.0, 19.0, 131.0, 0.0, 37.0, 1000.0, 0.0, 1000.0, 0.0, 1000.0, 999.0, 999.0, 999.0, 999.0, 999.0, 613.0, 673.0, 0.0, 0.0, -19.477397918701172, -7.126553058624268, 148.5645294189453, -0.2765960693359375, -0.0132293701171875, 0.179107666015625, -0.9440460205078125, -26.642641067504883, 15.393280982971191, -110.76644897460938, 0.573211669921875, -0.0224609375, 0.2619476318359375, -0.7760772705078125
160800, 161.42982482910156, 1000.0, 256.0, 379.0, 54.0, 181.0, 19.0, 131.0, 0.0, 37.0, 1000.0, 0.0, 750.0, 0.0, 1000.0, 999.0, 999.0, 999.0, 999.0, 999.0, 613.0, 673.0, 0.0, 0.0, -19.71096420288086, -6.812207221984863, 148.71624755859375, -0.27496337890625, -0.0102996826171875, 0.1803131103515625, -0.9443206787109375, -26.621938705444336, 15.818540573120117, -110.71941375732422, 0.573944091796875, -0.0194549560546875, 0.26373291015625, -0.774993896484375
160850, 161.4798583984375, 1000.0, 253.0, 392.0, 55.0, 184.0, 20.0, 133.0, 0.0, 37.0, 1000.0, 0.0, 1000.0, 0.0, 1000.0, 999.0, 999.0, 999.0, 999.0, 999.0, 619.0, 674.0, 0.0, 0.0, -22.023147583007812, -5.658883094787598, 148.84156799316406, -0.2723846435546875, 0.0045623779296875, 0.19677734375, -0.94183349609375, -29.509201049804688, 16.1159610748291, -111.00089263916016, 0.5717315673828125, -0.0311126708984375, 0.2845916748046875, -0.76885986328125
160910, 161.53948974609375, 1000.0, 251.0, 454.0, 57.0, 190.0, 22.0, 142.0, 0.0, 38.0, 1000.0, 0.0, 1000.0, 0.0, 1000.0, 999.0, 999.0, 999.0, 999.0, 999.0, 613.0, 669.0, 0.0, 0.0, -25.241748809814453, -3.750558853149414, 148.1691436767578, -0.274322509765625, 0.0291748046875, 0.2187652587890625, -0.9359588623046875, -31.66863250732422, 17.70124053955078, -110.89277648925781, 0.57373046875, -0.031005859375, 0.305999755859375, -0.75909423828125
160960, 161.5897979736328, 1000.0, 254.0, 486.0, 58.0, 196.0, 26.0, 168.0, 0.0, 41.0, 1000.0, 0.0, 1000.0, 0.0, 1000.0, 999.0, 999.0, 999.0, 999.0, 999.0, 604.0, 666.0, 0.0, 0.0, -28.474706649780273, -1.20371413230896, 148.1388397216797, -0.2685089111328125, 0.057708740234375, 0.2392730712890625, -0.9312896728515625, -34.0875358581543, 19.97189712524414, -110.78778076171875, 0.5765838623046875, -0.0274810791015625, 0.3317413330078125, -0.746124267578125
161010, 161.63967895507812, 1000.0, 250.0, 505.0, 58.0, 205.0, 27.0, 207.0, 0.0, 43.0, 1000.0, 0.0, 750.0, 0.0, 1000.0, 999.0, 999.0, 999.0, 999.0, 999.0, 598.0, 665.0, 0.0, 0.0, -31.054149627685547, 2.058628559112549, 147.53021240234375, -0.26470947265625, 0.0914459228515625, 0.25213623046875, -0.92626953125, -35.466583251953125, 22.5135555267334, -110.42091369628906, 0.581817626953125, -0.0177459716796875, 0.351409912109375, -0.733245849609375
161070, 161.69949340820312, 1000.0, 251.0, 512.0, 57.0, 221.0, 26.0, 247.0, 0.0, 43.0, 1000.0, 0.0, 1000.0, 0.0, 1000.0, 999.0, 999.0, 999.0, 999.0, 999.0, 586.0, 662.0, 0.0, 0.0, -34.78494644165039, 4.739339828491211, 146.8939208984375, -0.259796142578125, 0.1229095458984375, 0.2750396728515625, -0.9174652099609375, -37.83406448364258, 25.308794021606445, -110.27864074707031, 0.585845947265625, -0.0107574462890625, 0.3780059814453125, -0.716766357421875
161120, 161.74949645996094, 1000.0, 253.0, 507.0, 56.0, 235.0, 24.0, 263.0, 0.0, 43.0, 1000.0, 0.0, 750.0, 0.0, 1000.0, 999.0, 999.0, 999.0, 999.0, 999.0, 577.0, 657.0, 0.0, 0.0, -37.18854522705078, 7.266637325286865, 146.37547302246094, -0.254241943359375, 0.1495361328125, 0.2872467041015625, -0.9113006591796875, -41.19649887084961, 26.85306167602539, -110.90970611572266, 0.5835723876953125, -0.0150146484375, 0.4051055908203125, -0.70361328125
161180, 161.8094940185547, 1000.0, 246.0, 472.0, 56.0, 258.0, 25.0, 274.0, 0.0, 43.0, 1000.0, 0.0, 750.0, 0.0, 1000.0, 995.0, 999.0, 999.0, 999.0, 999.0, 561.0, 660.0, 0.0, 0.0, -43.86548614501953, 7.028442859649658, 145.6853790283203, -0.251251220703125, 0.164306640625, 0.339447021484375, -0.89141845703125, -47.43910217285156, 27.767356872558594, -112.52193450927734, 0.5738983154296875, -0.034210205078125, 0.446746826171875, -0.6854705810546875
161230, 161.85971069335938, 1000.0, 252.0, 454.0, 55.0, 273.0, 26.0, 277.0, 0.0, 41.0, 1000.0, 0.0, 1000.0, 0.0, 1000.0, 969.0, 999.0, 999.0, 999.0, 999.0, 549.0, 675.0, 0.0, 0.0, -49.027835845947266, 5.830366134643555, 144.84033203125, -0.25433349609375, 0.1692657470703125, 0.38104248046875, -0.8726043701171875, -52.34510040283203, 27.46490478515625, -114.68988037109375, 0.558563232421875, -0.05181884765625, 0.4756927490234375, -0.6775054931640625
161280, 161.9094696044922, 1000.0, 253.0, 436.0, 55.0, 280.0, 27.0, 271.0, 0.0, 39.0, 1000.0, 0.0, 750.0, 0.0, 1000.0, 963.0, 999.0, 999.0, 999.0, 999.0, 536.0, 698.0, 0.0, 0.0, -53.367515563964844, 3.6632609367370605, 143.8684539794922, -0.2632904052734375, 0.1663360595703125, 0.4178466796875, -0.85345458984375, -57.04916763305664, 26.48214340209961, -116.95809173583984, 0.540374755859375, -0.07147216796875, 0.50146484375, -0.671875
161340, 161.96949768066406, 1000.0, 253.0, 418.0, 54.0, 280.0, 26.0, 253.0, 0.0, 37.0, 1000.0, 0.0, 1000.0, 0.0, 1000.0, 970.0, 999.0, 999.0, 999.0, 999.0, 522.0, 719.0, 0.0, 0.0, -55.79922103881836, 2.9547955989837646, 143.761474609375, -0.2632904052734375, 0.1671295166015625, 0.4374847412109375, -0.843414306640625, -59.047359466552734, 24.198368072509766, -118.1480712890625, 0.5258636474609375, -0.0911712646484375, 0.5070648193359375, -0.6767730712890625
161390, 162.01950073242188, 1000.0, 252.0, 402.0, 53.0, 283.0, 23.0, 243.0, 0.0, 37.0, 1000.0, 0.0, 1000.0, 0.0, 1000.0, 976.0, 999.0, 999.0, 999.0, 999.0, 507.0, 740.0, 0.0, 0.0, -60.264591217041016, -3.8922371864318848, 143.8446044921875, -0.284423828125, 0.1277618408203125, 0.486053466796875, -0.81640625, -59.83362579345703, 22.940574645996094, -118.54573822021484, 0.5192718505859375, -0.1015777587890625, 0.5082244873046875, -0.67950439453125
161450, 162.0794677734375, 1000.0, 247.0, 393.0, 52.0, 288.0, 19.0, 226.0, 0.0, 37.0, 1000.0, 0.0, 1000.0, 0.0, 1000.0, 973.0, 999.0, 999.0, 999.0, 999.0, 493.0, 760.0, 0.0, 0.0, -62.990211486816406, -5.8844146728515625, 144.42869567871094, -0.28564453125, 0.1176910400390625, 0.510162353515625, -0.8026580810546875, -60.75163269042969, 21.957000732421875, -118.45281982421875, 0.5160675048828125, -0.112823486328125, 0.5105743408203125, -0.67840576171875
161500, 162.1294403076172, 1000.0, 250.0, 387.0, 51.0, 308.0, 15.0, 217.0, 0.0, 34.0, 1000.0, 0.0, 1000.0, 0.0, 1000.0, 972.0, 999.0, 999.0, 999.0, 999.0, 483.0, 771.0, 0.0, 0.0, -64.6436538696289, -4.813575267791748, 144.02212524414062, -0.2821044921875, 0.1312255859375, 0.51904296875, -0.7960968017578125, -62.22997283935547, 21.503549575805664, -118.7125473022461, 0.5116424560546875, -0.1213531494140625, 0.5181884765625, -0.67449951171875
161550, 162.17947387695312, 1000.0, 247.0, 416.0, 50.0, 360.0, 13.0, 214.0, 0.0, 32.0, 1000.0, 0.0, 750.0, 0.0, 1000.0, 977.0, 999.0, 999.0, 999.0, 999.0, 475.0, 774.0, 0.0, 0.0, -66.02359008789062, -3.7807416915893555, 144.20309448242188, -0.2746734619140625, 0.141021728515625, 0.5266571044921875, -0.7920074462890625, -65.98033142089844, 20.54883575439453, -119.67825317382812, 0.498626708984375, -0.13983154296875, 0.53839111328125, -0.6647796630859375
161610, 162.23947143554688, 1000.0, 248.0, 573.0, 48.0, 526.0, 14.0, 268.0, 0.0, 28.0, 1000.0, 0.0, 1000.0, 0.0, 1000.0, 997.0, 999.0, 999.0, 999.0, 999.0, 466.0, 768.0, 0.0, 0.0, -65.877197265625, -2.0346453189849854, 142.3002166748047, -0.280242919921875, 0.1615447998046875, 0.5193023681640625, -0.790985107421875, -66.80075073242188, 20.502592086791992, -119.45843505859375, 0.49871826171875, -0.144744873046875, 0.542724609375, -0.6601104736328125
161660, 162.2894744873047, 1000.0, 250.0, 777.0, 46.0, 800.0, 22.0, 614.0, 0.0, 27.0, 1000.0, 5.0, 750.0, 0.0, 1000.0, 936.0, 999.0, 999.0, 999.0, 999.0, 458.0, 759.0, 0.0, 0.0, -66.19660949707031, 0.4469817280769348, 141.1251983642578, -0.276763916015625, 0.1847991943359375, 0.51385498046875, -0.790679931640625, -69.82183074951172, 20.560335159301758, -119.8563461303711, 0.4926910400390625, -0.155517578125, 0.560638427734375, -0.6470794677734375
161720, 162.34976196289062, 1000.0, 252.0, 893.0, 47.0, 901.0, 34.0, 808.0, 0.0, 43.0, 1000.0, 18.0, 1000.0, 0.0, 1000.0, 920.0, 999.0, 875.0, 999.0, 999.0, 447.0, 748.0, 0.0, 0.0, -67.82711029052734, 0.7335935831069946, 140.2167205810547, -0.27899169921875, 0.19482421875, 0.5228271484375, -0.78155517578125, -71.68814849853516, 20.561946868896484, -120.26010131835938, 0.48785400390625, -0.1614990234375, 0.571685791015625, -0.63958740234375
161770, 162.39950561523438, 1000.0, 251.0, 916.0, 47.0, 918.0, 43.0, 858.0, 0.0, 50.0, 1000.0, 20.0, 1000.0, 0.0, 1000.0, 881.0, 999.0, 411.0, 999.0, 999.0, 439.0, 749.0, 0.0, 0.0, -67.38816833496094, 1.893717885017395, 140.1844482421875, -0.2746429443359375, 0.2017974853515625, 0.516845703125, -0.7852935791015625, -73.19810485839844, 17.184114456176758, -120.64264678955078, 0.470428466796875, -0.18768310546875, 0.571563720703125, -0.64556884765625
161820, 162.44952392578125, 1000.0, 251.0, 924.0, 48.0, 924.0, 52.0, 877.0, 0.0, 62.0, 1000.0, 18.0, 1000.0, 0.0, 1000.0, 917.0, 999.0, 313.0, 999.0, 999.0, 432.0, 751.0, 0.0, 0.0, -68.10787200927734, 3.256359577178955, 140.2967071533203, -0.266265869140625, 0.21221923828125, 0.5184783935546875, -0.7843475341796875, -71.66402435302734, 16.16469955444336, -120.39579010009766, 0.4703521728515625, -0.18914794921875, 0.5595855712890625, -0.655609130859375
161880, 162.50949096679688, 1000.0, 247.0, 924.0, 49.0, 923.0, 60.0, 878.0, 0.0, 77.0, 1000.0, 14.0, 1000.0, 0.0, 666.0, 938.0, 999.0, 300.0, 999.0, 999.0, 428.0, 751.0, 0.0, 0.0, -67.51945495605469, 4.117191314697266, 140.8258514404297, -0.2597198486328125, 0.2143096923828125, 0.5131988525390625, -0.7894439697265625, -71.04098510742188, 17.172264099121094, -120.34392547607422, 0.4755401611328125, -0.180328369140625, 0.558807373046875, -0.6550140380859375
161930, 162.55947875976562, 1000.0, 249.0, 923.0, 49.0, 922.0, 65.0, 876.0, 0.0, 91.0, 1000.0, 13.0, 750.0, 0.0, 1000.0, 929.0, 999.0, 297.0, 999.0, 999.0, 426.0, 751.0, 0.0, 0.0, -66.96282958984375, 5.2206130027771, 141.15635681152344, -0.25335693359375, 0.2190704345703125, 0.5070953369140625, -0.79412841796875, -70.46731567382812, 18.450464248657227, -120.37745666503906, 0.4810638427734375, -0.1694793701171875, 0.5591888427734375, -0.653564453125
161990, 162.6194610595703, 1000.0, 251.0, 921.0, 50.0, 919.0, 70.0, 872.0, 0.0, 116.0, 1000.0, 13.0, 1000.0, 0.0, 1000.0, 953.0, 999.0, 309.0, 999.0, 999.0, 422.0, 752.0, 0.0, 0.0, -67.62979125976562, 7.057892799377441, 141.69818115234375, -0.23968505859375, 0.23052978515625, 0.5079345703125, -0.7946014404296875, -70.06084442138672, 20.228395462036133, -120.4276351928711, 0.4879302978515625, -0.155914306640625, 0.561859130859375, -0.6495361328125
162040, 162.66949462890625, 1000.0, 255.0, 920.0, 50.0, 917.0, 74.0, 869.0, 0.0, 144.0, 1000.0, 11.0, 1000.0, 0.0, 1000.0, 955.0, 999.0, 310.0, 999.0, 999.0, 419.0, 752.0, 0.0, 0.0, -67.80644226074219, 8.078755378723145, 142.06378173828125, -0.2319488525390625, 0.23614501953125, 0.5071868896484375, -0.7957305908203125, -70.14327239990234, 21.78681755065918, -120.57318115234375, 0.4926605224609375, -0.1453399658203125, 0.56671142578125, -0.6441802978515625
162090, 162.71951293945312, 1000.0, 252.0, 919.0, 50.0, 915.0, 78.0, 868.0, 0.0, 180.0, 1000.0, 10.0, 750.0, 0.0, 1000.0, 967.0, 999.0, 311.0, 999.0, 999.0, 418.0, 751.0, 0.0, 0.0, -68.0771255493164, 8.948022842407227, 142.32040405273438, -0.2254486083984375, 0.2413787841796875, 0.50726318359375, -0.79595947265625, -70.24259948730469, 23.40860366821289, -120.82427215576172, 0.4969482421875, -0.1338653564453125, 0.571807861328125, -0.63885498046875
162150, 162.77952575683594, 1000.0, 252.0, 918.0, 51.0, 912.0, 83.0, 866.0, 0.0, 246.0, 1000.0, 7.0, 1000.0, 0.0, 1000.0, 978.0, 999.0, 320.0, 999.0, 999.0, 416.0, 750.0, 0.0, 0.0, -68.0805435180664, 10.325298309326172, 142.6298065185547, -0.2166748046875, 0.249237060546875, 0.5042266845703125, -0.79791259765625, -70.05781555175781, 25.35733413696289, -120.9945068359375, 0.5030670166015625, -0.119354248046875, 0.5758819580078125, -0.6332550048828125
162200, 162.8294677734375, 1000.0, 251.0, 918.0, 51.0, 910.0, 86.0, 864.0, 0.0, 308.0, 1000.0, 4.0, 1000.0, 0.0, 1000.0, 979.0, 999.0, 327.0, 999.0, 999.0, 414.0, 750.0, 0.0, 0.0, -67.95148468017578, 11.390902519226074, 142.7913818359375, -0.210693359375, 0.255401611328125, 0.500762939453125, -0.79974365234375, -69.95140838623047, 26.83397674560547, -121.12377166748047, 0.5075531005859375, -0.10845947265625, 0.5790252685546875, -0.6287384033203125
162250, 162.87930297851562, 1000.0, 254.0, 917.0, 52.0, 907.0, 89.0, 861.0, 0.0, 379.0, 1000.0, 0.0, 750.0, 0.0, 1000.0, 980.0, 999.0, 345.0, 999.0, 999.0, 412.0, 750.0, 0.0, 0.0, -69.3670654296875, 12.362171173095703, 142.76524353027344, -0.2029266357421875, 0.2645111083984375, 0.5078582763671875, -0.7942962646484375, -69.80326843261719, 28.079856872558594, -121.12718963623047, 0.51190185546875, -0.099517822265625, 0.5811920166015625, -0.62469482421875
162310, 162.93946838378906, 1000.0, 256.0, 916.0, 52.0, 905.0, 93.0, 860.0, 0.0, 448.0, 1000.0, 0.0, 1000.0, 0.0, 1000.0, 998.0, 999.0, 360.0, 999.0, 999.0, 411.0, 750.0, 0.0, 0.0, -70.63041687011719, 14.139577865600586, 142.80125427246094, -0.1908416748046875, 0.2781524658203125, 0.5116729736328125, -0.7901611328125, -69.77130126953125, 29.163883209228516, -121.11943817138672, 0.515594482421875, -0.0922088623046875, 0.5835418701171875, -0.620574951171875
162360, 162.98947143554688, 1000.0, 255.0, 916.0, 53.0, 904.0, 96.0, 859.0, 0.0, 494.0, 1000.0, 0.0, 1000.0, 0.0, 1000.0, 999.0, 999.0, 359.0, 999.0, 999.0, 410.0, 749.0, 0.0, 0.0, -70.4775161743164, 14.793416023254395, 143.04489135742188, -0.186248779296875, 0.28106689453125, 0.5093536376953125, -0.7917327880859375, -71.75719451904297, 33.04238510131836, -122.13615417480469, 0.5216522216796875, -0.070159912109375, 0.60321044921875, -0.5992279052734375
162420, 163.04946899414062, 1000.0, 255.0, 915.0, 53.0, 902.0, 100.0, 859.0, 0.0, 519.0, 1000.0, 0.0, 750.0, 0.0, 1000.0, 999.0, 999.0, 347.0, 999.0, 999.0, 408.0, 749.0, 0.0, 0.0, -69.95623779296875, 15.586320877075195, 143.36968994140625, -0.181304931640625, 0.2839508056640625, 0.5042724609375, -0.7950897216796875, -71.7577896118164, 33.49790954589844, -122.22301483154297, 0.522705078125, -0.066680908203125, 0.6041717529296875, -0.5977325439453125
162470, 163.09947204589844, 1000.0, 254.0, 915.0, 53.0, 900.0, 102.0, 857.0, 0.0, 526.0, 1000.0, 0.0, 1000.0, 0.0, 1000.0, 999.0, 999.0, 350.0, 999.0, 999.0, 407.0, 749.0, 0.0, 0.0, -69.68586730957031, 15.88974666595459, 143.54672241210938, -0.179229736328125, 0.28472900390625, 0.5019683837890625, -0.7967529296875, -71.2152328491211, 33.477561950683594, -121.97469329833984, 0.5242462158203125, -0.065643310546875, 0.6011505126953125, -0.5995330810546875
162500, 163.1497039794922, 1000.0, 254.0, 915.0, 54.0, 898.0, 104.0, 857.0, 0.0, 537.0, 1000.0, 0.0, 1000.0, 0.0, 1000.0, 999.0, 999.0, 360.0, 999.0, 999.0, 407.0, 749.0, 0.0, 0.0, -69.61975860595703, 15.94756031036377, 143.64700317382812, -0.17840576171875, 0.2845611572265625, 0.5015869140625, -0.7972259521484375, -71.69271850585938, 32.88801574707031, -122.25477600097656, 0.5205535888671875, -0.0702667236328125, 0.602630615234375, -0.600738525390625
162520, 163.15940856933594, 1000.0, 255.0, 914.0, 54.0, 898.0, 105.0, 857.0, 1.0, 543.0, 1000.0, 0.0, 1000.0, 0.0, 1000.0, 999.0, 999.0, 364.0, 999.0, 999.0, 406.0, 748.0, 0.0, 0.0, -69.5311508178711, 15.876225471496582, 143.69027709960938, -0.178680419921875, 0.2837677001953125, 0.50128173828125, -0.797637939453125, -71.2759780883789, 33.004493713378906, -122.06603240966797, 0.522186279296875, -0.0685882568359375, 0.6005706787109375, -0.601593017578125
162580, 163.20953369140625, 1000.0, 256.0, 912.0, 54.0, 895.0, 107.0, 855.0, 1.0, 551.0, 1000.0, 0.0, 750.0, 0.0, 1000.0, 999.0, 999.0, 369.0, 999.0, 999.0, 405.0, 747.0, 0.0, 0.0, -69.27557373046875, 15.843411445617676, 143.7803192138672, -0.1788482666015625, 0.2827606201171875, 0.49981689453125, -0.7988739013671875, -70.5955581665039, 32.985713958740234, -121.81962585449219, 0.5238189697265625, -0.06689453125, 0.5968017578125, -0.604095458984375
162630, 163.25958251953125, 1000.0, 255.0, 910.0, 54.0, 893.0, 108.0, 853.0, 1.0, 550.0, 1000.0, 0.0, 750.0, 0.0, 1000.0, 999.0, 999.0, 377.0, 999.0, 999.0, 404.0, 747.0, 0.0, 0.0, -69.21421813964844, 15.736570358276367, 143.79092407226562, -0.1794586181640625, 0.28192138671875, 0.499725341796875, -0.799102783203125, -70.83634185791016, 32.84427261352539, -122.02386474609375, 0.5221405029296875, -0.06787109375, 0.597900390625, -0.6043548583984375
162690, 163.3195343017578, 1000.0, 252.0, 908.0, 55.0, 891.0, 109.0, 849.0, 2.0, 547.0, 1000.0, 0.0, 1000.0, 0.0, 1000.0, 999.0, 999.0, 382.0, 999.0, 999.0, 402.0, 747.0, 0.0, 0.0, -69.2428207397461, 15.227513313293457, 143.80242919921875, -0.1818389892578125, 0.2785797119140625, 0.50140380859375, -0.7986907958984375, -71.43714904785156, 32.39348602294922, -122.45956420898438, 0.5179901123046875, -0.071319580078125, 0.6004180908203125, -0.60504150390625
162740, 163.36947631835938, 1000.0, 252.0, 906.0, 55.0, 889.0, 110.0, 848.0, 2.0, 546.0, 1000.0, 0.0, 1000.0, 0.0, 1000.0, 999.0, 999.0, 376.0, 999.0, 999.0, 402.0, 746.0, 0.0, 0.0, -69.42290496826172, 14.594888687133789, 143.71139526367188, -0.1851806640625, 0.275115966796875, 0.5042266845703125, -0.7973480224609375, -71.4285659790039, 31.893510818481445, -122.50977325439453, 0.51605224609375, -0.0743408203125, 0.5993804931640625, -0.6073455810546875
162760, 163.41981506347656, 1000.0, 255.0, 906.0, 55.0, 889.0, 110.0, 847.0, 2.0, 545.0, 1000.0, 0.0, 1000.0, 0.0, 1000.0, 999.0, 999.0, 374.0, 999.0, 999.0, 401.0, 746.0, 0.0, 0.0, -69.52825164794922, 14.417191505432129, 143.72727966308594, -0.185699462890625, 0.2740478515625, 0.5054931640625, -0.796783447265625, -71.97457885742188, 31.711088180541992, -122.80133056640625, 0.5135345458984375, -0.07647705078125, 0.6020965576171875, -0.606536865234375
162790, 163.4293975830078, 1000.0, 255.0, 906.0, 55.0, 889.0, 110.0, 846.0, 2.0, 545.0, 1000.0, 0.0, 750.0, 0.0, 1000.0, 999.0, 999.0, 374.0, 999.0, 999.0, 401.0, 746.0, 0.0, 0.0, -69.8873291015625, 13.99758243560791, 143.672119140625, -0.18731689453125, 0.272125244140625, 0.509033203125, -0.7948150634765625, -71.91345977783203, 31.152761459350586, -122.77454376220703, 0.511810302734375, -0.080047607421875, 0.600616455078125, -0.6089935302734375
162850, 163.4794921875, 1000.0, 256.0, 905.0, 55.0, 887.0, 110.0, 845.0, 3.0, 548.0, 1000.0, 0.0, 750.0, 0.0, 1000.0, 999.0, 999.0, 374.0, 999.0, 999.0, 400.0, 746.0, 0.0, 0.0, -69.69213104248047, 13.80984115600586, 143.71690368652344, -0.1884002685546875, 0.2703704833984375, 0.50830078125, -0.7956085205078125, -71.83771514892578, 31.212421417236328, -122.78008270263672, 0.5120391845703125, -0.07928466796875, 0.600341796875, -0.6091766357421875
162880, 163.52981567382812, 1000.0, 258.0, 905.0, 55.0, 887.0, 111.0, 845.0, 3.0, 554.0, 1000.0, 0.0, 1000.0, 0.0, 1000.0, 999.0, 999.0, 378.0, 999.0, 999.0, 399.0, 745.0, 0.0, 0.0, -69.61859893798828, 13.8082857131958, 143.77401733398438, -0.1881866455078125, 0.269989013671875, 0.5079345703125, -0.7960357666015625, -71.41808319091797, 31.202613830566406, -122.5501480102539, 0.513519287109375, -0.07867431640625, 0.597930908203125, -0.610382080078125
162900, 163.53945922851562, 1000.0, 257.0, 904.0, 55.0, 886.0, 111.0, 845.0, 3.0, 557.0, 1000.0, 0.0, 1000.0, 0.0, 1000.0, 999.0, 999.0, 380.0, 999.0, 999.0, 399.0, 745.0, 0.0, 0.0, -69.52771759033203, 13.842021942138672, 143.82443237304688, -0.1878814697265625, 0.26983642578125, 0.50732421875, -0.796539306640625, -71.50672912597656, 30.99523162841797, -122.62403869628906, 0.512359619140625, -0.0800628662109375, 0.5980224609375, -0.611083984375
162960, 163.58975219726562, 1000.0, 258.0, 904.0, 55.0, 886.0, 111.0, 844.0, 3.0, 573.0, 1000.0, 0.0, 1000.0, 0.0, 1000.0, 999.0, 999.0, 394.0, 999.0, 999.0, 398.0, 745.0, 0.0, 0.0, -69.19631958007812, 13.93682861328125, 144.03347778320312, -0.186737060546875, 0.2689971923828125, 0.5052490234375, -0.7984161376953125, -71.23896026611328, 31.308948516845703, -122.46532440185547, 0.5144500732421875, -0.077606201171875, 0.597137451171875, -0.610504150390625
162970, 163.63949584960938, 1000.0, 258.0, 904.0, 55.0, 886.0, 111.0, 844.0, 3.0, 573.0, 1000.0, 0.0, 1000.0, 0.0, 1000.0, 999.0, 999.0, 393.0, 999.0, 999.0, 398.0, 745.0, 0.0, 0.0, -69.13029479980469, 13.954133033752441, 144.07606506347656, -0.1865081787109375, 0.2688140869140625, 0.5048370361328125, -0.7987823486328125, -70.85395812988281, 31.11894989013672, -122.25254821777344, 0.5152130126953125, -0.0782470703125, 0.59454345703125, -0.6123199462890625
163010, 163.64939880371094, 1000.0, 256.0, 904.0, 55.0, 886.0, 111.0, 844.0, 3.0, 575.0, 1000.0, 0.0, 1000.0, 0.0, 1000.0, 999.0, 999.0, 385.0, 999.0, 999.0, 397.0, 745.0, 0.0, 0.0, -68.8932113647461, 13.963088989257812, 144.19967651367188, -0.1861572265625, 0.2679443359375, 0.503448486328125, -0.8000335693359375, -70.0217514038086, 31.093585968017578, -121.77448272705078, 0.51824951171875, -0.0771331787109375, 0.5897064208984375, -0.61456298828125
163060, 163.69992065429688, 1000.0, 257.0, 904.0, 55.0, 885.0, 111.0, 844.0, 3.0, 576.0, 1000.0, 0.0, 1000.0, 0.0, 1000.0, 999.0, 999.0, 384.0, 999.0, 999.0, 396.0, 744.0, 0.0, 0.0, -68.82117462158203, 13.993755340576172, 144.32015991210938, -0.185333251953125, 0.2675018310546875, 0.503143310546875, -0.800567626953125, -70.5153579711914, 30.89852523803711, -121.85800170898438, 0.516815185546875, -0.080230712890625, 0.59197998046875, -0.6131744384765625
163120, 163.75006103515625, 1000.0, 256.0, 903.0, 55.0, 885.0, 110.0, 843.0, 2.0, 575.0, 1000.0, 0.0, 1000.0, 0.0, 1000.0, 999.0, 999.0, 380.0, 999.0, 999.0, 395.0, 744.0, 0.0, 0.0, -68.91510009765625, 13.965603828430176, 144.50308227539062, -0.1839752197265625, 0.26666259765625, 0.504302978515625, -0.8004302978515625, -70.39091491699219, 30.883590698242188, -121.69465637207031, 0.517730712890625, -0.0806121826171875, 0.5911712646484375, -0.6131439208984375
163170, 163.80967712402344, 1000.0, 253.0, 904.0, 55.0, 884.0, 110.0, 843.0, 2.0, 576.0, 1000.0, 0.0, 1000.0, 0.0, 1000.0, 999.0, 999.0, 380.0, 999.0, 999.0, 394.0, 744.0, 0.0, 0.0, -69.20159912109375, 13.745137214660645, 144.56393432617188, -0.1839752197265625, 0.2653961181640625, 0.507049560546875, -0.7991180419921875, -70.7404556274414, 30.96384048461914, -121.85236358642578, 0.51690673828125, -0.080841064453125, 0.59332275390625, -0.611724853515625
163230, 163.85948181152344, 1000.0, 256.0, 905.0, 55.0, 884.0, 109.0, 843.0, 2.0, 576.0, 1000.0, 0.0, 1000.0, 0.0, 1000.0, 999.0, 999.0, 379.0, 999.0, 999.0, 392.0, 745.0, 0.0, 0.0, -69.12254333496094, 13.673737525939941, 144.7633514404297, -0.1831207275390625, 0.263916015625, 0.5071563720703125, -0.79974365234375, -70.74142456054688, 30.82760238647461, -121.72160339355469, 0.51715087890625, -0.082427978515625, 0.5929412841796875, -0.6116790771484375
163260, 163.909912109375, 1000.0, 259.0, 907.0, 55.0, 884.0, 109.0, 842.0, 2.0, 577.0, 1000.0, 0.0, 1000.0, 0.0, 1000.0, 999.0, 999.0, 385.0, 999.0, 999.0, 392.0, 745.0, 0.0, 0.0, -68.72959899902344, 13.875732421875, 144.9423370361328, -0.1817779541015625, 0.2638397216796875, 0.5042724609375, -0.8018951416015625, -70.3138198852539, 30.99344825744629, -121.46160888671875, 0.5193939208984375, -0.0807342529296875, 0.5908355712890625, -0.6120452880859375
163330, 163.9695587158203, 1000.0, 254.0, 917.0, 55.0, 885.0, 109.0, 842.0, 2.0, 576.0, 1000.0, 0.0, 1000.0, 0.0, 1000.0, 999.0, 999.0, 412.0, 999.0, 999.0, 391.0, 750.0, 0.0, 0.0, -68.22638702392578, 14.106866836547852, 145.41537475585938, -0.1784820556640625, 0.26251220703125, 0.5012054443359375, -0.80499267578125, -70.80708312988281, 31.517547607421875, -121.74193572998047, 0.519287109375, -0.078033447265625, 0.59478759765625, -0.608642578125
163370, 164.01951599121094, 1000.0, 254.0, 922.0, 55.0, 885.0, 110.0, 843.0, 2.0, 575.0, 1000.0, 0.0, 750.0, 0.0, 1000.0, 999.0, 999.0, 422.0, 999.0, 999.0, 390.0, 752.0, 0.0, 0.0, -68.06474304199219, 14.161131858825684, 145.67091369628906, -0.176788330078125, 0.261505126953125, 0.5005035400390625, -0.806121826171875, -71.52550506591797, 31.187196731567383, -122.14764404296875, 0.515533447265625, -0.08135986328125, 0.5981903076171875, -0.6080780029296875
163390, 164.02947998046875, 1000.0, 255.0, 926.0, 55.0, 886.0, 110.0, 843.0, 1.0, 575.0, 1000.0, 0.0, 750.0, 0.0, 1000.0, 999.0, 999.0, 430.0, 999.0, 999.0, 390.0, 754.0, 0.0, 0.0, -67.85355377197266, 14.19873332977295, 145.83233642578125, -0.1759490966796875, 0.2607269287109375, 0.4992828369140625, -0.80731201171875, -70.96487426757812, 31.333229064941406, -121.84510803222656, 0.5180206298828125, -0.079437255859375, 0.595306396484375, -0.609039306640625
163440, 164.07955932617188, 1000.0, 253.0, 927.0, 55.0, 886.0, 110.0, 844.0, 1.0, 575.0, 1000.0, 0.0, 1000.0, 0.0, 1000.0, 999.0, 999.0, 425.0, 999.0, 999.0, 389.0, 752.0, 0.0, 0.0, -68.1040267944336, 14.128642082214355, 145.97361755371094, -0.1747283935546875, 0.2600250244140625, 0.501556396484375, -0.806396484375, -71.86617279052734, 30.47206687927246, -122.01809692382812, 0.5135345458984375, -0.0883026123046875, 0.598388671875, -0.6085968017578125
163490, 164.12991333007812, 1000.0, 255.0, 927.0, 55.0, 886.0, 110.0, 844.0, 1.0, 575.0, 1000.0, 0.0, 1000.0, 0.0, 1000.0, 999.0, 999.0, 425.0, 999.0, 999.0, 387.0, 751.0, 0.0, 0.0, -68.457763671875, 14.00894546508789, 146.04933166503906, -0.173980712890625, 0.259429931640625, 0.5045318603515625, -0.8048858642578125, -71.36756134033203, 30.328502655029297, -121.44784545898438, 0.5164642333984375, -0.0899810791015625, 0.5949859619140625, -0.6092071533203125
163550, 164.1897430419922, 1000.0, 255.0, 923.0, 55.0, 884.0, 109.0, 842.0, 1.0, 573.0, 1000.0, 0.0, 1000.0, 0.0, 1000.0, 999.0, 999.0, 424.0, 999.0, 999.0, 387.0, 749.0, 0.0, 0.0, -68.43183898925781, 13.697128295898438, 146.15625, -0.1748199462890625, 0.2568359375, 0.5054168701171875, -0.8049774169921875, -70.82080078125, 29.809101104736328, -120.99858856201172, 0.517547607421875, -0.0932769775390625, 0.5905609130859375, -0.612091064453125
163600, 164.23983764648438, 1000.0, 253.0, 919.0, 55.0, 883.0, 107.0, 841.0, 1.0, 569.0, 1000.0, 0.0, 1000.0, 0.0, 1000.0, 999.0, 999.0, 424.0, 999.0, 999.0, 386.0, 747.0, 0.0, 0.0, -68.34038543701172, 13.55484676361084, 146.35845947265625, -0.1743011474609375, 0.254852294921875, 0.5055999755859375, -0.80560302734375, -71.66515350341797, 29.933185577392578, -121.22501373291016, 0.5160675048828125, -0.0950927734375, 0.59552001953125, -0.608245849609375
163660, 164.29991149902344, 1000.0, 255.0, 916.0, 55.0, 882.0, 106.0, 838.0, 0.0, 564.0, 1000.0, 0.0, 1000.0, 0.0, 1000.0, 999.0, 999.0, 421.0, 999.0, 999.0, 386.0, 745.0, 0.0, 0.0, -68.1217269897461, 13.201951026916504, 146.53192138671875, -0.17529296875, 0.2513885498046875, 0.50537109375, -0.8066253662109375, -71.40296173095703, 29.56999397277832, -120.95944213867188, 0.5164642333984375, -0.097686767578125, 0.5930938720703125, -0.60986328125
163710, 164.34991455078125, 1000.0, 252.0, 912.0, 55.0, 880.0, 103.0, 835.0, 0.0, 558.0, 1000.0, 0.0, 750.0, 0.0, 1000.0, 999.0, 999.0, 424.0, 999.0, 999.0, 385.0, 743.0, 0.0, 0.0, -68.06722259521484, 12.79447078704834, 146.68423461914062, -0.17633056640625, 0.247894287109375, 0.506378173828125, -0.806854248046875, -71.04853820800781, 29.25590705871582, -120.61402893066406, 0.517547607421875, -0.099945068359375, 0.5901947021484375, -0.61138916015625
163760, 164.3995361328125, 1000.0, 253.0, 910.0, 55.0, 879.0, 102.0, 833.0, 0.0, 556.0, 1000.0, 0.0, 750.0, 0.0, 1000.0, 999.0, 999.0, 451.0, 999.0, 999.0, 384.0, 742.0, 0.0, 0.0, -68.21434783935547, 12.438794136047363, 146.8839874267578, -0.1763458251953125, 0.244842529296875, 0.508758544921875, -0.8062896728515625, -71.33751678466797, 28.98491859436035, -120.55964660644531, 0.51666259765625, -0.1033172607421875, 0.591064453125, -0.6107330322265625
163820, 164.45956420898438, 1000.0, 246.0, 907.0, 55.0, 878.0, 100.0, 830.0, 0.0, 553.0, 1000.0, 0.0, 1000.0, 0.0, 1000.0, 999.0, 999.0, 466.0, 999.0, 999.0, 383.0, 740.0, 0.0, 0.0, -68.53255462646484, 12.585128784179688, 146.9844970703125, -0.1742401123046875, 0.2458648681640625, 0.510833740234375, -0.80511474609375, -71.29521179199219, 28.730178833007812, -120.33023071289062, 0.517059326171875, -0.105987548828125, 0.5900421142578125, -0.610931396484375
163870, 164.50953674316406, 1000.0, 251.0, 906.0, 55.0, 877.0, 99.0, 827.0, 0.0, 549.0, 1000.0, 0.0, 750.0, 0.0, 1000.0, 999.0, 999.0, 496.0, 999.0, 999.0, 382.0, 737.0, 0.0, 0.0, -68.89557647705078, 12.572901725769043, 147.10592651367188, -0.17266845703125, 0.24578857421875, 0.513671875, -0.8036651611328125, -72.288330078125, 28.327512741088867, -120.67547607421875, 0.5128936767578125, -0.1113128662109375, 0.5947265625, -0.60894775390625
