1254320, 1259.5992431640625, 1000.0, 136.0, 324.0, 116.0, 122.0, 149.0, 79.0, 92.0, 64.0, 1000.0, 68.0, 1000.0, 0.0, 666.0, 908.0, 999.0, 999.0, 974.0, 999.0, 730.0, 727.0, 0.0, 168.0, -16.889019012451172, -11.140070915222168, 44.934329986572266, -0.9152069091796875, 0.0983734130859375, 0.1445770263671875, -0.3630523681640625, -31.650522232055664, 15.815326690673828, -128.08982849121094, 0.4508056640625, 0.00079345703125, 0.3007965087890625, -0.8404083251953125
1254370, 1259.6494140625, 1000.0, 136.0, 323.0, 116.0, 121.0, 149.0, 79.0, 91.0, 64.0, 1000.0, 66.0, 750.0, 0.0, 666.0, 911.0, 999.0, 999.0, 974.0, 999.0, 731.0, 726.0, 0.0, 165.0, -16.884740829467773, -11.25776195526123, 45.024723052978516, -0.914886474609375, 0.0978240966796875, 0.14556884765625, -0.3636016845703125, -31.571022033691406, 15.903868675231934, -128.08563232421875, 0.4509735107421875, 0.00177001953125, 0.300506591796875, -0.8404083251953125
1254430, 1259.70947265625, 1000.0, 136.0, 323.0, 116.0, 120.0, 148.0, 78.0, 90.0, 63.0, 1000.0, 64.0, 750.0, 0.0, 666.0, 908.0, 999.0, 999.0, 974.0, 999.0, 732.0, 726.0, 0.0, 163.0, -16.90825653076172, -11.309274673461914, 45.141666412353516, -0.9144744873046875, 0.097686767578125, 0.146148681640625, -0.3644256591796875, -31.69123649597168, 16.046566009521484, -128.1131134033203, 0.4510040283203125, 0.0024566650390625, 0.3018646240234375, -0.83990478515625
1254480, 1259.7593994140625, 1000.0, 135.0, 323.0, 115.0, 120.0, 147.0, 78.0, 89.0, 63.0, 1000.0, 62.0, 750.0, 0.0, 666.0, 909.0, 999.0, 999.0, 974.0, 999.0, 733.0, 725.0, 0.0, 162.0, -16.903976440429688, -11.26646900177002, 45.23013687133789, -0.914215087890625, 0.097686767578125, 0.1458740234375, -0.365203857421875, -31.63473892211914, 15.896660804748535, -128.10906982421875, 0.4507904052734375, 0.00152587890625, 0.3009490966796875, -0.8403472900390625
1254500, 1259.8095703125, 1000.0, 135.0, 322.0, 115.0, 119.0, 147.0, 77.0, 89.0, 62.0, 1000.0, 62.0, 750.0, 0.0, 666.0, 907.0, 999.0, 999.0, 974.0, 999.0, 733.0, 726.0, 0.0, 161.0, -16.945301055908203, -11.247714042663574, 45.250938415527344, -0.9141082763671875, 0.098052978515625, 0.1458740234375, -0.3653411865234375, -31.47003173828125, 15.879158020019531, -128.07569885253906, 0.4510040283203125, 0.001953125, 0.2996826171875, -0.8406829833984375
1254530, 1259.8194580078125, 1000.0, 135.0, 320.0, 114.0, 119.0, 147.0, 77.0, 89.0, 62.0, 1000.0, 61.0, 750.0, 0.0, 666.0, 905.0, 999.0, 999.0, 974.0, 999.0, 734.0, 725.0, 0.0, 161.0, -16.937435150146484, -11.31099796295166, 45.2840690612793, -0.91400146484375, 0.0977325439453125, 0.1463775634765625, -0.3655242919921875, -31.329309463500977, 15.822749137878418, -128.03404235839844, 0.4512176513671875, 0.0019683837890625, 0.2984619140625, -0.84100341796875
1254590, 1259.8692626953125, 1000.0, 135.0, 278.0, 114.0, 119.0, 146.0, 76.0, 88.0, 62.0, 1000.0, 59.0, 1000.0, 0.0, 1000.0, 904.0, 999.0, 999.0, 977.0, 999.0, 735.0, 725.0, 0.0, 159.0, -16.951963424682617, -11.329702377319336, 45.360591888427734, -0.9137420654296875, 0.097686767578125, 0.146636962890625, -0.3660888671875, -31.43201446533203, 15.761940956115723, -128.06256103515625, 0.4509124755859375, 0.0011749267578125, 0.29901123046875, -0.840972900390625
1254640, 1259.9195556640625, 1000.0, 135.0, 276.0, 113.0, 119.0, 145.0, 76.0, 87.0, 61.0, 1000.0, 58.0, 750.0, 0.0, 666.0, 909.0, 999.0, 999.0, 977.0, 999.0, 735.0, 724.0, 0.0, 158.0, -16.9910945892334, -11.328311920166016, 45.44121170043945, -0.9134521484375, 0.097900390625, 0.146820068359375, -0.3666839599609375, -31.491275787353516, 15.777020454406738, -128.07278442382812, 0.45086669921875, 0.0010833740234375, 0.29949951171875, -0.8408355712890625
1254690, 1259.9796142578125, 1000.0, 135.0, 277.0, 113.0, 118.0, 145.0, 76.0, 87.0, 61.0, 1000.0, 57.0, 750.0, 0.0, 666.0, 910.0, 999.0, 999.0, 974.0, 999.0, 736.0, 724.0, 0.0, 157.0, -17.000083923339844, -11.32776927947998, 45.52154541015625, -0.913177490234375, 0.097869873046875, 0.14691162109375, -0.3673095703125, -31.60488510131836, 15.925577163696289, -128.09661865234375, 0.450927734375, 0.0018310546875, 0.3008270263671875, -0.8403167724609375
1254750, 1260.03955078125, 1000.0, 135.0, 279.0, 112.0, 118.0, 144.0, 75.0, 85.0, 61.0, 1000.0, 55.0, 750.0, 0.0, 666.0, 906.0, 999.0, 999.0, 973.0, 999.0, 737.0, 724.0, 0.0, 155.0, -17.056299209594727, -11.255094528198242, 45.70988464355469, -0.9125518798828125, 0.09832763671875, 0.1466827392578125, -0.3688507080078125, -31.52826499938965, 15.732379913330078, -128.07765197753906, 0.4507598876953125, 0.0006103515625, 0.29962158203125, -0.840850830078125
1254800, 1260.08984375, 1000.0, 135.0, 272.0, 112.0, 117.0, 143.0, 75.0, 85.0, 60.0, 1000.0, 54.0, 750.0, 0.0, 666.0, 904.0, 999.0, 999.0, 976.0, 999.0, 738.0, 724.0, 0.0, 154.0, -17.016345977783203, -11.369325637817383, 45.77294158935547, -0.912353515625, 0.0975341796875, 0.1475067138671875, -0.369232177734375, -31.609506607055664, 15.874279975891113, -128.11878967285156, 0.45068359375, 0.0014801025390625, 0.300689697265625, -0.8404998779296875
1254830, 1260.1395263671875, 1000.0, 135.0, 272.0, 111.0, 117.0, 143.0, 75.0, 85.0, 60.0, 1000.0, 53.0, 750.0, 0.0, 666.0, 901.0, 999.0, 999.0, 976.0, 999.0, 738.0, 724.0, 0.0, 153.0, -16.949018478393555, -11.468594551086426, 45.812042236328125, -0.9122467041015625, 0.0966033935546875, 0.148101806640625, -0.369476318359375, -31.597564697265625, 15.8455171585083, -128.11465454101562, 0.4506683349609375, 0.0012969970703125, 0.300506591796875, -0.840576171875
1254860, 1260.1492919921875, 1000.0, 135.0, 274.0, 111.0, 117.0, 143.0, 74.0, 85.0, 60.0, 1000.0, 52.0, 750.0, 0.0, 666.0, 901.0, 999.0, 999.0, 975.0, 999.0, 739.0, 724.0, 0.0, 152.0, -16.97922706604004, -11.488009452819824, 45.87582778930664, -0.912017822265625, 0.0966949462890625, 0.148406982421875, -0.3699188232421875, -31.56014633178711, 15.867785453796387, -128.09271240234375, 0.45086669921875, 0.001556396484375, 0.3003082275390625, -0.840545654296875
1254910, 1260.1993408203125, 1000.0, 135.0, 264.0, 111.0, 116.0, 142.0, 74.0, 84.0, 59.0, 1000.0, 51.0, 750.0, 0.0, 666.0, 902.0, 999.0, 999.0, 976.0, 999.0, 740.0, 722.0, 0.0, 152.0, -16.96969223022461, -11.467467308044434, 45.977970123291016, -0.9116973876953125, 0.0965576171875, 0.1483001708984375, -0.3707733154296875, -31.524227142333984, 15.865243911743164, -128.08111572265625, 0.4509429931640625, 0.00164794921875, 0.3000335693359375, -0.8405914306640625
1254960, 1260.2493896484375, 1000.0, 134.0, 269.0, 111.0, 116.0, 142.0, 74.0, 83.0, 59.0, 1000.0, 51.0, 750.0, 0.0, 666.0, 902.0, 999.0, 999.0, 972.0, 999.0, 741.0, 722.0, 0.0, 151.0, -16.983423233032227, -11.49098014831543, 46.069393157958984, -0.911376953125, 0.096466064453125, 0.1486053466796875, -0.3714447021484375, -31.432018280029297, 16.044048309326172, -128.0513153076172, 0.451446533203125, 0.0032958984375, 0.299957275390625, -0.8403472900390625
1255020, 1260.3094482421875, 1000.0, 134.0, 268.0, 110.0, 116.0, 141.0, 73.0, 83.0, 59.0, 1000.0, 49.0, 750.0, 0.0, 1000.0, 895.0, 999.0, 999.0, 969.0, 999.0, 743.0, 722.0, 0.0, 150.0, -17.031627655029297, -11.707956314086914, 46.308990478515625, -0.910491943359375, 0.0957794189453125, 0.150665283203125, -0.372955322265625, -31.40497398376465, 15.625317573547363, -128.034912109375, 0.450897216796875, 0.0001678466796875, 0.2983551025390625, -0.841217041015625
1255070, 1260.3597412109375, 1000.0, 134.0, 263.0, 110.0, 115.0, 140.0, 73.0, 82.0, 59.0, 1000.0, 48.0, 750.0, 0.0, 666.0, 895.0, 999.0, 999.0, 968.0, 999.0, 745.0, 721.0, 0.0, 149.0, -16.966474533081055, -11.889178276062012, 46.488285064697266, -0.909912109375, 0.094390869140625, 0.1520233154296875, -0.3741912841796875, -31.269664764404297, 16.020732879638672, -127.98535919189453, 0.4518890380859375, 0.0035858154296875, 0.2986907958984375, -0.8405609130859375
1255100, 1260.4100341796875, 1000.0, 134.0, 259.0, 109.0, 115.0, 140.0, 72.0, 81.0, 58.0, 1000.0, 47.0, 750.0, 0.0, 666.0, 889.0, 999.0, 999.0, 969.0, 999.0, 747.0, 722.0, 0.0, 149.0, -16.903526306152344, -11.991155624389648, 46.6226692199707, -0.90948486328125, 0.093353271484375, 0.1527252197265625, -0.37518310546875, -30.690786361694336, 15.663253784179688, -127.80149841308594, 0.452667236328125, 0.0026702880859375, 0.293243408203125, -0.842071533203125
1255130, 1260.4193115234375, 1000.0, 134.0, 257.0, 109.0, 115.0, 140.0, 72.0, 81.0, 58.0, 1000.0, 47.0, 750.0, 0.0, 1000.0, 890.0, 999.0, 999.0, 969.0, 999.0, 750.0, 722.0, 0.0, 147.0, -16.82452964782715, -12.0674409866333, 46.786930084228516, -0.90899658203125, 0.0922393798828125, 0.1531982421875, -0.3764801025390625, -30.399524688720703, 15.566131591796875, -127.69422912597656, 0.4532928466796875, 0.0028076171875, 0.290771484375, -0.8425750732421875
1255180, 1260.4698486328125, 1000.0, 134.0, 259.0, 108.0, 114.0, 139.0, 72.0, 80.0, 58.0, 1000.0, 46.0, 750.0, 0.0, 1000.0, 893.0, 999.0, 999.0, 968.0, 999.0, 753.0, 722.0, 0.0, 146.0, -16.64543914794922, -12.242712020874023, 47.073631286621094, -0.9081268310546875, 0.089813232421875, 0.154205322265625, -0.37872314453125, -30.940874099731445, 15.278484344482422, -127.81305694580078, 0.4519805908203125, -0.001220703125, 0.2937774658203125, -0.842254638671875
1255230, 1260.5194091796875, 1000.0, 133.0, 258.0, 108.0, 114.0, 139.0, 71.0, 80.0, 57.0, 1000.0, 45.0, 750.0, 0.0, 1000.0, 892.0, 999.0, 999.0, 969.0, 999.0, 757.0, 722.0, 0.0, 143.0, -16.484251022338867, -12.538905143737793, 47.33547592163086, -0.90728759765625, 0.087127685546875, 0.15618896484375, -0.3805694580078125, -31.021696090698242, 15.410506248474121, -127.87800598144531, 0.4517059326171875, -0.0003662109375, 0.2948150634765625, -0.8420257568359375
1255290, 1260.5794677734375, 1000.0, 133.0, 255.0, 107.0, 113.0, 138.0, 71.0, 79.0, 57.0, 1000.0, 44.0, 750.0, 0.0, 666.0, 888.0, 999.0, 999.0, 969.0, 999.0, 762.0, 721.0, 0.0, 141.0, -16.425703048706055, -12.868016242980957, 47.69375228881836, -0.906005859375, 0.084991455078125, 0.1588287353515625, -0.3829803466796875, -29.97736167907715, 15.049070358276367, -127.60961151123047, 0.453125, 0.0003204345703125, 0.2859039306640625, -0.8443450927734375
1255340, 1260.629638671875, 1000.0, 133.0, 259.0, 106.0, 113.0, 137.0, 70.0, 78.0, 56.0, 1000.0, 42.0, 750.0, 0.0, 666.0, 894.0, 999.0, 999.0, 970.0, 999.0, 767.0, 722.0, 0.0, 138.0, -16.135629653930664, -13.182036399841309, 48.01731872558594, -0.9050140380859375, 0.08111572265625, 0.1605377197265625, -0.385467529296875, -29.479434967041016, 14.940535545349121, -127.38800811767578, 0.45458984375, 0.00091552734375, 0.2818603515625, -0.84490966796875
1255400, 1260.6895751953125, 1000.0, 132.0, 267.0, 106.0, 112.0, 136.0, 70.0, 77.0, 55.0, 1000.0, 40.0, 750.0, 0.0, 1000.0, 894.0, 999.0, 999.0, 968.0, 999.0, 777.0, 720.0, 0.0, 134.0, -15.337469100952148, -14.54784107208252, 48.30339431762695, -0.9039306640625, 0.0694427490234375, 0.1686553955078125, -0.386810302734375, -28.28257942199707, 15.390177726745605, -126.93330383300781, 0.4585418701171875, 0.0080108642578125, 0.2746124267578125, -0.845123291015625
1255450, 1260.73974609375, 1000.0, 130.0, 242.0, 104.0, 112.0, 133.0, 69.0, 75.0, 51.0, 1000.0, 37.0, 750.0, 0.0, 666.0, 921.0, 999.0, 999.0, 974.0, 999.0, 770.0, 720.0, 0.0, 132.0, -13.057174682617188, -16.543291091918945, 47.665836334228516, -0.90594482421875, 0.045166015625, 0.17620849609375, -0.3823089599609375, -26.35647201538086, 17.2031192779541, -125.81917572021484, 0.4687652587890625, 0.0269927978515625, 0.266998291015625, -0.841552734375
1255500, 1260.7896728515625, 1000.0, 129.0, 229.0, 108.0, 110.0, 128.0, 67.0, 74.0, 55.0, 1000.0, 44.0, 750.0, 0.0, 666.0, 990.0, 999.0, 999.0, 999.0, 999.0, 733.0, 725.0, 0.0, 133.0, -12.526473045349121, -14.632226943969727, 47.09248733520508, -0.909393310546875, 0.0486297607421875, 0.159271240234375, -0.381134033203125, -24.96369743347168, 20.736560821533203, -124.57701110839844, 0.481048583984375, 0.05670166015625, 0.269927978515625, -0.8321685791015625
1255560, 1260.8494873046875, 1000.0, 128.0, 238.0, 117.0, 110.0, 132.0, 64.0, 74.0, 65.0, 1000.0, 47.0, 750.0, 0.0, 666.0, 968.0, 999.0, 999.0, 999.0, 999.0, 685.0, 725.0, 0.0, 138.0, -11.841348648071289, -9.385979652404785, 47.78425598144531, -0.9097900390625, 0.06103515625, 0.1160430908203125, -0.3937835693359375, -22.01466941833496, 23.767309188842773, -121.34014892578125, 0.504791259765625, 0.0847015380859375, 0.26190185546875, -0.8181610107421875
1255610, 1260.8995361328125, 1000.0, 128.0, 240.0, 121.0, 112.0, 137.0, 75.0, 74.0, 75.0, 1000.0, 50.0, 750.0, 0.0, 1000.0, 960.0, 999.0, 999.0, 999.0, 999.0, 668.0, 731.0, 0.0, 149.0, -8.12855052947998, -4.255061626434326, 49.06509780883789, -0.90789794921875, 0.0490570068359375, 0.0630950927734375, -0.4114837646484375, -16.476444244384766, 25.43118667602539, -117.39598846435547, 0.5285186767578125, 0.1135101318359375, 0.23260498046875, -0.8084869384765625
1255670, 1260.9595947265625, 1000.0, 128.0, 254.0, 129.0, 265.0, 161.0, 756.0, 76.0, 355.0, 1000.0, 60.0, 750.0, 0.0, 666.0, 971.0, 999.0, 999.0, 999.0, 999.0, 644.0, 730.0, 0.0, 160.0, -5.088075160980225, -3.2487919330596924, 49.32863998413086, -0.90802001953125, 0.02850341796875, 0.04425048828125, -0.4155731201171875, -12.98003101348877, 27.123443603515625, -113.68209075927734, 0.5504913330078125, 0.13494873046875, 0.21942138671875, -0.794097900390625
1255720, 1261.009521484375, 1000.0, 128.0, 271.0, 142.0, 631.0, 223.0, 894.0, 80.0, 623.0, 1000.0, 63.0, 750.0, 0.0, 666.0, 969.0, 999.0, 999.0, 999.0, 999.0, 633.0, 727.0, 0.0, 175.0, -2.0535225868225098, -1.344040870666504, 48.500633239746094, -0.91162109375, 0.0115203857421875, 0.0180511474609375, -0.410430908203125, -7.553031921386719, 27.171079635620117, -110.19563293457031, 0.5676422119140625, 0.1555938720703125, 0.186614990234375, -0.786590576171875
1255770, 1261.0596923828125, 1000.0, 127.0, 322.0, 219.0, 771.0, 602.0, 921.0, 275.0, 785.0, 1000.0, 74.0, 750.0, 0.0, 1000.0, 967.0, 999.0, 999.0, 999.0, 999.0, 622.0, 710.0, 0.0, 186.0, 0.6546400785446167, -4.8600263595581055, 46.9999885559082, -0.9161224365234375, -0.0221405029296875, 0.0366058349609375, -0.3986053466796875, -6.898309707641602, 26.496902465820312, -109.08320617675781, 0.5748748779296875, 0.1523590087890625, 0.1804046630859375, -0.783416748046875
1255830, 1261.1197509765625, 1000.0, 126.0, 457.0, 405.0, 819.0, 854.0, 911.0, 847.0, 812.0, 1000.0, 133.0, 750.0, 0.0, 666.0, 940.0, 999.0, 999.0, 999.0, 999.0, 605.0, 684.0, 0.0, 352.0, 4.555419921875, -14.005931854248047, 43.596248626708984, -0.919036865234375, -0.0818634033203125, 0.0984649658203125, -0.372772216796875, -6.5881733894348145, 24.6528263092041, -109.19859313964844, 0.5749969482421875, 0.141204833984375, 0.169219970703125, -0.78790283203125
1255880, 1261.169677734375, 1000.0, 126.0, 544.0, 505.0, 793.0, 912.0, 877.0, 942.0, 789.0, 1000.0, 232.0, 750.0, 0.0, 666.0, 940.0, 999.0, 999.0, 999.0, 999.0, 591.0, 675.0, 0.0, 584.0, 8.724272727966309, -22.2519588470459, 39.83531188964844, -0.914825439453125, -0.135711669921875, 0.1554718017578125, -0.3470916748046875, -6.519021987915039, 22.17530632019043, -110.1601333618164, 0.569793701171875, 0.12548828125, 0.1556549072265625, -0.7970733642578125
1255930, 1261.219482421875, 1000.0, 125.0, 759.0, 558.0, 778.0, 946.0, 833.0, 983.0, 773.0, 1000.0, 338.0, 750.0, 0.0, 666.0, 935.0, 999.0, 999.0, 999.0, 999.0, 571.0, 734.0, 0.0, 719.0, 13.140059471130371, -34.034515380859375, 33.47093200683594, -0.900054931640625, -0.1884918212890625, 0.246917724609375, -0.30560302734375, -8.971131324768066, 19.564607620239258, -112.24807739257812, 0.5586395263671875, 0.0976715087890625, 0.1584014892578125, -0.808258056640625
1255990, 1261.279541015625, 1000.0, 128.0, 885.0, 645.0, 780.0, 974.0, 792.0, 1000.0, 796.0, 1000.0, 426.0, 750.0, 0.0, 666.0, 957.0, 999.0, 999.0, 999.0, 999.0, 551.0, 791.0, 0.0, 791.0, 22.189340591430664, -46.71337127685547, 24.17064094543457, -0.8649444580078125, -0.2541961669921875, 0.3434295654296875, -0.263214111328125, -12.312975883483887, 16.838138580322266, -114.85196685791016, 0.5427398681640625, 0.0655517578125, 0.1677703857421875, -0.820343017578125
1256040, 1261.3297119140625, 1000.0, 130.0, 902.0, 704.0, 805.0, 991.0, 804.0, 1000.0, 846.0, 1000.0, 486.0, 750.0, 0.0, 666.0, 954.0, 999.0, 999.0, 999.0, 999.0, 540.0, 808.0, 0.0, 823.0, 24.10447120666504, -50.894248962402344, 19.47422981262207, -0.8551788330078125, -0.25689697265625, 0.38226318359375, -0.2377777099609375, -15.580609321594238, 15.18596076965332, -117.89392852783203, 0.5219268798828125, 0.0428466796875, 0.1826324462890625, -0.83209228515625
1256100, 1261.3896484375, 1000.0, 136.0, 926.0, 763.0, 863.0, 1000.0, 871.0, 1000.0, 908.0, 1000.0, 615.0, 750.0, 0.0, 666.0, 424.0, 999.0, 999.0, 999.0, 999.0, 528.0, 823.0, 0.0, 839.0, 17.89156723022461, -56.94778060913086, 21.221576690673828, -0.8398284912109375, -0.2210693359375, 0.4377288818359375, -0.232757568359375, -23.72067642211914, 14.317865371704102, -121.88568115234375, 0.493988037109375, 0.007568359375, 0.23748779296875, -0.8363494873046875
1256150, 1261.4395751953125, 1000.0, 136.0, 915.0, 787.0, 894.0, 1000.0, 911.0, 1000.0, 933.0, 1000.0, 637.0, 750.0, 0.0, 666.0, 253.0, 999.0, 999.0, 999.0, 999.0, 519.0, 839.0, 0.0, 852.0, 14.792191505432129, -58.464378356933594, 22.291406631469727, -0.8368988037109375, -0.203826904296875, 0.45343017578125, -0.2289581298828125, -27.01087760925293, 13.886261940002441, -124.08819580078125, 0.4774169921875, -0.004852294921875, 0.2598724365234375, -0.8393402099609375
1256200, 1261.489501953125, 1000.0, 134.0, 901.0, 809.0, 917.0, 1000.0, 928.0, 1000.0, 947.0, 1000.0, 581.0, 750.0, 0.0, 666.0, 236.0, 999.0, 999.0, 999.0, 999.0, 505.0, 847.0, 0.0, 855.0, 8.650196075439453, -58.95329284667969, 26.438615798950195, -0.836578369140625, -0.176116943359375, 0.462646484375, -0.2346343994140625, -30.494497299194336, 13.166054725646973, -125.66146850585938, 0.4644622802734375, -0.0208892822265625, 0.282928466796875, -0.8389129638671875
1256260, 1261.549560546875, 1000.0, 135.0, 977.0, 792.0, 935.0, 1000.0, 953.0, 1000.0, 967.0, 1000.0, 441.0, 750.0, 0.0, 666.0, 221.0, 999.0, 999.0, 999.0, 999.0, 489.0, 826.0, 17.0, 848.0, 10.765652656555176, -58.538429260253906, 23.67618751525879, -0.8405914306640625, -0.1799468994140625, 0.4596099853515625, -0.223052978515625, -33.78614807128906, 12.402250289916992, -127.22724914550781, 0.45086669921875, -0.035797119140625, 0.304718017578125, -0.8381805419921875
1256310, 1261.5994873046875, 1000.0, 132.0, 982.0, 792.0, 911.0, 1000.0, 938.0, 1000.0, 951.0, 1000.0, 400.0, 750.0, 0.0, 1000.0, 244.0, 999.0, 999.0, 999.0, 999.0, 480.0, 804.0, 7.0, 849.0, 2.919240951538086, -56.973899841308594, 27.991952896118164, -0.849609375, -0.1370391845703125, 0.4572296142578125, -0.2242889404296875, -40.1030387878418, 14.125953674316406, -130.0465087890625, 0.431854248046875, -0.038970947265625, 0.357208251953125, -0.8272552490234375
1256370, 1261.6595458984375, 1000.0, 128.0, 960.0, 778.0, 901.0, 997.0, 934.0, 1000.0, 942.0, 1000.0, 385.0, 750.0, 0.0, 1000.0, 465.0, 999.0, 999.0, 999.0, 999.0, 465.0, 781.0, 7.0, 849.0, -23.27297019958496, -49.80970001220703, 45.0294075012207, -0.8531646728515625, 0.0110626220703125, 0.4510650634765625, -0.2617034912109375, -50.87870407104492, 18.017822265625, -133.82916259765625, 0.411590576171875, -0.0362701416015625, 0.4457244873046875, -0.794097900390625
1256420, 1261.7095947265625, 1000.0, 128.0, 919.0, 755.0, 825.0, 977.0, 858.0, 981.0, 859.0, 1000.0, 415.0, 1000.0, 0.0, 666.0, 277.0, 999.0, 999.0, 999.0, 999.0, 455.0, 778.0, 0.0, 852.0, -41.93750762939453, -38.06974411010742, 54.42182540893555, -0.83837890625, 0.161590576171875, 0.4255218505859375, -0.299835205078125, -61.93268585205078, 22.226171493530273, -137.7652130126953, 0.3956451416015625, -0.0277252197265625, 0.530517578125, -0.7491455078125
1256470, 1261.759521484375, 1000.0, 127.0, 894.0, 719.0, 729.0, 959.0, 690.0, 961.0, 715.0, 1000.0, 473.0, 750.0, 0.0, 1000.0, 336.0, 999.0, 999.0, 999.0, 999.0, 450.0, 778.0, 0.0, 856.0, -53.92559814453125, -27.526586532592773, 57.76847457885742, -0.8101043701171875, 0.283172607421875, 0.3983917236328125, -0.3237152099609375, -71.72848510742188, 25.568580627441406, -140.95492553710938, 0.38629150390625, -0.02191162109375, 0.598419189453125, -0.7015533447265625
1256530, 1261.819580078125, 1000.0, 129.0, 927.0, 641.0, 668.0, 931.0, 617.0, 932.0, 643.0, 1000.0, 553.0, 750.0, 0.0, 666.0, 659.0, 999.0, 999.0, 999.0, 999.0, 446.0, 759.0, 0.0, 837.0, -63.14223861694336, -16.329896926879883, 56.04545974731445, -0.7794036865234375, 0.400634765625, 0.3502960205078125, -0.3305816650390625, -78.80762481689453, 28.893510818481445, -143.633056640625, 0.3839569091796875, -0.0086822509765625, 0.6441650390625, -0.661468505859375
1256580, 1261.8692626953125, 1000.0, 129.0, 942.0, 607.0, 632.0, 920.0, 600.0, 920.0, 631.0, 1000.0, 561.0, 750.0, 0.0, 666.0, 539.0, 999.0, 999.0, 999.0, 999.0, 435.0, 750.0, 0.0, 828.0, -70.23097229003906, -7.101299285888672, 54.39931106567383, -0.7424163818359375, 0.4874725341796875, 0.3074798583984375, -0.34149169921875, -83.28507995605469, 31.22796058654785, -145.08045959472656, 0.3865509033203125, -0.0001373291015625, 0.6708221435546875, -0.632904052734375
1256640, 1261.9295654296875, 1000.0, 126.0, 962.0, 593.0, 607.0, 913.0, 604.0, 915.0, 628.0, 1000.0, 554.0, 750.0, 0.0, 666.0, 753.0, 999.0, 999.0, 999.0, 999.0, 422.0, 754.0, 0.0, 821.0, -70.66378021240234, 1.9033641815185547, 50.89217758178711, -0.7324371337890625, 0.5279541015625, 0.2362060546875, -0.3591461181640625, -81.66482543945312, 33.93490982055664, -144.43458557128906, 0.4027099609375, 0.019256591796875, 0.662933349609375, -0.630828857421875
1256690, 1261.9794921875, 1000.0, 125.0, 964.0, 584.0, 594.0, 910.0, 600.0, 909.0, 623.0, 1000.0, 552.0, 750.0, 0.0, 666.0, 765.0, 999.0, 999.0, 999.0, 999.0, 414.0, 746.0, 0.0, 819.0, -65.95795440673828, 7.969834804534912, 48.58852767944336, -0.747161865234375, 0.5189056396484375, 0.1702728271484375, -0.3787689208984375, -75.62347412109375, 36.00969696044922, -142.22581481933594, 0.4225006103515625, 0.0423126220703125, 0.6306915283203125, -0.6495361328125
1256710, 1262.0296630859375, 1000.0, 125.0, 958.0, 573.0, 590.0, 907.0, 593.0, 898.0, 615.0, 1000.0, 555.0, 750.0, 0.0, 666.0, 746.0, 999.0, 999.0, 999.0, 999.0, 412.0, 744.0, 0.0, 820.0, -64.36495208740234, 9.895072937011719, 48.652286529541016, -0.7494049072265625, 0.513580322265625, 0.152069091796875, -0.389190673828125, -73.75131225585938, 36.607025146484375, -141.39361572265625, 0.4289093017578125, 0.04876708984375, 0.6207275390625, -0.6544647216796875
1256740, 1262.0394287109375, 1000.0, 124.0, 945.0, 557.0, 583.0, 896.0, 586.0, 876.0, 597.0, 1000.0, 582.0, 750.0, 0.0, 666.0, 656.0, 999.0, 999.0, 999.0, 999.0, 410.0, 745.0, 0.0, 817.0, -61.851585388183594, 12.85518741607666, 48.735198974609375, -0.7527618408203125, 0.50482177734375, 0.12322998046875, -0.40411376953125, -70.7012710571289, 37.30160903930664, -140.0645294189453, 0.43780517578125, 0.057952880859375, 0.60430908203125, -0.66314697265625
1256800, 1262.089599609375, 1000.0, 124.0, 928.0, 542.0, 527.0, 871.0, 555.0, 843.0, 564.0, 1000.0, 614.0, 750.0, 0.0, 666.0, 703.0, 999.0, 999.0, 999.0, 999.0, 408.0, 747.0, 0.0, 813.0, -58.32045364379883, 17.63239097595215, 48.574554443359375, -0.7558441162109375, 0.493927001953125, 0.0760498046875, -0.423004150390625, -66.3524398803711, 38.79482650756836, -136.70118713378906, 0.460174560546875, 0.0679473876953125, 0.5822906494140625, -0.6667327880859375
1256850, 1262.149658203125, 1000.0, 124.0, 915.0, 517.0, 457.0, 846.0, 511.0, 806.0, 529.0, 1000.0, 665.0, 750.0, 0.0, 666.0, 539.0, 999.0, 999.0, 999.0, 999.0, 411.0, 735.0, 0.0, 809.0, -57.315879821777344, 19.64397621154785, 48.237003326416016, -0.7557220458984375, 0.492462158203125, 0.0564727783203125, -0.427978515625, -63.61014175415039, 38.09803009033203, -132.62527465820312, 0.4802398681640625, 0.053863525390625, 0.567626953125, -0.6665191650390625
1256910, 1262.19970703125, 1000.0, 128.0, 882.0, 504.0, 364.0, 831.0, 424.0, 782.0, 462.0, 1000.0, 711.0, 750.0, 0.0, 666.0, 648.0, 999.0, 999.0, 999.0, 999.0, 415.0, 727.0, 0.0, 801.0, -58.88805389404297, 26.827316284179688, 48.74090576171875, -0.7245330810546875, 0.5189056396484375, 0.0132904052734375, -0.453399658203125, -65.42462158203125, 37.600250244140625, -131.12193298339844, 0.4880828857421875, 0.0352020263671875, 0.5779266357421875, -0.653076171875
1256920, 1262.2496337890625, 1000.0, 128.0, 873.0, 501.0, 350.0, 829.0, 407.0, 779.0, 450.0, 1000.0, 724.0, 750.0, 0.0, 666.0, 643.0, 999.0, 999.0, 999.0, 999.0, 416.0, 726.0, 0.0, 800.0, -59.23161697387695, 26.883922576904297, 48.822654724121094, -0.72247314453125, 0.5211944580078125, 0.014617919921875, -0.4540557861328125, -65.66915893554688, 37.61688995361328, -131.0153350830078, 0.4888153076171875, 0.0337371826171875, 0.579376220703125, -0.6513214111328125
1256960, 1262.2593994140625, 1000.0, 129.0, 849.0, 483.0, 312.0, 822.0, 354.0, 779.0, 423.0, 1000.0, 785.0, 750.0, 0.0, 666.0, 567.0, 999.0, 999.0, 999.0, 999.0, 416.0, 720.0, 0.0, 795.0, -59.59805679321289, 27.51354217529297, 49.271785736083984, -0.716888427734375, 0.5247802734375, 0.013641357421875, -0.458770751953125, -65.00108337402344, 36.769866943359375, -130.37623596191406, 0.4896697998046875, 0.0274810791015625, 0.574432373046875, -0.65533447265625
1257010, 1262.309326171875, 1000.0, 129.0, 838.0, 454.0, 291.0, 802.0, 312.0, 787.0, 402.0, 1000.0, 823.0, 1000.0, 0.0, 1000.0, 491.0, 999.0, 999.0, 999.0, 999.0, 415.0, 715.0, 0.0, 790.0, -58.446083068847656, 26.04673957824707, 49.96329116821289, -0.7242584228515625, 0.5142059326171875, 0.022613525390625, -0.4588165283203125, -65.63400268554688, 36.73438262939453, -130.15968322753906, 0.490936279296875, 0.0234375, 0.578033447265625, -0.6513671875
1257050, 1262.3597412109375, 1000.0, 129.0, 837.0, 441.0, 287.0, 789.0, 298.0, 787.0, 396.0, 1000.0, 830.0, 750.0, 0.0, 666.0, 473.0, 999.0, 999.0, 999.0, 999.0, 415.0, 713.0, 0.0, 787.0, -59.817935943603516, 26.11896324157715, 48.866031646728516, -0.72216796875, 0.5232391357421875, 0.0225830078125, -0.45184326171875, -66.73950958251953, 36.61415100097656, -129.39613342285156, 0.49505615234375, 0.01397705078125, 0.5842132568359375, -0.6429595947265625
1257070, 1262.369384765625, 1000.0, 129.0, 841.0, 437.0, 287.0, 786.0, 295.0, 787.0, 395.0, 1000.0, 829.0, 750.0, 0.0, 1000.0, 438.0, 999.0, 999.0, 999.0, 999.0, 415.0, 712.0, 0.0, 784.0, -60.35761260986328, 25.986221313476562, 48.51652526855469, -0.7215118408203125, 0.52642822265625, 0.0240478515625, -0.4491119384765625, -67.08977508544922, 36.510841369628906, -129.01966857910156, 0.4968719482421875, 0.00982666015625, 0.5860443115234375, -0.63995361328125
1257120, 1262.419921875, 1000.0, 129.0, 852.0, 435.0, 288.0, 784.0, 290.0, 790.0, 392.0, 1000.0, 810.0, 750.0, 0.0, 666.0, 458.0, 999.0, 999.0, 999.0, 999.0, 415.0, 706.0, 0.0, 778.0, -63.51789093017578, 26.02033042907715, 47.65771484375, -0.7099456787109375, 0.54644775390625, 0.0320892333984375, -0.443084716796875, -67.87895202636719, 36.104148864746094, -128.72079467773438, 0.497283935546875, 0.0020751953125, 0.5897979736328125, -0.6362457275390625
1257170, 1262.4696044921875, 1000.0, 129.0, 858.0, 437.0, 304.0, 785.0, 300.0, 782.0, 397.0, 1000.0, 769.0, 750.0, 0.0, 666.0, 613.0, 999.0, 999.0, 999.0, 999.0, 412.0, 701.0, 0.0, 773.0, -64.41441345214844, 25.485488891601562, 47.6146240234375, -0.7075958251953125, 0.5509490966796875, 0.039093017578125, -0.4406890869140625, -67.46387481689453, 35.10893249511719, -127.80766296386719, 0.4991912841796875, -0.00762939453125, 0.5858001708984375, -0.638397216796875
1257230, 1262.529541015625, 1000.0, 129.0, 853.0, 439.0, 318.0, 786.0, 315.0, 774.0, 400.0, 1000.0, 752.0, 750.0, 0.0, 1000.0, 804.0, 999.0, 999.0, 999.0, 999.0, 411.0, 698.0, 0.0, 766.0, -63.787254333496094, 25.09905433654785, 48.0572509765625, -0.710174560546875, 0.546142578125, 0.04150390625, -0.4423065185546875, -64.48502349853516, 34.175296783447266, -125.49564361572266, 0.509552001953125, -0.0125732421875, 0.567138671875, -0.6469268798828125
1257280, 1262.57958984375, 1000.0, 128.0, 850.0, 438.0, 322.0, 783.0, 324.0, 767.0, 401.0, 1000.0, 725.0, 750.0, 0.0, 666.0, 860.0, 999.0, 999.0, 999.0, 999.0, 409.0, 695.0, 0.0, 760.0, -63.498504638671875, 25.439687728881836, 48.4160041809082, -0.7090301513671875, 0.544921875, 0.039703369140625, -0.44580078125, -62.53120803833008, 34.16792297363281, -123.96366882324219, 0.518402099609375, -0.0113677978515625, 0.555908203125, -0.649658203125
1257300, 1262.6295166015625, 1000.0, 128.0, 849.0, 437.0, 322.0, 781.0, 326.0, 765.0, 401.0, 1000.0, 721.0, 1000.0, 0.0, 666.0, 866.0, 999.0, 999.0, 999.0, 999.0, 408.0, 695.0, 0.0, 759.0, -63.321250915527344, 25.44013214111328, 48.60056686401367, -0.7091522216796875, 0.54376220703125, 0.039886474609375, -0.4470062255859375, -63.1325569152832, 33.65399932861328, -124.16043090820312, 0.5157623291015625, -0.0166778564453125, 0.5582275390625, -0.649658203125
1257340, 1262.639404296875, 1000.0, 128.0, 842.0, 436.0, 324.0, 778.0, 327.0, 761.0, 401.0, 1000.0, 717.0, 750.0, 0.0, 666.0, 914.0, 999.0, 999.0, 999.0, 999.0, 407.0, 694.0, 0.0, 756.0, -62.309593200683594, 25.298992156982422, 49.002769470214844, -0.7128143310546875, 0.53704833984375, 0.038818359375, -0.449371337890625, -63.13833999633789, 33.598426818847656, -124.13494110107422, 0.5157470703125, -0.0172119140625, 0.558135986328125, -0.6497344970703125
1257390, 1262.6898193359375, 1000.0, 128.0, 837.0, 435.0, 325.0, 777.0, 326.0, 759.0, 401.0, 1000.0, 714.0, 750.0, 0.0, 1000.0, 991.0, 999.0, 999.0, 999.0, 999.0, 407.0, 693.0, 0.0, 755.0, -61.80288314819336, 25.14181900024414, 49.23733139038086, -0.71478271484375, 0.533477783203125, 0.039031982421875, -0.4504852294921875, -64.85423278808594, 33.96128845214844, -125.00135040283203, 0.51165771484375, -0.0181427001953125, 0.5687255859375, -0.6437530517578125
1257440, 1262.739501953125, 1000.0, 128.0, 831.0, 436.0, 330.0, 778.0, 336.0, 757.0, 406.0, 1000.0, 698.0, 750.0, 0.0, 666.0, 979.0, 999.0, 999.0, 999.0, 999.0, 406.0, 691.0, 0.0, 752.0, -63.150230407714844, 24.84040069580078, 48.819313049316406, -0.711090087890625, 0.5413665771484375, 0.044464111328125, -0.446380615234375, -66.37374114990234, 33.49614715576172, -125.72944641113281, 0.5058746337890625, -0.024444580078125, 0.576446533203125, -0.6412353515625
1257500, 1262.7994384765625, 1000.0, 128.0, 824.0, 434.0, 335.0, 775.0, 348.0, 752.0, 410.0, 1000.0, 692.0, 750.0, 0.0, 666.0, 989.0, 999.0, 999.0, 999.0, 999.0, 405.0, 690.0, 0.0, 750.0, -64.36540985107422, 24.290700912475586, 48.332427978515625, -0.709014892578125, 0.5479583740234375, 0.0507049560546875, -0.4409637451171875, -66.94766998291016, 33.47862243652344, -126.02165222167969, 0.504058837890625, -0.0256195068359375, 0.579681396484375, -0.6396942138671875
1257550, 1262.849609375, 1000.0, 128.0, 822.0, 432.0, 340.0, 772.0, 357.0, 746.0, 413.0, 1000.0, 689.0, 750.0, 0.0, 666.0, 999.0, 999.0, 999.0, 999.0, 999.0, 405.0, 689.0, 0.0, 748.0, -64.96200561523438, 24.02899932861328, 48.32955551147461, -0.7070159912109375, 0.5511016845703125, 0.0548095703125, -0.4397430419921875, -67.35920715332031, 33.39411544799805, -126.25135040283203, 0.502410888671875, -0.0268402099609375, 0.5818634033203125, -0.638946533203125
1257610, 1262.909423828125, 1000.0, 128.0, 819.0, 431.0, 343.0, 771.0, 369.0, 741.0, 417.0, 1000.0, 686.0, 750.0, 0.0, 666.0, 952.0, 999.0, 999.0, 999.0, 999.0, 403.0, 689.0, 0.0, 743.0, -65.68598937988281, 23.81977653503418, 48.32882308959961, -0.7042083740234375, 0.5551300048828125, 0.0590362548828125, -0.438629150390625, -67.8034439086914, 33.31586456298828, -126.25922393798828, 0.50201416015625, -0.0292816162109375, 0.584197998046875, -0.6370391845703125
1257660, 1262.959716796875, 1000.0, 129.0, 818.0, 431.0, 345.0, 770.0, 374.0, 737.0, 419.0, 1000.0, 685.0, 750.0, 0.0, 666.0, 912.0, 999.0, 999.0, 999.0, 999.0, 403.0, 688.0, 0.0, 741.0, -65.89385986328125, 23.689970016479492, 48.516868591308594, -0.702911376953125, 0.5560455322265625, 0.0616455078125, -0.439208984375, -68.21382904052734, 33.107418060302734, -126.3481674194336, 0.500732421875, -0.03204345703125, 0.5861053466796875, -0.6361541748046875
1257710, 1263.009765625, 1000.0, 129.0, 817.0, 430.0, 345.0, 769.0, 375.0, 735.0, 420.0, 1000.0, 686.0, 750.0, 0.0, 666.0, 863.0, 999.0, 999.0, 999.0, 999.0, 402.0, 687.0, 0.0, 740.0, -66.0998306274414, 23.667034149169922, 48.67332077026367, -0.701385498046875, 0.5571746826171875, 0.0633544921875, -0.439971923828125, -68.6567611694336, 32.55378341674805, -126.48934936523438, 0.4980010986328125, -0.037017822265625, 0.5875701904296875, -0.636688232421875
1257770, 1263.0697021484375, 1000.0, 129.0, 816.0, 430.0, 344.0, 767.0, 368.0, 735.0, 419.0, 1000.0, 684.0, 1000.0, 0.0, 1000.0, 743.0, 999.0, 999.0, 999.0, 999.0, 402.0, 686.0, 0.0, 738.0, -65.95002746582031, 22.635211944580078, 48.869754791259766, -0.7047271728515625, 0.553985595703125, 0.0708770751953125, -0.4375152587890625, -68.73553466796875, 32.299625396728516, -126.53282165527344, 0.49688720703125, -0.0388641357421875, 0.5875396728515625, -0.6374664306640625
1257820, 1263.1195068359375, 1000.0, 129.0, 816.0, 431.0, 340.0, 767.0, 359.0, 736.0, 418.0, 1000.0, 687.0, 750.0, 0.0, 666.0, 717.0, 999.0, 999.0, 999.0, 999.0, 401.0, 686.0, 0.0, 737.0, -66.2126235961914, 22.736186981201172, 48.79124069213867, -0.70343017578125, 0.5558624267578125, 0.07080078125, -0.4372406005859375, -68.93766021728516, 32.038143157958984, -126.74909973144531, 0.4947357177734375, -0.0404052734375, 0.5882415771484375, -0.6383819580078125
1257880, 1263.179443359375, 1000.0, 129.0, 816.0, 430.0, 339.0, 765.0, 350.0, 734.0, 416.0, 1000.0, 684.0, 750.0, 0.0, 666.0, 711.0, 999.0, 999.0, 999.0, 999.0, 400.0, 685.0, 0.0, 735.0, -66.44751739501953, 22.746580123901367, 48.700401306152344, -0.7025909423828125, 0.557373046875, 0.0711822509765625, -0.4365692138671875, -69.13500213623047, 32.514503479003906, -127.10738372802734, 0.4942779541015625, -0.0361785888671875, 0.5903472900390625, -0.637054443359375
1257930, 1263.229736328125, 1000.0, 129.0, 816.0, 429.0, 338.0, 766.0, 350.0, 734.0, 417.0, 1000.0, 683.0, 750.0, 0.0, 1000.0, 703.0, 999.0, 999.0, 999.0, 999.0, 400.0, 684.0, 0.0, 735.0, -66.667236328125, 22.866052627563477, 48.64769744873047, -0.7013397216796875, 0.5590057373046875, 0.0709381103515625, -0.436553955078125, -69.14877319335938, 33.05952835083008, -127.27355194091797, 0.49517822265625, -0.03167724609375, 0.591461181640625, -0.63555908203125
1257980, 1263.279541015625, 1000.0, 129.0, 815.0, 429.0, 336.0, 766.0, 350.0, 733.0, 417.0, 1000.0, 683.0, 750.0, 0.0, 666.0, 696.0, 999.0, 999.0, 999.0, 999.0, 399.0, 683.0, 0.0, 735.0, -67.08966827392578, 22.8946475982666, 48.50593948364258, -0.6997222900390625, 0.561737060546875, 0.0716552734375, -0.4355316162109375, -68.14750671386719, 32.88855743408203, -126.80128479003906, 0.4975128173828125, -0.0309295654296875, 0.58544921875, -0.6393280029296875
1258040, 1263.3399658203125, 1000.0, 130.0, 815.0, 430.0, 335.0, 767.0, 353.0, 731.0, 417.0, 1000.0, 680.0, 750.0, 0.0, 666.0, 719.0, 999.0, 999.0, 999.0, 999.0, 398.0, 684.0, 0.0, 733.0, -67.34606170654297, 22.969289779663086, 48.53958511352539, -0.698089599609375, 0.5634307861328125, 0.0722808837890625, -0.43585205078125, -68.72686004638672, 32.66960525512695, -127.16809844970703, 0.4945831298828125, -0.033050537109375, 0.58837890625, -0.6388092041015625
1258090, 1263.3895263671875, 1000.0, 130.0, 814.0, 429.0, 335.0, 766.0, 360.0, 729.0, 417.0, 1000.0, 681.0, 750.0, 0.0, 666.0, 695.0, 999.0, 999.0, 999.0, 999.0, 398.0, 682.0, 0.0, 732.0, -67.10951232910156, 22.714719772338867, 48.74842834472656, -0.69927978515625, 0.5613250732421875, 0.07415771484375, -0.4363250732421875, -68.96196746826172, 32.70964431762695, -127.2975082397461, 0.493927001953125, -0.0331268310546875, 0.5897979736328125, -0.63800048828125
1258150, 1263.4495849609375, 1000.0, 130.0, 814.0, 430.0, 334.0, 767.0, 360.0, 729.0, 417.0, 1000.0, 680.0, 750.0, 0.0, 666.0, 701.0, 999.0, 999.0, 999.0, 999.0, 397.0, 682.0, 0.0, 731.0, -67.38213348388672, 22.59553337097168, 48.79267501831055, -0.6981658935546875, 0.562713623046875, 0.07623291015625, -0.43597412109375, -69.24539184570312, 32.45395278930664, -127.42748260498047, 0.4922637939453125, -0.0354156494140625, 0.5909576416015625, -0.6381072998046875
1258200, 1263.4996337890625, 1000.0, 130.0, 813.0, 430.0, 334.0, 766.0, 361.0, 728.0, 417.0, 1000.0, 680.0, 750.0, 0.0, 666.0, 699.0, 999.0, 999.0, 999.0, 999.0, 397.0, 681.0, 0.0, 731.0, -67.65914154052734, 22.25524139404297, 48.739234924316406, -0.6981201171875, 0.5637359619140625, 0.0793609619140625, -0.4341888427734375, -69.3374252319336, 32.50373458862305, -127.47101593017578, 0.492156982421875, -0.035247802734375, 0.5915679931640625, -0.6376190185546875
1258250, 1263.5494384765625, 1000.0, 130.0, 813.0, 429.0, 334.0, 766.0, 361.0, 728.0, 417.0, 1000.0, 679.0, 1000.0, 0.0, 1000.0, 692.0, 999.0, 999.0, 999.0, 999.0, 396.0, 681.0, 0.0, 730.0, -67.58229064941406, 22.27851676940918, 48.809410095214844, -0.698150634765625, 0.563262939453125, 0.079254150390625, -0.43475341796875, -69.53546142578125, 32.46664047241211, -127.57205963134766, 0.4914093017578125, -0.03582763671875, 0.5926361083984375, -0.637176513671875
