57410, 57.859092712402344, 1000.0, 52.0, 288.0, 62.0, 146.0, 16.0, 65.0, 0.0, 21.0, 1000.0, 0.0, 1000.0, 0.0, 1000.0, 912.0, 999.0, 999.0, 999.0, 999.0, 318.0, 285.0, 0.0, 0.0, , 0.1490478515625, -0.0320892333984375, -0.17364501953125, 0.972930908203125, , 0.9609527587890625, -0.2119140625, 0.040435791015625, -0.173248291015625
57420, 57.86919403076172, 1000.0, 52.0, 288.0, 62.0, 147.0, 16.0, 65.0, 0.0, 21.0, 1000.0, 0.0, 1000.0, 0.0, 1000.0, 910.0, 999.0, 999.0, 999.0, 999.0, 317.0, 284.0, 0.0, 0.0, , 0.148956298828125, -0.031646728515625, -0.174102783203125, 0.972869873046875, , 0.9608001708984375, -0.2125701904296875, 0.040557861328125, -0.1732330322265625
57430, 57.879150390625, 1000.0, 52.0, 288.0, 62.0, 147.0, 16.0, 65.0, 0.0, 20.0, 1000.0, 0.0, 1000.0, 0.0, 1000.0, 910.0, 999.0, 999.0, 999.0, 999.0, 318.0, 281.0, 0.0, 0.0, , 0.1489105224609375, -0.031341552734375, -0.1746826171875, 0.9727935791015625, , 0.9608612060546875, -0.212310791015625, 0.0401763916015625, -0.17327880859375
57440, 57.8892822265625, 1000.0, 52.0, 288.0, 62.0, 147.0, 16.0, 64.0, 0.0, 21.0, 1000.0, 0.0, 1000.0, 0.0, 1000.0, 907.0, 999.0, 999.0, 999.0, 999.0, 318.0, 282.0, 0.0, 0.0, , 0.148956298828125, -0.031097412109375, -0.175201416015625, 0.972686767578125, , 0.9611053466796875, -0.21124267578125, 0.0405731201171875, -0.1731414794921875
57450, 57.899105072021484, 1000.0, 52.0, 289.0, 62.0, 148.0, 16.0, 64.0, 0.0, 21.0, 1000.0, 0.0, 1000.0, 0.0, 1000.0, 908.0, 999.0, 999.0, 999.0, 999.0, 317.0, 283.0, 0.0, 0.0, , 0.148895263671875, -0.030914306640625, -0.175018310546875, 0.972747802734375, , 0.961029052734375, -0.21160888671875, 0.039306640625, -0.173431396484375
57460, 57.90913391113281, 1000.0, 52.0, 288.0, 62.0, 148.0, 16.0, 65.0, 0.0, 22.0, 1000.0, 0.0, 1000.0, 0.0, 1000.0, 907.0, 999.0, 999.0, 999.0, 999.0, 318.0, 283.0, 0.0, 0.0, , 0.148834228515625, -0.030731201171875, -0.174591064453125, 0.9728240966796875, , 0.9611968994140625, -0.2108612060546875, 0.0395965576171875, -0.1733551025390625
57470, 57.919212341308594, 1000.0, 52.0, 288.0, 62.0, 148.0, 15.0, 64.0, 0.0, 21.0, 1000.0, 0.0, 1000.0, 0.0, 1000.0, 910.0, 999.0, 999.0, 999.0, 999.0, 320.0, 283.0, 0.0, 0.0, , 0.1487274169921875, -0.030731201171875, -0.1740875244140625, 0.972930908203125, , 0.961395263671875, -0.2099456787109375, 0.0389556884765625, -0.173492431640625
57480, 57.92914962768555, 1000.0, 53.0, 287.0, 62.0, 148.0, 15.0, 64.0, 0.0, 21.0, 1000.0, 0.0, 1000.0, 0.0, 1000.0, 906.0, 999.0, 999.0, 999.0, 999.0, 320.0, 284.0, 0.0, 0.0, , 0.1485595703125, -0.031097412109375, -0.173553466796875, 0.973052978515625, , 0.9614410400390625, -0.2097320556640625, 0.03912353515625, -0.1734466552734375
57490, 57.93984603881836, 1000.0, 53.0, 286.0, 62.0, 147.0, 15.0, 63.0, 0.0, 20.0, 1000.0, 0.0, 1000.0, 0.0, 1000.0, 907.0, 999.0, 999.0, 999.0, 999.0, 318.0, 282.0, 0.0, 0.0, , 0.148406982421875, -0.031280517578125, -0.17327880859375, 0.973114013671875, , 0.961517333984375, -0.2094268798828125, 0.039215087890625, -0.1733856201171875
57500, 57.94913101196289, 1000.0, 52.0, 286.0, 62.0, 147.0, 15.0, 63.0, 0.0, 21.0, 1000.0, 0.0, 1000.0, 0.0, 1000.0, 904.0, 999.0, 999.0, 999.0, 999.0, 317.0, 284.0, 0.0, 0.0, , 0.1482696533203125, -0.0314178466796875, -0.173004150390625, 0.973175048828125, , 0.9614410400390625, -0.2097930908203125, 0.03948974609375, -0.1732940673828125
57510, 57.95942687988281, 1000.0, 52.0, 286.0, 62.0, 147.0, 15.0, 64.0, 0.0, 21.0, 1000.0, 0.0, 1000.0, 0.0, 1000.0, 907.0, 999.0, 999.0, 999.0, 999.0, 317.0, 284.0, 0.0, 0.0, , 0.1481170654296875, -0.0314178466796875, -0.1725006103515625, 0.973297119140625, , 0.96099853515625, -0.211883544921875, 0.0393524169921875, -0.1732635498046875
57520, 57.969425201416016, 1000.0, 52.0, 286.0, 62.0, 147.0, 15.0, 64.0, 0.0, 21.0, 1000.0, 0.0, 1000.0, 0.0, 1000.0, 904.0, 999.0, 999.0, 999.0, 999.0, 317.0, 283.0, 0.0, 0.0, , 0.147979736328125, -0.0313568115234375, -0.17218017578125, 0.9733734130859375, , 0.9610443115234375, -0.211700439453125, 0.037506103515625, -0.173614501953125
57530, 57.97955322265625, 1000.0, 52.0, 287.0, 62.0, 147.0, 15.0, 64.0, 0.0, 21.0, 1000.0, 0.0, 1000.0, 0.0, 1000.0, 904.0, 999.0, 999.0, 999.0, 999.0, 317.0, 282.0, 0.0, 0.0, , 0.1478729248046875, -0.0312652587890625, -0.1714630126953125, 0.9735107421875, , 0.9607696533203125, -0.21307373046875, 0.037567138671875, -0.1735076904296875
57540, 57.99910354614258, 1000.0, 52.0, 288.0, 62.0, 146.0, 15.0, 64.0, 0.0, 21.0, 1000.0, 0.0, 1000.0, 0.0, 1000.0, 902.0, 999.0, 999.0, 999.0, 999.0, 317.0, 282.0, 0.0, 0.0, , 0.1476898193359375, -0.0313720703125, -0.1710357666015625, 0.9736175537109375, , 0.96099853515625, -0.212127685546875, 0.0373077392578125, -0.1734466552734375
57550, 58.00947570800781, 1000.0, 52.0, 287.0, 61.0, 146.0, 15.0, 64.0, 0.0, 21.0, 1000.0, 0.0, 1000.0, 0.0, 1000.0, 903.0, 999.0, 999.0, 999.0, 999.0, 318.0, 282.0, 0.0, 0.0, , 0.1475372314453125, -0.031341552734375, -0.1710052490234375, 0.9736480712890625, , 0.960845947265625, -0.2129058837890625, 0.0371856689453125, -0.173370361328125
57560, 58.01929473876953, 1000.0, 52.0, 287.0, 61.0, 148.0, 15.0, 63.0, 0.0, 21.0, 1000.0, 0.0, 1000.0, 0.0, 1000.0, 901.0, 999.0, 999.0, 999.0, 999.0, 317.0, 282.0, 0.0, 0.0, , 0.14739990234375, -0.031341552734375, -0.1709747314453125, 0.9736785888671875, , 0.9609527587890625, -0.212432861328125, 0.0376434326171875, -0.1732177734375
57570, 58.02930450439453, 1000.0, 52.0, 288.0, 61.0, 148.0, 15.0, 63.0, 0.0, 20.0, 1000.0, 0.0, 1000.0, 0.0, 1000.0, 901.0, 999.0, 999.0, 999.0, 999.0, 318.0, 281.0, 0.0, 0.0, , 0.147247314453125, -0.0312957763671875, -0.1710052490234375, 0.97369384765625, , 0.9609832763671875, -0.212310791015625, 0.0371246337890625, -0.17327880859375
57580, 58.03937530517578, 1000.0, 52.0, 287.0, 61.0, 148.0, 15.0, 63.0, 0.0, 20.0, 1000.0, 0.0, 1000.0, 0.0, 1000.0, 898.0, 999.0, 999.0, 999.0, 999.0, 318.0, 282.0, 0.0, 0.0, , 0.1471099853515625, -0.0312652587890625, -0.1710052490234375, 0.9737091064453125, , 0.96112060546875, -0.21173095703125, 0.0381317138671875, -0.1730194091796875
57590, 58.049102783203125, 1000.0, 52.0, 286.0, 62.0, 148.0, 15.0, 63.0, 0.0, 20.0, 1000.0, 0.0, 1000.0, 0.0, 1000.0, 901.0, 999.0, 999.0, 999.0, 999.0, 318.0, 282.0, 0.0, 0.0, , 0.1469879150390625, -0.03125, -0.171051025390625, 0.973724365234375, , 0.9610748291015625, -0.2119140625, 0.036834716796875, -0.1732940673828125
57600, 58.059547424316406, 1000.0, 53.0, 286.0, 62.0, 148.0, 15.0, 63.0, 0.0, 19.0, 1000.0, 0.0, 1000.0, 0.0, 1000.0, 902.0, 999.0, 999.0, 999.0, 999.0, 318.0, 280.0, 0.0, 0.0, , 0.1468658447265625, -0.031280517578125, -0.1711578369140625, 0.973724365234375, , 0.960968017578125, -0.212432861328125, 0.035125732421875, -0.1737060546875
57610, 58.06931686401367, 1000.0, 53.0, 286.0, 62.0, 148.0, 15.0, 63.0, 0.0, 19.0, 1000.0, 0.0, 1000.0, 0.0, 1000.0, 902.0, 999.0, 999.0, 999.0, 999.0, 318.0, 280.0, 0.0, 0.0, , 0.1468658447265625, -0.031280517578125, -0.1711578369140625, 0.973724365234375, , 0.961181640625, -0.2113800048828125, 0.03509521484375, -0.1737823486328125
57620, 58.079551696777344, 1000.0, 52.0, 287.0, 62.0, 148.0, 15.0, 62.0, 0.0, 19.0, 1000.0, 0.0, 1000.0, 0.0, 1000.0, 904.0, 999.0, 999.0, 999.0, 999.0, 318.0, 280.0, 0.0, 0.0, , 0.1465911865234375, -0.0313262939453125, -0.1713104248046875, 0.9737396240234375, , 0.96142578125, -0.210174560546875, 0.0360107421875, -0.1736907958984375
57630, 58.0893669128418, 1000.0, 52.0, 287.0, 61.0, 148.0, 14.0, 63.0, 0.0, 21.0, 1000.0, 0.0, 1000.0, 0.0, 1000.0, 906.0, 999.0, 999.0, 999.0, 999.0, 318.0, 282.0, 0.0, 0.0, , 0.14642333984375, -0.031341552734375, -0.1714630126953125, 0.9737396240234375, , 0.9614105224609375, -0.2101593017578125, 0.0348052978515625, -0.174041748046875
57640, 58.09922409057617, 1000.0, 52.0, 286.0, 61.0, 148.0, 14.0, 63.0, 0.0, 21.0, 1000.0, 0.0, 1000.0, 0.0, 1000.0, 906.0, 999.0, 999.0, 999.0, 999.0, 318.0, 283.0, 0.0, 0.0, , 0.1462554931640625, -0.0312957763671875, -0.1715850830078125, 0.9737396240234375, , 0.9615325927734375, -0.2095184326171875, 0.034881591796875, -0.1741180419921875
57650, 58.10913848876953, 1000.0, 52.0, 285.0, 61.0, 148.0, 14.0, 63.0, 0.0, 20.0, 1000.0, 0.0, 1000.0, 0.0, 1000.0, 905.0, 999.0, 999.0, 999.0, 999.0, 318.0, 282.0, 0.0, 0.0, , 0.1461334228515625, -0.0312347412109375, -0.171661376953125, 0.9737396240234375, , 0.9610443115234375, -0.2116546630859375, 0.0351715087890625, -0.1741485595703125
57660, 58.11927032470703, 1000.0, 53.0, 286.0, 61.0, 148.0, 14.0, 63.0, 0.0, 20.0, 1000.0, 0.0, 1000.0, 0.0, 1000.0, 902.0, 999.0, 999.0, 999.0, 999.0, 316.0, 285.0, 0.0, 0.0, , 0.1460418701171875, -0.0311279296875, -0.171661376953125, 0.9737701416015625, , 0.960693359375, -0.213226318359375, 0.0351104736328125, -0.1742401123046875
57670, 58.129249572753906, 1000.0, 52.0, 286.0, 61.0, 148.0, 14.0, 63.0, 0.0, 20.0, 1000.0, 0.0, 1000.0, 0.0, 1000.0, 903.0, 999.0, 999.0, 999.0, 999.0, 316.0, 284.0, 0.0, 0.0, , 0.14593505859375, -0.031036376953125, -0.1716156005859375, 0.973785400390625, , 0.96026611328125, -0.2150726318359375, 0.0365753173828125, -0.173980712890625
57680, 58.13924026489258, 1000.0, 52.0, 288.0, 61.0, 148.0, 14.0, 63.0, 0.0, 21.0, 1000.0, 0.0, 1000.0, 0.0, 1000.0, 905.0, 999.0, 999.0, 999.0, 999.0, 317.0, 283.0, 0.0, 0.0, , 0.1458587646484375, -0.030853271484375, -0.171600341796875, 0.97381591796875, , 0.9602813720703125, -0.2149505615234375, 0.0382232666015625, -0.1737060546875
57690, 58.14921569824219, 1000.0, 52.0, 289.0, 61.0, 148.0, 14.0, 63.0, 0.0, 20.0, 1000.0, 0.0, 1000.0, 0.0, 1000.0, 903.0, 999.0, 999.0, 999.0, 999.0, 317.0, 282.0, 0.0, 0.0, , 0.145782470703125, -0.0307159423828125, -0.171630859375, 0.97381591796875, , 0.9602813720703125, -0.21490478515625, 0.04010009765625, -0.1733245849609375
57700, 58.159141540527344, 1000.0, 53.0, 286.0, 61.0, 148.0, 14.0, 63.0, 0.0, 20.0, 1000.0, 0.0, 1000.0, 0.0, 1000.0, 908.0, 999.0, 999.0, 999.0, 999.0, 317.0, 282.0, 0.0, 0.0, , 0.1456451416015625, -0.0303802490234375, -0.1717376708984375, 0.9738311767578125, , 0.96014404296875, -0.2154541015625, 0.036956787109375, -0.174072265625
57710, 58.169189453125, 1000.0, 52.0, 287.0, 61.0, 148.0, 14.0, 63.0, 0.0, 20.0, 1000.0, 0.0, 1000.0, 0.0, 1000.0, 906.0, 999.0, 999.0, 999.0, 999.0, 317.0, 281.0, 0.0, 0.0, , 0.145660400390625, -0.0303497314453125, -0.172027587890625, 0.973785400390625, , 0.960968017578125, -0.2117919921875, 0.0360565185546875, -0.174224853515625
57720, 58.179141998291016, 1000.0, 52.0, 287.0, 61.0, 148.0, 14.0, 63.0, 0.0, 19.0, 1000.0, 0.0, 1000.0, 0.0, 1000.0, 907.0, 999.0, 999.0, 999.0, 999.0, 317.0, 281.0, 0.0, 0.0, , 0.145599365234375, -0.0302734375, -0.1721649169921875, 0.9737701416015625, , 0.9617462158203125, -0.208282470703125, 0.0384979248046875, -0.1736297607421875
57730, 58.189247131347656, 1000.0, 52.0, 288.0, 61.0, 148.0, 14.0, 62.0, 0.0, 19.0, 1000.0, 0.0, 1000.0, 0.0, 1000.0, 911.0, 999.0, 999.0, 999.0, 999.0, 317.0, 281.0, 0.0, 0.0, , 0.145477294921875, -0.0303192138671875, -0.17230224609375, 0.9737548828125, , 0.961883544921875, -0.20770263671875, 0.0385589599609375, -0.1735992431640625
57740, 58.199100494384766, 1000.0, 52.0, 288.0, 61.0, 148.0, 14.0, 63.0, 0.0, 20.0, 1000.0, 0.0, 1000.0, 0.0, 1000.0, 910.0, 999.0, 999.0, 999.0, 999.0, 317.0, 281.0, 0.0, 0.0, , 0.1454010009765625, -0.03033447265625, -0.1724090576171875, 0.9737548828125, , 0.962310791015625, -0.205780029296875, 0.0364227294921875, -0.173980712890625
57750, 58.20954513549805, 1000.0, 52.0, 287.0, 61.0, 149.0, 14.0, 63.0, 0.0, 19.0, 1000.0, 0.0, 1000.0, 0.0, 1000.0, 907.0, 999.0, 999.0, 999.0, 999.0, 316.0, 283.0, 0.0, 0.0, , 0.1453094482421875, -0.030303955078125, -0.17254638671875, 0.9737396240234375, , 0.9622344970703125, -0.206146240234375, 0.0367431640625, -0.17388916015625
57760, 58.219200134277344, 1000.0, 52.0, 288.0, 61.0, 148.0, 14.0, 63.0, 0.0, 18.0, 1000.0, 0.0, 1000.0, 0.0, 1000.0, 910.0, 999.0, 999.0, 999.0, 999.0, 315.0, 283.0, 0.0, 0.0, , 0.145172119140625, -0.0303192138671875, -0.172698974609375, 0.9737396240234375, , 0.9618988037109375, -0.2076873779296875, 0.036224365234375, -0.1740264892578125
57770, 58.229164123535156, 1000.0, 52.0, 288.0, 61.0, 148.0, 14.0, 63.0, 0.0, 19.0, 1000.0, 0.0, 1000.0, 0.0, 1000.0, 912.0, 999.0, 999.0, 999.0, 999.0, 316.0, 280.0, 0.0, 0.0, , 0.1450347900390625, -0.0304718017578125, -0.1727294921875, 0.9737396240234375, , 0.9615631103515625, -0.2092132568359375, 0.03802490234375, -0.1736602783203125
57780, 58.23925018310547, 1000.0, 52.0, 288.0, 61.0, 147.0, 14.0, 62.0, 0.0, 18.0, 1000.0, 0.0, 1000.0, 0.0, 1000.0, 909.0, 999.0, 999.0, 999.0, 999.0, 317.0, 279.0, 0.0, 0.0, , 0.1448822021484375, -0.030548095703125, -0.1726837158203125, 0.9737701416015625, , 0.9613037109375, -0.21044921875, 0.0414581298828125, -0.1728515625
57790, 58.2491569519043, 1000.0, 52.0, 286.0, 61.0, 148.0, 14.0, 62.0, 0.0, 19.0, 1000.0, 0.0, 1000.0, 0.0, 1000.0, 907.0, 999.0, 999.0, 999.0, 999.0, 316.0, 279.0, 0.0, 0.0, , 0.144744873046875, -0.0305938720703125, -0.172454833984375, 0.9738311767578125, , 0.9613189697265625, -0.210418701171875, 0.0409088134765625, -0.1728973388671875
57800, 58.259220123291016, 1000.0, 52.0, 286.0, 61.0, 148.0, 14.0, 63.0, 0.0, 19.0, 1000.0, 0.0, 1000.0, 0.0, 1000.0, 904.0, 999.0, 999.0, 999.0, 999.0, 317.0, 281.0, 0.0, 0.0, , 0.14459228515625, -0.0307159423828125, -0.1721038818359375, 0.9739227294921875, , 0.961334228515625, -0.21044921875, 0.0407562255859375, -0.1728363037109375
57810, 58.26900863647461, 1000.0, 52.0, 286.0, 61.0, 148.0, 14.0, 63.0, 0.0, 20.0, 1000.0, 0.0, 1000.0, 0.0, 1000.0, 908.0, 999.0, 999.0, 999.0, 999.0, 316.0, 279.0, 0.0, 0.0, , 0.14447021484375, -0.03070068359375, -0.171722412109375, 0.9739990234375, , 0.9613189697265625, -0.2105560302734375, 0.040618896484375, -0.1728057861328125
57820, 58.279151916503906, 1000.0, 52.0, 286.0, 61.0, 148.0, 14.0, 62.0, 0.0, 19.0, 1000.0, 0.0, 1000.0, 0.0, 1000.0, 907.0, 999.0, 999.0, 999.0, 999.0, 316.0, 280.0, 0.0, 0.0, , 0.14434814453125, -0.0307159423828125, -0.17156982421875, 0.9740447998046875, , 0.9613189697265625, -0.2106170654296875, 0.0405120849609375, -0.17279052734375
57830, 58.289276123046875, 1000.0, 52.0, 287.0, 61.0, 148.0, 14.0, 61.0, 0.0, 19.0, 1000.0, 0.0, 1000.0, 0.0, 1000.0, 906.0, 999.0, 999.0, 999.0, 999.0, 317.0, 278.0, 0.0, 0.0, , 0.1442413330078125, -0.0307159423828125, -0.17156982421875, 0.97406005859375, , 0.961334228515625, -0.2105712890625, 0.0402984619140625, -0.1727752685546875
57840, 58.299224853515625, 1000.0, 52.0, 287.0, 61.0, 148.0, 14.0, 61.0, 0.0, 19.0, 1000.0, 0.0, 1000.0, 0.0, 1000.0, 902.0, 999.0, 999.0, 999.0, 999.0, 316.0, 280.0, 0.0, 0.0, , 0.1441192626953125, -0.0308074951171875, -0.17169189453125, 0.97406005859375, , 0.9613494873046875, -0.21051025390625, 0.0400848388671875, -0.172821044921875
57850, 58.30914306640625, 1000.0, 53.0, 288.0, 61.0, 148.0, 14.0, 62.0, 0.0, 20.0, 1000.0, 0.0, 1000.0, 0.0, 1000.0, 904.0, 999.0, 999.0, 999.0, 999.0, 317.0, 281.0, 0.0, 0.0, , 0.144012451171875, -0.0308380126953125, -0.17169189453125, 0.9740753173828125, , 0.9613189697265625, -0.2106475830078125, 0.0399627685546875, -0.1728363037109375
57860, 58.31911849975586, 1000.0, 52.0, 287.0, 61.0, 149.0, 14.0, 62.0, 0.0, 20.0, 1000.0, 0.0, 1000.0, 0.0, 1000.0, 902.0, 999.0, 999.0, 999.0, 999.0, 318.0, 282.0, 0.0, 0.0, , 0.1439056396484375, -0.0308380126953125, -0.171783447265625, 0.97406005859375, , 0.9612884521484375, -0.2108154296875, 0.039764404296875, -0.1728515625
57870, 58.329139709472656, 1000.0, 52.0, 287.0, 61.0, 149.0, 14.0, 63.0, 0.0, 20.0, 1000.0, 0.0, 1000.0, 0.0, 1000.0, 903.0, 999.0, 999.0, 999.0, 999.0, 318.0, 280.0, 0.0, 0.0, , 0.1438446044921875, -0.030670166015625, -0.1717529296875, 0.974090576171875, , 0.9613800048828125, -0.210418701171875, 0.03948974609375, -0.172882080078125
57880, 58.339263916015625, 1000.0, 52.0, 286.0, 61.0, 148.0, 13.0, 63.0, 0.0, 19.0, 1000.0, 0.0, 1000.0, 0.0, 1000.0, 904.0, 999.0, 999.0, 999.0, 999.0, 317.0, 280.0, 0.0, 0.0, , 0.1437225341796875, -0.0306549072265625, -0.1714935302734375, 0.974151611328125, , 0.9615325927734375, -0.2097625732421875, 0.0391082763671875, -0.1729736328125
57890, 58.34922409057617, 1000.0, 52.0, 286.0, 61.0, 148.0, 13.0, 62.0, 0.0, 20.0, 1000.0, 0.0, 1000.0, 0.0, 1000.0, 906.0, 999.0, 999.0, 999.0, 999.0, 316.0, 282.0, 0.0, 0.0, , 0.1435394287109375, -0.0308837890625, -0.171295166015625, 0.974212646484375, , 0.961578369140625, -0.20947265625, 0.0385589599609375, -0.1731109619140625
57900, 58.359535217285156, 1000.0, 52.0, 287.0, 61.0, 148.0, 13.0, 61.0, 0.0, 20.0, 1000.0, 0.0, 1000.0, 0.0, 1000.0, 903.0, 999.0, 999.0, 999.0, 999.0, 317.0, 283.0, 0.0, 0.0, , 0.1433868408203125, -0.0308837890625, -0.1709747314453125, 0.9742889404296875, , 0.9615020751953125, -0.2097930908203125, 0.0384521484375, -0.173187255859375
57910, 58.36920928955078, 1000.0, 52.0, 288.0, 60.0, 148.0, 14.0, 61.0, 0.0, 20.0, 1000.0, 0.0, 1000.0, 0.0, 1000.0, 905.0, 999.0, 999.0, 999.0, 999.0, 317.0, 280.0, 0.0, 0.0, , 0.143218994140625, -0.031036376953125, -0.1707000732421875, 0.9743499755859375, , 0.96136474609375, -0.2104034423828125, 0.03814697265625, -0.1732940673828125
57920, 58.37912368774414, 1000.0, 52.0, 288.0, 60.0, 148.0, 14.0, 61.0, 0.0, 20.0, 1000.0, 0.0, 1000.0, 0.0, 1000.0, 905.0, 999.0, 999.0, 999.0, 999.0, 317.0, 280.0, 0.0, 0.0, , 0.143218994140625, -0.031036376953125, -0.1707000732421875, 0.9743499755859375, , 0.9613037109375, -0.2106781005859375, 0.0379791259765625, -0.1733551025390625
57930, 58.3894157409668, 1000.0, 52.0, 288.0, 61.0, 148.0, 14.0, 62.0, 0.0, 18.0, 1000.0, 0.0, 1000.0, 0.0, 1000.0, 907.0, 999.0, 999.0, 999.0, 999.0, 316.0, 280.0, 0.0, 0.0, , 0.1428985595703125, -0.0310211181640625, -0.1705780029296875, 0.97442626953125, , 0.9610748291015625, -0.2116851806640625, 0.038055419921875, -0.1733551025390625
57940, 58.399166107177734, 1000.0, 52.0, 288.0, 60.0, 148.0, 14.0, 63.0, 0.0, 19.0, 1000.0, 0.0, 1000.0, 0.0, 1000.0, 904.0, 999.0, 999.0, 999.0, 999.0, 316.0, 282.0, 0.0, 0.0, , 0.1427764892578125, -0.030853271484375, -0.170318603515625, 0.9744873046875, , 0.9608001708984375, -0.2129058837890625, 0.0375823974609375, -0.1735076904296875
57950, 58.40922927856445, 1000.0, 52.0, 287.0, 60.0, 148.0, 14.0, 63.0, 0.0, 18.0, 1000.0, 0.0, 1000.0, 0.0, 1000.0, 906.0, 999.0, 999.0, 999.0, 999.0, 316.0, 281.0, 0.0, 0.0, , 0.14263916015625, -0.03076171875, -0.170257568359375, 0.974517822265625, , 0.96051025390625, -0.214141845703125, 0.0376434326171875, -0.1735687255859375
57960, 58.419715881347656, 1000.0, 52.0, 287.0, 61.0, 148.0, 13.0, 63.0, 0.0, 19.0, 1000.0, 0.0, 1000.0, 0.0, 1000.0, 905.0, 999.0, 999.0, 999.0, 999.0, 316.0, 281.0, 0.0, 0.0, , 0.142547607421875, -0.03057861328125, -0.1701812744140625, 0.9745635986328125, , 0.9602813720703125, -0.2150726318359375, 0.0377655029296875, -0.1736297607421875
57970, 58.431419372558594, 1000.0, 52.0, 288.0, 61.0, 148.0, 13.0, 63.0, 0.0, 18.0, 1000.0, 0.0, 1000.0, 0.0, 1000.0, 908.0, 999.0, 999.0, 999.0, 999.0, 317.0, 282.0, 0.0, 0.0, , 0.1424713134765625, -0.0303497314453125, -0.170257568359375, 0.9745635986328125, , 0.960296630859375, -0.2149505615234375, 0.03961181640625, -0.1733245849609375
57980, 58.439239501953125, 1000.0, 52.0, 288.0, 61.0, 149.0, 13.0, 62.0, 0.0, 18.0, 1000.0, 0.0, 1000.0, 0.0, 1000.0, 907.0, 999.0, 999.0, 999.0, 999.0, 316.0, 281.0, 0.0, 0.0, , 0.1424407958984375, -0.029998779296875, -0.1706390380859375, 0.974517822265625, , 0.9603271484375, -0.21466064453125, 0.0394439697265625, -0.17352294921875
57990, 58.44915771484375, 1000.0, 52.0, 289.0, 60.0, 149.0, 13.0, 62.0, 0.0, 19.0, 1000.0, 0.0, 1000.0, 0.0, 1000.0, 907.0, 999.0, 999.0, 999.0, 999.0, 317.0, 278.0, 0.0, 0.0, , 0.142425537109375, -0.0296783447265625, -0.171051025390625, 0.974456787109375, , 0.96063232421875, -0.2132110595703125, 0.03851318359375, -0.17388916015625
58000, 58.45916748046875, 1000.0, 52.0, 286.0, 60.0, 148.0, 13.0, 61.0, 0.0, 19.0, 1000.0, 0.0, 1000.0, 0.0, 1000.0, 906.0, 999.0, 999.0, 999.0, 999.0, 315.0, 277.0, 0.0, 0.0, , 0.1424560546875, -0.0290069580078125, -0.17181396484375, 0.974334716796875, , 0.9609375, -0.21173095703125, 0.0384521484375, -0.1739959716796875
58010, 58.46925735473633, 1000.0, 52.0, 287.0, 60.0, 148.0, 13.0, 62.0, 0.0, 19.0, 1000.0, 0.0, 1000.0, 0.0, 1000.0, 905.0, 999.0, 999.0, 999.0, 999.0, 315.0, 279.0, 0.0, 0.0, , 0.142486572265625, -0.0286407470703125, -0.172027587890625, 0.97430419921875, , 0.960662841796875, -0.2128753662109375, 0.039398193359375, -0.173919677734375
58020, 58.479103088378906, 1000.0, 52.0, 289.0, 60.0, 150.0, 13.0, 62.0, 0.0, 19.0, 1000.0, 0.0, 1000.0, 0.0, 1000.0, 907.0, 999.0, 999.0, 999.0, 999.0, 315.0, 281.0, 0.0, 0.0, , 0.1424407958984375, -0.0289459228515625, -0.1722564697265625, 0.9742584228515625, , 0.9610595703125, -0.2109832763671875, 0.03802490234375, -0.1743316650390625
58030, 58.48928451538086, 1000.0, 52.0, 288.0, 60.0, 150.0, 13.0, 62.0, 0.0, 18.0, 1000.0, 0.0, 1000.0, 0.0, 1000.0, 907.0, 999.0, 999.0, 999.0, 999.0, 316.0, 280.0, 0.0, 0.0, , 0.1423797607421875, -0.02911376953125, -0.1722564697265625, 0.9742584228515625, , 0.9615325927734375, -0.2086639404296875, 0.0368499755859375, -0.1746978759765625
58040, 58.49913787841797, 1000.0, 52.0, 288.0, 60.0, 149.0, 13.0, 61.0, 0.0, 18.0, 1000.0, 0.0, 1000.0, 0.0, 1000.0, 908.0, 999.0, 999.0, 999.0, 999.0, 316.0, 279.0, 0.0, 0.0, , 0.1423187255859375, -0.0292510986328125, -0.1721954345703125, 0.974273681640625, , 0.9615631103515625, -0.2083892822265625, 0.037811279296875, -0.1746826171875
58050, 58.50912857055664, 1000.0, 52.0, 286.0, 60.0, 148.0, 13.0, 61.0, 0.0, 19.0, 1000.0, 0.0, 1000.0, 0.0, 1000.0, 908.0, 999.0, 999.0, 999.0, 999.0, 315.0, 280.0, 0.0, 0.0, , 0.14227294921875, -0.029144287109375, -0.1721038818359375, 0.97430419921875, , 0.9618377685546875, -0.207000732421875, 0.037139892578125, -0.17498779296875
58060, 58.51909255981445, 1000.0, 52.0, 286.0, 60.0, 149.0, 13.0, 62.0, 0.0, 20.0, 1000.0, 0.0, 1000.0, 0.0, 1000.0, 910.0, 999.0, 999.0, 999.0, 999.0, 315.0, 280.0, 0.0, 0.0, , 0.1422119140625, -0.0290679931640625, -0.1720428466796875, 0.974334716796875, , 0.96209716796875, -0.2057342529296875, 0.037017822265625, -0.17510986328125
58070, 58.529136657714844, 1000.0, 52.0, 287.0, 60.0, 148.0, 13.0, 61.0, 0.0, 21.0, 1000.0, 0.0, 1000.0, 0.0, 1000.0, 911.0, 999.0, 999.0, 999.0, 999.0, 315.0, 279.0, 0.0, 0.0, , 0.1421356201171875, -0.029022216796875, -0.1719818115234375, 0.9743499755859375, , 0.9618682861328125, -0.206756591796875, 0.03790283203125, -0.1749420166015625
58080, 58.540611267089844, 1000.0, 52.0, 286.0, 60.0, 148.0, 13.0, 61.0, 0.0, 19.0, 1000.0, 0.0, 1000.0, 0.0, 1000.0, 910.0, 999.0, 999.0, 999.0, 999.0, 315.0, 279.0, 0.0, 0.0, , 0.14202880859375, -0.0289306640625, -0.17193603515625, 0.9743804931640625, , 0.9614715576171875, -0.208648681640625, 0.0380706787109375, -0.1748809814453125
58090, 58.54915237426758, 1000.0, 52.0, 287.0, 60.0, 148.0, 13.0, 62.0, 0.0, 18.0, 1000.0, 0.0, 1000.0, 0.0, 1000.0, 910.0, 999.0, 999.0, 999.0, 999.0, 315.0, 280.0, 0.0, 0.0, , 0.1418914794921875, -0.0289306640625, -0.171905517578125, 0.974395751953125, , 0.9611663818359375, -0.2100372314453125, 0.0367584228515625, -0.175140380859375
58100, 58.55917739868164, 1000.0, 52.0, 287.0, 60.0, 148.0, 13.0, 61.0, 0.0, 18.0, 1000.0, 0.0, 1000.0, 0.0, 1000.0, 908.0, 999.0, 999.0, 999.0, 999.0, 315.0, 278.0, 0.0, 0.0, , 0.1417388916015625, -0.0288848876953125, -0.1718597412109375, 0.97442626953125, , 0.96112060546875, -0.210235595703125, 0.037109375, -0.1750335693359375
58110, 58.569210052490234, 1000.0, 52.0, 287.0, 60.0, 149.0, 13.0, 61.0, 0.0, 19.0, 1000.0, 0.0, 1000.0, 0.0, 1000.0, 908.0, 999.0, 999.0, 999.0, 999.0, 316.0, 279.0, 0.0, 0.0, , 0.1416015625, -0.0288238525390625, -0.1718902587890625, 0.9744415283203125, , 0.9619598388671875, -0.206451416015625, 0.036712646484375, -0.175048828125
58120, 58.579139709472656, 1000.0, 52.0, 287.0, 60.0, 149.0, 13.0, 61.0, 0.0, 18.0, 1000.0, 0.0, 1000.0, 0.0, 1000.0, 907.0, 999.0, 999.0, 999.0, 999.0, 317.0, 277.0, 0.0, 0.0, , 0.1414642333984375, -0.02874755859375, -0.1719207763671875, 0.9744720458984375, , 0.9621734619140625, -0.2055511474609375, 0.0358734130859375, -0.175140380859375
58130, 58.58940124511719, 1000.0, 52.0, 287.0, 60.0, 149.0, 13.0, 62.0, 0.0, 19.0, 1000.0, 0.0, 1000.0, 0.0, 1000.0, 908.0, 999.0, 999.0, 999.0, 999.0, 316.0, 275.0, 0.0, 0.0, , 0.1412811279296875, -0.0286712646484375, -0.1719818115234375, 0.9744873046875, , 0.961883544921875, -0.207000732421875, 0.035552978515625, -0.1750946044921875
58140, 58.59933853149414, 1000.0, 52.0, 288.0, 60.0, 149.0, 13.0, 62.0, 0.0, 18.0, 1000.0, 0.0, 1000.0, 0.0, 1000.0, 907.0, 999.0, 999.0, 999.0, 999.0, 316.0, 277.0, 0.0, 0.0, , 0.1410980224609375, -0.028564453125, -0.1721038818359375, 0.9744873046875, , 0.9622039794921875, -0.20556640625, 0.035858154296875, -0.1749267578125
58150, 58.60935974121094, 1000.0, 52.0, 288.0, 60.0, 148.0, 13.0, 61.0, 0.0, 18.0, 1000.0, 0.0, 1000.0, 0.0, 1000.0, 910.0, 999.0, 999.0, 999.0, 999.0, 315.0, 279.0, 0.0, 0.0, , 0.1409454345703125, -0.0283966064453125, -0.172271728515625, 0.9744873046875, , 0.9618072509765625, -0.2075347900390625, 0.03570556640625, -0.17486572265625
58160, 58.61945724487305, 1000.0, 52.0, 288.0, 60.0, 148.0, 12.0, 61.0, 0.0, 18.0, 1000.0, 0.0, 1000.0, 0.0, 1000.0, 911.0, 999.0, 999.0, 999.0, 999.0, 315.0, 281.0, 0.0, 0.0, , 0.1407470703125, -0.0282440185546875, -0.1724090576171875, 0.9745025634765625, , 0.9614715576171875, -0.2090911865234375, 0.0352325439453125, -0.1749267578125
58170, 58.62932586669922, 1000.0, 52.0, 286.0, 60.0, 148.0, 12.0, 62.0, 0.0, 18.0, 1000.0, 0.0, 1000.0, 0.0, 1000.0, 912.0, 999.0, 999.0, 999.0, 999.0, 316.0, 280.0, 0.0, 0.0, , 0.1405181884765625, -0.0281829833984375, -0.172515869140625, 0.974517822265625, , 0.9610748291015625, -0.210906982421875, 0.0383758544921875, -0.17425537109375
58180, 58.639427185058594, 1000.0, 52.0, 286.0, 60.0, 149.0, 12.0, 61.0, 0.0, 19.0, 1000.0, 0.0, 1000.0, 0.0, 1000.0, 909.0, 999.0, 999.0, 999.0, 999.0, 316.0, 277.0, 0.0, 0.0, , 0.14031982421875, -0.0281524658203125, -0.172607421875, 0.9745330810546875, , 0.9612274169921875, -0.2101593017578125, 0.037445068359375, -0.174468994140625
58190, 58.64927291870117, 1000.0, 52.0, 286.0, 60.0, 148.0, 12.0, 61.0, 0.0, 18.0, 1000.0, 0.0, 1000.0, 0.0, 1000.0, 911.0, 999.0, 999.0, 999.0, 999.0, 316.0, 278.0, 0.0, 0.0, , 0.140106201171875, -0.028167724609375, -0.172607421875, 0.9745635986328125, , 0.9613037109375, -0.2098236083984375, 0.0377655029296875, -0.1744384765625
58200, 58.65961837768555, 1000.0, 52.0, 286.0, 60.0, 149.0, 12.0, 61.0, 0.0, 19.0, 1000.0, 0.0, 1000.0, 0.0, 1000.0, 905.0, 999.0, 999.0, 999.0, 999.0, 316.0, 278.0, 0.0, 0.0, , 0.1398773193359375, -0.028228759765625, -0.17254638671875, 0.9745941162109375, , 0.9609375, -0.211456298828125, 0.03790283203125, -0.1744537353515625
58210, 58.66935348510742, 1000.0, 52.0, 287.0, 60.0, 149.0, 12.0, 61.0, 0.0, 18.0, 1000.0, 0.0, 1000.0, 0.0, 1000.0, 906.0, 999.0, 999.0, 999.0, 999.0, 317.0, 278.0, 0.0, 0.0, , 0.139617919921875, -0.028350830078125, -0.17242431640625, 0.9746551513671875, , 0.960845947265625, -0.2118072509765625, 0.0355377197265625, -0.1750335693359375
58220, 58.67920684814453, 1000.0, 52.0, 287.0, 60.0, 149.0, 12.0, 61.0, 0.0, 18.0, 1000.0, 0.0, 1000.0, 0.0, 1000.0, 906.0, 999.0, 999.0, 999.0, 999.0, 317.0, 278.0, 0.0, 0.0, , 0.139617919921875, -0.028350830078125, -0.17242431640625, 0.9746551513671875, , 0.96051025390625, -0.213226318359375, 0.0378265380859375, -0.17462158203125
58230, 58.689266204833984, 1000.0, 52.0, 287.0, 60.0, 148.0, 12.0, 61.0, 0.0, 16.0, 1000.0, 0.0, 1000.0, 0.0, 1000.0, 907.0, 999.0, 999.0, 999.0, 999.0, 315.0, 281.0, 0.0, 0.0, , 0.13922119140625, -0.02838134765625, -0.1723175048828125, 0.9747314453125, , 0.96038818359375, -0.213775634765625, 0.0383453369140625, -0.174560546875
58240, 58.70258712768555, 1000.0, 52.0, 287.0, 60.0, 149.0, 12.0, 60.0, 0.0, 16.0, 1000.0, 0.0, 1000.0, 0.0, 1000.0, 905.0, 999.0, 999.0, 999.0, 999.0, 315.0, 280.0, 0.0, 0.0, , 0.1390533447265625, -0.028350830078125, -0.1721954345703125, 0.9747772216796875, , 0.960418701171875, -0.2136077880859375, 0.0400543212890625, -0.174224853515625
58250, 58.7089958190918, 1000.0, 52.0, 286.0, 60.0, 149.0, 12.0, 60.0, 0.0, 17.0, 1000.0, 0.0, 1000.0, 0.0, 1000.0, 907.0, 999.0, 999.0, 999.0, 999.0, 315.0, 280.0, 0.0, 0.0, , 0.138916015625, -0.028350830078125, -0.172119140625, 0.9748077392578125, , 0.9600677490234375, -0.2151031494140625, 0.040496826171875, -0.1741790771484375
58260, 58.718997955322266, 1000.0, 52.0, 286.0, 60.0, 149.0, 12.0, 61.0, 0.0, 17.0, 1000.0, 0.0, 1000.0, 0.0, 1000.0, 904.0, 999.0, 999.0, 999.0, 999.0, 316.0, 280.0, 0.0, 0.0, , 0.1387939453125, -0.028350830078125, -0.17230224609375, 0.97479248046875, , 0.960723876953125, -0.2121124267578125, 0.039581298828125, -0.1744384765625
58270, 58.72916030883789, 1000.0, 52.0, 287.0, 60.0, 149.0, 12.0, 61.0, 0.0, 18.0, 1000.0, 0.0, 1000.0, 0.0, 1000.0, 904.0, 999.0, 999.0, 999.0, 999.0, 315.0, 279.0, 0.0, 0.0, , 0.1386871337890625, -0.028350830078125, -0.1724700927734375, 0.9747772216796875, , 0.9608001708984375, -0.211761474609375, 0.037567138671875, -0.1749420166015625
58280, 58.73925018310547, 1000.0, 52.0, 287.0, 60.0, 148.0, 12.0, 61.0, 0.0, 18.0, 1000.0, 0.0, 1000.0, 0.0, 1000.0, 902.0, 999.0, 999.0, 999.0, 999.0, 314.0, 275.0, 0.0, 0.0, , 0.1385650634765625, -0.028167724609375, -0.1726837158203125, 0.974761962890625, , 0.960845947265625, -0.2115478515625, 0.0388336181640625, -0.1746368408203125
58290, 58.74921417236328, 1000.0, 52.0, 286.0, 60.0, 148.0, 12.0, 61.0, 0.0, 18.0, 1000.0, 0.0, 1000.0, 0.0, 1000.0, 902.0, 999.0, 999.0, 999.0, 999.0, 314.0, 279.0, 0.0, 0.0, , 0.138580322265625, -0.028045654296875, -0.172698974609375, 0.974761962890625, , 0.9614105224609375, -0.2089691162109375, 0.04052734375, -0.174224853515625
58300, 58.75912857055664, 1000.0, 52.0, 286.0, 60.0, 148.0, 12.0, 61.0, 0.0, 18.0, 1000.0, 0.0, 1000.0, 0.0, 1000.0, 902.0, 999.0, 999.0, 999.0, 999.0, 314.0, 279.0, 0.0, 0.0, , 0.138580322265625, -0.028045654296875, -0.172698974609375, 0.974761962890625, , 0.9614105224609375, -0.2089691162109375, 0.0402679443359375, -0.174285888671875
58310, 58.76920700073242, 1000.0, 52.0, 287.0, 60.0, 151.0, 12.0, 61.0, 0.0, 17.0, 1000.0, 0.0, 1000.0, 0.0, 1000.0, 902.0, 999.0, 999.0, 999.0, 999.0, 314.0, 281.0, 0.0, 0.0, , 0.138427734375, -0.0276947021484375, -0.1729278564453125, 0.974761962890625, , 0.96136474609375, -0.209136962890625, 0.040008544921875, -0.17437744140625
58320, 58.77914810180664, 1000.0, 52.0, 287.0, 60.0, 151.0, 12.0, 61.0, 0.0, 17.0, 1000.0, 0.0, 1000.0, 0.0, 1000.0, 903.0, 999.0, 999.0, 999.0, 999.0, 315.0, 279.0, 0.0, 0.0, , 0.1384429931640625, -0.0276031494140625, -0.172943115234375, 0.9747467041015625, , 0.96136474609375, -0.20916748046875, 0.03997802734375, -0.174407958984375
58330, 58.78925323486328, 1000.0, 52.0, 288.0, 60.0, 150.0, 12.0, 61.0, 0.0, 17.0, 1000.0, 0.0, 1000.0, 0.0, 1000.0, 902.0, 999.0, 999.0, 999.0, 999.0, 316.0, 278.0, 0.0, 0.0, , 0.1383819580078125, -0.02752685546875, -0.172943115234375, 0.974761962890625, , 0.961334228515625, -0.2092742919921875, 0.039764404296875, -0.1744384765625
58340, 58.799095153808594, 1000.0, 52.0, 287.0, 60.0, 150.0, 12.0, 61.0, 0.0, 18.0, 1000.0, 0.0, 1000.0, 0.0, 1000.0, 902.0, 999.0, 999.0, 999.0, 999.0, 315.0, 278.0, 0.0, 0.0, , 0.1383514404296875, -0.0274505615234375, -0.1728973388671875, 0.9747772216796875, , 0.9613189697265625, -0.2093048095703125, 0.03955078125, -0.1745147705078125
58350, 58.81217956542969, 1000.0, 52.0, 288.0, 60.0, 150.0, 12.0, 61.0, 0.0, 17.0, 1000.0, 0.0, 1000.0, 0.0, 1000.0, 898.0, 999.0, 999.0, 999.0, 999.0, 315.0, 279.0, 0.0, 0.0, , 0.1383056640625, -0.02728271484375, -0.17266845703125, 0.974822998046875, , 0.961334228515625, -0.20928955078125, 0.0392913818359375, -0.1745758056640625
58360, 58.819095611572266, 1000.0, 52.0, 288.0, 60.0, 149.0, 12.0, 61.0, 0.0, 17.0, 1000.0, 0.0, 1000.0, 0.0, 1000.0, 902.0, 999.0, 999.0, 999.0, 999.0, 315.0, 277.0, 0.0, 0.0, , 0.13824462890625, -0.0270233154296875, -0.172332763671875, 0.9748992919921875, , 0.961395263671875, -0.2090301513671875, 0.0391998291015625, -0.1745147705078125
58370, 58.8291015625, 1000.0, 52.0, 287.0, 60.0, 148.0, 12.0, 61.0, 0.0, 17.0, 1000.0, 0.0, 1000.0, 0.0, 1000.0, 905.0, 999.0, 999.0, 999.0, 999.0, 315.0, 277.0, 0.0, 0.0, , 0.138153076171875, -0.0269927978515625, -0.172027587890625, 0.9749755859375, , 0.961395263671875, -0.2091217041015625, 0.038848876953125, -0.1745147705078125
58380, 58.83930206298828, 1000.0, 52.0, 286.0, 60.0, 149.0, 12.0, 61.0, 0.0, 18.0, 1000.0, 0.0, 1000.0, 0.0, 1000.0, 906.0, 999.0, 999.0, 999.0, 999.0, 315.0, 274.0, 0.0, 0.0, , 0.1380157470703125, -0.02716064453125, -0.1717071533203125, 0.9750518798828125, , 0.96142578125, -0.2090606689453125, 0.0386810302734375, -0.174468994140625
58390, 58.84922790527344, 1000.0, 52.0, 286.0, 60.0, 150.0, 12.0, 61.0, 0.0, 18.0, 1000.0, 0.0, 1000.0, 0.0, 1000.0, 907.0, 999.0, 999.0, 999.0, 999.0, 315.0, 275.0, 0.0, 0.0, , 0.13787841796875, -0.0271759033203125, -0.1715240478515625, 0.97509765625, , 0.96148681640625, -0.208831787109375, 0.038909912109375, -0.1743621826171875
58400, 58.85919952392578, 1000.0, 52.0, 286.0, 60.0, 150.0, 12.0, 61.0, 0.0, 18.0, 1000.0, 0.0, 1000.0, 0.0, 1000.0, 907.0, 999.0, 999.0, 999.0, 999.0, 315.0, 274.0, 0.0, 0.0, , 0.1377716064453125, -0.0272064208984375, -0.17138671875, 0.975128173828125, , 0.9614410400390625, -0.2090301513671875, 0.038970947265625, -0.17431640625
58410, 58.869056701660156, 1000.0, 52.0, 287.0, 60.0, 150.0, 11.0, 61.0, 0.0, 17.0, 1000.0, 0.0, 1000.0, 0.0, 1000.0, 906.0, 999.0, 999.0, 999.0, 999.0, 314.0, 275.0, 0.0, 0.0, , 0.137603759765625, -0.0273895263671875, -0.171112060546875, 0.9752044677734375, , 0.9614715576171875, -0.208953857421875, 0.039215087890625, -0.1742095947265625
58420, 58.879146575927734, 1000.0, 52.0, 286.0, 60.0, 149.0, 11.0, 60.0, 0.0, 17.0, 1000.0, 0.0, 1000.0, 0.0, 1000.0, 906.0, 999.0, 999.0, 999.0, 999.0, 314.0, 274.0, 0.0, 0.0, , 0.1374359130859375, -0.0275115966796875, -0.1712493896484375, 0.975189208984375, , 0.961669921875, -0.2081146240234375, 0.03851318359375, -0.174285888671875
58430, 58.88925552368164, 1000.0, 52.0, 286.0, 60.0, 149.0, 12.0, 60.0, 0.0, 18.0, 1000.0, 0.0, 1000.0, 0.0, 1000.0, 907.0, 999.0, 999.0, 999.0, 999.0, 314.0, 275.0, 0.0, 0.0, , 0.137237548828125, -0.0278472900390625, -0.171356201171875, 0.9752044677734375, , 0.9619293212890625, -0.2069244384765625, 0.037933349609375, -0.1743621826171875
58440, 58.899227142333984, 1000.0, 52.0, 285.0, 60.0, 150.0, 12.0, 60.0, 0.0, 18.0, 1000.0, 0.0, 1000.0, 0.0, 1000.0, 909.0, 999.0, 999.0, 999.0, 999.0, 315.0, 278.0, 0.0, 0.0, , 0.136993408203125, -0.0281982421875, -0.1712188720703125, 0.975250244140625, , 0.9620208740234375, -0.206512451171875, 0.036773681640625, -0.1746063232421875
58450, 58.90918731689453, 1000.0, 52.0, 286.0, 60.0, 149.0, 12.0, 60.0, 0.0, 18.0, 1000.0, 0.0, 1000.0, 0.0, 1000.0, 908.0, 999.0, 999.0, 999.0, 999.0, 315.0, 279.0, 0.0, 0.0, , 0.1367645263671875, -0.02862548828125, -0.170867919921875, 0.9753265380859375, , 0.96221923828125, -0.20556640625, 0.0355224609375, -0.1748809814453125
58460, 58.919044494628906, 1000.0, 52.0, 286.0, 60.0, 150.0, 11.0, 61.0, 0.0, 18.0, 1000.0, 0.0, 1000.0, 0.0, 1000.0, 905.0, 999.0, 999.0, 999.0, 999.0, 315.0, 280.0, 0.0, 0.0, , 0.1365203857421875, -0.0289459228515625, -0.170867919921875, 0.9753570556640625, , 0.961944580078125, -0.206817626953125, 0.0360260009765625, -0.1748046875
58470, 58.92919158935547, 1000.0, 52.0, 287.0, 60.0, 148.0, 12.0, 61.0, 0.0, 17.0, 1000.0, 0.0, 1000.0, 0.0, 1000.0, 907.0, 999.0, 999.0, 999.0, 999.0, 314.0, 279.0, 0.0, 0.0, , 0.1363067626953125, -0.029205322265625, -0.1709442138671875, 0.9753570556640625, , 0.9618988037109375, -0.207000732421875, 0.036346435546875, -0.174774169921875
58480, 58.939266204833984, 1000.0, 52.0, 286.0, 60.0, 149.0, 11.0, 61.0, 0.0, 17.0, 1000.0, 0.0, 1000.0, 0.0, 1000.0, 908.0, 999.0, 999.0, 999.0, 999.0, 314.0, 279.0, 0.0, 0.0, , 0.1361083984375, -0.029296875, -0.1712188720703125, 0.975341796875, , 0.961669921875, -0.20806884765625, 0.0364837646484375, -0.1748046875
58490, 58.94916915893555, 1000.0, 52.0, 285.0, 60.0, 150.0, 11.0, 61.0, 0.0, 17.0, 1000.0, 0.0, 1000.0, 0.0, 1000.0, 907.0, 999.0, 999.0, 999.0, 999.0, 314.0, 279.0, 0.0, 0.0, , 0.13592529296875, -0.02923583984375, -0.17144775390625, 0.9753265380859375, , 0.9614715576171875, -0.2089080810546875, 0.036468505859375, -0.1748809814453125
58500, 58.959190368652344, 1000.0, 52.0, 285.0, 60.0, 150.0, 11.0, 61.0, 0.0, 17.0, 1000.0, 0.0, 1000.0, 0.0, 1000.0, 907.0, 999.0, 999.0, 999.0, 999.0, 314.0, 279.0, 0.0, 0.0, , 0.13592529296875, -0.02923583984375, -0.17144775390625, 0.9753265380859375, , 0.9614715576171875, -0.2088470458984375, 0.0370330810546875, -0.174835205078125
58510, 58.97417449951172, 1000.0, 52.0, 286.0, 60.0, 150.0, 11.0, 60.0, 0.0, 17.0, 1000.0, 0.0, 1000.0, 0.0, 1000.0, 909.0, 999.0, 999.0, 999.0, 999.0, 315.0, 277.0, 0.0, 0.0, , 0.135650634765625, -0.0286865234375, -0.1717376708984375, 0.9753265380859375, , 0.9613037109375, -0.2095947265625, 0.038482666015625, -0.1745758056640625
58520, 58.97914123535156, 1000.0, 52.0, 286.0, 60.0, 150.0, 11.0, 60.0, 0.0, 17.0, 1000.0, 0.0, 1000.0, 0.0, 1000.0, 909.0, 999.0, 999.0, 999.0, 999.0, 315.0, 277.0, 0.0, 0.0, , 0.135650634765625, -0.0286865234375, -0.1717376708984375, 0.9753265380859375, , 0.96136474609375, -0.209228515625, 0.0389251708984375, -0.1745147705078125
58530, 58.989498138427734, 1000.0, 52.0, 286.0, 60.0, 149.0, 11.0, 60.0, 0.0, 17.0, 1000.0, 0.0, 1000.0, 0.0, 1000.0, 905.0, 999.0, 998.0, 999.0, 999.0, 314.0, 280.0, 0.0, 0.0, , 0.1354522705078125, -0.0281524658203125, -0.1713714599609375, 0.975433349609375, , 0.96112060546875, -0.2102813720703125, 0.0393524169921875, -0.17449951171875
58540, 58.999176025390625, 1000.0, 52.0, 286.0, 60.0, 150.0, 11.0, 61.0, 0.0, 17.0, 1000.0, 0.0, 1000.0, 0.0, 1000.0, 905.0, 999.0, 998.0, 999.0, 999.0, 314.0, 281.0, 0.0, 0.0, , 0.1353912353515625, -0.0278167724609375, -0.171417236328125, 0.9754486083984375, , 0.9611968994140625, -0.2099151611328125, 0.0394287109375, -0.1745147705078125
58550, 59.00920104980469, 1000.0, 52.0, 286.0, 60.0, 150.0, 11.0, 61.0, 0.0, 17.0, 1000.0, 0.0, 1000.0, 0.0, 1000.0, 906.0, 999.0, 998.0, 999.0, 999.0, 315.0, 279.0, 0.0, 0.0, , 0.1353912353515625, -0.0272216796875, -0.171661376953125, 0.9754180908203125, , 0.9611053466796875, -0.2102813720703125, 0.03851318359375, -0.1747894287109375
58560, 59.01913070678711, 1000.0, 52.0, 287.0, 60.0, 150.0, 11.0, 61.0, 0.0, 17.0, 1000.0, 0.0, 1000.0, 0.0, 1000.0, 903.0, 999.0, 999.0, 999.0, 999.0, 315.0, 278.0, 0.0, 0.0, , 0.1352996826171875, -0.0271759033203125, -0.171600341796875, 0.9754486083984375, , 0.961395263671875, -0.2089996337890625, 0.0389556884765625, -0.1746826171875
58570, 59.02909851074219, 1000.0, 52.0, 287.0, 60.0, 150.0, 11.0, 61.0, 0.0, 17.0, 1000.0, 0.0, 1000.0, 0.0, 1000.0, 906.0, 999.0, 999.0, 999.0, 999.0, 315.0, 279.0, 0.0, 0.0, , 0.13519287109375, -0.0270843505859375, -0.1715850830078125, 0.9754638671875, , 0.961334228515625, -0.2093353271484375, 0.0391998291015625, -0.1745452880859375
58580, 59.03939437866211, 1000.0, 52.0, 286.0, 60.0, 150.0, 11.0, 60.0, 0.0, 17.0, 1000.0, 0.0, 750.0, 0.0, 1000.0, 904.0, 999.0, 999.0, 999.0, 999.0, 314.0, 278.0, 0.0, 0.0, , 0.1349945068359375, -0.026885986328125, -0.1715240478515625, 0.9755096435546875, , 0.96148681640625, -0.20867919921875, 0.038482666015625, -0.1746368408203125
58590, 59.04914474487305, 1000.0, 52.0, 286.0, 60.0, 149.0, 11.0, 60.0, 0.0, 17.0, 1000.0, 0.0, 750.0, 0.0, 1000.0, 903.0, 999.0, 999.0, 999.0, 999.0, 314.0, 275.0, 0.0, 0.0, , 0.1348876953125, -0.0268096923828125, -0.1714935302734375, 0.97552490234375, , 0.961700439453125, -0.2077178955078125, 0.037628173828125, -0.1747589111328125
58600, 59.0592155456543, 1000.0, 52.0, 286.0, 60.0, 148.0, 11.0, 60.0, 0.0, 17.0, 1000.0, 0.0, 750.0, 0.0, 1000.0, 905.0, 999.0, 999.0, 999.0, 999.0, 314.0, 277.0, 0.0, 0.0, , 0.1349029541015625, -0.0267486572265625, -0.1714324951171875, 0.9755401611328125, , 0.9620208740234375, -0.206298828125, 0.0367431640625, -0.1749114990234375
58610, 59.0692253112793, 1000.0, 52.0, 286.0, 60.0, 151.0, 11.0, 60.0, 0.0, 17.0, 1000.0, 0.0, 1000.0, 0.0, 1000.0, 901.0, 999.0, 999.0, 999.0, 999.0, 314.0, 278.0, 0.0, 0.0, , 0.1347503662109375, -0.026702880859375, -0.17138671875, 0.9755706787109375, , 0.9625701904296875, -0.20367431640625, 0.0353240966796875, -0.1752166748046875
58620, 59.0841064453125, 1000.0, 52.0, 286.0, 60.0, 151.0, 11.0, 60.0, 0.0, 16.0, 1000.0, 0.0, 1000.0, 0.0, 1000.0, 905.0, 999.0, 999.0, 999.0, 999.0, 314.0, 280.0, 0.0, 0.0, , 0.134490966796875, -0.026702880859375, -0.171417236328125, 0.9756011962890625, , 0.96240234375, -0.2044677734375, 0.034881591796875, -0.17529296875
58630, 59.08940124511719, 1000.0, 52.0, 285.0, 60.0, 150.0, 11.0, 60.0, 0.0, 16.0, 1000.0, 0.0, 1000.0, 0.0, 1000.0, 905.0, 999.0, 999.0, 999.0, 999.0, 315.0, 279.0, 0.0, 0.0, , 0.134490966796875, -0.0267181396484375, -0.1712493896484375, 0.9756317138671875, , 0.9618988037109375, -0.2068939208984375, 0.0340423583984375, -0.175445556640625
58640, 59.09914016723633, 1000.0, 52.0, 286.0, 60.0, 151.0, 11.0, 60.0, 0.0, 17.0, 1000.0, 0.0, 1000.0, 0.0, 1000.0, 906.0, 999.0, 999.0, 999.0, 999.0, 315.0, 280.0, 0.0, 0.0, , 0.134307861328125, -0.0267333984375, -0.171173095703125, 0.9756622314453125, , 0.9614410400390625, -0.2090911865234375, 0.0360870361328125, -0.174896240234375
58650, 59.10921096801758, 1000.0, 52.0, 286.0, 60.0, 150.0, 11.0, 61.0, 0.0, 16.0, 1000.0, 0.0, 1000.0, 0.0, 1000.0, 904.0, 999.0, 999.0, 999.0, 999.0, 314.0, 280.0, 0.0, 0.0, , 0.134124755859375, -0.0267486572265625, -0.171051025390625, 0.9757080078125, , 0.96136474609375, -0.2095489501953125, 0.038604736328125, -0.174224853515625
58660, 59.11922836303711, 1000.0, 52.0, 286.0, 60.0, 150.0, 11.0, 60.0, 0.0, 17.0, 1000.0, 0.0, 1000.0, 0.0, 1000.0, 903.0, 999.0, 999.0, 999.0, 999.0, 314.0, 280.0, 0.0, 0.0, , 0.13397216796875, -0.0267791748046875, -0.170928955078125, 0.9757537841796875, , 0.9608154296875, -0.2121429443359375, 0.0360565185546875, -0.1746673583984375
58670, 59.1291389465332, 1000.0, 52.0, 286.0, 60.0, 150.0, 11.0, 60.0, 0.0, 17.0, 1000.0, 0.0, 1000.0, 0.0, 1000.0, 901.0, 999.0, 999.0, 999.0, 999.0, 314.0, 279.0, 0.0, 0.0, , 0.1337890625, -0.0268096923828125, -0.17083740234375, 0.975799560546875, , 0.9609375, -0.211669921875, 0.036834716796875, -0.1744232177734375
58680, 59.13925552368164, 1000.0, 52.0, 287.0, 60.0, 150.0, 11.0, 60.0, 0.0, 17.0, 1000.0, 0.0, 1000.0, 0.0, 1000.0, 904.0, 999.0, 999.0, 999.0, 999.0, 315.0, 280.0, 0.0, 0.0, , 0.1336212158203125, -0.02685546875, -0.17083740234375, 0.9758148193359375, , 0.961273193359375, -0.2100982666015625, 0.034881591796875, -0.1748199462890625
58690, 59.14921951293945, 1000.0, 52.0, 288.0, 60.0, 150.0, 11.0, 60.0, 0.0, 17.0, 1000.0, 0.0, 1000.0, 0.0, 1000.0, 902.0, 999.0, 999.0, 999.0, 999.0, 315.0, 279.0, 0.0, 0.0, , 0.1334686279296875, -0.0268402099609375, -0.1709136962890625, 0.975830078125, , 0.961700439453125, -0.2082061767578125, 0.03521728515625, -0.174713134765625
58700, 59.159183502197266, 1000.0, 52.0, 287.0, 60.0, 150.0, 11.0, 60.0, 0.0, 17.0, 1000.0, 0.0, 1000.0, 0.0, 1000.0, 904.0, 999.0, 999.0, 999.0, 999.0, 314.0, 277.0, 0.0, 0.0, , 0.13330078125, -0.0268402099609375, -0.171142578125, 0.9758148193359375, , 0.961944580078125, -0.2071075439453125, 0.03466796875, -0.1748046875
58710, 59.16922378540039, 1000.0, 52.0, 286.0, 60.0, 150.0, 11.0, 60.0, 0.0, 17.0, 1000.0, 0.0, 1000.0, 0.0, 1000.0, 901.0, 999.0, 999.0, 999.0, 999.0, 314.0, 275.0, 0.0, 0.0, , 0.1331329345703125, -0.02685546875, -0.1714630126953125, 0.97576904296875, , 0.961669921875, -0.2083892822265625, 0.0368194580078125, -0.1743011474609375
58720, 59.17917251586914, 1000.0, 52.0, 286.0, 60.0, 150.0, 11.0, 60.0, 0.0, 17.0, 1000.0, 0.0, 1000.0, 0.0, 1000.0, 902.0, 999.0, 999.0, 999.0, 999.0, 314.0, 278.0, 0.0, 0.0, , 0.132965087890625, -0.0267791748046875, -0.171844482421875, 0.975738525390625, , 0.9614105224609375, -0.20953369140625, 0.0343017578125, -0.174896240234375
58730, 59.189239501953125, 1000.0, 52.0, 286.0, 60.0, 151.0, 11.0, 60.0, 0.0, 17.0, 1000.0, 0.0, 1000.0, 0.0, 1000.0, 902.0, 999.0, 999.0, 999.0, 999.0, 315.0, 280.0, 0.0, 0.0, , 0.1327667236328125, -0.0268402099609375, -0.17218017578125, 0.9756927490234375, , 0.9613189697265625, -0.2098846435546875, 0.0348358154296875, -0.1748504638671875
58740, 59.199214935302734, 1000.0, 52.0, 287.0, 60.0, 151.0, 11.0, 60.0, 0.0, 17.0, 1000.0, 0.0, 1000.0, 0.0, 1000.0, 903.0, 999.0, 999.0, 999.0, 999.0, 314.0, 280.0, 0.0, 0.0, , 0.1325531005859375, -0.0269927978515625, -0.1724853515625, 0.9756622314453125, , 0.961456298828125, -0.2092132568359375, 0.0354156494140625, -0.174774169921875
58750, 59.20916748046875, 1000.0, 52.0, 287.0, 59.0, 150.0, 10.0, 60.0, 0.0, 17.0, 1000.0, 0.0, 1000.0, 0.0, 1000.0, 901.0, 999.0, 999.0, 999.0, 999.0, 313.0, 278.0, 0.0, 0.0, , 0.132354736328125, -0.0270538330078125, -0.1727752685546875, 0.97564697265625, , 0.961700439453125, -0.208099365234375, 0.038665771484375, -0.17413330078125
58760, 59.21913146972656, 1000.0, 52.0, 287.0, 60.0, 149.0, 10.0, 60.0, 0.0, 18.0, 1000.0, 0.0, 1000.0, 0.0, 1000.0, 901.0, 999.0, 999.0, 999.0, 999.0, 313.0, 278.0, 0.0, 0.0, , 0.1321258544921875, -0.027191162109375, -0.172821044921875, 0.9756622314453125, , 0.9617156982421875, -0.2079315185546875, 0.0366058349609375, -0.174652099609375
58770, 59.22915267944336, 1000.0, 52.0, 287.0, 60.0, 150.0, 11.0, 60.0, 0.0, 17.0, 1000.0, 0.0, 1000.0, 0.0, 1000.0, 902.0, 999.0, 999.0, 999.0, 999.0, 315.0, 277.0, 0.0, 0.0, , 0.1319122314453125, -0.0272979736328125, -0.1728973388671875, 0.975677490234375, , 0.961456298828125, -0.2090301513671875, 0.036346435546875, -0.1748046875
58780, 59.245697021484375, 1000.0, 52.0, 286.0, 60.0, 150.0, 11.0, 60.0, 0.0, 17.0, 1000.0, 0.0, 1000.0, 0.0, 1000.0, 903.0, 999.0, 999.0, 999.0, 999.0, 315.0, 275.0, 0.0, 0.0, , 0.1317138671875, -0.0272674560546875, -0.172943115234375, 0.9756927490234375, , 0.9615325927734375, -0.208587646484375, 0.0374908447265625, -0.1746826171875
58790, 59.24899673461914, 1000.0, 52.0, 286.0, 59.0, 150.0, 11.0, 60.0, 0.0, 17.0, 1000.0, 0.0, 1000.0, 0.0, 1000.0, 905.0, 999.0, 999.0, 999.0, 999.0, 315.0, 278.0, 0.0, 0.0, , 0.131561279296875, -0.0272216796875, -0.1729736328125, 0.9757080078125, , 0.9615325927734375, -0.20855712890625, 0.0388336181640625, -0.1744537353515625
58800, 59.2591438293457, 1000.0, 52.0, 286.0, 59.0, 150.0, 11.0, 60.0, 0.0, 17.0, 1000.0, 0.0, 1000.0, 0.0, 1000.0, 905.0, 999.0, 999.0, 999.0, 999.0, 315.0, 278.0, 0.0, 0.0, , 0.131561279296875, -0.0272216796875, -0.1729736328125, 0.9757080078125, , 0.9615325927734375, -0.208526611328125, 0.038848876953125, -0.1745147705078125
58810, 59.26909255981445, 1000.0, 52.0, 287.0, 60.0, 151.0, 10.0, 61.0, 0.0, 17.0, 1000.0, 0.0, 1000.0, 0.0, 1000.0, 907.0, 999.0, 999.0, 999.0, 999.0, 314.0, 279.0, 0.0, 0.0, , 0.1312713623046875, -0.027069091796875, -0.17303466796875, 0.975738525390625, , 0.961517333984375, -0.2085418701171875, 0.03875732421875, -0.1745758056640625
58820, 59.279144287109375, 1000.0, 52.0, 287.0, 60.0, 151.0, 11.0, 60.0, 0.0, 16.0, 1000.0, 0.0, 1000.0, 0.0, 1000.0, 906.0, 999.0, 999.0, 999.0, 999.0, 314.0, 278.0, 0.0, 0.0, , 0.1311187744140625, -0.02703857421875, -0.1730499267578125, 0.9757537841796875, , 0.9615631103515625, -0.2082672119140625, 0.038604736328125, -0.174652099609375
58830, 59.289249420166016, 1000.0, 52.0, 287.0, 60.0, 151.0, 10.0, 60.0, 0.0, 16.0, 1000.0, 0.0, 1000.0, 0.0, 1000.0, 908.0, 999.0, 999.0, 999.0, 999.0, 313.0, 275.0, 0.0, 0.0, , 0.1309661865234375, -0.0268707275390625, -0.1729583740234375, 0.975799560546875, , 0.96160888671875, -0.20806884765625, 0.0386505126953125, -0.1746673583984375
58840, 59.29899978637695, 1000.0, 52.0, 287.0, 60.0, 150.0, 10.0, 60.0, 0.0, 16.0, 1000.0, 0.0, 1000.0, 0.0, 1000.0, 906.0, 999.0, 999.0, 999.0, 999.0, 314.0, 278.0, 0.0, 0.0, , 0.1308135986328125, -0.0266876220703125, -0.1728668212890625, 0.9758453369140625, , 0.9616546630859375, -0.2078704833984375, 0.0385589599609375, -0.17462158203125
58850, 59.30914306640625, 1000.0, 52.0, 288.0, 59.0, 151.0, 10.0, 60.0, 0.0, 16.0, 1000.0, 0.0, 1000.0, 0.0, 1000.0, 906.0, 999.0, 999.0, 999.0, 999.0, 314.0, 279.0, 0.0, 0.0, , 0.1306610107421875, -0.0264434814453125, -0.1725006103515625, 0.9759368896484375, , 0.9616546630859375, -0.2079620361328125, 0.0386810302734375, -0.174530029296875
58860, 59.31908416748047, 1000.0, 52.0, 288.0, 59.0, 151.0, 10.0, 60.0, 0.0, 16.0, 1000.0, 0.0, 1000.0, 0.0, 1000.0, 906.0, 999.0, 999.0, 999.0, 999.0, 315.0, 277.0, 0.0, 0.0, , 0.130462646484375, -0.0261993408203125, -0.1723175048828125, 0.9759979248046875, , 0.9615936279296875, -0.208282470703125, 0.0390472412109375, -0.1743927001953125
58870, 59.32915496826172, 1000.0, 52.0, 287.0, 60.0, 151.0, 10.0, 60.0, 0.0, 17.0, 1000.0, 0.0, 1000.0, 0.0, 1000.0, 907.0, 999.0, 999.0, 999.0, 999.0, 315.0, 277.0, 0.0, 0.0, , 0.1302947998046875, -0.0259552001953125, -0.172149658203125, 0.9760589599609375, , 0.961456298828125, -0.20892333984375, 0.0389404296875, -0.174407958984375
58880, 59.33919906616211, 1000.0, 52.0, 287.0, 60.0, 150.0, 10.0, 60.0, 0.0, 17.0, 1000.0, 0.0, 1000.0, 0.0, 1000.0, 907.0, 999.0, 999.0, 999.0, 999.0, 314.0, 277.0, 0.0, 0.0, , 0.130096435546875, -0.02581787109375, -0.172149658203125, 0.9760894775390625, , 0.961181640625, -0.2100982666015625, 0.03948974609375, -0.1743621826171875
58890, 59.355648040771484, 1000.0, 52.0, 288.0, 60.0, 151.0, 10.0, 60.0, 0.0, 17.0, 1000.0, 0.0, 1000.0, 0.0, 1000.0, 909.0, 999.0, 999.0, 999.0, 999.0, 314.0, 279.0, 0.0, 0.0, , 0.1295623779296875, -0.0259552001953125, -0.1724853515625, 0.9760894775390625, , 0.9611968994140625, -0.2100677490234375, 0.0397186279296875, -0.1743011474609375
58900, 59.359169006347656, 1000.0, 52.0, 287.0, 60.0, 151.0, 10.0, 60.0, 0.0, 17.0, 1000.0, 0.0, 1000.0, 0.0, 1000.0, 910.0, 999.0, 999.0, 999.0, 999.0, 313.0, 279.0, 0.0, 0.0, , 0.129547119140625, -0.0260467529296875, -0.1728057861328125, 0.976043701171875, , 0.96136474609375, -0.209320068359375, 0.0395660400390625, -0.1742706298828125
58910, 59.36902618408203, 1000.0, 52.0, 287.0, 60.0, 149.0, 10.0, 60.0, 0.0, 16.0, 1000.0, 0.0, 1000.0, 0.0, 1000.0, 907.0, 999.0, 999.0, 999.0, 999.0, 314.0, 280.0, 0.0, 0.0, , 0.1292572021484375, -0.0259246826171875, -0.1729278564453125, 0.9760589599609375, , 0.9615631103515625, -0.2085113525390625, 0.0390472412109375, -0.17425537109375
58920, 59.37916564941406, 1000.0, 52.0, 287.0, 60.0, 150.0, 10.0, 60.0, 0.0, 16.0, 1000.0, 0.0, 1000.0, 0.0, 1000.0, 910.0, 999.0, 999.0, 999.0, 999.0, 314.0, 279.0, 0.0, 0.0, , 0.1289215087890625, -0.0258331298828125, -0.173065185546875, 0.9760894775390625, , 0.9617462158203125, -0.2078399658203125, 0.03857421875, -0.1741943359375
58930, 59.389251708984375, 1000.0, 52.0, 286.0, 60.0, 151.0, 10.0, 60.0, 0.0, 16.0, 1000.0, 0.0, 1000.0, 0.0, 1000.0, 904.0, 999.0, 999.0, 999.0, 999.0, 314.0, 279.0, 0.0, 0.0, , 0.1285552978515625, -0.025726318359375, -0.17327880859375, 0.976104736328125, , 0.9621124267578125, -0.206329345703125, 0.03875732421875, -0.1739501953125
58940, 59.39921188354492, 1000.0, 52.0, 286.0, 60.0, 151.0, 10.0, 60.0, 0.0, 16.0, 1000.0, 0.0, 1000.0, 0.0, 1000.0, 905.0, 999.0, 999.0, 999.0, 999.0, 314.0, 278.0, 0.0, 0.0, , 0.128082275390625, -0.025970458984375, -0.173431396484375, 0.9761199951171875, , 0.9625244140625, -0.20452880859375, 0.0379638671875, -0.1739349365234375
58950, 59.40913009643555, 1000.0, 52.0, 287.0, 59.0, 151.0, 10.0, 60.0, 0.0, 16.0, 1000.0, 0.0, 1000.0, 0.0, 1000.0, 904.0, 999.0, 999.0, 999.0, 999.0, 312.0, 279.0, 0.0, 0.0, , 0.127593994140625, -0.026153564453125, -0.1737213134765625, 0.97613525390625, , 0.96258544921875, -0.2043609619140625, 0.038909912109375, -0.1735382080078125
58960, 59.4192008972168, 1000.0, 52.0, 287.0, 59.0, 151.0, 10.0, 60.0, 0.0, 17.0, 1000.0, 0.0, 1000.0, 0.0, 1000.0, 908.0, 999.0, 999.0, 999.0, 999.0, 313.0, 278.0, 0.0, 0.0, , 0.1270751953125, -0.0262603759765625, -0.17401123046875, 0.9761505126953125, , 0.96234130859375, -0.2056732177734375, 0.03936767578125, -0.1732330322265625
58970, 59.42915344238281, 1000.0, 52.0, 287.0, 59.0, 151.0, 10.0, 60.0, 0.0, 16.0, 1000.0, 0.0, 1000.0, 0.0, 1000.0, 907.0, 999.0, 999.0, 999.0, 999.0, 313.0, 279.0, 0.0, 0.0, , 0.126556396484375, -0.0262908935546875, -0.1739654541015625, 0.976226806640625, , 0.9619903564453125, -0.2074737548828125, 0.0398101806640625, -0.172943115234375
58980, 59.43919372558594, 1000.0, 52.0, 287.0, 60.0, 151.0, 10.0, 60.0, 0.0, 16.0, 1000.0, 0.0, 1000.0, 0.0, 1000.0, 908.0, 999.0, 999.0, 999.0, 999.0, 313.0, 279.0, 0.0, 0.0, , 0.126068115234375, -0.0261688232421875, -0.173736572265625, 0.9763336181640625, , 0.9614410400390625, -0.2101593017578125, 0.040802001953125, -0.1725616455078125
58990, 59.449256896972656, 1000.0, 52.0, 287.0, 59.0, 151.0, 10.0, 60.0, 0.0, 16.0, 1000.0, 0.0, 1000.0, 0.0, 1000.0, 903.0, 999.0, 999.0, 999.0, 999.0, 313.0, 278.0, 0.0, 0.0, , 0.1256103515625, -0.02587890625, -0.173919677734375, 0.9763641357421875, , 0.9614105224609375, -0.210418701171875, 0.0421905517578125, -0.172088623046875
59000, 59.459205627441406, 1000.0, 52.0, 287.0, 59.0, 151.0, 10.0, 59.0, 0.0, 16.0, 1000.0, 0.0, 1000.0, 0.0, 1000.0, 904.0, 999.0, 999.0, 999.0, 999.0, 312.0, 279.0, 0.0, 0.0, , 0.1251373291015625, -0.0257110595703125, -0.174285888671875, 0.9763641357421875, , 0.96112060546875, -0.211822509765625, 0.0436553955078125, -0.171600341796875
59010, 59.46908950805664, 1000.0, 52.0, 287.0, 59.0, 151.0, 10.0, 59.0, 0.0, 16.0, 1000.0, 0.0, 1000.0, 0.0, 1000.0, 900.0, 999.0, 999.0, 999.0, 999.0, 313.0, 279.0, 0.0, 0.0, , 0.124603271484375, -0.025543212890625, -0.1750030517578125, 0.9763031005859375, , 0.9611663818359375, -0.2117462158203125, 0.04559326171875, -0.170989990234375
59020, 59.4791374206543, 1000.0, 52.0, 287.0, 59.0, 151.0, 10.0, 60.0, 0.0, 16.0, 1000.0, 0.0, 1000.0, 0.0, 1000.0, 902.0, 999.0, 999.0, 999.0, 999.0, 312.0, 278.0, 0.0, 0.0, , 0.12408447265625, -0.0253143310546875, -0.1755523681640625, 0.9762725830078125, , 0.9611968994140625, -0.2116546630859375, 0.0450592041015625, -0.170989990234375
59030, 59.48930358886719, 1000.0, 52.0, 286.0, 59.0, 150.0, 10.0, 59.0, 0.0, 17.0, 1000.0, 0.0, 1000.0, 0.0, 1000.0, 900.0, 999.0, 999.0, 999.0, 999.0, 312.0, 278.0, 0.0, 0.0, , 0.1236114501953125, -0.0250396728515625, -0.176177978515625, 0.9762420654296875, , 0.9612274169921875, -0.2116241455078125, 0.0463409423828125, -0.1705474853515625
59040, 59.499114990234375, 1000.0, 52.0, 286.0, 59.0, 149.0, 10.0, 60.0, 0.0, 17.0, 1000.0, 0.0, 1000.0, 0.0, 1000.0, 901.0, 999.0, 999.0, 999.0, 999.0, 311.0, 278.0, 0.0, 0.0, , 0.1231536865234375, -0.024658203125, -0.1772613525390625, 0.976104736328125, , 0.961273193359375, -0.2114715576171875, 0.0471038818359375, -0.1702423095703125
59050, 59.51729965209961, 1000.0, 52.0, 286.0, 59.0, 150.0, 10.0, 59.0, 0.0, 17.0, 1000.0, 0.0, 1000.0, 0.0, 1000.0, 901.0, 999.0, 999.0, 999.0, 999.0, 313.0, 279.0, 0.0, 0.0, , 0.1226654052734375, -0.0245513916015625, -0.17718505859375, 0.9761810302734375, , 0.9608917236328125, -0.213165283203125, 0.0499267578125, -0.1695098876953125
59060, 59.519107818603516, 1000.0, 52.0, 287.0, 59.0, 150.0, 10.0, 60.0, 0.0, 16.0, 1000.0, 0.0, 1000.0, 0.0, 1000.0, 905.0, 999.0, 999.0, 999.0, 999.0, 312.0, 280.0, 0.0, 0.0, , 0.122222900390625, -0.0243988037109375, -0.1771087646484375, 0.97625732421875, , 0.96099853515625, -0.2127227783203125, 0.0507965087890625, -0.1691741943359375
59070, 59.52912521362305, 1000.0, 52.0, 286.0, 59.0, 150.0, 10.0, 59.0, 0.0, 16.0, 1000.0, 0.0, 1000.0, 0.0, 1000.0, 903.0, 999.0, 999.0, 999.0, 999.0, 312.0, 278.0, 0.0, 0.0, , 0.12188720703125, -0.0242767333984375, -0.177032470703125, 0.976318359375, , 0.9609527587890625, -0.2130584716796875, 0.0500946044921875, -0.1692352294921875
59080, 59.53926467895508, 1000.0, 52.0, 287.0, 60.0, 150.0, 10.0, 60.0, 0.0, 16.0, 1000.0, 0.0, 1000.0, 0.0, 1000.0, 901.0, 999.0, 999.0, 999.0, 999.0, 312.0, 279.0, 0.0, 0.0, , 0.1215667724609375, -0.024139404296875, -0.1769866943359375, 0.9763641357421875, , 0.9608612060546875, -0.2135467529296875, 0.050689697265625, -0.1689910888671875
59090, 59.549102783203125, 1000.0, 52.0, 286.0, 60.0, 150.0, 10.0, 60.0, 0.0, 16.0, 1000.0, 0.0, 1000.0, 0.0, 1000.0, 899.0, 999.0, 999.0, 999.0, 999.0, 311.0, 279.0, 0.0, 0.0, , 0.1212615966796875, -0.0240020751953125, -0.1769561767578125, 0.976409912109375, , 0.960662841796875, -0.2144775390625, 0.0518951416015625, -0.1685791015625
59100, 59.55913543701172, 1000.0, 52.0, 286.0, 60.0, 151.0, 10.0, 60.0, 0.0, 17.0, 1000.0, 0.0, 1000.0, 0.0, 1000.0, 903.0, 999.0, 999.0, 999.0, 999.0, 311.0, 280.0, 0.0, 0.0, , 0.1210174560546875, -0.02386474609375, -0.1769561767578125, 0.9764556884765625, , 0.961090087890625, -0.21270751953125, 0.0507354736328125, -0.168731689453125
59110, 59.5709228515625, 1000.0, 52.0, 286.0, 60.0, 151.0, 10.0, 60.0, 0.0, 17.0, 1000.0, 0.0, 1000.0, 0.0, 1000.0, 903.0, 999.0, 999.0, 999.0, 999.0, 311.0, 280.0, 0.0, 0.0, , 0.1210174560546875, -0.02386474609375, -0.1769561767578125, 0.9764556884765625, , 0.9616851806640625, -0.209991455078125, 0.0515289306640625, -0.1684722900390625
59120, 59.57915496826172, 1000.0, 52.0, 286.0, 59.0, 151.0, 10.0, 60.0, 0.0, 16.0, 1000.0, 0.0, 1000.0, 0.0, 1000.0, 903.0, 999.0, 999.0, 999.0, 999.0, 311.0, 279.0, 0.0, 0.0, , 0.120452880859375, -0.0234527587890625, -0.1767425537109375, 0.9765625, , 0.962646484375, -0.20574951171875, 0.050811767578125, -0.1685028076171875
59130, 59.5892448425293, 1000.0, 52.0, 286.0, 59.0, 151.0, 10.0, 60.0, 0.0, 16.0, 1000.0, 0.0, 1000.0, 0.0, 1000.0, 904.0, 999.0, 997.0, 999.0, 999.0, 311.0, 279.0, 0.0, 0.0, , 0.12017822265625, -0.0233612060546875, -0.1766510009765625, 0.97662353515625, , 0.96319580078125, -0.2031097412109375, 0.051177978515625, -0.1683807373046875
59140, 59.599239349365234, 1000.0, 52.0, 285.0, 60.0, 150.0, 9.0, 60.0, 0.0, 17.0, 1000.0, 0.0, 1000.0, 0.0, 1000.0, 905.0, 999.0, 997.0, 999.0, 999.0, 312.0, 279.0, 0.0, 0.0, , 0.1198577880859375, -0.0233001708984375, -0.176544189453125, 0.9766845703125, , 0.96405029296875, -0.1992034912109375, 0.0502166748046875, -0.1684722900390625
59150, 59.60913848876953, 1000.0, 52.0, 285.0, 59.0, 149.0, 9.0, 60.0, 0.0, 16.0, 1000.0, 0.0, 1000.0, 0.0, 1000.0, 905.0, 999.0, 999.0, 999.0, 999.0, 312.0, 280.0, 0.0, 0.0, , 0.11956787109375, -0.023223876953125, -0.176483154296875, 0.9767303466796875, , 0.9638671875, -0.20013427734375, 0.0508575439453125, -0.1682586669921875
59160, 59.62110137939453, 1000.0, 52.0, 286.0, 59.0, 151.0, 10.0, 60.0, 0.0, 16.0, 1000.0, 0.0, 1000.0, 0.0, 1000.0, 911.0, 999.0, 999.0, 999.0, 999.0, 311.0, 279.0, 0.0, 0.0, , 0.118927001953125, -0.023223876953125, -0.1764678955078125, 0.976806640625, , 0.96417236328125, -0.1987457275390625, 0.05072021484375, -0.16815185546875
59170, 59.62909698486328, 1000.0, 52.0, 286.0, 59.0, 151.0, 10.0, 60.0, 0.0, 16.0, 1000.0, 0.0, 1000.0, 0.0, 1000.0, 911.0, 999.0, 999.0, 999.0, 999.0, 311.0, 279.0, 0.0, 0.0, , 0.118927001953125, -0.023223876953125, -0.1764678955078125, 0.976806640625, , 0.9642791748046875, -0.198211669921875, 0.051605224609375, -0.1678619384765625
59180, 59.639530181884766, 1000.0, 52.0, 285.0, 59.0, 151.0, 10.0, 60.0, 0.0, 16.0, 1000.0, 0.0, 1000.0, 0.0, 1000.0, 912.0, 999.0, 999.0, 999.0, 999.0, 311.0, 279.0, 0.0, 0.0, , 0.1185760498046875, -0.023193359375, -0.176239013671875, 0.976898193359375, , 0.9640655517578125, -0.19927978515625, 0.052276611328125, -0.167633056640625
59190, 59.64939880371094, 1000.0, 52.0, 284.0, 59.0, 151.0, 9.0, 60.0, 0.0, 17.0, 1000.0, 0.0, 1000.0, 0.0, 1000.0, 909.0, 999.0, 999.0, 999.0, 999.0, 312.0, 278.0, 0.0, 0.0, , 0.117828369140625, -0.0232086181640625, -0.17559814453125, 0.9770965576171875, , 0.963409423828125, -0.20263671875, 0.050384521484375, -0.16796875
59200, 59.659400939941406, 1000.0, 52.0, 285.0, 59.0, 151.0, 9.0, 60.0, 0.0, 17.0, 1000.0, 0.0, 1000.0, 0.0, 1000.0, 910.0, 999.0, 999.0, 999.0, 999.0, 312.0, 279.0, 0.0, 0.0, , 0.1178436279296875, -0.02313232421875, -0.1750946044921875, 0.9771881103515625, , 0.9631195068359375, -0.2041015625, 0.049957275390625, -0.16796875
59210, 59.681644439697266, 1000.0, 52.0, 285.0, 59.0, 150.0, 9.0, 60.0, 0.0, 17.0, 1000.0, 0.0, 1000.0, 0.0, 1000.0, 909.0, 999.0, 999.0, 999.0, 999.0, 312.0, 280.0, 0.0, 0.0, , 0.1174774169921875, -0.02294921875, -0.1746826171875, 0.9773101806640625, , 0.9627838134765625, -0.205718994140625, 0.0512847900390625, -0.1676025390625
59220, 59.689186096191406, 1000.0, 52.0, 286.0, 59.0, 151.0, 9.0, 60.0, 0.0, 17.0, 1000.0, 0.0, 1000.0, 0.0, 1000.0, 911.0, 999.0, 999.0, 999.0, 999.0, 313.0, 281.0, 0.0, 0.0, , 0.1171417236328125, -0.0225982666015625, -0.1743927001953125, 0.9774169921875, , 0.9624176025390625, -0.2073211669921875, 0.052337646484375, -0.1673583984375
59230, 59.69919204711914, 1000.0, 52.0, 286.0, 59.0, 152.0, 9.0, 60.0, 0.0, 17.0, 1000.0, 0.0, 1000.0, 0.0, 1000.0, 909.0, 999.0, 999.0, 999.0, 999.0, 312.0, 279.0, 0.0, 0.0, , 0.1168212890625, -0.0221405029296875, -0.17425537109375, 0.97747802734375, , 0.96185302734375, -0.2099456787109375, 0.0515899658203125, -0.167572021484375
59240, 59.70914077758789, 1000.0, 52.0, 285.0, 59.0, 151.0, 9.0, 59.0, 0.0, 16.0, 1000.0, 0.0, 1000.0, 0.0, 1000.0, 910.0, 999.0, 999.0, 999.0, 999.0, 312.0, 275.0, 0.0, 0.0, , 0.1165618896484375, -0.021484375, -0.1743011474609375, 0.9775238037109375, , 0.9615325927734375, -0.2112579345703125, 0.0526580810546875, -0.167388916015625
59250, 59.71916580200195, 1000.0, 52.0, 286.0, 59.0, 151.0, 9.0, 58.0, 0.0, 16.0, 1000.0, 0.0, 1000.0, 0.0, 1000.0, 907.0, 999.0, 999.0, 999.0, 999.0, 312.0, 274.0, 0.0, 0.0, , 0.1162567138671875, -0.0208282470703125, -0.174407958984375, 0.9775543212890625, , 0.96142578125, -0.2117767333984375, 0.0525970458984375, -0.16741943359375
59260, 59.72917175292969, 1000.0, 52.0, 285.0, 59.0, 151.0, 9.0, 58.0, 0.0, 16.0, 1000.0, 0.0, 1000.0, 0.0, 1000.0, 909.0, 999.0, 999.0, 999.0, 999.0, 312.0, 273.0, 0.0, 0.0, , 0.1159820556640625, -0.0200042724609375, -0.1747283935546875, 0.9775543212890625, , 0.9615478515625, -0.2109832763671875, 0.05517578125, -0.166900634765625
59270, 59.73921203613281, 1000.0, 52.0, 286.0, 59.0, 151.0, 9.0, 58.0, 0.0, 17.0, 1000.0, 0.0, 1000.0, 0.0, 1000.0, 906.0, 999.0, 999.0, 999.0, 999.0, 312.0, 277.0, 0.0, 0.0, , 0.11572265625, -0.019195556640625, -0.17523193359375, 0.977508544921875, , 0.961944580078125, -0.2092132568359375, 0.05364990234375, -0.1673126220703125
59280, 59.749149322509766, 1000.0, 52.0, 288.0, 59.0, 151.0, 9.0, 58.0, 0.0, 17.0, 1000.0, 0.0, 1000.0, 0.0, 1000.0, 907.0, 999.0, 999.0, 999.0, 999.0, 312.0, 278.0, 0.0, 0.0, , 0.1154937744140625, -0.0185699462890625, -0.1756744384765625, 0.9774627685546875, , 0.9618682861328125, -0.2093658447265625, 0.0552978515625, -0.16705322265625
59290, 59.75910186767578, 1000.0, 52.0, 287.0, 59.0, 151.0, 9.0, 59.0, 0.0, 17.0, 1000.0, 0.0, 1000.0, 0.0, 1000.0, 906.0, 999.0, 999.0, 999.0, 999.0, 312.0, 278.0, 0.0, 0.0, , 0.115234375, -0.018157958984375, -0.17608642578125, 0.9774322509765625, , 0.9622802734375, -0.2074127197265625, 0.0546875, -0.1672821044921875
59300, 59.76911163330078, 1000.0, 52.0, 286.0, 59.0, 150.0, 9.0, 59.0, 0.0, 17.0, 1000.0, 0.0, 1000.0, 0.0, 1000.0, 908.0, 999.0, 999.0, 999.0, 999.0, 312.0, 278.0, 0.0, 0.0, , 0.115020751953125, -0.017913818359375, -0.17633056640625, 0.9774169921875, , 0.962249755859375, -0.2074737548828125, 0.0545806884765625, -0.16741943359375
59310, 59.779144287109375, 1000.0, 52.0, 285.0, 59.0, 150.0, 9.0, 59.0, 0.0, 17.0, 1000.0, 0.0, 1000.0, 0.0, 1000.0, 906.0, 999.0, 999.0, 999.0, 999.0, 311.0, 278.0, 0.0, 0.0, , 0.1148529052734375, -0.017425537109375, -0.1768341064453125, 0.97735595703125, , 0.962188720703125, -0.2077178955078125, 0.0545806884765625, -0.167510986328125
59320, 59.78899383544922, 1000.0, 52.0, 286.0, 59.0, 149.0, 9.0, 60.0, 0.0, 17.0, 1000.0, 0.0, 1000.0, 0.0, 1000.0, 908.0, 999.0, 999.0, 999.0, 999.0, 312.0, 278.0, 0.0, 0.0, , 0.11468505859375, -0.0171356201171875, -0.1771087646484375, 0.977325439453125, , 0.9621429443359375, -0.207794189453125, 0.0546417236328125, -0.1675872802734375
59330, 59.79911422729492, 1000.0, 52.0, 285.0, 59.0, 149.0, 8.0, 59.0, 0.0, 16.0, 1000.0, 0.0, 750.0, 0.0, 1000.0, 905.0, 999.0, 999.0, 999.0, 999.0, 313.0, 275.0, 0.0, 0.0, , 0.114532470703125, -0.0168609619140625, -0.1773223876953125, 0.9773101806640625, , 0.96209716796875, -0.207977294921875, 0.0547637939453125, -0.1675872802734375
59340, 59.809139251708984, 1000.0, 52.0, 285.0, 59.0, 151.0, 8.0, 59.0, 0.0, 16.0, 1000.0, 0.0, 750.0, 0.0, 1000.0, 906.0, 999.0, 999.0, 999.0, 999.0, 314.0, 274.0, 0.0, 0.0, , 0.114288330078125, -0.01702880859375, -0.1775665283203125, 0.977294921875, , 0.96209716796875, -0.2079925537109375, 0.0545654296875, -0.167694091796875
59350, 59.81914520263672, 1000.0, 52.0, 284.0, 59.0, 151.0, 8.0, 59.0, 0.0, 17.0, 1000.0, 0.0, 750.0, 0.0, 1000.0, 902.0, 999.0, 999.0, 999.0, 999.0, 314.0, 274.0, 0.0, 0.0, , 0.1140594482421875, -0.0171051025390625, -0.177703857421875, 0.977294921875, , 0.9621429443359375, -0.20782470703125, 0.0539093017578125, -0.1678314208984375
59360, 59.829345703125, 1000.0, 52.0, 283.0, 59.0, 151.0, 8.0, 59.0, 0.0, 17.0, 1000.0, 0.0, 1000.0, 0.0, 1000.0, 902.0, 999.0, 999.0, 999.0, 999.0, 313.0, 274.0, 0.0, 0.0, , 0.11383056640625, -0.0172271728515625, -0.1776275634765625, 0.977325439453125, , 0.96221923828125, -0.2075347900390625, 0.053375244140625, -0.16790771484375
59370, 59.83943176269531, 1000.0, 52.0, 283.0, 59.0, 149.0, 8.0, 59.0, 0.0, 16.0, 1000.0, 0.0, 1000.0, 0.0, 1000.0, 899.0, 999.0, 999.0, 999.0, 999.0, 313.0, 274.0, 0.0, 0.0, , 0.1135711669921875, -0.0174560546875, -0.1773681640625, 0.9774017333984375, , 0.962371826171875, -0.206817626953125, 0.0531768798828125, -0.1679534912109375
59380, 59.8492431640625, 1000.0, 52.0, 283.0, 59.0, 149.0, 8.0, 59.0, 0.0, 16.0, 1000.0, 0.0, 1000.0, 0.0, 1000.0, 901.0, 999.0, 999.0, 999.0, 999.0, 312.0, 277.0, 0.0, 0.0, , 0.1133575439453125, -0.0175018310546875, -0.1773223876953125, 0.9774322509765625, , 0.9624786376953125, -0.20635986328125, 0.0526275634765625, -0.1680908203125
59390, 59.85917282104492, 1000.0, 52.0, 283.0, 59.0, 149.0, 8.0, 59.0, 0.0, 16.0, 1000.0, 0.0, 1000.0, 0.0, 1000.0, 899.0, 999.0, 999.0, 999.0, 999.0, 313.0, 278.0, 0.0, 0.0, , 0.1131744384765625, -0.017547607421875, -0.1772003173828125, 0.97747802734375, , 0.962646484375, -0.2055816650390625, 0.052520751953125, -0.168121337890625
59400, 59.86914825439453, 1000.0, 52.0, 282.0, 59.0, 149.0, 8.0, 59.0, 0.0, 16.0, 1000.0, 0.0, 1000.0, 0.0, 1000.0, 902.0, 999.0, 999.0, 999.0, 999.0, 314.0, 277.0, 0.0, 0.0, , 0.112945556640625, -0.017669677734375, -0.177276611328125, 0.9774932861328125, , 0.9626312255859375, -0.2056732177734375, 0.0526580810546875, -0.1680755615234375
59410, 59.87913131713867, 1000.0, 52.0, 282.0, 59.0, 149.0, 8.0, 59.0, 0.0, 16.0, 1000.0, 0.0, 1000.0, 0.0, 1000.0, 902.0, 999.0, 999.0, 999.0, 999.0, 314.0, 277.0, 0.0, 0.0, , 0.112945556640625, -0.017669677734375, -0.177276611328125, 0.9774932861328125, , 0.9625091552734375, -0.2062530517578125, 0.0528411865234375, -0.167999267578125
59420, 59.889217376708984, 1000.0, 52.0, 283.0, 59.0, 149.0, 8.0, 59.0, 0.0, 16.0, 1000.0, 0.0, 1000.0, 0.0, 1000.0, 902.0, 999.0, 999.0, 999.0, 999.0, 313.0, 277.0, 0.0, 0.0, , 0.112457275390625, -0.0182037353515625, -0.1772003173828125, 0.9775543212890625, , 0.9623870849609375, -0.2068634033203125, 0.0526885986328125, -0.16796875
59430, 59.89913558959961, 1000.0, 52.0, 283.0, 59.0, 149.0, 7.0, 59.0, 0.0, 16.0, 1000.0, 0.0, 1000.0, 0.0, 1000.0, 899.0, 999.0, 999.0, 999.0, 999.0, 314.0, 277.0, 0.0, 0.0, , 0.1121978759765625, -0.01861572265625, -0.1770172119140625, 0.97760009765625, , 0.962249755859375, -0.207611083984375, 0.052490234375, -0.1679534912109375
59440, 59.909217834472656, 1000.0, 52.0, 283.0, 59.0, 148.0, 7.0, 59.0, 0.0, 16.0, 1000.0, 0.0, 1000.0, 0.0, 1000.0, 902.0, 999.0, 999.0, 999.0, 999.0, 314.0, 275.0, 0.0, 0.0, , 0.112030029296875, -0.018707275390625, -0.1766357421875, 0.977691650390625, , 0.9623260498046875, -0.2072906494140625, 0.0524444580078125, -0.167877197265625
59450, 59.91914749145508, 1000.0, 52.0, 283.0, 59.0, 148.0, 7.0, 58.0, 0.0, 16.0, 1000.0, 0.0, 1000.0, 0.0, 1000.0, 899.0, 999.0, 999.0, 999.0, 999.0, 313.0, 275.0, 0.0, 0.0, , 0.11187744140625, -0.018646240234375, -0.176422119140625, 0.977752685546875, , 0.9622955322265625, -0.207550048828125, 0.052093505859375, -0.1678619384765625
59460, 59.92910385131836, 1000.0, 52.0, 282.0, 58.0, 148.0, 7.0, 58.0, 0.0, 15.0, 1000.0, 0.0, 1000.0, 0.0, 1000.0, 899.0, 999.0, 999.0, 999.0, 998.0, 313.0, 275.0, 0.0, 0.0, , 0.11151123046875, -0.0187530517578125, -0.176025390625, 0.9778594970703125, , 0.9625244140625, -0.2065887451171875, 0.0522308349609375, -0.1677093505859375
59470, 59.93921661376953, 1000.0, 52.0, 282.0, 58.0, 149.0, 7.0, 58.0, 0.0, 15.0, 1000.0, 0.0, 1000.0, 0.0, 1000.0, 902.0, 999.0, 999.0, 999.0, 998.0, 313.0, 275.0, 0.0, 0.0, , 0.111297607421875, -0.0189208984375, -0.176300048828125, 0.9778289794921875, , 0.96270751953125, -0.2058563232421875, 0.0517578125, -0.167724609375
59480, 59.95075988769531, 1000.0, 52.0, 283.0, 59.0, 148.0, 7.0, 59.0, 0.0, 15.0, 1000.0, 0.0, 1000.0, 0.0, 1000.0, 905.0, 999.0, 999.0, 999.0, 999.0, 312.0, 277.0, 0.0, 0.0, , 0.1113128662109375, -0.0188446044921875, -0.17657470703125, 0.977783203125, , 0.963043212890625, -0.2043304443359375, 0.05206298828125, -0.167572021484375
59490, 59.959228515625, 1000.0, 52.0, 282.0, 59.0, 148.0, 7.0, 58.0, 0.0, 15.0, 1000.0, 0.0, 1000.0, 0.0, 1000.0, 907.0, 999.0, 999.0, 999.0, 999.0, 313.0, 278.0, 0.0, 0.0, , 0.11090087890625, -0.01849365234375, -0.176788330078125, 0.9777984619140625, , 0.963134765625, -0.2039794921875, 0.05120849609375, -0.16766357421875
59500, 59.96913528442383, 1000.0, 52.0, 280.0, 59.0, 148.0, 7.0, 58.0, 0.0, 15.0, 1000.0, 0.0, 1000.0, 0.0, 1000.0, 905.0, 999.0, 999.0, 999.0, 999.0, 313.0, 277.0, 0.0, 0.0, , 0.1106719970703125, -0.0184478759765625, -0.1771087646484375, 0.9777679443359375, , 0.963134765625, -0.2039642333984375, 0.05230712890625, -0.1673583984375
59510, 59.97914505004883, 1000.0, 52.0, 281.0, 58.0, 149.0, 7.0, 58.0, 0.0, 15.0, 1000.0, 0.0, 1000.0, 0.0, 1000.0, 905.0, 999.0, 999.0, 999.0, 999.0, 313.0, 277.0, 0.0, 0.0, , 0.1106719970703125, -0.0184478759765625, -0.1768951416015625, 0.9777984619140625, , 0.9629364013671875, -0.2049102783203125, 0.0522918701171875, -0.1673736572265625
59520, 59.98921585083008, 1000.0, 52.0, 281.0, 58.0, 148.0, 7.0, 59.0, 0.0, 15.0, 1000.0, 0.0, 1000.0, 0.0, 1000.0, 904.0, 999.0, 999.0, 999.0, 999.0, 312.0, 278.0, 0.0, 0.0, , 0.11041259765625, -0.018341064453125, -0.17669677734375, 0.977874755859375, , 0.9626312255859375, -0.20623779296875, 0.05255126953125, -0.167388916015625
59530, 59.9991569519043, 1000.0, 52.0, 282.0, 58.0, 148.0, 7.0, 58.0, 0.0, 15.0, 1000.0, 0.0, 1000.0, 0.0, 1000.0, 905.0, 999.0, 999.0, 999.0, 999.0, 314.0, 275.0, 0.0, 0.0, , 0.1101837158203125, -0.01788330078125, -0.1766357421875, 0.9779205322265625, , 0.9622039794921875, -0.2080535888671875, 0.053131103515625, -0.1674041748046875
59540, 60.00932693481445, 1000.0, 52.0, 282.0, 58.0, 149.0, 7.0, 58.0, 0.0, 15.0, 1000.0, 0.0, 1000.0, 0.0, 1000.0, 905.0, 999.0, 999.0, 999.0, 999.0, 314.0, 277.0, 0.0, 0.0, , 0.1099853515625, -0.017547607421875, -0.176544189453125, 0.97796630859375, , 0.9617156982421875, -0.2099456787109375, 0.056182861328125, -0.166900634765625
59550, 60.01949691772461, 1000.0, 52.0, 282.0, 58.0, 149.0, 7.0, 58.0, 0.0, 15.0, 1000.0, 0.0, 1000.0, 0.0, 1000.0, 906.0, 999.0, 999.0, 999.0, 999.0, 313.0, 273.0, 0.0, 0.0, , 0.1097259521484375, -0.0174713134765625, -0.176544189453125, 0.977996826171875, , 0.9615478515625, -0.21038818359375, 0.05767822265625, -0.166748046875
59560, 60.029319763183594, 1000.0, 52.0, 281.0, 58.0, 149.0, 7.0, 58.0, 0.0, 15.0, 1000.0, 0.0, 1000.0, 0.0, 1000.0, 908.0, 999.0, 999.0, 999.0, 999.0, 313.0, 275.0, 0.0, 0.0, , 0.1094818115234375, -0.0173492431640625, -0.1765594482421875, 0.9780120849609375, , 0.9613800048828125, -0.2111663818359375, 0.0568389892578125, -0.1670989990234375
59570, 60.03935241699219, 1000.0, 52.0, 281.0, 58.0, 148.0, 7.0, 58.0, 0.0, 14.0, 1000.0, 0.0, 1000.0, 0.0, 1000.0, 907.0, 999.0, 999.0, 999.0, 999.0, 314.0, 273.0, 0.0, 0.0, , 0.1092681884765625, -0.0172119140625, -0.1765594482421875, 0.9780426025390625, , 0.961578369140625, -0.210113525390625, 0.0575408935546875, -0.1670379638671875
59580, 60.0494384765625, 1000.0, 52.0, 281.0, 58.0, 148.0, 7.0, 58.0, 0.0, 14.0, 1000.0, 0.0, 1000.0, 0.0, 1000.0, 907.0, 999.0, 999.0, 999.0, 999.0, 313.0, 278.0, 0.0, 0.0, , 0.109039306640625, -0.01708984375, -0.1765899658203125, 0.9780731201171875, , 0.96185302734375, -0.2087554931640625, 0.057525634765625, -0.1671295166015625
59590, 60.061134338378906, 1000.0, 52.0, 281.0, 58.0, 148.0, 7.0, 58.0, 0.0, 15.0, 1000.0, 0.0, 1000.0, 0.0, 1000.0, 906.0, 999.0, 999.0, 999.0, 999.0, 312.0, 278.0, 0.0, 0.0, , 0.10882568359375, -0.0169677734375, -0.1765899658203125, 0.97808837890625, , 0.96209716796875, -0.207550048828125, 0.0575408935546875, -0.1672210693359375
59600, 60.06925582885742, 1000.0, 52.0, 281.0, 58.0, 148.0, 7.0, 58.0, 0.0, 16.0, 1000.0, 0.0, 1000.0, 0.0, 1000.0, 908.0, 999.0, 999.0, 999.0, 999.0, 312.0, 278.0, 0.0, 0.0, , 0.108612060546875, -0.016845703125, -0.1766204833984375, 0.978118896484375, , 0.96221923828125, -0.2069091796875, 0.0582122802734375, -0.1671142578125
59610, 60.07914733886719, 1000.0, 52.0, 280.0, 58.0, 149.0, 7.0, 58.0, 0.0, 15.0, 1000.0, 0.0, 1000.0, 0.0, 1000.0, 908.0, 999.0, 999.0, 999.0, 999.0, 313.0, 275.0, 0.0, 0.0, , 0.1083984375, -0.016693115234375, -0.17669677734375, 0.978118896484375, , 0.9626007080078125, -0.204986572265625, 0.058563232421875, -0.167083740234375
59620, 60.0890998840332, 1000.0, 52.0, 280.0, 58.0, 148.0, 7.0, 58.0, 0.0, 15.0, 1000.0, 0.0, 1000.0, 0.0, 1000.0, 908.0, 999.0, 999.0, 999.0, 999.0, 313.0, 275.0, 0.0, 0.0, , 0.10821533203125, -0.0165863037109375, -0.1767730712890625, 0.9781341552734375, , 0.96240234375, -0.205810546875, 0.0593109130859375, -0.166961669921875
59630, 60.09914779663086, 1000.0, 52.0, 280.0, 58.0, 148.0, 7.0, 58.0, 0.0, 14.0, 1000.0, 0.0, 1000.0, 0.0, 1000.0, 905.0, 999.0, 999.0, 999.0, 999.0, 312.0, 278.0, 0.0, 0.0, , 0.108001708984375, -0.0164794921875, -0.1768646240234375, 0.9781494140625, , 0.962188720703125, -0.2068023681640625, 0.0593414306640625, -0.1670074462890625
59640, 60.10909652709961, 1000.0, 52.0, 281.0, 58.0, 148.0, 7.0, 58.0, 0.0, 15.0, 1000.0, 0.0, 1000.0, 0.0, 1000.0, 906.0, 999.0, 999.0, 999.0, 999.0, 313.0, 277.0, 0.0, 0.0, , 0.1078033447265625, -0.0164642333984375, -0.1769561767578125, 0.9781494140625, , 0.9625244140625, -0.205413818359375, 0.0579986572265625, -0.167236328125
59650, 60.119136810302734, 1000.0, 52.0, 280.0, 58.0, 148.0, 6.0, 58.0, 0.0, 14.0, 1000.0, 0.0, 1000.0, 0.0, 1000.0, 905.0, 999.0, 999.0, 999.0, 999.0, 313.0, 275.0, 0.0, 0.0, , 0.107635498046875, -0.016387939453125, -0.1770477294921875, 0.9781494140625, , 0.9629058837890625, -0.2036590576171875, 0.05816650390625, -0.1671600341796875
59660, 60.129093170166016, 1000.0, 52.0, 280.0, 58.0, 148.0, 6.0, 58.0, 0.0, 14.0, 1000.0, 0.0, 1000.0, 0.0, 1000.0, 907.0, 999.0, 999.0, 999.0, 999.0, 312.0, 277.0, 0.0, 0.0, , 0.1074371337890625, -0.0162353515625, -0.1770782470703125, 0.9781646728515625, , 0.9631195068359375, -0.2030029296875, 0.0542755126953125, -0.1679534912109375
59670, 60.13909912109375, 1000.0, 52.0, 280.0, 58.0, 148.0, 7.0, 58.0, 0.0, 14.0, 1000.0, 0.0, 1000.0, 0.0, 1000.0, 902.0, 999.0, 999.0, 999.0, 999.0, 313.0, 277.0, 0.0, 0.0, , 0.1072540283203125, -0.01605224609375, -0.17706298828125, 0.9781951904296875, , 0.963409423828125, -0.2017059326171875, 0.0539093017578125, -0.1679840087890625
59680, 60.14914321899414, 1000.0, 52.0, 280.0, 58.0, 148.0, 7.0, 58.0, 0.0, 14.0, 1000.0, 0.0, 1000.0, 0.0, 1000.0, 902.0, 999.0, 999.0, 999.0, 999.0, 313.0, 277.0, 0.0, 0.0, , 0.1072540283203125, -0.01605224609375, -0.17706298828125, 0.9781951904296875, , 0.9634552001953125, -0.201446533203125, 0.0547943115234375, -0.1677398681640625
59690, 60.15909957885742, 1000.0, 52.0, 279.0, 58.0, 148.0, 6.0, 57.0, 0.0, 14.0, 1000.0, 0.0, 1000.0, 0.0, 1000.0, 901.0, 999.0, 999.0, 999.0, 999.0, 312.0, 274.0, 0.0, 0.0, , 0.10693359375, -0.0158538818359375, -0.1771392822265625, 0.9782257080078125, , 0.9624786376953125, -0.2058868408203125, 0.0551910400390625, -0.1678314208984375
59700, 60.169124603271484, 1000.0, 52.0, 278.0, 58.0, 148.0, 6.0, 57.0, 0.0, 14.0, 1000.0, 0.0, 1000.0, 0.0, 1000.0, 904.0, 999.0, 999.0, 999.0, 999.0, 313.0, 275.0, 0.0, 0.0, , 0.106781005859375, -0.0155792236328125, -0.1771240234375, 0.978240966796875, , 0.9625396728515625, -0.205535888671875, 0.0556793212890625, -0.1677398681640625
59710, 60.17912292480469, 1000.0, 52.0, 278.0, 58.0, 148.0, 6.0, 57.0, 0.0, 14.0, 1000.0, 0.0, 1000.0, 0.0, 1000.0, 904.0, 999.0, 999.0, 999.0, 999.0, 313.0, 275.0, 0.0, 0.0, , 0.106781005859375, -0.0155792236328125, -0.1771240234375, 0.978240966796875, , 0.9619140625, -0.208282470703125, 0.0577545166015625, -0.16729736328125
59720, 60.1890983581543, 1000.0, 52.0, 279.0, 58.0, 148.0, 6.0, 58.0, 0.0, 14.0, 1000.0, 0.0, 1000.0, 0.0, 1000.0, 904.0, 999.0, 996.0, 999.0, 999.0, 314.0, 278.0, 0.0, 0.0, , 0.106414794921875, -0.015350341796875, -0.17730712890625, 0.9782562255859375, , 0.961944580078125, -0.2080535888671875, 0.0594482421875, -0.1667938232421875
59730, 60.19911193847656, 1000.0, 52.0, 280.0, 58.0, 148.0, 6.0, 57.0, 0.0, 14.0, 1000.0, 0.0, 1000.0, 0.0, 1000.0, 902.0, 999.0, 996.0, 999.0, 999.0, 313.0, 277.0, 0.0, 0.0, , 0.1062469482421875, -0.01519775390625, -0.1774749755859375, 0.978240966796875, , 0.9622650146484375, -0.2070465087890625, 0.055694580078125, -0.16748046875
59740, 60.20919418334961, 1000.0, 52.0, 280.0, 58.0, 148.0, 6.0, 57.0, 0.0, 14.0, 1000.0, 0.0, 1000.0, 0.0, 1000.0, 905.0, 999.0, 999.0, 999.0, 999.0, 312.0, 278.0, 0.0, 0.0, , 0.1060791015625, -0.014984130859375, -0.1775360107421875, 0.9782562255859375, , 0.962860107421875, -0.2044525146484375, 0.0557098388671875, -0.1673126220703125
59750, 60.22270965576172, 1000.0, 52.0, 280.0, 58.0, 148.0, 6.0, 57.0, 0.0, 14.0, 1000.0, 0.0, 1000.0, 0.0, 1000.0, 902.0, 999.0, 999.0, 999.0, 999.0, 312.0, 277.0, 0.0, 0.0, , 0.1058807373046875, -0.0147857666015625, -0.177490234375, 0.9782867431640625, , 0.96295166015625, -0.2039947509765625, 0.056488037109375, -0.1670379638671875
59760, 60.229061126708984, 1000.0, 52.0, 280.0, 58.0, 147.0, 6.0, 57.0, 0.0, 13.0, 1000.0, 0.0, 1000.0, 0.0, 1000.0, 904.0, 999.0, 999.0, 999.0, 999.0, 313.0, 275.0, 0.0, 0.0, , 0.1056671142578125, -0.0147247314453125, -0.177459716796875, 0.9783172607421875, , 0.96282958984375, -0.20465087890625, 0.0565032958984375, -0.16693115234375
59770, 60.23910140991211, 1000.0, 52.0, 277.0, 58.0, 146.0, 6.0, 57.0, 0.0, 14.0, 1000.0, 0.0, 1000.0, 0.0, 1000.0, 903.0, 999.0, 999.0, 999.0, 999.0, 313.0, 274.0, 0.0, 0.0, , 0.1051788330078125, -0.0145416259765625, -0.1774139404296875, 0.9783782958984375, , 0.963134765625, -0.203369140625, 0.0555877685546875, -0.167022705078125
59780, 60.2491569519043, 1000.0, 52.0, 277.0, 58.0, 148.0, 6.0, 56.0, 0.0, 14.0, 1000.0, 0.0, 1000.0, 0.0, 1000.0, 901.0, 999.0, 999.0, 999.0, 999.0, 312.0, 275.0, 0.0, 0.0, , 0.105194091796875, -0.0144500732421875, -0.1775665283203125, 0.9783477783203125, , 0.962615966796875, -0.2057647705078125, 0.0562896728515625, -0.1668548583984375
59790, 60.25910568237305, 1000.0, 52.0, 277.0, 58.0, 148.0, 6.0, 57.0, 0.0, 13.0, 1000.0, 0.0, 1000.0, 0.0, 1000.0, 904.0, 999.0, 999.0, 999.0, 999.0, 313.0, 277.0, 0.0, 0.0, , 0.10491943359375, -0.0144500732421875, -0.1776885986328125, 0.978363037109375, , 0.962158203125, -0.2078857421875, 0.0560150146484375, -0.1669464111328125
59800, 60.26914596557617, 1000.0, 52.0, 278.0, 58.0, 148.0, 5.0, 57.0, 0.0, 13.0, 1000.0, 0.0, 1000.0, 0.0, 1000.0, 904.0, 999.0, 999.0, 999.0, 999.0, 314.0, 277.0, 0.0, 0.0, , 0.1045989990234375, -0.0146026611328125, -0.17791748046875, 0.9783477783203125, , 0.962127685546875, -0.207977294921875, 0.05621337890625, -0.16693115234375
