1751538121303 0.2916666666666667 1
1751538122015 0.2916666666666667 2
1751538122726 0.2916666666666667 3
1751538123443 0.2916666666666667 4
1751538124166 0.2916666666666667 5
1751538124871 0.2916666666666667 6
1751538125614 0.3333333333333333 7
1751538126328 0.2916666666666667 8
1751538127012 0.3333333333333333 9
1751538127759 0.4583333333333333 10
1751538128478 0.5833333333333334 11
1751538129173 0.625 12
1751538129922 0.625 13
1751538130672 0.375 14
1751538131388 0.375 15
1751538132129 0.5833333333333334 16
1751538132839 0.375 17
1751538133568 0.5833333333333334 18
1751538134291 0.5833333333333334 19
1751538134998 0.625 20
1751538135718 0.75 21
1751538136446 0.9583333333333334 22
1751538137178 0.8333333333333334 23
1751538137921 0.9166666666666666 24
1751538138671 0.9166666666666666 25
1751538139400 0.9166666666666666 26
1751538140122 0.9166666666666666 27
1751538140851 0.9166666666666666 28
1751538141584 0.9166666666666666 29
1751538142310 0.9166666666666666 30
1751538143082 0.9166666666666666 31
1751538143799 0.9166666666666666 32
1751538144522 0.9166666666666666 33
1751538145249 0.9166666666666666 34
1751538145975 0.9166666666666666 35
1751538146693 0.9166666666666666 36
1751538147419 0.9166666666666666 37
1751538148128 0.9166666666666666 38
1751538148861 0.9166666666666666 39
1751538149591 0.9166666666666666 40
1751538150348 0.9166666666666666 41
1751538151077 0.9166666666666666 42
1751538151822 0.9166666666666666 43
1751538152572 0.9166666666666666 44
1751538153319 0.9166666666666666 45
1751538154056 0.9166666666666666 46
1751538154779 0.9166666666666666 47
1751538155490 0.9166666666666666 48
1751538156216 0.9166666666666666 49
1751538156942 0.9166666666666666 50
1751538157691 0.9166666666666666 51
1751538158410 0.9166666666666666 52
1751538159137 0.9166666666666666 53
1751538159866 0.9166666666666666 54
1751538160603 0.9166666666666666 55
1751538161333 0.9166666666666666 56
1751538162078 0.9166666666666666 57
1751538162804 0.9166666666666666 58
1751538163527 0.9166666666666666 59
1751538164278 0.9166666666666666 60
1751538165029 0.9166666666666666 61
1751538165783 0.9166666666666666 62
1751538166526 0.9166666666666666 63
1751538167258 0.9166666666666666 64
1751538167984 0.9166666666666666 65
1751538168712 0.9166666666666666 66
1751538169440 0.9166666666666666 67
1751538170154 0.9166666666666666 68
1751538170880 0.9166666666666666 69
1751538171613 0.9166666666666666 70
1751538172313 0.9166666666666666 71
1751538173043 0.9166666666666666 72
1751538173781 0.9166666666666666 73
1751538174530 0.9166666666666666 74
1751538175286 0.9166666666666666 75
1751538176011 0.9166666666666666 76
1751538176756 0.9166666666666666 77
1751538177481 0.9166666666666666 78
1751538178245 0.9166666666666666 79
1751538178974 0.9166666666666666 80
1751538179689 0.9166666666666666 81
1751538180409 0.9166666666666666 82
1751538181154 0.9166666666666666 83
1751538181873 0.9166666666666666 84
1751538182601 0.9166666666666666 85
1751538183333 0.9166666666666666 86
1751538184063 0.9166666666666666 87
1751538184778 0.9166666666666666 88
1751538185514 0.9166666666666666 89
1751538186263 0.9166666666666666 90
1751538187003 0.9166666666666666 91
1751538187815 0.9166666666666666 92
1751538188575 0.9166666666666666 93
1751538189318 0.9166666666666666 94
1751538190046 0.9166666666666666 95
1751538190778 0.9166666666666666 96
1751538191499 0.9166666666666666 97
1751538192210 0.9166666666666666 98
1751538192930 0.9166666666666666 99
1751538193667 0.9166666666666666 100
1751538194413 0.9166666666666666 101
1751538195130 0.9166666666666666 102
1751538195849 0.9166666666666666 103
1751538196577 0.9166666666666666 104
1751538197316 0.9166666666666666 105
1751538198079 0.9166666666666666 106
1751538198809 0.9166666666666666 107
1751538199558 0.9166666666666666 108
1751538200275 0.9166666666666666 109
1751538201026 0.9166666666666666 110
1751538201759 0.9166666666666666 111
1751538202491 0.9166666666666666 112
1751538203210 0.9166666666666666 113
1751538203928 0.9166666666666666 114
1751538204666 0.9166666666666666 115
1751538205393 0.9166666666666666 116
1751538206127 0.9166666666666666 117
1751538206870 0.9166666666666666 118
1751538207610 0.9166666666666666 119
1751538208352 0.9166666666666666 120
1751538209081 0.9166666666666666 121
1751538209834 0.9166666666666666 122
1751538210565 0.9166666666666666 123
1751538211305 0.9166666666666666 124
1751538212052 0.9166666666666666 125
1751538212769 0.9166666666666666 126
1751538213493 0.9166666666666666 127
1751538214215 0.9166666666666666 128
1751538214934 0.9166666666666666 129
1751538215684 0.9166666666666666 130
1751538216401 0.9166666666666666 131
1751538217121 0.9166666666666666 132
1751538217867 0.9166666666666666 133
1751538218601 0.9166666666666666 134
1751538219348 0.9166666666666666 135
1751538220069 0.9166666666666666 136
1751538220798 0.9166666666666666 137
1751538221530 0.9166666666666666 138
1751538222255 0.9166666666666666 139
1751538222985 0.9166666666666666 140
1751538223720 0.9166666666666666 141
1751538224465 0.9166666666666666 142
1751538225197 0.9166666666666666 143
1751538225935 0.9166666666666666 144
1751538226654 0.9166666666666666 145
1751538227390 0.9166666666666666 146
1751538228134 0.9166666666666666 147
1751538228868 0.9166666666666666 148
1751538229601 0.9166666666666666 149
1751538230337 0.9166666666666666 150
1751538231081 0.9166666666666666 151
1751538231819 0.9166666666666666 152
1751538232553 0.9166666666666666 153
1751538233279 0.9166666666666666 154
1751538234002 0.9166666666666666 155
1751538234716 0.9166666666666666 156
1751538235450 0.9166666666666666 157
1751538236197 0.9166666666666666 158
1751538236945 0.9166666666666666 159
1751538237675 0.9166666666666666 160
1751538238406 0.9166666666666666 161
1751538239128 0.9166666666666666 162
1751538239867 0.9166666666666666 163
1751538240592 0.9166666666666666 164
1751538241326 0.9166666666666666 165
1751538242060 0.9166666666666666 166
1751538242757 0.9166666666666666 167
1751538243505 0.9166666666666666 168
1751538244252 0.9166666666666666 169
1751538244985 0.9166666666666666 170
1751538245713 0.9166666666666666 171
1751538246454 0.9166666666666666 172
1751538247189 0.9166666666666666 173
1751538247958 0.9166666666666666 174
1751538248711 0.9166666666666666 175
1751538249423 0.9166666666666666 176
1751538250151 0.9166666666666666 177
1751538250873 0.9166666666666666 178
1751538251613 0.9166666666666666 179
1751538252321 0.9166666666666666 180
1751538253041 0.9166666666666666 181
1751538253766 0.9166666666666666 182
1751538254499 0.9166666666666666 183
1751538255236 0.9166666666666666 184
1751538255968 0.9166666666666666 185
1751538256706 0.9166666666666666 186
1751538257435 0.9166666666666666 187
1751538258175 0.9166666666666666 188
1751538258909 0.9166666666666666 189
1751538259659 0.9166666666666666 190
1751538260372 0.9166666666666666 191
1751538261104 0.9166666666666666 192
1751538261813 0.9166666666666666 193
1751538262548 0.9166666666666666 194
1751538263281 0.9166666666666666 195
1751538264029 0.9166666666666666 196
1751538264791 0.9166666666666666 197
1751538265542 0.9166666666666666 198
1751538266272 0.9166666666666666 199
1751538267006 0.9166666666666666 200
1751538267770 0.9166666666666666 201
1751538268502 0.9166666666666666 202
1751538269255 0.9166666666666666 203
1751538269995 0.9166666666666666 204
1751538270732 0.9166666666666666 205
1751538271466 0.9166666666666666 206
1751538272196 0.9166666666666666 207
1751538272917 0.9166666666666666 208
1751538273646 0.9166666666666666 209
1751538274410 0.9166666666666666 210
1751538275125 0.9166666666666666 211
1751538275866 0.9166666666666666 212
1751538276614 0.9166666666666666 213
1751538277366 0.9166666666666666 214
1751538278149 0.9166666666666666 215
1751538278904 0.9166666666666666 216
1751538279649 0.9166666666666666 217
1751538280383 0.9166666666666666 218
1751538281100 0.9166666666666666 219
1751538281859 0.9166666666666666 220
1751538282569 0.9166666666666666 221
1751538283280 0.9166666666666666 222
1751538284033 0.9166666666666666 223
1751538284750 0.9166666666666666 224
1751538285480 0.9166666666666666 225
1751538286204 0.9166666666666666 226
1751538286958 0.9166666666666666 227
1751538287694 0.9166666666666666 228
1751538288410 0.9166666666666666 229
1751538289141 0.9166666666666666 230
1751538289848 0.9166666666666666 231
1751538290561 0.9166666666666666 232
1751538291278 0.9166666666666666 233
1751538292014 0.9166666666666666 234
1751538292761 0.9166666666666666 235
1751538293493 0.9166666666666666 236
1751538294214 0.9166666666666666 237
1751538294934 0.9166666666666666 238
1751538295651 0.9166666666666666 239
1751538296397 0.9166666666666666 240
1751538297099 0.9166666666666666 241
1751538297812 0.9166666666666666 242
1751538298535 0.9166666666666666 243
1751538299253 0.9166666666666666 244
1751538299989 0.9166666666666666 245
