1751538121292 1.3325097560882568 1
1751538122004 1.3363505601882935 2
1751538122716 1.420290231704712 3
1751538123434 1.2975413799285889 4
1751538124156 1.2698508501052856 5
1751538124862 1.3166687488555908 6
1751538125605 1.346468210220337 7
1751538126319 1.1789882183074951 8
1751538127002 1.0789663791656494 9
1751538127747 1.243056058883667 10
1751538128466 1.1657788753509521 11
1751538129163 1.183044195175171 12
1751538129909 1.1253259181976318 13
1751538130662 1.4699084758758545 14
1751538131378 1.0682507753372192 15
1751538132118 1.593362808227539 16
1751538132829 1.0013080835342407 17
1751538133557 1.057421326637268 18
1751538134279 1.0338348150253296 19
1751538134988 1.1490522623062134 20
1751538135706 0.8104649186134338 21
1751538136436 0.9607856273651123 22
1751538137163 0.9164495468139648 23
1751538137910 0.8713399767875671 24
1751538138661 0.8572250008583069 25
1751538139389 0.7997604608535767 26
1751538140111 0.7900131344795227 27
1751538140841 0.8440413475036621 28
1751538141572 0.7744513750076294 29
1751538142300 0.7697358131408691 30
1751538143071 0.7817426919937134 31
1751538143788 0.7967827320098877 32
1751538144511 0.7734023332595825 33
1751538145239 0.7573657035827637 34
1751538145965 0.7565360069274902 35
1751538146683 0.7554380297660828 36
1751538147406 0.757358193397522 37
1751538148118 0.7562897205352783 38
1751538148851 0.7531675100326538 39
1751538149579 0.7545154094696045 40
1751538150338 0.7607685327529907 41
1751538151067 0.7517402172088623 42
1751538151812 0.754126787185669 43
1751538152562 0.7563575506210327 44
1751538153305 0.7516452670097351 45
1751538154046 0.7546795606613159 46
1751538154769 0.7541359066963196 47
1751538155479 0.7493823766708374 48
1751538156205 0.7533169984817505 49
1751538156929 0.7499388456344604 50
1751538157678 0.7483313083648682 51
1751538158396 0.7525687217712402 52
1751538159123 0.7491354942321777 53
1751538159854 0.7485815286636353 54
1751538160588 0.7510148286819458 55
1751538161322 0.7481151819229126 56
1751538162066 0.7486770153045654 57
1751538162790 0.7481629848480225 58
1751538163517 0.7494387626647949 59
1751538164264 0.7498961091041565 60
1751538165018 0.7477086782455444 61
1751538165772 0.7477172613143921 62
1751538166515 0.7490195631980896 63
1751538167246 0.7463119029998779 64
1751538167972 0.7468038201332092 65
1751538168700 0.7481085062026978 66
1751538169428 0.7465519309043884 67
1751538170141 0.7469270825386047 68
1751538170869 0.7463296055793762 69
1751538171602 0.7462121844291687 70
1751538172301 0.7465630173683167 71
1751538173031 0.7464583516120911 72
1751538173770 0.7463698387145996 73
1751538174516 0.7470711469650269 74
1751538175274 0.7458488941192627 75
1751538175997 0.7462104558944702 76
1751538176742 0.7457294464111328 77
1751538177469 0.7460837364196777 78
1751538178232 0.7456222772598267 79
1751538178962 0.7468423843383789 80
1751538179678 0.7455559968948364 81
1751538180397 0.7457809448242188 82
1751538181138 0.7457275986671448 83
1751538181857 0.745667576789856 84
1751538182589 0.74564528465271 85
1751538183319 0.7455648183822632 86
1751538184049 0.7452729344367981 87
1751538184763 0.7454673051834106 88
1751538185502 0.7454013824462891 89
1751538186251 0.7451434135437012 90
1751538186991 0.7453126907348633 91
1751538187801 0.7450988292694092 92
1751538188560 0.7450292706489563 93
1751538189306 0.744989812374115 94
1751538190033 0.7457997798919678 95
1751538190763 0.7449706792831421 96
1751538191484 0.7450917959213257 97
1751538192197 0.7449111938476562 98
1751538192917 0.7454224824905396 99
1751538193655 0.7450418472290039 100
1751538194400 0.7455079555511475 101
1751538195117 0.7446048259735107 102
1751538195837 0.7449809908866882 103
1751538196564 0.7449252605438232 104
1751538197303 0.7449133396148682 105
1751538198065 0.7451674342155457 106
1751538198793 0.7453731298446655 107
1751538199542 0.744844377040863 108
1751538200261 0.744636058807373 109
1751538201010 0.7452013492584229 110
1751538201746 0.7447552680969238 111
1751538202475 0.7447366714477539 112
1751538203197 0.7455141544342041 113
1751538203915 0.7445602416992188 114
1751538204653 0.7450524568557739 115
1751538205380 0.7446528673171997 116
1751538206113 0.7445017099380493 117
1751538206857 0.7449687719345093 118
1751538207595 0.744603157043457 119
1751538208339 0.7443228960037231 120
1751538209068 0.7445810437202454 121
1751538209820 0.7447518110275269 122
1751538210550 0.7447429895401001 123
1751538211291 0.7443965673446655 124
1751538212036 0.7443940043449402 125
1751538212754 0.7451027631759644 126
1751538213479 0.744773268699646 127
1751538214199 0.7444684505462646 128
1751538214918 0.7442246675491333 129
1751538215667 0.7443207502365112 130
1751538216387 0.7445769309997559 131
1751538217106 0.744673490524292 132
1751538217851 0.7442960143089294 133
1751538218587 0.7442910075187683 134
1751538219334 0.7446330785751343 135
1751538220055 0.7443736791610718 136
1751538220781 0.7443614602088928 137
1751538221514 0.7445825338363647 138
1751538222241 0.7445646524429321 139
1751538222971 0.7442291975021362 140
1751538223706 0.7445342540740967 141
1751538224448 0.7445229291915894 142
1751538225182 0.7442889213562012 143
1751538225921 0.7447072267532349 144
1751538226639 0.7441867589950562 145
1751538227376 0.7442654371261597 146
1751538228112 0.7442632913589478 147
1751538228851 0.7442480325698853 148
1751538229587 0.7441529035568237 149
1751538230322 0.7444162368774414 150
1751538231065 0.7442214488983154 151
1751538231804 0.7443979978561401 152
1751538232539 0.7441202402114868 153
1751538233265 0.7441952228546143 154
1751538233987 0.7440427541732788 155
1751538234701 0.7441761493682861 156
1751538235436 0.7441709637641907 157
1751538236180 0.7440873980522156 158
1751538236927 0.7441623210906982 159
1751538237659 0.7441494464874268 160
1751538238390 0.7440774440765381 161
1751538239111 0.7440678477287292 162
1751538239852 0.7442923784255981 163
1751538240576 0.7441228628158569 164
1751538241308 0.7441146373748779 165
1751538242044 0.7441971302032471 166
1751538242742 0.7440376281738281 167
1751538243490 0.7440322637557983 168
1751538244234 0.7440306544303894 169
1751538244967 0.7440848350524902 170
1751538245694 0.744220495223999 171
1751538246438 0.7440738677978516 172
1751538247173 0.7440668940544128 173
1751538247942 0.7441429495811462 174
1751538248694 0.7441924810409546 175
1751538249407 0.7441259622573853 176
1751538250135 0.7440469264984131 177
1751538250857 0.7441664934158325 178
1751538251594 0.7439870834350586 179
1751538252305 0.7440327405929565 180
1751538253025 0.7442711591720581 181
1751538253750 0.7439725399017334 182
1751538254481 0.7441411018371582 183
1751538255220 0.7439638376235962 184
1751538255950 0.7439087629318237 185
1751538256690 0.7439073920249939 186
1751538257417 0.744004487991333 187
1751538258157 0.7439975142478943 188
1751538258894 0.7442169785499573 189
1751538259644 0.7439943552017212 190
1751538260356 0.7439833879470825 191
1751538261088 0.7440840005874634 192
1751538261795 0.74393230676651 193
1751538262530 0.7439298629760742 194
1751538263264 0.7440696954727173 195
1751538264009 0.7439650893211365 196
1751538264773 0.743959367275238 197
1751538265525 0.7439607381820679 198
1751538266256 0.743916392326355 199
1751538266988 0.7440444231033325 200
1751538267751 0.743908703327179 201
1751538268484 0.7440410852432251 202
1751538269235 0.7439402937889099 203
1751538269975 0.7440252304077148 204
1751538270715 0.7439315319061279 205
1751538271449 0.7439336776733398 206
1751538272179 0.7438885569572449 207
1751538272900 0.743927001953125 208
1751538273627 0.743920624256134 209
1751538274391 0.7439193725585938 210
1751538275107 0.7438805103302002 211
1751538275847 0.743841826915741 212
1751538276596 0.7439100742340088 213
1751538277347 0.7439857125282288 214
1751538278130 0.7438691854476929 215
1751538278885 0.7438997030258179 216
1751538279630 0.7439419031143188 217
1751538280365 0.7440476417541504 218
1751538281082 0.7438932657241821 219
1751538281841 0.7438905239105225 220
1751538282549 0.7439296841621399 221
1751538283261 0.7439581155776978 222
1751538284014 0.7438538074493408 223
1751538284732 0.7438501119613647 224
1751538285463 0.7439466118812561 225
1751538286187 0.7438451051712036 226
1751538286940 0.7438746094703674 227
1751538287676 0.7438420057296753 228
1751538288390 0.7440019845962524 229
1751538289112 0.7438669204711914 230
1751538289828 0.7438989877700806 231
1751538290543 0.743862509727478 232
1751538291260 0.7438942790031433 233
1751538291993 0.7438614368438721 234
1751538292742 0.7439161539077759 235
1751538293475 0.7438546419143677 236
1751538294196 0.7438550591468811 237
1751538294916 0.7438229322433472 238
1751538295633 0.7438490390777588 239
1751538296378 0.7438232898712158 240
1751538297082 0.743842363357544 241
1751538297794 0.7439017295837402 242
1751538298517 0.7438385486602783 243
1751538299233 0.7438382506370544 244
1751538299968 0.7438668608665466 245
