1290440, 1295.879150390625, [1000.0, 141.0, 390.0, 142.0, 120.0, 167.0, 87.0, 137.0, 83.0, 1000.0, 94.0, 750.0, 0.0, 666.0, 913.0, 999.0, 999.0, 977.0, 999.0, 550.0, 736.0, 0.0, 223.0], [-19.454320907592773, -4.477342128753662, 134.0261688232422], [-0.39068603515625, 0.030487060546875, 0.1704559326171875, -0.904083251953125], [-32.94209289550781, 15.330702781677246, -143.07754516601562], [0.336822509765625, 0.0323486328125, 0.307037353515625, -0.889495849609375]
1290490, 1295.92919921875, [1000.0, 140.0, 387.0, 141.0, 119.0, 166.0, 86.0, 136.0, 82.0, 1000.0, 93.0, 750.0, 0.0, 666.0, 914.0, 999.0, 999.0, 978.0, 999.0, 550.0, 735.0, 0.0, 222.0], [-19.47793197631836, -4.488552570343018, 134.276611328125], [-0.3887176513671875, 0.0301055908203125, 0.170745849609375, -0.9048919677734375], [-33.482242584228516, 15.026141166687012, -143.2239990234375], [0.3352203369140625, 0.0287322998046875, 0.31048583984375, -0.8890228271484375]
1290550, 1295.989501953125, [1000.0, 140.0, 387.0, 140.0, 119.0, 165.0, 85.0, 135.0, 81.0, 1000.0, 91.0, 1000.0, 0.0, 666.0, 926.0, 999.0, 999.0, 977.0, 999.0, 551.0, 733.0, 0.0, 220.0], [-19.3731632232666, -4.4872517585754395, 134.54791259765625], [-0.3865966796875, 0.02935791015625, 0.16998291015625, -0.9059600830078125], [-33.03759765625, 14.906097412109375, -143.14132690429688], [0.33551025390625, 0.0288543701171875, 0.3067779541015625, -0.89019775390625]
1290600, 1296.03955078125, [1000.0, 140.0, 385.0, 139.0, 118.0, 164.0, 84.0, 133.0, 80.0, 1000.0, 91.0, 750.0, 0.0, 666.0, 928.0, 999.0, 999.0, 977.0, 999.0, 551.0, 732.0, 0.0, 219.0], [-19.3261661529541, -4.514809608459473, 134.6329803466797], [-0.3859710693359375, 0.0288543701171875, 0.1697235107421875, -0.9062957763671875], [-33.055240631103516, 14.88054084777832, -143.15118408203125], [0.33538818359375, 0.02862548828125, 0.306854248046875, -0.890228271484375]
1290650, 1296.0894775390625, [1000.0, 140.0, 370.0, 139.0, 117.0, 163.0, 84.0, 132.0, 80.0, 1000.0, 90.0, 750.0, 0.0, 666.0, 926.0, 999.0, 999.0, 977.0, 999.0, 552.0, 732.0, 0.0, 219.0], [-19.226980209350586, -4.6760334968566895, 134.69544982910156], [-0.3856964111328125, 0.0271453857421875, 0.1694793701171875, -0.9065093994140625], [-32.80379104614258, 14.83148193359375, -143.12484741210938], [0.3354339599609375, 0.028900146484375, 0.3047943115234375, -0.8909149169921875]
1290710, 1296.1494140625, [1000.0, 140.0, 354.0, 138.0, 116.0, 162.0, 83.0, 131.0, 79.0, 1000.0, 89.0, 750.0, 0.0, 666.0, 916.0, 999.0, 999.0, 977.0, 999.0, 552.0, 731.0, 0.0, 217.0], [-19.11825180053711, -4.710860252380371, 134.75613403320312], [-0.385284423828125, 0.0264129638671875, 0.1687469482421875, -0.9068450927734375], [-32.91266632080078, 14.873337745666504, -143.1763916015625], [0.33514404296875, 0.029052734375, 0.30572509765625, -0.8907012939453125]
1290760, 1296.199462890625, [1000.0, 140.0, 354.0, 138.0, 116.0, 162.0, 82.0, 131.0, 79.0, 1000.0, 88.0, 750.0, 0.0, 666.0, 915.0, 999.0, 999.0, 978.0, 999.0, 552.0, 731.0, 0.0, 215.0], [-19.09201431274414, -4.806571960449219, 134.76950073242188], [-0.3852996826171875, 0.025543212890625, 0.168853759765625, -0.9068450927734375], [-32.71717071533203, 14.849658966064453, -143.1700897216797], [0.3350982666015625, 0.0294189453125, 0.3041534423828125, -0.8912506103515625]
1290820, 1296.259521484375, [1000.0, 140.0, 360.0, 137.0, 115.0, 160.0, 82.0, 130.0, 78.0, 1000.0, 87.0, 1000.0, 0.0, 666.0, 912.0, 999.0, 999.0, 978.0, 999.0, 553.0, 730.0, 0.0, 212.0], [-19.096763610839844, -4.769980430603027, 134.8017578125], [-0.3849945068359375, 0.0258026123046875, 0.1687774658203125, -0.9069671630859375], [-32.75169372558594, 14.897041320800781, -143.15771484375], [0.335296630859375, 0.0296630859375, 0.304534912109375, -0.8910369873046875]
1290870, 1296.3094482421875, [1000.0, 140.0, 363.0, 137.0, 115.0, 160.0, 81.0, 129.0, 77.0, 1000.0, 86.0, 750.0, 0.0, 666.0, 912.0, 999.0, 999.0, 977.0, 999.0, 554.0, 730.0, 0.0, 211.0], [-18.92238426208496, -4.830467224121094, 134.83364868164062], [-0.384857177734375, 0.024688720703125, 0.1676025390625, -0.90728759765625], [-32.623050689697266, 14.738506317138672, -143.1072540283203], [0.3353424072265625, 0.0286407470703125, 0.3031768798828125, -0.891510009765625]
1290920, 1296.359375, [1000.0, 139.0, 343.0, 136.0, 114.0, 159.0, 80.0, 128.0, 76.0, 1000.0, 85.0, 750.0, 0.0, 666.0, 911.0, 999.0, 999.0, 979.0, 999.0, 554.0, 730.0, 0.0, 211.0], [-18.845434188842773, -4.844181537628174, 134.9161834716797], [-0.3842315673828125, 0.024200439453125, 0.16705322265625, -0.90765380859375], [-32.537410736083984, 14.586963653564453, -143.0484619140625], [0.335479736328125, 0.02752685546875, 0.3021697998046875, -0.8918304443359375]
1290980, 1296.4195556640625, [1000.0, 139.0, 343.0, 136.0, 114.0, 158.0, 80.0, 127.0, 76.0, 1000.0, 85.0, 750.0, 0.0, 666.0, 910.0, 999.0, 999.0, 979.0, 999.0, 555.0, 730.0, 0.0, 211.0], [-18.824316024780273, -4.941148281097412, 135.09117126464844], [-0.382965087890625, 0.023101806640625, 0.167236328125, -0.9081878662109375], [-32.0195198059082, 14.724564552307129, -142.92318725585938], [0.3365936279296875, 0.029815673828125, 0.298492431640625, -0.892578125]
1291030, 1296.4693603515625, [1000.0, 139.0, 342.0, 135.0, 113.0, 158.0, 79.0, 126.0, 75.0, 1000.0, 84.0, 750.0, 0.0, 666.0, 910.0, 999.0, 999.0, 976.0, 999.0, 556.0, 730.0, 0.0, 208.0], [-18.795011520385742, -5.0179643630981445, 135.31549072265625], [-0.38128662109375, 0.022064208984375, 0.16729736328125, -0.9089202880859375], [-33.43771743774414, 14.471842765808105, -143.2628936767578], [0.3337860107421875, 0.0245513916015625, 0.3088531494140625, -0.8902587890625]
1291090, 1296.529296875, [1000.0, 139.0, 340.0, 134.0, 113.0, 156.0, 78.0, 125.0, 75.0, 1000.0, 84.0, 750.0, 0.0, 1000.0, 918.0, 999.0, 999.0, 975.0, 999.0, 557.0, 729.0, 0.0, 205.0], [-18.416152954101562, -5.854849338531494, 135.69764709472656], [-0.3792724609375, 0.0135650634765625, 0.167022705078125, -0.90997314453125], [-33.1886100769043, 15.187881469726562, -143.28758239746094], [0.3349761962890625, 0.0310516357421875, 0.308563232421875, -0.88970947265625]
1291140, 1296.5794677734375, [1000.0, 138.0, 339.0, 133.0, 113.0, 155.0, 78.0, 124.0, 74.0, 1000.0, 85.0, 750.0, 0.0, 666.0, 915.0, 999.0, 999.0, 989.0, 999.0, 556.0, 733.0, 0.0, 198.0], [-17.813068389892578, -6.415769100189209, 135.9967498779297], [-0.3775634765625, 0.00665283203125, 0.164031982421875, -0.9113006591796875], [-32.347557067871094, 16.251340866088867, -142.81922912597656], [0.340423583984375, 0.0407562255859375, 0.3046417236328125, -0.88861083984375]
1291160, 1296.629638671875, [1000.0, 137.0, 324.0, 133.0, 113.0, 154.0, 78.0, 123.0, 74.0, 1000.0, 87.0, 750.0, 0.0, 666.0, 943.0, 999.0, 999.0, 999.0, 999.0, 555.0, 736.0, 0.0, 199.0], [-16.839305877685547, -5.649245262145996, 135.79791259765625], [-0.37841796875, 0.009857177734375, 0.153839111328125, -0.9127044677734375], [-31.53089141845703, 17.126985549926758, -142.41673278808594], [0.3448486328125, 0.0491180419921875, 0.300506591796875, -0.88787841796875]
1291190, 1296.639404296875, [1000.0, 136.0, 309.0, 136.0, 112.0, 154.0, 76.0, 122.0, 75.0, 1000.0, 92.0, 750.0, 0.0, 666.0, 937.0, 999.0, 999.0, 999.0, 999.0, 553.0, 736.0, 0.0, 201.0], [-16.17668914794922, -4.45789098739624, 135.46644592285156], [-0.3799285888671875, 0.01763916015625, 0.1446990966796875, -0.9134521484375], [-30.50680923461914, 18.67531394958496, -141.4999542236328], [0.354156494140625, 0.06219482421875, 0.29669189453125, -0.884674072265625]
1291250, 1296.689453125, [1000.0, 135.0, 308.0, 141.0, 113.0, 158.0, 76.0, 120.0, 81.0, 1000.0, 101.0, 750.0, 0.0, 666.0, 927.0, 999.0, 999.0, 999.0, 999.0, 542.0, 744.0, 0.0, 219.0], [-17.290246963500977, -1.0581278800964355, 136.65264892578125], [-0.36639404296875, 0.047027587890625, 0.1430511474609375, -0.918182373046875], [-29.971813201904297, 22.45717430114746, -139.16429138183594], [0.3777313232421875, 0.087799072265625, 0.303314208984375, -0.870391845703125]
1291300, 1296.7393798828125, [1000.0, 135.0, 308.0, 144.0, 117.0, 163.0, 83.0, 120.0, 88.0, 1000.0, 100.0, 750.0, 0.0, 1000.0, 926.0, 999.0, 999.0, 999.0, 999.0, 535.0, 744.0, 0.0, 232.0], [-14.90668773651123, 3.0155091285705566, 137.60447692871094], [-0.355224609375, 0.0712127685546875, 0.1114654541015625, -0.9253692626953125], [-25.06487464904785, 24.847898483276367, -135.44155883789062], [0.4046173095703125, 0.1139984130859375, 0.2757110595703125, -0.86444091796875]
1291360, 1296.799560546875, [1000.0, 135.0, 308.0, 145.0, 125.0, 162.0, 187.0, 119.0, 115.0, 1000.0, 102.0, 750.0, 0.0, 666.0, 925.0, 999.0, 999.0, 999.0, 999.0, 529.0, 744.0, 0.0, 256.0], [-10.252110481262207, 4.695626258850098, 138.6089630126953], [-0.3482666015625, 0.0697174072265625, 0.069091796875, -0.9322357177734375], [-19.34468650817871, 26.826562881469727, -131.22021484375], [0.43145751953125, 0.140777587890625, 0.2432708740234375, -0.857208251953125]
1291410, 1296.8494873046875, [1000.0, 134.0, 305.0, 148.0, 137.0, 162.0, 462.0, 118.0, 197.0, 1000.0, 103.0, 750.0, 0.0, 666.0, 908.0, 999.0, 999.0, 999.0, 999.0, 524.0, 741.0, 0.0, 276.0], [-6.932252407073975, 5.385231971740723, 139.10910034179688], [-0.3456268310546875, 0.065032958984375, 0.0402069091796875, -0.93524169921875], [-14.757163047790527, 27.450422286987305, -127.99411010742188], [0.4497528076171875, 0.1567840576171875, 0.2152862548828125, -0.852508544921875]
1291460, 1296.9095458984375, [1000.0, 134.0, 307.0, 150.0, 307.0, 162.0, 774.0, 118.0, 418.0, 1000.0, 101.0, 750.0, 0.0, 1000.0, 922.0, 999.0, 999.0, 999.0, 999.0, 519.0, 737.0, 0.0, 289.0], [-3.9063689708709717, 4.646694183349609, 138.76849365234375], [-0.350311279296875, 0.0499114990234375, 0.017608642578125, -0.9351348876953125], [-11.339091300964355, 27.36677360534668, -125.58506774902344], [0.4628448486328125, 0.16546630859375, 0.1929931640625, -0.8491973876953125]
1291520, 1296.959716796875, [1000.0, 133.0, 439.0, 157.0, 670.0, 172.0, 883.0, 120.0, 621.0, 1000.0, 100.0, 750.0, 0.0, 666.0, 907.0, 999.0, 999.0, 999.0, 999.0, 515.0, 729.0, 0.0, 297.0], [0.16253189742565155, 1.8132526874542236, 137.55616760253906], [-0.3619537353515625, 0.0142364501953125, -0.007049560546875, -0.9320526123046875], [-7.457649230957031, 26.092243194580078, -123.3205337524414], [0.4743804931640625, 0.168182373046875, 0.162689208984375, -0.8486328125]
1291530, 1297.009521484375, [1000.0, 133.0, 521.0, 158.0, 725.0, 176.0, 893.0, 120.0, 654.0, 1000.0, 100.0, 750.0, 0.0, 1000.0, 905.0, 999.0, 999.0, 999.0, 999.0, 515.0, 728.0, 0.0, 298.0], [0.9283691644668579, 1.0087788105010986, 137.134033203125], [-0.365447998046875, 0.0052337646484375, -0.0107574462890625, -0.9307403564453125], [-6.730963706970215, 25.846464157104492, -122.97756958007812], [0.4759674072265625, 0.1688690185546875, 0.1568450927734375, -0.8487091064453125]
1291570, 1297.0194091796875, [1000.0, 134.0, 774.0, 167.0, 829.0, 213.0, 914.0, 124.0, 729.0, 1000.0, 101.0, 750.0, 0.0, 666.0, 906.0, 999.0, 999.0, 999.0, 999.0, 515.0, 727.0, 0.0, 300.0], [4.366806507110596, -4.63193941116333, 133.8860321044922], [-0.389617919921875, -0.05206298828125, -0.0192108154296875, -0.919281005859375], [-4.475820064544678, 25.008800506591797, -122.24586486816406], [0.478515625, 0.1710357666015625, 0.1378631591796875, -0.8501434326171875]
1291630, 1297.069580078125, [1000.0, 133.0, 764.0, 178.0, 849.0, 251.0, 921.0, 137.0, 767.0, 1000.0, 99.0, 1000.0, 0.0, 666.0, 908.0, 999.0, 999.0, 999.0, 999.0, 503.0, 725.0, 0.0, 324.0], [10.784465789794922, -14.988961219787598, 127.16289520263672], [-0.428192138671875, -0.157745361328125, -0.025665283203125, -0.889434814453125], [-2.244292736053467, 23.30989646911621, -122.0492172241211], [0.477813720703125, 0.1674041748046875, 0.1146240234375, -0.854705810546875]
1291660, 1297.1195068359375, [1000.0, 133.0, 750.0, 178.0, 875.0, 243.0, 936.0, 139.0, 800.0, 1000.0, 102.0, 750.0, 0.0, 666.0, 907.0, 999.0, 999.0, 999.0, 999.0, 498.0, 719.0, 0.0, 349.0], [12.46713924407959, -18.88048553466797, 125.03216552734375], [-0.4367523193359375, -0.1940765380859375, -0.019775390625, -0.8781585693359375], [-2.777606725692749, 22.38587188720703, -122.55585479736328], [0.47540283203125, 0.15875244140625, 0.114105224609375, -0.857757568359375]
1291680, 1297.12939453125, [1000.0, 132.0, 746.0, 178.0, 884.0, 239.0, 943.0, 140.0, 821.0, 1000.0, 105.0, 750.0, 0.0, 666.0, 907.0, 999.0, 999.0, 999.0, 999.0, 495.0, 715.0, 0.0, 377.0], [13.040580749511719, -21.486154556274414, 124.14106750488281], [-0.4384918212890625, -0.21588134765625, -0.0118255615234375, -0.8723297119140625], [-3.7114315032958984, 21.86528205871582, -122.98572540283203], [0.4737548828125, 0.151397705078125, 0.118408203125, -0.8594207763671875]
1291730, 1297.1796875, [1000.0, 132.0, 729.0, 177.0, 919.0, 237.0, 954.0, 153.0, 856.0, 1000.0, 167.0, 750.0, 0.0, 666.0, 925.0, 999.0, 999.0, 999.0, 999.0, 486.0, 740.0, 0.0, 524.0], [12.56688117980957, -27.803375244140625, 123.06075286865234], [-0.43682861328125, -0.2605743408203125, 0.02044677734375, -0.8607177734375], [-6.189465045928955, 20.96322250366211, -123.80232238769531], [0.4711151123046875, 0.1352386474609375, 0.13238525390625, -0.86151123046875]
1291790, 1297.2293701171875, [1000.0, 138.0, 721.0, 163.0, 953.0, 236.0, 975.0, 160.0, 919.0, 1000.0, 466.0, 750.0, 0.0, 666.0, 932.0, 999.0, 999.0, 999.0, 999.0, 480.0, 760.0, 0.0, 706.0], [11.289169311523438, -33.16512680053711, 125.20538330078125], [-0.4139556884765625, -0.2955322265625, 0.0469970703125, -0.8596954345703125], [-10.356094360351562, 20.223539352416992, -123.71676635742188], [0.4763946533203125, 0.112274169921875, 0.1608123779296875, -0.8570556640625]
1291840, 1297.28955078125, [1000.0, 141.0, 678.0, 149.0, 976.0, 227.0, 979.0, 174.0, 952.0, 1000.0, 667.0, 750.0, 0.0, 666.0, 382.0, 999.0, 652.0, 998.0, 999.0, 478.0, 737.0, 0.0, 820.0], [12.86878490447998, -32.91701889038086, 126.43029022216797], [-0.4011077880859375, -0.2997589111328125, 0.0309295654296875, -0.8650360107421875], [-7.499906539916992, 19.22071075439453, -121.48014831542969], [0.4904022216796875, 0.1138153076171875, 0.1376800537109375, -0.8529815673828125]
1291890, 1297.3394775390625, [1000.0, 141.0, 636.0, 137.0, 957.0, 236.0, 968.0, 239.0, 954.0, 1000.0, 662.0, 750.0, 0.0, 1000.0, 434.0, 999.0, 607.0, 999.0, 999.0, 471.0, 699.0, 0.0, 877.0], [14.322149276733398, -29.634103775024414, 127.99378204345703], [-0.391876220703125, -0.2808837890625, 0.0029296875, -0.876068115234375], [-5.3399763107299805, 17.713878631591797, -119.82453918457031], [0.501007080078125, 0.1100006103515625, 0.1169281005859375, -0.85040283203125]
1291950, 1297.3995361328125, [1000.0, 143.0, 604.0, 133.0, 957.0, 416.0, 973.0, 599.0, 977.0, 1000.0, 544.0, 750.0, 0.0, 666.0, 328.0, 999.0, 452.0, 999.0, 999.0, 465.0, 613.0, 76.0, 911.0], [12.014130592346191, -23.57638931274414, 131.9263153076172], [-0.37701416015625, -0.2272796630859375, -0.01080322265625, -0.8978118896484375], [-5.747613430023193, 15.906818389892578, -120.3568344116211], [0.4979095458984375, 0.0951995849609375, 0.1118011474609375, -0.8546905517578125]
1292000, 1297.4495849609375, [1000.0, 141.0, 517.0, 142.0, 945.0, 651.0, 970.0, 774.0, 974.0, 1000.0, 502.0, 750.0, 0.0, 666.0, 192.0, 999.0, 500.0, 999.0, 999.0, 456.0, 537.0, 126.0, 921.0], [5.833280086517334, -19.69837188720703, 137.1414031982422], [-0.3513946533203125, -0.177337646484375, 0.0157470703125, -0.91912841796875], [-10.077152252197266, 16.801137924194336, -122.5265884399414], [0.4850311279296875, 0.0858306884765625, 0.146148681640625, -0.8578948974609375]
1292060, 1297.509765625, [1000.0, 136.0, 472.0, 456.0, 971.0, 639.0, 969.0, 779.0, 976.0, 1000.0, 401.0, 750.0, 0.0, 666.0, 220.0, 999.0, 424.0, 999.0, 999.0, 451.0, 655.0, 91.0, 907.0], [-0.8092988133430481, -15.489900588989258, 141.24282836914062], [-0.3296661376953125, -0.1248016357421875, 0.0513153076171875, -0.93438720703125], [-17.72310447692871, 19.90211296081543, -127.01451110839844], [0.45794677734375, 0.0851287841796875, 0.2119598388671875, -0.8591156005859375]
1292110, 1297.5594482421875, [1000.0, 135.0, 426.0, 741.0, 970.0, 659.0, 957.0, 804.0, 956.0, 1000.0, 361.0, 750.0, 0.0, 666.0, 365.0, 999.0, 500.0, 999.0, 999.0, 461.0, 754.0, 19.0, 904.0], [-13.042929649353027, -10.961260795593262, 142.98251342773438], [-0.3242340087890625, -0.0540924072265625, 0.1373291015625, -0.9343719482421875], [-28.71267318725586, 23.840208053588867, -132.4621124267578], [0.4289093017578125, 0.0853424072265625, 0.30267333984375, -0.846832275390625]
1292160, 1297.609619140625, [1000.0, 136.0, 409.0, 705.0, 875.0, 676.0, 802.0, 821.0, 753.0, 1000.0, 354.0, 750.0, 0.0, 666.0, 692.0, 999.0, 868.0, 999.0, 999.0, 461.0, 768.0, 0.0, 878.0], [-33.08570861816406, -9.616643905639648, 145.83755493164062], [-0.3033905029296875, 0.00653076171875, 0.2948150634765625, -0.9060821533203125], [-48.18691635131836, 28.526172637939453, -140.74630737304688], [0.39190673828125, 0.078948974609375, 0.4481964111328125, -0.7995452880859375]
1292220, 1297.6695556640625, [1000.0, 137.0, 382.0, 602.0, 509.0, 721.0, 475.0, 826.0, 463.0, 1000.0, 357.0, 750.0, 0.0, 666.0, 711.0, 999.0, 957.0, 999.0, 999.0, 450.0, 724.0, 0.0, 844.0], [-48.03947830200195, -9.291656494140625, 147.9239501953125], [-0.283203125, 0.040985107421875, 0.4103546142578125, -0.8658447265625], [-60.707550048828125, 31.414043426513672, -148.58522033691406], [0.3565826416015625, 0.0931854248046875, 0.5315399169921875, -0.76263427734375]
1292270, 1297.719482421875, [1000.0, 138.0, 400.0, 447.0, 313.0, 714.0, 329.0, 789.0, 370.0, 1000.0, 378.0, 750.0, 0.0, 666.0, 642.0, 999.0, 999.0, 999.0, 999.0, 429.0, 681.0, 0.0, 799.0], [-46.50654220581055, -4.417372703552246, 146.6393280029297], [-0.2780914306640625, 0.079315185546875, 0.3880615234375, -0.8750762939453125], [-56.66728591918945, 32.385562896728516, -149.0900115966797], [0.352813720703125, 0.1151275634765625, 0.50469970703125, -0.7794342041015625]
1292330, 1297.779541015625, [1000.0, 136.0, 942.0, 323.0, 258.0, 742.0, 270.0, 781.0, 329.0, 1000.0, 461.0, 750.0, 0.0, 666.0, 784.0, 999.0, 999.0, 999.0, 999.0, 406.0, 681.0, 0.0, 741.0], [-36.710662841796875, 3.570174217224121, 141.17703247070312], [-0.3060302734375, 0.1324920654296875, 0.2870330810546875, -0.897979736328125], [-40.83189010620117, 31.388790130615234, -144.46200561523438], [0.365203857421875, 0.1389312744140625, 0.3971710205078125, -0.8303985595703125]
1292380, 1297.829833984375, [1000.0, 138.0, 967.0, 346.0, 235.0, 816.0, 260.0, 845.0, 355.0, 1000.0, 484.0, 750.0, 0.0, 666.0, 842.0, 999.0, 999.0, 999.0, 999.0, 390.0, 722.0, 0.0, 725.0], [-32.128021240234375, 11.631342887878418, 137.23948669433594], [-0.3224029541015625, 0.1910247802734375, 0.2208404541015625, -0.900421142578125], [-33.84310531616211, 30.184200286865234, -141.2181854248047], [0.3781585693359375, 0.14166259765625, 0.3477783203125, -0.84613037109375]
1292430, 1297.87939453125, [1000.0, 139.0, 998.0, 356.0, 523.0, 852.0, 448.0, 828.0, 575.0, 1000.0, 440.0, 750.0, 0.0, 666.0, 906.0, 999.0, 999.0, 999.0, 999.0, 381.0, 765.0, 0.0, 715.0], [-33.1571044921875, 17.53204917907715, 136.8283233642578], [-0.30804443359375, 0.23956298828125, 0.2084808349609375, -0.89678955078125], [-34.037086486816406, 30.699460983276367, -140.40484619140625], [0.3852081298828125, 0.1425628662109375, 0.351287841796875, -0.8413543701171875]
1292490, 1297.939453125, [1000.0, 139.0, 1000.0, 380.0, 806.0, 870.0, 839.0, 830.0, 751.0, 1000.0, 382.0, 750.0, 0.0, 1000.0, 923.0, 999.0, 999.0, 999.0, 999.0, 399.0, 772.0, 0.0, 700.0], [-36.25116729736328, 23.200849533081055, 135.45689392089844], [-0.2949371337890625, 0.2923431396484375, 0.2095794677734375, -0.8852081298828125], [-34.51450729370117, 31.90555763244629, -139.6463623046875], [0.3932342529296875, 0.147979736328125, 0.3582611083984375, -0.8337249755859375]
1292540, 1297.9896240234375, [1000.0, 139.0, 1000.0, 425.0, 851.0, 864.0, 888.0, 839.0, 801.0, 1000.0, 352.0, 750.0, 0.0, 1000.0, 923.0, 999.0, 999.0, 999.0, 999.0, 423.0, 752.0, 0.0, 695.0], [-39.29358673095703, 25.812843322753906, 134.28440856933594], [-0.287384033203125, 0.321136474609375, 0.22027587890625, -0.87506103515625], [-37.31664276123047, 33.5856819152832, -139.64337158203125], [0.399627685546875, 0.151275634765625, 0.38189697265625, -0.8194732666015625]
1292600, 1298.0499267578125, [1000.0, 137.0, 983.0, 558.0, 779.0, 894.0, 838.0, 865.0, 738.0, 1000.0, 319.0, 750.0, 0.0, 666.0, 914.0, 999.0, 999.0, 999.0, 999.0, 457.0, 713.0, 0.0, 698.0], [-46.66298294067383, 25.416208267211914, 133.6105194091797], [-0.272705078125, 0.33782958984375, 0.2755584716796875, -0.857635498046875], [-41.184326171875, 34.3952751159668, -138.8103790283203], [0.411895751953125, 0.140899658203125, 0.411865234375, -0.800506591796875]
1292650, 1298.0997314453125, [1000.0, 139.0, 789.0, 562.0, 524.0, 853.0, 672.0, 859.0, 614.0, 1000.0, 297.0, 750.0, 0.0, 666.0, 928.0, 999.0, 999.0, 999.0, 999.0, 525.0, 715.0, 0.0, 687.0], [-47.247047424316406, 26.028148651123047, 135.30270385742188], [-0.2559661865234375, 0.3392791748046875, 0.28265380859375, -0.85992431640625], [-43.039066314697266, 34.46220016479492, -138.34890747070312], [0.417449951171875, 0.1330108642578125, 0.4254302978515625, -0.791839599609375]
1292700, 1298.1497802734375, [1000.0, 139.0, 607.0, 558.0, 365.0, 819.0, 492.0, 822.0, 498.0, 1000.0, 271.0, 750.0, 0.0, 1000.0, 918.0, 999.0, 999.0, 999.0, 999.0, 603.0, 730.0, 0.0, 693.0], [-51.0842170715332, 25.57065200805664, 134.21665954589844], [-0.254364013671875, 0.347503662109375, 0.3096923828125, -0.8477020263671875], [-47.28872299194336, 34.41700744628906, -138.37782287597656], [0.4217987060546875, 0.117218017578125, 0.4543914794921875, -0.775787353515625]
1292760, 1298.20947265625, [1000.0, 137.0, 561.0, 546.0, 340.0, 792.0, 387.0, 763.0, 435.0, 1000.0, 270.0, 750.0, 0.0, 666.0, 920.0, 999.0, 999.0, 999.0, 999.0, 554.0, 742.0, 0.0, 690.0], [-59.043704986572266, 22.57500457763672, 131.48873901367188], [-0.2626190185546875, 0.353790283203125, 0.3705902099609375, -0.8176116943359375], [-57.219791412353516, 35.02532196044922, -138.93319702148438], [0.4285888671875, 0.08721923828125, 0.520294189453125, -0.7334747314453125]
1292810, 1298.259521484375, [1000.0, 140.0, 560.0, 515.0, 324.0, 770.0, 361.0, 754.0, 407.0, 1000.0, 307.0, 750.0, 0.0, 1000.0, 958.0, 999.0, 999.0, 999.0, 999.0, 513.0, 742.0, 0.0, 689.0], [-63.735809326171875, 20.202058792114258, 130.8708038330078], [-0.26336669921875, 0.3515472412109375, 0.4108123779296875, -0.798919677734375], [-62.354530334472656, 35.141517639160156, -138.72930908203125], [0.4337005615234375, 0.067779541015625, 0.552886962890625, -0.7082366943359375]
1292870, 1298.319580078125, [1000.0, 144.0, 616.0, 461.0, 292.0, 762.0, 341.0, 774.0, 393.0, 1000.0, 446.0, 750.0, 0.0, 666.0, 727.0, 999.0, 999.0, 999.0, 999.0, 489.0, 735.0, 0.0, 701.0], [-67.7991943359375, 20.059282302856445, 128.8657989501953], [-0.265106201171875, 0.3674163818359375, 0.43304443359375, -0.779205322265625], [-65.35485076904297, 35.09320068359375, -138.6404266357422], [0.435699462890625, 0.0556182861328125, 0.57122802734375, -0.693359375]
1292920, 1298.3697509765625, [1000.0, 143.0, 631.0, 452.0, 261.0, 776.0, 315.0, 805.0, 395.0, 1000.0, 508.0, 750.0, 0.0, 1000.0, 708.0, 999.0, 999.0, 999.0, 999.0, 477.0, 740.0, 0.0, 708.0], [-71.28177642822266, 19.855037689208984, 126.95539855957031], [-0.267578125, 0.3816680908203125, 0.4510040283203125, -0.7611236572265625], [-67.80197143554688, 35.07196807861328, -137.60894775390625], [0.4428253173828125, 0.0408782958984375, 0.586273193359375, -0.6771240234375]
1292970, 1298.4197998046875, [1000.0, 140.0, 627.0, 487.0, 246.0, 811.0, 298.0, 849.0, 411.0, 1000.0, 512.0, 750.0, 0.0, 666.0, 946.0, 999.0, 999.0, 999.0, 999.0, 467.0, 759.0, 0.0, 708.0], [-73.03675842285156, 20.575613021850586, 126.69994354248047], [-0.2596893310546875, 0.390899658203125, 0.45892333984375, -0.75439453125], [-70.2896957397461, 35.336097717285156, -138.36929321289062], [0.4401702880859375, 0.0370635986328125, 0.6008758544921875, -0.6661834716796875]
1293030, 1298.4798583984375, [1000.0, 140.0, 608.0, 514.0, 250.0, 820.0, 295.0, 850.0, 414.0, 1000.0, 507.0, 750.0, 0.0, 666.0, 927.0, 999.0, 999.0, 999.0, 999.0, 460.0, 763.0, 0.0, 696.0], [-73.71922302246094, 20.948537826538086, 126.61127471923828], [-0.256011962890625, 0.394927978515625, 0.461639404296875, -0.75189208984375], [-70.20769500732422, 35.11855697631836, -137.8849639892578], [0.4421539306640625, 0.0333404541015625, 0.6003265380859375, -0.665557861328125]
1293080, 1298.5296630859375, [1000.0, 141.0, 600.0, 526.0, 274.0, 820.0, 305.0, 850.0, 424.0, 1000.0, 509.0, 750.0, 0.0, 1000.0, 908.0, 999.0, 999.0, 999.0, 999.0, 456.0, 758.0, 0.0, 686.0], [-73.03802490234375, 22.107051849365234, 126.72461700439453], [-0.25164794921875, 0.3995819091796875, 0.452972412109375, -0.7561798095703125], [-68.0482406616211, 34.80562210083008, -136.70106506347656], [0.4473114013671875, 0.033416748046875, 0.58770751953125, -0.6733245849609375]
1293130, 1298.5794677734375, [1000.0, 142.0, 600.0, 537.0, 311.0, 819.0, 328.0, 848.0, 443.0, 1000.0, 476.0, 750.0, 0.0, 666.0, 935.0, 999.0, 999.0, 999.0, 999.0, 451.0, 755.0, 0.0, 670.0], [-72.13280487060547, 23.66500473022461, 127.53610229492188], [-0.2414093017578125, 0.4033660888671875, 0.443603515625, -0.763031005859375], [-68.0378646850586, 34.29262161254883, -136.07308959960938], [0.449188232421875, 0.02667236328125, 0.587188720703125, -0.6728363037109375]
1293190, 1298.6395263671875, [1000.0, 141.0, 611.0, 532.0, 343.0, 808.0, 361.0, 838.0, 456.0, 1000.0, 447.0, 750.0, 0.0, 666.0, 943.0, 999.0, 999.0, 999.0, 999.0, 446.0, 747.0, 0.0, 658.0], [-70.3988037109375, 23.961971282958984, 128.24972534179688], [-0.241180419921875, 0.3986968994140625, 0.4333038330078125, -0.77142333984375], [-66.03914642333984, 32.85209655761719, -134.73678588867188], [0.4517059326171875, 0.0177154541015625, 0.57366943359375, -0.6830291748046875]
1293240, 1298.689453125, [1000.0, 139.0, 640.0, 515.0, 355.0, 790.0, 374.0, 825.0, 453.0, 1000.0, 429.0, 750.0, 0.0, 666.0, 939.0, 999.0, 999.0, 999.0, 999.0, 443.0, 739.0, 0.0, 647.0], [-69.57262420654297, 24.097681045532227, 128.9242401123047], [-0.238800048828125, 0.3952178955078125, 0.4295196533203125, -0.7760467529296875], [-66.3564224243164, 33.00376892089844, -134.6472930908203], [0.4528045654296875, 0.0170745849609375, 0.5757904052734375, -0.6805267333984375]
1293300, 1298.74951171875, [1000.0, 135.0, 731.0, 493.0, 346.0, 777.0, 375.0, 806.0, 446.0, 1000.0, 401.0, 750.0, 0.0, 666.0, 926.0, 999.0, 999.0, 999.0, 999.0, 434.0, 732.0, 0.0, 642.0], [-69.05783081054688, 23.93271255493164, 128.76336669921875], [-0.24249267578125, 0.393768310546875, 0.4261322021484375, -0.7775115966796875], [-65.76245880126953, 32.19194793701172, -133.93934631347656], [0.4541778564453125, 0.0102081298828125, 0.5711212158203125, -0.6836700439453125]
1293350, 1298.7994384765625, [1000.0, 135.0, 768.0, 488.0, 328.0, 774.0, 367.0, 798.0, 439.0, 1000.0, 390.0, 750.0, 0.0, 666.0, 834.0, 999.0, 999.0, 999.0, 999.0, 425.0, 741.0, 0.0, 640.0], [-68.55928039550781, 23.971216201782227, 128.95960998535156], [-0.24267578125, 0.3922119140625, 0.4232635498046875, -0.7798004150390625], [-66.24774932861328, 33.41116714477539, -134.13494873046875], [0.45721435546875, 0.0177764892578125, 0.5758209228515625, -0.6775360107421875]
1293400, 1298.8494873046875, [1000.0, 135.0, 789.0, 484.0, 308.0, 774.0, 352.0, 794.0, 431.0, 1000.0, 382.0, 750.0, 0.0, 1000.0, 787.0, 999.0, 999.0, 999.0, 999.0, 419.0, 743.0, 0.0, 640.0], [-69.73616027832031, 24.582191467285156, 128.3509521484375], [-0.2396697998046875, 0.400543212890625, 0.4267120361328125, -0.7746124267578125], [-66.08950805664062, 32.34828186035156, -134.04425048828125], [0.4541168212890625, 0.010528564453125, 0.57330322265625, -0.681884765625]
1293460, 1298.9093017578125, [1000.0, 134.0, 795.0, 482.0, 296.0, 772.0, 341.0, 790.0, 423.0, 1000.0, 378.0, 750.0, 0.0, 1000.0, 765.0, 999.0, 999.0, 999.0, 999.0, 415.0, 741.0, 0.0, 640.0], [-69.73572540283203, 24.731040954589844, 128.43150329589844], [-0.238372802734375, 0.4011077880859375, 0.4263916015625, -0.7748870849609375], [-66.47407531738281, 33.423038482666016, -134.31295776367188], [0.45623779296875, 0.017852783203125, 0.5771484375, -0.67706298828125]
1293500, 1298.9595947265625, [1000.0, 134.0, 795.0, 479.0, 288.0, 771.0, 332.0, 788.0, 417.0, 1000.0, 375.0, 750.0, 0.0, 1000.0, 802.0, 999.0, 999.0, 999.0, 999.0, 412.0, 739.0, 0.0, 639.0], [-70.19505310058594, 24.641897201538086, 128.2668914794922], [-0.2383270263671875, 0.40216064453125, 0.4292755126953125, -0.77276611328125], [-66.41183471679688, 32.482662200927734, -134.1909637451172], [0.4537353515625, 0.01092529296875, 0.575408935546875, -0.68035888671875]
1293510, 1298.969482421875, [1000.0, 134.0, 794.0, 478.0, 287.0, 771.0, 332.0, 787.0, 416.0, 1000.0, 374.0, 750.0, 0.0, 666.0, 801.0, 999.0, 999.0, 999.0, 999.0, 412.0, 739.0, 0.0, 639.0], [-70.24150848388672, 24.574180603027344, 128.28427124023438], [-0.2383880615234375, 0.40179443359375, 0.4299163818359375, -0.7725677490234375], [-66.4296646118164, 32.454444885253906, -134.21080017089844], [0.453521728515625, 0.0107574462890625, 0.575469970703125, -0.680450439453125]
1293570, 1299.01953125, [1000.0, 134.0, 783.0, 477.0, 284.0, 770.0, 332.0, 780.0, 413.0, 1000.0, 366.0, 750.0, 0.0, 666.0, 838.0, 999.0, 999.0, 999.0, 999.0, 409.0, 731.0, 0.0, 636.0], [-70.2251205444336, 24.11988639831543, 128.58277893066406], [-0.238739013671875, 0.3979949951171875, 0.4326629638671875, -0.7729034423828125], [-66.46809387207031, 32.34743118286133, -134.28036499023438], [0.4527435302734375, 0.0102081298828125, 0.575531005859375, -0.6809234619140625]
1293620, 1299.069580078125, [1000.0, 134.0, 775.0, 476.0, 283.0, 769.0, 332.0, 776.0, 412.0, 1000.0, 363.0, 750.0, 0.0, 666.0, 848.0, 999.0, 999.0, 999.0, 999.0, 407.0, 727.0, 0.0, 634.0], [-69.94096374511719, 23.813125610351562, 128.98077392578125], [-0.23858642578125, 0.39410400390625, 0.4333343505859375, -0.774566650390625], [-66.27980041503906, 32.04379653930664, -134.20480346679688], [0.4521331787109375, 0.008453369140625, 0.5739593505859375, -0.68267822265625]
1293670, 1299.1295166015625, [1000.0, 133.0, 769.0, 476.0, 282.0, 769.0, 334.0, 773.0, 412.0, 1000.0, 361.0, 750.0, 0.0, 666.0, 843.0, 999.0, 999.0, 999.0, 999.0, 406.0, 725.0, 0.0, 633.0], [-69.51628112792969, 23.736051559448242, 129.48724365234375], [-0.23699951171875, 0.3908538818359375, 0.4324951171875, -0.77716064453125], [-66.15260314941406, 31.9188175201416, -134.205810546875], [0.451690673828125, 0.008087158203125, 0.5730133056640625, -0.68377685546875]
1293730, 1299.1795654296875, [1000.0, 134.0, 762.0, 476.0, 281.0, 770.0, 339.0, 770.0, 413.0, 1000.0, 359.0, 750.0, 0.0, 1000.0, 830.0, 999.0, 999.0, 999.0, 999.0, 404.0, 722.0, 0.0, 633.0], [-69.20230102539062, 23.6638240814209, 130.00814819335938], [-0.234893798828125, 0.3878173828125, 0.4324188232421875, -0.7793731689453125], [-66.10662841796875, 31.8604736328125, -134.1839599609375], [0.4516143798828125, 0.00775146484375, 0.5726470947265625, -0.6841278076171875]
1293740, 1299.2296142578125, [1000.0, 134.0, 762.0, 476.0, 281.0, 770.0, 339.0, 770.0, 413.0, 1000.0, 359.0, 750.0, 0.0, 1000.0, 830.0, 999.0, 999.0, 999.0, 999.0, 404.0, 722.0, 0.0, 633.0], [-69.20230102539062, 23.6638240814209, 130.00814819335938], [-0.234893798828125, 0.3878173828125, 0.4324188232421875, -0.7793731689453125], [-65.8943099975586, 31.903459548950195, -134.0660400390625], [0.45245361328125, 0.00830078125, 0.5714569091796875, -0.6845703125]
1293780, 1299.239501953125, [1000.0, 133.0, 756.0, 475.0, 282.0, 769.0, 348.0, 766.0, 414.0, 1000.0, 359.0, 750.0, 0.0, 666.0, 834.0, 999.0, 999.0, 999.0, 999.0, 403.0, 720.0, 0.0, 631.0], [-68.89877319335938, 23.403942108154297, 130.46360778808594], [-0.2341156005859375, 0.3839263916015625, 0.432891845703125, -0.7812652587890625], [-65.71944427490234, 31.847957611083984, -133.9961395263672], [0.452667236328125, 0.0082550048828125, 0.5703277587890625, -0.68536376953125]
1293840, 1299.2896728515625, [1000.0, 133.0, 754.0, 474.0, 281.0, 769.0, 350.0, 762.0, 415.0, 1000.0, 357.0, 750.0, 0.0, 666.0, 838.0, 999.0, 999.0, 999.0, 999.0, 401.0, 717.0, 0.0, 629.0], [-68.8378677368164, 23.201139450073242, 130.8585968017578], [-0.232635498046875, 0.3810882568359375, 0.4345703125, -0.7821502685546875], [-66.81396484375, 32.035640716552734, -134.5527801513672], [0.4500732421875, 0.0080413818359375, 0.5771026611328125, -0.681396484375]
1293890, 1299.33935546875, [1000.0, 133.0, 750.0, 475.0, 282.0, 769.0, 350.0, 761.0, 416.0, 1000.0, 355.0, 750.0, 0.0, 666.0, 837.0, 999.0, 999.0, 999.0, 999.0, 401.0, 716.0, 0.0, 628.0], [-68.99119567871094, 23.01052474975586, 131.0086212158203], [-0.2320556640625, 0.3796844482421875, 0.4368438720703125, -0.78173828125], [-66.38121032714844, 31.983402252197266, -134.3169708251953], [0.451263427734375, 0.0081939697265625, 0.574462890625, -0.682830810546875]
1293940, 1299.3995361328125, [1000.0, 133.0, 743.0, 476.0, 284.0, 769.0, 356.0, 760.0, 417.0, 1000.0, 354.0, 750.0, 0.0, 1000.0, 851.0, 999.0, 999.0, 999.0, 999.0, 400.0, 716.0, 0.0, 628.0], [-68.87820434570312, 23.193431854248047, 131.253662109375], [-0.2298431396484375, 0.3796234130859375, 0.436187744140625, -0.7827911376953125], [-66.81260681152344, 31.97902488708496, -134.54525756835938], [0.449920654296875, 0.0076141357421875, 0.5770111083984375, -0.68157958984375]
1294000, 1299.449462890625, [1000.0, 133.0, 741.0, 476.0, 286.0, 767.0, 364.0, 758.0, 419.0, 1000.0, 353.0, 750.0, 0.0, 666.0, 839.0, 999.0, 999.0, 999.0, 999.0, 399.0, 715.0, 0.0, 626.0], [-68.75133514404297, 23.26863670349121, 131.4094696044922], [-0.22882080078125, 0.3792266845703125, 0.435546875, -0.78363037109375], [-65.88088989257812, 31.544605255126953, -134.08740234375], [0.4510955810546875, 0.005950927734375, 0.5708160400390625, -0.6860198974609375]
1294050, 1299.509521484375, [1000.0, 133.0, 738.0, 477.0, 286.0, 768.0, 364.0, 756.0, 420.0, 1000.0, 353.0, 750.0, 0.0, 666.0, 836.0, 999.0, 999.0, 999.0, 999.0, 397.0, 715.0, 0.0, 626.0], [-68.64601135253906, 23.295185089111328, 131.54161071777344], [-0.2281341552734375, 0.3786773681640625, 0.4351654052734375, -0.7843170166015625], [-65.90403747558594, 31.636058807373047, -134.1549530029297], [0.4510040283203125, 0.0068359375, 0.5710906982421875, -0.6858367919921875]
1294110, 1299.5596923828125, [1000.0, 133.0, 737.0, 477.0, 286.0, 767.0, 364.0, 756.0, 420.0, 1000.0, 352.0, 750.0, 0.0, 666.0, 839.0, 999.0, 999.0, 999.0, 999.0, 397.0, 714.0, 0.0, 626.0], [-68.94917297363281, 23.22977638244629, 131.47628784179688], [-0.2279052734375, 0.3791351318359375, 0.4372711181640625, -0.782989501953125], [-66.23550415039062, 31.634733200073242, -134.33834838867188], [0.449920654296875, 0.006439208984375, 0.57305908203125, -0.684906005859375]
1294160, 1299.6195068359375, [1000.0, 133.0, 733.0, 477.0, 289.0, 767.0, 371.0, 755.0, 421.0, 1000.0, 351.0, 750.0, 0.0, 666.0, 839.0, 999.0, 999.0, 999.0, 999.0, 396.0, 713.0, 0.0, 625.0], [-69.01396942138672, 23.159914016723633, 131.60791015625], [-0.227142333984375, 0.3783416748046875, 0.43841552734375, -0.782958984375], [-66.64817810058594, 31.69553565979004, -134.60079956054688], [0.4485931396484375, 0.006561279296875, 0.5756072998046875, -0.68365478515625]
1294210, 1299.6695556640625, [1000.0, 133.0, 732.0, 477.0, 292.0, 766.0, 377.0, 753.0, 423.0, 1000.0, 350.0, 750.0, 0.0, 666.0, 842.0, 999.0, 999.0, 999.0, 999.0, 395.0, 712.0, 0.0, 624.0], [-68.95145416259766, 22.932903289794922, 131.7641143798828], [-0.2274169921875, 0.376251220703125, 0.439361572265625, -0.783355712890625], [-66.4663314819336, 31.86452293395996, -134.50048828125], [0.44976806640625, 0.0079498291015625, 0.5747833251953125, -0.683563232421875]
1294230, 1299.7197265625, [1000.0, 134.0, 731.0, 477.0, 292.0, 766.0, 377.0, 752.0, 424.0, 1000.0, 349.0, 750.0, 0.0, 1000.0, 843.0, 999.0, 999.0, 999.0, 999.0, 395.0, 712.0, 0.0, 624.0], [-68.99691772460938, 22.8582820892334, 131.80601501464844], [-0.22735595703125, 0.375732421875, 0.440093994140625, -0.7832183837890625], [-66.45787811279297, 31.838783264160156, -134.4901580810547], [0.449737548828125, 0.00775146484375, 0.5746917724609375, -0.68365478515625]
1294270, 1299.7294921875, [1000.0, 133.0, 731.0, 477.0, 293.0, 766.0, 376.0, 751.0, 424.0, 1000.0, 348.0, 750.0, 0.0, 666.0, 842.0, 999.0, 999.0, 999.0, 999.0, 394.0, 711.0, 0.0, 624.0], [-68.68550872802734, 22.914791107177734, 132.05633544921875], [-0.22637939453125, 0.3744964599609375, 0.438568115234375, -0.784942626953125], [-66.54209899902344, 31.92401123046875, -134.55606079101562], [0.44964599609375, 0.0083465576171875, 0.5753173828125, -0.6831817626953125]
1294320, 1299.779541015625, [1000.0, 133.0, 727.0, 478.0, 294.0, 767.0, 377.0, 751.0, 425.0, 1000.0, 348.0, 750.0, 0.0, 666.0, 836.0, 999.0, 999.0, 999.0, 999.0, 394.0, 711.0, 0.0, 622.0], [-68.74605560302734, 23.089630126953125, 132.2563934326172], [-0.22393798828125, 0.374908447265625, 0.4389801025390625, -0.78521728515625], [-66.29129028320312, 31.95599937438965, -134.36672973632812], [0.45086669921875, 0.00860595703125, 0.573883056640625, -0.6835784912109375]
