671250, 673.9992065429688, [1000.0, 395.0, 402.0, 176.0, 214.0, 216.0, 169.0, 159.0, 138.0, 1000.0, 120.0, 750.0, 0.0, 1000.0, 941.0, 999.0, 999.0, 999.0, 999.0, 487.0, 749.0, 0.0, 240.0], [-18.6737117767334, -2.6120779514312744, -76.60855865478516], [-0.7718353271484375, 0.1412200927734375, -0.0828857421875, 0.6143646240234375], [-36.008811950683594, 18.7827205657959, -61.880638122558594], [0.8306884765625, -0.1817626953125, 0.289886474609375, -0.43914794921875]
671300, 674.0595092773438, [1000.0, 395.0, 401.0, 176.0, 214.0, 216.0, 168.0, 158.0, 137.0, 1000.0, 119.0, 1000.0, 0.0, 1000.0, 941.0, 999.0, 999.0, 999.0, 999.0, 487.0, 749.0, 0.0, 239.0], [-18.69556999206543, -2.6187610626220703, -76.56346893310547], [-0.77203369140625, 0.1414337158203125, -0.0829010009765625, 0.614044189453125], [-35.87873840332031, 18.78859519958496, -61.871280670166016], [0.8309326171875, -0.180816650390625, 0.2894134521484375, -0.43939208984375]
671360, 674.1094970703125, [1000.0, 395.0, 402.0, 175.0, 214.0, 215.0, 167.0, 157.0, 136.0, 1000.0, 118.0, 750.0, 0.0, 1000.0, 940.0, 999.0, 999.0, 999.0, 999.0, 487.0, 748.0, 0.0, 238.0], [-18.726892471313477, -2.592111110687256, -76.51507568359375], [-0.7722930908203125, 0.14154052734375, -0.08319091796875, 0.613677978515625], [-35.52439498901367, 18.811487197875977, -61.75364685058594], [0.831939697265625, -0.178436279296875, 0.28802490234375, -0.439361572265625]
671410, 674.1694946289062, [1000.0, 397.0, 400.0, 174.0, 213.0, 214.0, 167.0, 156.0, 135.0, 1000.0, 117.0, 750.0, 0.0, 1000.0, 940.0, 999.0, 999.0, 999.0, 999.0, 487.0, 748.0, 0.0, 237.0], [-18.72241973876953, -2.6343131065368652, -76.44509887695312], [-0.7726287841796875, 0.14178466796875, -0.082794189453125, 0.613250732421875], [-35.51784896850586, 18.781381607055664, -61.734947204589844], [0.8320159912109375, -0.1785736083984375, 0.2877655029296875, -0.4393310546875]
671460, 674.2194213867188, [1000.0, 397.0, 400.0, 174.0, 212.0, 214.0, 166.0, 156.0, 135.0, 1000.0, 117.0, 750.0, 0.0, 1000.0, 940.0, 999.0, 999.0, 999.0, 999.0, 487.0, 747.0, 0.0, 236.0], [-18.76692008972168, -2.7279813289642334, -76.38450622558594], [-0.772796630859375, 0.1426239013671875, -0.0823211669921875, 0.6128997802734375], [-35.70917510986328, 18.450923919677734, -61.78567886352539], [0.8314666748046875, -0.1813507080078125, 0.2863311767578125, -0.4402008056640625]
671520, 674.2794799804688, [1000.0, 396.0, 399.0, 173.0, 212.0, 213.0, 165.0, 155.0, 134.0, 1000.0, 116.0, 750.0, 0.0, 1000.0, 940.0, 999.0, 999.0, 999.0, 999.0, 487.0, 746.0, 0.0, 236.0], [-18.729034423828125, -2.782339572906494, -76.27986145019531], [-0.773345947265625, 0.142730712890625, -0.0816192626953125, 0.612274169921875], [-35.48783493041992, 18.521282196044922, -61.70301818847656], [0.8321380615234375, -0.17962646484375, 0.28582763671875, -0.43994140625]
671570, 674.32958984375, [1000.0, 397.0, 399.0, 173.0, 211.0, 212.0, 165.0, 154.0, 134.0, 1000.0, 115.0, 1000.0, 0.0, 1000.0, 940.0, 999.0, 999.0, 999.0, 999.0, 487.0, 746.0, 0.0, 235.0], [-18.547386169433594, -2.727837085723877, -76.20986938476562], [-0.7740020751953125, 0.141265869140625, -0.0809326171875, 0.61187744140625], [-35.902767181396484, 18.781147003173828, -61.845035552978516], [0.83099365234375, -0.18109130859375, 0.2894134521484375, -0.4391632080078125]
671630, 674.3894653320312, [1000.0, 398.0, 399.0, 172.0, 211.0, 212.0, 164.0, 154.0, 133.0, 1000.0, 114.0, 1000.0, 0.0, 1000.0, 940.0, 999.0, 999.0, 998.0, 999.0, 487.0, 746.0, 0.0, 234.0], [-18.47504997253418, -2.5765445232391357, -76.1344985961914], [-0.7746429443359375, 0.1400299072265625, -0.08148193359375, 0.61126708984375], [-35.969425201416016, 18.61659049987793, -61.85151290893555], [0.8308258056640625, -0.18231201171875, 0.2885589599609375, -0.4395294189453125]
671680, 674.4398193359375, [1000.0, 399.0, 398.0, 172.0, 211.0, 211.0, 163.0, 153.0, 133.0, 1000.0, 114.0, 1000.0, 0.0, 1000.0, 935.0, 999.0, 999.0, 998.0, 999.0, 487.0, 745.0, 0.0, 233.0], [-18.629369735717773, -2.493807077407837, -76.0245132446289], [-0.7751312255859375, 0.140716552734375, -0.082733154296875, 0.6103363037109375], [-35.70843505859375, 18.68845558166504, -61.769065856933594], [0.831573486328125, -0.1802978515625, 0.2879180908203125, -0.4393768310546875]
671730, 674.4896240234375, [1000.0, 396.0, 398.0, 171.0, 210.0, 210.0, 163.0, 152.0, 132.0, 1000.0, 113.0, 750.0, 0.0, 1000.0, 935.0, 999.0, 999.0, 998.0, 999.0, 488.0, 745.0, 0.0, 232.0], [-18.577707290649414, -2.7797579765319824, -75.95756530761719], [-0.7752532958984375, 0.1419219970703125, -0.0804290771484375, 0.610198974609375], [-35.58241271972656, 18.190433502197266, -61.75299072265625], [0.83172607421875, -0.18170166015625, 0.2840118408203125, -0.4410400390625]
671790, 674.5496215820312, [1000.0, 398.0, 397.0, 170.0, 210.0, 210.0, 162.0, 151.0, 131.0, 1000.0, 112.0, 750.0, 0.0, 1000.0, 935.0, 999.0, 999.0, 998.0, 999.0, 488.0, 744.0, 0.0, 231.0], [-18.57297706604004, -2.7881007194519043, -75.86414337158203], [-0.7757415771484375, 0.141998291015625, -0.080230712890625, 0.6095733642578125], [-35.58481979370117, 18.33601188659668, -61.75603485107422], [0.8317413330078125, -0.1810455322265625, 0.2850189208984375, -0.4406280517578125]
671840, 674.599365234375, [1000.0, 399.0, 397.0, 170.0, 209.0, 209.0, 162.0, 150.0, 131.0, 1000.0, 112.0, 1000.0, 0.0, 1000.0, 935.0, 999.0, 999.0, 998.0, 999.0, 488.0, 744.0, 0.0, 231.0], [-18.647001266479492, -2.7648282051086426, -75.77523040771484], [-0.776153564453125, 0.1424407958984375, -0.0806732177734375, 0.6089019775390625], [-35.54643249511719, 18.794612884521484, -61.73307800292969], [0.8319854736328125, -0.1787261962890625, 0.2879638671875, -0.439208984375]
671890, 674.6495361328125, [1000.0, 396.0, 396.0, 169.0, 209.0, 208.0, 161.0, 150.0, 130.0, 1000.0, 111.0, 1000.0, 0.0, 1000.0, 934.0, 999.0, 999.0, 998.0, 999.0, 488.0, 743.0, 0.0, 230.0], [-18.612756729125977, -2.7447807788848877, -75.6880874633789], [-0.7766876220703125, 0.1421661376953125, -0.0805206298828125, 0.6083221435546875], [-35.418601989746094, 18.691070556640625, -61.68635177612305], [0.8323516845703125, -0.1783905029296875, 0.2866973876953125, -0.4394989013671875]
671950, 674.7095336914062, [1000.0, 398.0, 396.0, 169.0, 208.0, 208.0, 161.0, 149.0, 130.0, 1000.0, 110.0, 1000.0, 0.0, 1000.0, 936.0, 999.0, 999.0, 999.0, 999.0, 488.0, 742.0, 0.0, 229.0], [-18.620010375976562, -2.7518510818481445, -75.54887390136719], [-0.77740478515625, 0.1423492431640625, -0.0803375244140625, 0.6073760986328125], [-35.3929328918457, 18.468170166015625, -61.64039993286133], [0.83251953125, -0.1793365478515625, 0.285003662109375, -0.43988037109375]
672000, 674.7594604492188, [1000.0, 397.0, 396.0, 168.0, 208.0, 207.0, 160.0, 149.0, 129.0, 1000.0, 110.0, 1000.0, 0.0, 1000.0, 935.0, 999.0, 999.0, 998.0, 999.0, 488.0, 742.0, 0.0, 227.0], [-18.690126419067383, -2.7334320545196533, -75.37064361572266], [-0.7782745361328125, 0.142852783203125, -0.0806121826171875, 0.6060943603515625], [-34.18849563598633, 18.698156356811523, -61.17451858520508], [0.836181640625, -0.1706695556640625, 0.28125, -0.4387969970703125]
672060, 674.81982421875, [1000.0, 397.0, 395.0, 167.0, 207.0, 206.0, 159.0, 147.0, 128.0, 1000.0, 109.0, 1000.0, 0.0, 1000.0, 933.0, 999.0, 999.0, 990.0, 999.0, 490.0, 742.0, 0.0, 225.0], [-18.356428146362305, -2.814950704574585, -75.00105285644531], [-0.7805633544921875, 0.141265869140625, -0.0778350830078125, 0.6038970947265625], [-35.14025115966797, 17.558874130249023, -61.241485595703125], [0.834259033203125, -0.1826171875, 0.2771759033203125, -0.44024658203125]
672110, 674.8698120117188, [1000.0, 395.0, 394.0, 167.0, 206.0, 205.0, 158.0, 147.0, 128.0, 1000.0, 108.0, 1000.0, 0.0, 1000.0, 933.0, 999.0, 999.0, 989.0, 999.0, 491.0, 741.0, 0.0, 224.0], [-18.294292449951172, -3.092681407928467, -74.61089324951172], [-0.78240966796875, 0.142547607421875, -0.0751190185546875, 0.6015472412109375], [-35.29948425292969, 16.95876693725586, -61.15910339355469], [0.83416748046875, -0.1866912841796875, 0.273529052734375, -0.4409942626953125]
672160, 674.9197998046875, [1000.0, 396.0, 393.0, 167.0, 206.0, 204.0, 157.0, 146.0, 127.0, 1000.0, 107.0, 1000.0, 0.0, 1000.0, 932.0, 999.0, 999.0, 988.0, 999.0, 492.0, 740.0, 0.0, 222.0], [-18.411027908325195, -3.1514134407043457, -74.31095886230469], [-0.7837677001953125, 0.1438446044921875, -0.074951171875, 0.5994720458984375], [-36.046939849853516, 17.12358283996582, -61.413780212402344], [0.832000732421875, -0.190765380859375, 0.2779541015625, -0.4405670166015625]
672220, 674.9794921875, [1000.0, 397.0, 392.0, 166.0, 205.0, 203.0, 157.0, 145.0, 126.0, 1000.0, 106.0, 1000.0, 0.0, 1000.0, 935.0, 999.0, 999.0, 989.0, 999.0, 492.0, 740.0, 0.0, 221.0], [-18.426990509033203, -3.022193431854248, -74.22797393798828], [-0.7843170166015625, 0.143341064453125, -0.0758209228515625, 0.5987701416015625], [-33.426082611083984, 18.2794189453125, -60.76705551147461], [0.8388214111328125, -0.1679840087890625, 0.27484130859375, -0.4388580322265625]
672270, 675.0296020507812, [1000.0, 398.0, 392.0, 165.0, 205.0, 202.0, 156.0, 144.0, 125.0, 1000.0, 105.0, 1000.0, 0.0, 666.0, 936.0, 999.0, 999.0, 994.0, 999.0, 490.0, 740.0, 0.0, 219.0], [-18.689271926879883, -4.343817710876465, -74.38906860351562], [-0.7817230224609375, 0.15185546875, -0.06829833984375, 0.6009674072265625], [-33.602989196777344, 19.72453498840332, -60.46131896972656], [0.839813232421875, -0.1634979248046875, 0.2850494384765625, -0.4320831298828125]
672330, 675.0894165039062, [1000.0, 396.0, 391.0, 169.0, 207.0, 209.0, 157.0, 144.0, 130.0, 1000.0, 104.0, 1000.0, 0.0, 1000.0, 949.0, 999.0, 999.0, 999.0, 999.0, 490.0, 742.0, 0.0, 221.0], [-15.097548484802246, -5.895510673522949, -74.82474517822266], [-0.7822418212890625, 0.1351776123046875, -0.039215087890625, 0.606842041015625], [-30.475860595703125, 22.697328567504883, -58.648494720458984], [0.8500823974609375, -0.131683349609375, 0.2917327880859375, -0.4181976318359375]
672380, 675.1394653320312, [1000.0, 395.0, 399.0, 173.0, 210.0, 221.0, 160.0, 144.0, 135.0, 1000.0, 105.0, 1000.0, 0.0, 1000.0, 944.0, 999.0, 999.0, 999.0, 999.0, 483.0, 744.0, 0.0, 221.0], [-15.696874618530273, -4.077585697174072, -74.94585418701172], [-0.782745361328125, 0.1297454833984375, -0.0550537109375, 0.6061553955078125], [-29.78560447692871, 25.33917808532715, -57.163570404052734], [0.8549346923828125, -0.1187896728515625, 0.30609130859375, -0.401580810546875]
672430, 675.1896362304688, [1000.0, 397.0, 411.0, 181.0, 212.0, 242.0, 168.0, 143.0, 137.0, 1000.0, 104.0, 750.0, 0.0, 1000.0, 940.0, 999.0, 999.0, 999.0, 999.0, 479.0, 742.0, 0.0, 222.0], [-13.691454887390137, -1.069962739944458, -74.35209655761719], [-0.7903900146484375, 0.1005706787109375, -0.06463623046875, 0.6008148193359375], [-25.696691513061523, 27.53074073791504, -54.353458404541016], [0.8665771484375, -0.086181640625, 0.305023193359375, -0.38543701171875]
672490, 675.24951171875, [1000.0, 396.0, 412.0, 188.0, 216.0, 253.0, 207.0, 142.0, 139.0, 1000.0, 105.0, 1000.0, 0.0, 1000.0, 935.0, 999.0, 999.0, 999.0, 999.0, 475.0, 739.0, 0.0, 222.0], [-8.157008171081543, 0.21886122226715088, -74.13194274902344], [-0.795989990234375, 0.05560302734375, -0.0443878173828125, 0.6010894775390625], [-19.384742736816406, 29.17060089111328, -50.83518600463867], [0.8798065185546875, -0.040618896484375, 0.29412841796875, -0.37115478515625]
672540, 675.2996215820312, [1000.0, 394.0, 406.0, 193.0, 222.0, 258.0, 281.0, 142.0, 141.0, 1000.0, 107.0, 750.0, 0.0, 1000.0, 932.0, 999.0, 999.0, 999.0, 999.0, 471.0, 739.0, 0.0, 228.0], [-5.143496990203857, 0.9639378190040588, -74.25743865966797], [-0.7966766357421875, 0.03070068359375, -0.033782958984375, 0.6026763916015625], [-15.277706146240234, 29.464094161987305, -48.55936813354492], [0.8876495361328125, -0.0135498046875, 0.2826080322265625, -0.3633270263671875]
672600, 675.3595581054688, [1000.0, 395.0, 406.0, 195.0, 241.0, 252.0, 450.0, 140.0, 146.0, 1000.0, 109.0, 1000.0, 0.0, 1000.0, 932.0, 999.0, 999.0, 999.0, 999.0, 465.0, 737.0, 0.0, 240.0], [-0.17237935960292816, -2.6724889278411865, -75.84381103515625], [-0.788604736328125, 0.0155181884765625, 0.0174713134765625, 0.61444091796875], [-10.364669799804688, 28.180715560913086, -46.54005813598633], [0.8960418701171875, 0.0153045654296875, 0.2573394775390625, -0.3614044189453125]
672650, 675.409912109375, [1000.0, 393.0, 401.0, 197.0, 297.0, 243.0, 623.0, 138.0, 165.0, 1000.0, 111.0, 1000.0, 0.0, 1000.0, 930.0, 999.0, 999.0, 999.0, 999.0, 460.0, 735.0, 0.0, 244.0], [3.9781837463378906, -7.385735511779785, -77.98363494873047], [-0.77655029296875, 0.013580322265625, 0.0718231201171875, 0.6257781982421875], [-7.92317533493042, 25.707963943481445, -45.94892120361328], [0.901458740234375, 0.0246124267578125, 0.230621337890625, -0.365478515625]
672700, 675.45947265625, [1000.0, 390.0, 395.0, 199.0, 428.0, 242.0, 756.0, 137.0, 208.0, 1000.0, 114.0, 1000.0, 0.0, 1000.0, 943.0, 999.0, 999.0, 999.0, 999.0, 457.0, 734.0, 0.0, 251.0], [10.244278907775879, -13.783520698547363, -81.53225708007812], [-0.755889892578125, 0.0109100341796875, 0.1483917236328125, 0.637542724609375], [-3.5241265296936035, 23.24611473083496, -44.78923416137695], [0.9075469970703125, 0.0488739013671875, 0.197662353515625, -0.3672637939453125]
672760, 675.519775390625, [1000.0, 391.0, 379.0, 200.0, 590.0, 235.0, 793.0, 136.0, 253.0, 1000.0, 111.0, 1000.0, 0.0, 1000.0, 947.0, 999.0, 999.0, 999.0, 999.0, 451.0, 728.0, 0.0, 248.0], [16.953500747680664, -20.98566436767578, -86.83023834228516], [-0.724884033203125, 0.0185089111328125, 0.2304534912109375, 0.648895263671875], [-0.7479196190834045, 21.413698196411133, -44.16788101196289], [0.9109344482421875, 0.06390380859375, 0.174560546875, -0.3682861328125]
672810, 675.5695190429688, [1000.0, 390.0, 370.0, 203.0, 746.0, 227.0, 842.0, 139.0, 318.0, 1000.0, 117.0, 1000.0, 0.0, 1000.0, 940.0, 999.0, 999.0, 999.0, 999.0, 448.0, 727.0, 0.0, 239.0], [21.110443115234375, -26.306840896606445, -90.62944030761719], [-0.7028045654296875, 0.0336151123046875, 0.2841339111328125, 0.6512908935546875], [-0.35988932847976685, 20.465726852416992, -44.50156784057617], [0.9110107421875, 0.0644073486328125, 0.16558837890625, -0.3721160888671875]
672870, 675.629638671875, [1000.0, 391.0, 427.0, 208.0, 851.0, 231.0, 884.0, 163.0, 432.0, 1000.0, 127.0, 1000.0, 0.0, 1000.0, 923.0, 999.0, 999.0, 999.0, 999.0, 444.0, 721.0, 0.0, 229.0], [22.60464859008789, -30.719905853271484, -92.09688568115234], [-0.6936492919921875, 0.0558319091796875, 0.3163299560546875, 0.64471435546875], [-0.5367370843887329, 19.4897403717041, -44.61978530883789], [0.912078857421875, 0.0599822998046875, 0.1583404541015625, -0.3733978271484375]
672920, 675.679931640625, [1000.0, 390.0, 580.0, 214.0, 910.0, 256.0, 918.0, 140.0, 609.0, 1000.0, 153.0, 750.0, 0.0, 1000.0, 894.0, 999.0, 999.0, 999.0, 999.0, 439.0, 716.0, 0.0, 212.0], [25.046205520629883, -34.29103469848633, -94.43863677978516], [-0.68048095703125, 0.07049560546875, 0.3475341796875, 0.6412353515625], [-0.3549567759037018, 18.602210998535156, -44.53254699707031], [0.9134368896484375, 0.05841064453125, 0.150726318359375, -0.3734588623046875]
672970, 675.7294921875, [1000.0, 391.0, 608.0, 229.0, 939.0, 316.0, 947.0, 152.0, 731.0, 1000.0, 230.0, 1000.0, 0.0, 1000.0, 891.0, 999.0, 999.0, 999.0, 999.0, 435.0, 710.0, 0.0, 193.0], [26.659515380859375, -36.837791442871094, -96.28870391845703], [-0.6702728271484375, 0.083038330078125, 0.368072509765625, 0.6390228271484375], [-0.7829283475875854, 17.7935733795166, -44.701171875], [0.91412353515625, 0.0525665283203125, 0.145599365234375, -0.3747100830078125]
673030, 675.78955078125, [1000.0, 392.0, 741.0, 296.0, 964.0, 569.0, 966.0, 563.0, 830.0, 1000.0, 373.0, 750.0, 0.0, 1000.0, 781.0, 999.0, 999.0, 999.0, 999.0, 428.0, 711.0, 0.0, 213.0], [28.079435348510742, -37.19759750366211, -97.57799530029297], [-0.663970947265625, 0.0812835693359375, 0.3768157958984375, 0.640716552734375], [-2.5337722301483154, 17.22625732421875, -45.86565017700195], [0.9116363525390625, 0.0382080078125, 0.1464080810546875, -0.382110595703125]
673080, 675.8396606445312, [1000.0, 387.0, 843.0, 477.0, 965.0, 871.0, 975.0, 952.0, 859.0, 1000.0, 519.0, 1000.0, 0.0, 1000.0, 853.0, 999.0, 999.0, 999.0, 999.0, 421.0, 814.0, 0.0, 582.0], [27.311498641967773, -37.80564880371094, -98.12037658691406], [-0.6601715087890625, 0.0914459228515625, 0.375, 0.6443328857421875], [-6.278425693511963, 16.447099685668945, -47.86115264892578], [0.9064483642578125, 0.008392333984375, 0.15252685546875, -0.3936920166015625]
673100, 675.889404296875, [1000.0, 386.0, 871.0, 548.0, 972.0, 924.0, 983.0, 986.0, 863.0, 1000.0, 550.0, 750.0, 0.0, 1000.0, 691.0, 999.0, 999.0, 999.0, 999.0, 418.0, 848.0, 50.0, 632.0], [26.45998764038086, -37.84639358520508, -98.35816955566406], [-0.658111572265625, 0.097381591796875, 0.3701934814453125, 0.6483306884765625], [-7.816252708435059, 16.097490310668945, -48.820777893066406], [0.903472900390625, -0.00372314453125, 0.15509033203125, -0.3995513916015625]
673130, 675.8993530273438, [1000.0, 385.0, 890.0, 602.0, 982.0, 958.0, 988.0, 1000.0, 875.0, 1000.0, 567.0, 1000.0, 0.0, 1000.0, 591.0, 999.0, 999.0, 999.0, 999.0, 415.0, 865.0, 99.0, 663.0], [25.276334762573242, -37.85971450805664, -98.77745056152344], [-0.6546783447265625, 0.1055908203125, 0.3631591796875, 0.65447998046875], [-10.66348934173584, 15.65556526184082, -50.549495697021484], [0.8973541259765625, -0.0253448486328125, 0.16192626953125, -0.409698486328125]
673190, 675.9495239257812, [1000.0, 373.0, 936.0, 705.0, 991.0, 1000.0, 989.0, 1000.0, 894.0, 1000.0, 565.0, 1000.0, 0.0, 1000.0, 387.0, 999.0, 999.0, 971.0, 999.0, 408.0, 879.0, 142.0, 717.0], [21.846635818481445, -38.96661376953125, -100.77873992919922], [-0.63885498046875, 0.138397216796875, 0.3464202880859375, 0.672821044921875], [-14.692935943603516, 14.975424766540527, -53.11406326293945], [0.88702392578125, -0.0556182861328125, 0.1722869873046875, -0.4247283935546875]
673240, 675.999755859375, [1000.0, 377.0, 974.0, 743.0, 993.0, 1000.0, 984.0, 1000.0, 893.0, 1000.0, 520.0, 1000.0, 0.0, 1000.0, 291.0, 999.0, 999.0, 966.0, 999.0, 406.0, 883.0, 157.0, 749.0], [19.612520217895508, -39.21967697143555, -100.87196350097656], [-0.635284423828125, 0.1527557373046875, 0.334320068359375, 0.679168701171875], [-17.197240829467773, 14.41716194152832, -54.813743591308594], [0.8794708251953125, -0.0745697021484375, 0.1784210205078125, -0.43487548828125]
673300, 676.0595092773438, [1000.0, 375.0, 1000.0, 701.0, 985.0, 1000.0, 980.0, 1000.0, 888.0, 1000.0, 482.0, 1000.0, 0.0, 1000.0, 251.0, 999.0, 999.0, 988.0, 999.0, 406.0, 863.0, 187.0, 772.0], [10.845346450805664, -40.597354888916016, -97.84060668945312], [-0.63824462890625, 0.20208740234375, 0.2937469482421875, 0.6822662353515625], [-24.259214401245117, 15.938530921936035, -58.58946990966797], [0.8586578369140625, -0.1151580810546875, 0.22003173828125, -0.4483489990234375]
673320, 676.1094970703125, [1000.0, 375.0, 1000.0, 699.0, 982.0, 1000.0, 979.0, 1000.0, 886.0, 1000.0, 475.0, 1000.0, 0.0, 1000.0, 252.0, 999.0, 999.0, 983.0, 999.0, 405.0, 859.0, 200.0, 777.0], [6.709804058074951, -40.981048583984375, -96.00548553466797], [-0.640899658203125, 0.2230224609375, 0.2745513916015625, 0.681243896484375], [-27.043603897094727, 16.861751556396484, -59.983062744140625], [0.8501129150390625, -0.129058837890625, 0.23907470703125, -0.4510650634765625]
673350, 676.119384765625, [1000.0, 375.0, 995.0, 700.0, 978.0, 1000.0, 978.0, 1000.0, 883.0, 1000.0, 469.0, 1000.0, 0.0, 1000.0, 295.0, 999.0, 999.0, 983.0, 999.0, 403.0, 857.0, 208.0, 781.0], [-0.8978819251060486, -40.226959228515625, -92.28778839111328], [-0.64862060546875, 0.2530517578125, 0.232940673828125, 0.6789398193359375], [-31.517751693725586, 18.692651748657227, -62.220699310302734], [0.8358306884765625, -0.148681640625, 0.27227783203125, -0.4528961181640625]
673400, 676.1695556640625, [1000.0, 373.0, 982.0, 705.0, 971.0, 1000.0, 977.0, 1000.0, 878.0, 1000.0, 461.0, 1000.0, 0.0, 1000.0, 361.0, 999.0, 999.0, 999.0, 999.0, 397.0, 847.0, 220.0, 784.0], [-16.0673770904541, -38.42239761352539, -83.80615234375], [-0.6652069091796875, 0.315826416015625, 0.15435791015625, 0.6587066650390625], [-41.51136016845703, 22.020639419555664, -66.6221923828125], [0.8042449951171875, -0.192626953125, 0.3402862548828125, -0.4475250244140625]
673410, 676.219482421875, [1000.0, 374.0, 980.0, 703.0, 970.0, 1000.0, 976.0, 1000.0, 877.0, 1000.0, 459.0, 1000.0, 0.0, 1000.0, 390.0, 999.0, 999.0, 999.0, 999.0, 396.0, 844.0, 220.0, 786.0], [-19.754220962524414, -38.13776779174805, -81.8839340209961], [-0.6666107177734375, 0.3333740234375, 0.1368865966796875, 0.6524810791015625], [-44.24538803100586, 22.534957885742188, -67.58280944824219], [0.79595947265625, -0.206268310546875, 0.3558349609375, -0.4441375732421875]
673460, 676.2293701171875, [1000.0, 375.0, 969.0, 701.0, 959.0, 999.0, 973.0, 1000.0, 862.0, 1000.0, 453.0, 1000.0, 0.0, 1000.0, 426.0, 999.0, 999.0, 999.0, 999.0, 387.0, 827.0, 233.0, 791.0], [-36.1551399230957, -32.996578216552734, -74.85311126708984], [-0.6702880859375, 0.4003448486328125, 0.0335693359375, 0.623931884765625], [-55.1657829284668, 25.0855770111084, -71.70926666259766], [0.7601318359375, -0.2535858154296875, 0.420745849609375, -0.425262451171875]
673510, 676.279541015625, [1000.0, 377.0, 966.0, 698.0, 938.0, 986.0, 960.0, 985.0, 822.0, 1000.0, 451.0, 1000.0, 0.0, 1000.0, 428.0, 999.0, 999.0, 999.0, 999.0, 383.0, 810.0, 196.0, 790.0], [-45.5410041809082, -25.90471839904785, -72.51597595214844], [-0.67327880859375, 0.4263763427734375, -0.056427001953125, 0.6013946533203125], [-62.60786819458008, 26.897945404052734, -74.37640380859375], [0.73504638671875, -0.2824554443359375, 0.4637451171875, -0.406005859375]
673570, 676.32958984375, [1000.0, 376.0, 965.0, 640.0, 892.0, 963.0, 899.0, 957.0, 732.0, 1000.0, 456.0, 1000.0, 0.0, 1000.0, 453.0, 999.0, 999.0, 999.0, 999.0, 378.0, 787.0, 11.0, 785.0], [-55.61715316772461, -19.308677673339844, -70.52806854248047], [-0.6667938232421875, 0.461151123046875, -0.1444091796875, 0.5673065185546875], [-70.97588348388672, 27.844249725341797, -76.8250503540039], [0.7060394287109375, -0.319793701171875, 0.50360107421875, -0.381591796875]
673620, 676.3895263671875, [1000.0, 377.0, 973.0, 602.0, 872.0, 950.0, 864.0, 936.0, 698.0, 1000.0, 451.0, 1000.0, 0.0, 1000.0, 728.0, 999.0, 999.0, 999.0, 999.0, 369.0, 775.0, 0.0, 773.0], [-62.79646682739258, -14.821715354919434, -69.7104263305664], [-0.6561737060546875, 0.4868621826171875, -0.2049102783203125, 0.53887939453125], [-77.07354736328125, 28.229522705078125, -78.4566650390625], [0.6837005615234375, -0.3473968505859375, 0.5298614501953125, -0.3620452880859375]
673670, 676.4396362304688, [1000.0, 375.0, 958.0, 594.0, 831.0, 938.0, 791.0, 920.0, 670.0, 1000.0, 456.0, 750.0, 0.0, 1000.0, 818.0, 999.0, 999.0, 999.0, 999.0, 358.0, 762.0, 0.0, 765.0], [-69.71710205078125, -8.970674514770508, -70.73533630371094], [-0.641204833984375, 0.5017852783203125, -0.2774810791015625, 0.50994873046875], [-83.33222961425781, 28.545978546142578, -79.96746826171875], [0.6600341796875, -0.37530517578125, 0.5550994873046875, -0.3396148681640625]
673730, 676.49951171875, [1000.0, 373.0, 969.0, 582.0, 808.0, 927.0, 759.0, 912.0, 650.0, 1000.0, 457.0, 750.0, 0.0, 1000.0, 779.0, 999.0, 999.0, 999.0, 999.0, 348.0, 758.0, 0.0, 755.0], [-74.49200439453125, -3.4423155784606934, -72.06607055664062], [-0.63275146484375, 0.5032806396484375, -0.3365325927734375, 0.482757568359375], [-86.84748840332031, 29.25687599182129, -80.59474182128906], [0.64825439453125, -0.388641357421875, 0.5700531005859375, -0.3220977783203125]
673780, 676.5496826171875, [1000.0, 371.0, 963.0, 580.0, 800.0, 918.0, 774.0, 903.0, 637.0, 1000.0, 437.0, 1000.0, 0.0, 1000.0, 547.0, 999.0, 999.0, 999.0, 999.0, 341.0, 761.0, 0.0, 746.0], [-78.06167602539062, 0.3334675431251526, -72.69149017333984], [-0.6267547607421875, 0.5058746337890625, -0.375030517578125, 0.458892822265625], [-89.7001724243164, 29.99102783203125, -80.90374755859375], [0.639495849609375, -0.3993682861328125, 0.581573486328125, -0.305450439453125]
673790, 676.5994873046875, [1000.0, 372.0, 962.0, 581.0, 796.0, 911.0, 776.0, 897.0, 634.0, 1000.0, 434.0, 1000.0, 0.0, 1000.0, 492.0, 999.0, 999.0, 999.0, 999.0, 340.0, 763.0, 0.0, 744.0], [-78.97675323486328, 0.8684765100479126, -72.67042541503906], [-0.6245269775390625, 0.5087890625, -0.3814849853515625, 0.453369140625], [-90.40121459960938, 30.06992530822754, -80.97111511230469], [0.6370697021484375, -0.40252685546875, 0.5839385986328125, -0.30181884765625]
673840, 676.6094360351562, [1000.0, 371.0, 870.0, 598.0, 745.0, 868.0, 741.0, 850.0, 607.0, 1000.0, 416.0, 750.0, 0.0, 1000.0, 401.0, 999.0, 999.0, 999.0, 999.0, 341.0, 788.0, 0.0, 726.0], [-81.96627044677734, 4.584249973297119, -74.48004150390625], [-0.616363525390625, 0.50341796875, -0.42059326171875, 0.435577392578125], [-91.86571502685547, 30.99239730834961, -81.25113677978516], [0.6336669921875, -0.4045257568359375, 0.59185791015625, -0.290679931640625]
673890, 676.659423828125, [1000.0, 374.0, 688.0, 608.0, 658.0, 835.0, 675.0, 795.0, 556.0, 1000.0, 402.0, 750.0, 0.0, 1000.0, 831.0, 999.0, 999.0, 999.0, 999.0, 349.0, 801.0, 0.0, 715.0], [-80.82720184326172, 8.82630729675293, -77.6129150390625], [-0.6228179931640625, 0.46697998046875, -0.4507293701171875, 0.436859130859375], [-88.54000854492188, 32.30445861816406, -79.88301086425781], [0.6519927978515625, -0.38616943359375, 0.5831756591796875, -0.2926788330078125]
673940, 676.7095947265625, [1000.0, 376.0, 609.0, 609.0, 576.0, 822.0, 589.0, 768.0, 511.0, 1000.0, 406.0, 750.0, 0.0, 1000.0, 878.0, 999.0, 999.0, 999.0, 999.0, 347.0, 791.0, 0.0, 705.0], [-78.65727233886719, 13.469672203063965, -81.92214965820312], [-0.628814697265625, 0.4158172607421875, -0.4810943603515625, 0.44744873046875], [-85.68631744384766, 33.05489730834961, -78.8380126953125], [0.6658477783203125, -0.37115478515625, 0.5750732421875, -0.296905517578125]
674000, 676.7698364257812, [1000.0, 373.0, 578.0, 597.0, 543.0, 813.0, 542.0, 759.0, 485.0, 1000.0, 451.0, 750.0, 0.0, 1000.0, 879.0, 999.0, 999.0, 999.0, 999.0, 339.0, 785.0, 0.0, 701.0], [-77.91118621826172, 16.590057373046875, -86.96869659423828], [-0.6207275390625, 0.3741912841796875, -0.509521484375, 0.463714599609375], [-83.2397689819336, 33.513980865478516, -75.74530792236328], [0.6826019287109375, -0.3697052001953125, 0.5605621337890625, -0.2882843017578125]
674050, 676.8195190429688, [1000.0, 373.0, 565.0, 575.0, 533.0, 807.0, 531.0, 756.0, 474.0, 1000.0, 473.0, 1000.0, 0.0, 1000.0, 917.0, 999.0, 999.0, 999.0, 999.0, 336.0, 780.0, 0.0, 697.0], [-78.80621337890625, 17.212770462036133, -90.99434661865234], [-0.6032562255859375, 0.357452392578125, -0.5286712646484375, 0.478302001953125], [-82.94750213623047, 33.14405059814453, -71.94727325439453], [0.6921234130859375, -0.3881683349609375, 0.545806884765625, -0.2689666748046875]
674110, 676.87939453125, [1000.0, 376.0, 553.0, 548.0, 538.0, 785.0, 547.0, 742.0, 473.0, 1000.0, 467.0, 750.0, 0.0, 1000.0, 906.0, 999.0, 999.0, 999.0, 999.0, 331.0, 776.0, 0.0, 688.0], [-81.85067749023438, 15.819780349731445, -95.50434112548828], [-0.56988525390625, 0.3592681884765625, -0.550201416015625, 0.4933624267578125], [-85.94849395751953, 31.901472091674805, -71.10604095458984], [0.6812591552734375, -0.41632080078125, 0.544677734375, -0.2566375732421875]
674160, 676.9297485351562, [1000.0, 374.0, 545.0, 541.0, 538.0, 779.0, 553.0, 730.0, 476.0, 1000.0, 458.0, 750.0, 0.0, 1000.0, 916.0, 999.0, 999.0, 999.0, 999.0, 328.0, 776.0, 0.0, 680.0], [-81.28489685058594, 17.476205825805664, -95.74642944335938], [-0.576446533203125, 0.3463287353515625, -0.554779052734375, 0.4898529052734375], [-86.0050048828125, 31.8862247467041, -72.54691314697266], [0.6777496337890625, -0.40985107421875, 0.5499420166015625, -0.2649993896484375]
674210, 676.9795532226562, [1000.0, 374.0, 538.0, 529.0, 543.0, 772.0, 563.0, 723.0, 481.0, 1000.0, 455.0, 1000.0, 0.0, 1000.0, 920.0, 999.0, 999.0, 999.0, 999.0, 327.0, 774.0, 0.0, 673.0], [-81.77710723876953, 17.804367065429688, -96.65100860595703], [-0.5722503662109375, 0.3426055908203125, -0.560821533203125, 0.490509033203125], [-86.32073974609375, 30.76499366760254, -73.13446044921875], [0.6729583740234375, -0.4144287109375, 0.5483245849609375, -0.2732696533203125]
674270, 677.03955078125, [1000.0, 377.0, 530.0, 522.0, 550.0, 767.0, 570.0, 717.0, 482.0, 1000.0, 451.0, 1000.0, 0.0, 1000.0, 947.0, 999.0, 999.0, 999.0, 999.0, 325.0, 772.0, 0.0, 666.0], [-81.46916961669922, 17.913654327392578, -95.95647430419922], [-0.5765228271484375, 0.3438568115234375, -0.557830810546875, 0.488037109375], [-87.8115463256836, 28.56371307373047, -74.0536880493164], [0.660430908203125, -0.4294891357421875, 0.5465850830078125, -0.28387451171875]
674320, 677.0897827148438, [1000.0, 376.0, 517.0, 518.0, 549.0, 762.0, 569.0, 709.0, 482.0, 1000.0, 448.0, 1000.0, 0.0, 1000.0, 951.0, 999.0, 999.0, 999.0, 999.0, 324.0, 770.0, 0.0, 661.0], [-81.97779083251953, 17.670085906982422, -96.2160415649414], [-0.573028564453125, 0.346466064453125, -0.55987548828125, 0.4879608154296875], [-86.12184143066406, 26.909425735473633, -73.38810729980469], [0.6646881103515625, -0.4308624267578125, 0.5330963134765625, -0.297210693359375]
674370, 677.1398315429688, [1000.0, 379.0, 509.0, 516.0, 551.0, 759.0, 571.0, 706.0, 483.0, 1000.0, 444.0, 1000.0, 0.0, 1000.0, 956.0, 999.0, 999.0, 999.0, 999.0, 323.0, 766.0, 0.0, 655.0], [-81.5425033569336, 17.87465476989746, -95.74359130859375], [-0.5770721435546875, 0.3454742431640625, -0.5573577880859375, 0.486785888671875], [-87.67874145507812, 26.787494659423828, -74.27899932861328], [0.6562042236328125, -0.436248779296875, 0.5399932861328125, -0.2957305908203125]
674430, 677.1995239257812, [1000.0, 376.0, 503.0, 511.0, 554.0, 755.0, 574.0, 701.0, 484.0, 1000.0, 440.0, 1000.0, 0.0, 1000.0, 954.0, 999.0, 999.0, 999.0, 999.0, 322.0, 764.0, 0.0, 650.0], [-81.2932357788086, 17.572128295898438, -95.88959503173828], [-0.576141357421875, 0.34515380859375, -0.55560302734375, 0.4900970458984375], [-86.71941375732422, 26.331388473510742, -73.95594024658203], [0.65960693359375, -0.4344482421875, 0.5344085693359375, -0.3009033203125]
674480, 677.2498779296875, [1000.0, 375.0, 496.0, 508.0, 555.0, 753.0, 575.0, 698.0, 485.0, 1000.0, 438.0, 1000.0, 0.0, 1000.0, 947.0, 999.0, 999.0, 999.0, 999.0, 321.0, 761.0, 0.0, 646.0], [-81.79710388183594, 17.705434799194336, -96.0228271484375], [-0.57452392578125, 0.3463134765625, -0.55865478515625, 0.4877166748046875], [-87.67642974853516, 26.183265686035156, -74.46879577636719], [0.654266357421875, -0.4382476806640625, 0.53826904296875, -0.3001861572265625]
674540, 677.3096923828125, [1000.0, 377.0, 491.0, 504.0, 560.0, 749.0, 581.0, 696.0, 489.0, 1000.0, 434.0, 1000.0, 0.0, 1000.0, 948.0, 999.0, 999.0, 999.0, 999.0, 320.0, 760.0, 0.0, 639.0], [-82.05953979492188, 17.67694091796875, -96.3604736328125], [-0.5721893310546875, 0.34613037109375, -0.5606842041015625, 0.488250732421875], [-85.9397964477539, 26.337886810302734, -73.94387817382812], [0.66259765625, -0.4299774169921875, 0.5323333740234375, -0.3044281005859375]
674590, 677.3595581054688, [1000.0, 377.0, 487.0, 502.0, 561.0, 747.0, 583.0, 695.0, 488.0, 1000.0, 433.0, 1000.0, 0.0, 1000.0, 955.0, 999.0, 999.0, 999.0, 999.0, 320.0, 758.0, 0.0, 636.0], [-81.86492156982422, 17.8044376373291, -95.96919250488281], [-0.57489013671875, 0.34637451171875, -0.55914306640625, 0.486663818359375], [-88.54316711425781, 26.143564224243164, -75.24324035644531], [0.6488189697265625, -0.4397125244140625, 0.5433502197265625, -0.30072021484375]
674640, 677.4095458984375, [1000.0, 380.0, 485.0, 501.0, 561.0, 745.0, 583.0, 693.0, 487.0, 1000.0, 431.0, 750.0, 0.0, 1000.0, 955.0, 999.0, 999.0, 999.0, 999.0, 319.0, 757.0, 0.0, 634.0], [-81.86847686767578, 17.673852920532227, -96.0277099609375], [-0.5741729736328125, 0.3468170166015625, -0.5588531494140625, 0.4875335693359375], [-86.61180114746094, 25.94508934020996, -74.57546997070312], [0.6574554443359375, -0.43280029296875, 0.534881591796875, -0.307098388671875]
674700, 677.4698486328125, [1000.0, 380.0, 480.0, 500.0, 561.0, 745.0, 584.0, 692.0, 484.0, 1000.0, 430.0, 750.0, 0.0, 1000.0, 959.0, 999.0, 999.0, 999.0, 999.0, 318.0, 756.0, 0.0, 631.0], [-81.86862182617188, 17.613483428955078, -95.76937866210938], [-0.5750579833984375, 0.3484039306640625, -0.5578460693359375, 0.48651123046875], [-86.91435241699219, 25.897306442260742, -74.77654266357422], [0.6556549072265625, -0.4338226318359375, 0.5362548828125, -0.307098388671875]
674750, 677.5197143554688, [1000.0, 380.0, 476.0, 499.0, 560.0, 743.0, 584.0, 690.0, 483.0, 1000.0, 428.0, 1000.0, 0.0, 1000.0, 961.0, 999.0, 999.0, 999.0, 999.0, 317.0, 754.0, 0.0, 629.0], [-81.74987030029297, 17.70745086669922, -95.79954528808594], [-0.57562255859375, 0.3471527099609375, -0.5577850341796875, 0.48681640625], [-86.83252716064453, 25.964435577392578, -74.84588623046875], [0.65594482421875, -0.432708740234375, 0.5365753173828125, -0.3075103759765625]
674810, 677.5798950195312, [1000.0, 383.0, 471.0, 499.0, 560.0, 743.0, 584.0, 690.0, 485.0, 1000.0, 428.0, 1000.0, 0.0, 1000.0, 964.0, 999.0, 999.0, 999.0, 999.0, 317.0, 751.0, 0.0, 627.0], [-81.79541015625, 17.757415771484375, -95.57213592529297], [-0.576629638671875, 0.3482208251953125, -0.5574798583984375, 0.4852294921875], [-87.32718658447266, 26.082229614257812, -75.17675018310547], [0.653472900390625, -0.43341064453125, 0.5396270751953125, -0.306427001953125]
674860, 677.6297607421875, [1000.0, 383.0, 468.0, 500.0, 559.0, 744.0, 586.0, 690.0, 486.0, 1000.0, 426.0, 1000.0, 0.0, 1000.0, 973.0, 999.0, 999.0, 999.0, 999.0, 317.0, 750.0, 0.0, 626.0], [-81.60258483886719, 17.857196807861328, -95.39839172363281], [-0.5782928466796875, 0.3475494384765625, -0.5565032958984375, 0.484832763671875], [-86.10338592529297, 25.685705184936523, -74.77070617675781], [0.6582183837890625, -0.4302215576171875, 0.533172607421875, -0.31201171875]
674910, 677.6798095703125, [1000.0, 383.0, 464.0, 499.0, 558.0, 743.0, 585.0, 690.0, 486.0, 1000.0, 426.0, 1000.0, 0.0, 1000.0, 974.0, 999.0, 999.0, 999.0, 999.0, 316.0, 749.0, 0.0, 625.0], [-80.44518280029297, 17.822656631469727, -95.0827407836914], [-0.5830078125, 0.3433990478515625, -0.550506591796875, 0.488983154296875], [-86.55121612548828, 25.64084243774414, -75.21724700927734], [0.65521240234375, -0.4309234619140625, 0.535888671875, -0.3127288818359375]
674970, 677.7398071289062, [1000.0, 383.0, 461.0, 498.0, 559.0, 741.0, 586.0, 690.0, 488.0, 1000.0, 425.0, 1000.0, 0.0, 1000.0, 975.0, 999.0, 999.0, 999.0, 999.0, 316.0, 748.0, 0.0, 622.0], [-80.82904815673828, 17.88526153564453, -95.01078796386719], [-0.582366943359375, 0.3453521728515625, -0.552154541015625, 0.486480712890625], [-87.50130462646484, 26.77292823791504, -76.06336212158203], [0.6521453857421875, -0.426849365234375, 0.5461883544921875, -0.3068389892578125]
675020, 677.7894287109375, [1000.0, 385.0, 458.0, 498.0, 561.0, 741.0, 587.0, 689.0, 488.0, 1000.0, 424.0, 1000.0, 0.0, 1000.0, 975.0, 999.0, 999.0, 999.0, 999.0, 315.0, 746.0, 0.0, 621.0], [-82.27632141113281, 17.90264892578125, -95.11814880371094], [-0.57757568359375, 0.3520660400390625, -0.55865478515625, 0.4799346923828125], [-88.4175033569336, 26.15400505065918, -76.65264129638672], [0.64556884765625, -0.4322357177734375, 0.5484161376953125, -0.3092193603515625]
675080, 677.849365234375, [1000.0, 383.0, 455.0, 498.0, 561.0, 740.0, 587.0, 687.0, 487.0, 1000.0, 422.0, 1000.0, 0.0, 1000.0, 981.0, 999.0, 999.0, 999.0, 999.0, 314.0, 746.0, 0.0, 619.0], [-82.1573715209961, 17.140336990356445, -94.80245208740234], [-0.57659912109375, 0.3571014404296875, -0.5543212890625, 0.4824066162109375], [-87.3887939453125, 25.702739715576172, -76.16435241699219], [0.649627685546875, -0.430938720703125, 0.5419921875, -0.3138427734375]
675130, 677.8997192382812, [1000.0, 382.0, 454.0, 498.0, 561.0, 740.0, 586.0, 686.0, 487.0, 1000.0, 422.0, 1000.0, 0.0, 1000.0, 981.0, 999.0, 999.0, 999.0, 999.0, 314.0, 744.0, 0.0, 618.0], [-81.61296844482422, 16.8212947845459, -94.39742279052734], [-0.578887939453125, 0.3580169677734375, -0.5495452880859375, 0.48443603515625], [-88.25460052490234, 25.892181396484375, -76.4449691772461], [0.6460723876953125, -0.4335784912109375, 0.5461578369140625, -0.310272216796875]
675180, 677.9495239257812, [1000.0, 383.0, 451.0, 497.0, 563.0, 739.0, 587.0, 685.0, 488.0, 1000.0, 420.0, 1000.0, 0.0, 1000.0, 992.0, 999.0, 999.0, 999.0, 999.0, 313.0, 744.0, 0.0, 616.0], [-81.53591918945312, 16.814231872558594, -94.39384460449219], [-0.5791168212890625, 0.3576812744140625, -0.5491790771484375, 0.4848175048828125], [-88.03787994384766, 25.969894409179688, -76.20259094238281], [0.6477508544921875, -0.433135986328125, 0.5449676513671875, -0.30950927734375]
675240, 678.0096435546875, [1000.0, 380.0, 448.0, 497.0, 564.0, 738.0, 588.0, 685.0, 489.0, 1000.0, 419.0, 750.0, 0.0, 1000.0, 999.0, 999.0, 999.0, 999.0, 999.0, 312.0, 743.0, 0.0, 614.0], [-81.36361694335938, 17.019338607788086, -94.22759246826172], [-0.5810699462890625, 0.35650634765625, -0.5487213134765625, 0.4838714599609375], [-87.54241943359375, 26.142683029174805, -75.82377624511719], [0.6510772705078125, -0.4312896728515625, 0.5428924560546875, -0.3087615966796875]
675290, 678.0596923828125, [1000.0, 378.0, 446.0, 496.0, 564.0, 737.0, 587.0, 684.0, 488.0, 1000.0, 419.0, 1000.0, 0.0, 1000.0, 999.0, 999.0, 999.0, 999.0, 999.0, 311.0, 742.0, 0.0, 612.0], [-81.2652359008789, 17.19485092163086, -94.11458587646484], [-0.58245849609375, 0.3556060791015625, -0.5486297607421875, 0.48297119140625], [-86.89932250976562, 25.944795608520508, -75.54170227050781], [0.6537628173828125, -0.4299163818359375, 0.5392913818359375, -0.311279296875]
675350, 678.1198120117188, [1000.0, 377.0, 444.0, 495.0, 562.0, 737.0, 586.0, 684.0, 487.0, 1000.0, 418.0, 1000.0, 0.0, 1000.0, 999.0, 999.0, 999.0, 999.0, 999.0, 310.0, 740.0, 0.0, 611.0], [-80.33963775634766, 17.370759963989258, -93.83712768554688], [-0.5870819091796875, 0.35125732421875, -0.5445404052734375, 0.48516845703125], [-85.7567138671875, 26.03009033203125, -75.20697784423828], [0.659149169921875, -0.424530029296875, 0.5352783203125, -0.3142547607421875]
675400, 678.169677734375, [1000.0, 377.0, 442.0, 493.0, 561.0, 736.0, 586.0, 683.0, 487.0, 1000.0, 418.0, 1000.0, 0.0, 1000.0, 999.0, 999.0, 999.0, 999.0, 999.0, 310.0, 739.0, 0.0, 611.0], [-79.86768341064453, 17.3989315032959, -93.76130676269531], [-0.5889434814453125, 0.3490447998046875, -0.54241943359375, 0.4868927001953125], [-84.34452056884766, 27.428335189819336, -74.69888305664062], [0.668914794921875, -0.4118804931640625, 0.5353546142578125, -0.310272216796875]
675450, 678.2295532226562, [1000.0, 379.0, 441.0, 492.0, 562.0, 735.0, 587.0, 682.0, 488.0, 1000.0, 417.0, 750.0, 0.0, 1000.0, 999.0, 999.0, 999.0, 999.0, 999.0, 310.0, 739.0, 0.0, 609.0], [-79.86380004882812, 17.5911865234375, -93.78199768066406], [-0.589508056640625, 0.3478851318359375, -0.543212890625, 0.48614501953125], [-85.12196350097656, 27.815053939819336, -75.30630493164062], [0.6653594970703125, -0.411651611328125, 0.541229248046875, -0.30804443359375]
675510, 678.279541015625, [1000.0, 378.0, 439.0, 491.0, 562.0, 734.0, 587.0, 682.0, 489.0, 1000.0, 417.0, 1000.0, 0.0, 1000.0, 994.0, 999.0, 999.0, 999.0, 999.0, 309.0, 737.0, 0.0, 608.0], [-80.34278869628906, 18.09825325012207, -94.0404052734375], [-0.5886688232421875, 0.34637451171875, -0.5479888916015625, 0.4828948974609375], [-85.32386779785156, 27.24022674560547, -75.54654693603516], [0.66265869140625, -0.414520263671875, 0.5402984619140625, -0.3116302490234375]
