1751478478275 0.0 1
1751478478421 0.0 2
1751478478589 0.0 3
1751478478737 0.0 4
1751478478886 0.0 5
1751478479042 0.0 6
1751478479186 0.0 7
1751478479334 0.16666666666666666 8
1751478479482 0.16666666666666666 9
1751478479632 0.16666666666666666 10
1751478479768 0.16666666666666666 11
1751478479898 0.16666666666666666 12
1751478480038 0.16666666666666666 13
1751478480177 0.16666666666666666 14
1751478480312 0.16666666666666666 15
1751478480494 0.16666666666666666 16
1751478480664 0.16666666666666666 17
1751478480827 0.16666666666666666 18
1751478480983 0.16666666666666666 19
1751478481125 0.16666666666666666 20
1751478481263 0.16666666666666666 21
1751478481405 0.16666666666666666 22
1751478481543 0.16666666666666666 23
1751478481695 0.16666666666666666 24
1751478481853 0.16666666666666666 25
1751478482001 0.16666666666666666 26
1751478482149 0.16666666666666666 27
1751478482287 0.16666666666666666 28
1751478482447 0.16666666666666666 29
1751478482616 0.16666666666666666 30
1751478482764 0.16666666666666666 31
1751478482911 0.16666666666666666 32
1751478483054 0.16666666666666666 33
1751478483195 0.16666666666666666 34
1751478483326 0.16666666666666666 35
1751478483470 0.16666666666666666 36
1751478483603 0.16666666666666666 37
1751478483741 0.16666666666666666 38
1751478483885 0.16666666666666666 39
1751478484014 0.16666666666666666 40
1751478484153 0.16666666666666666 41
1751478484288 0.16666666666666666 42
1751478484452 0.16666666666666666 43
1751478484650 0.16666666666666666 44
1751478484835 0.16666666666666666 45
1751478485027 0.16666666666666666 46
1751478485224 0.16666666666666666 47
1751478485411 0.16666666666666666 48
1751478485572 0.16666666666666666 49
1751478485728 0.16666666666666666 50
1751478485879 0.16666666666666666 51
1751478486015 0.16666666666666666 52
1751478486155 0.16666666666666666 53
1751478486293 0.16666666666666666 54
1751478486429 0.16666666666666666 55
1751478486564 0.16666666666666666 56
1751478486699 0.3333333333333333 57
1751478486828 0.5 58
1751478486962 0.5 59
1751478487090 0.5 60
1751478487225 0.5 61
1751478487365 0.5 62
1751478487491 0.5 63
1751478487626 0.5 64
1751478487763 0.5 65
1751478487901 0.5 66
1751478488042 0.5 67
1751478488181 0.5 68
1751478488318 0.5 69
1751478488464 0.5 70
1751478488602 0.5 71
1751478488738 0.5 72
1751478488879 0.5 73
1751478489009 0.5 74
1751478489143 0.6666666666666666 75
1751478489279 0.6666666666666666 76
1751478489418 0.6666666666666666 77
1751478489557 0.6666666666666666 78
1751478489708 0.6666666666666666 79
1751478489844 0.6666666666666666 80
1751478489974 0.6666666666666666 81
1751478490135 0.6666666666666666 82
1751478490281 0.6666666666666666 83
1751478490423 0.6666666666666666 84
1751478490583 0.6666666666666666 85
1751478490734 0.6666666666666666 86
1751478490876 0.6666666666666666 87
1751478491016 0.8333333333333334 88
1751478491170 0.8333333333333334 89
1751478491323 0.8333333333333334 90
1751478491457 0.8333333333333334 91
1751478491596 0.8333333333333334 92
1751478491734 0.8333333333333334 93
1751478491870 0.8333333333333334 94
1751478492008 0.8333333333333334 95
1751478492148 0.8333333333333334 96
1751478492286 0.8333333333333334 97
1751478492441 0.8333333333333334 98
1751478492594 0.8333333333333334 99
1751478492737 0.8333333333333334 100
1751478492873 0.8333333333333334 101
1751478493011 0.8333333333333334 102
1751478493159 0.8333333333333334 103
1751478493315 0.8333333333333334 104
1751478493454 0.8333333333333334 105
1751478493589 0.8333333333333334 106
1751478493729 0.8333333333333334 107
1751478493869 0.8333333333333334 108
1751478494024 0.8333333333333334 109
1751478494174 0.8333333333333334 110
1751478494323 0.8333333333333334 111
1751478494457 0.8333333333333334 112
1751478494592 0.8333333333333334 113
1751478494722 0.8333333333333334 114
1751478494869 0.8333333333333334 115
1751478495011 0.8333333333333334 116
1751478495154 0.8333333333333334 117
1751478495306 0.8333333333333334 118
1751478495449 0.8333333333333334 119
1751478495591 0.8333333333333334 120
1751478495733 0.8333333333333334 121
1751478495883 0.8333333333333334 122
1751478496028 0.8333333333333334 123
1751478496170 0.8333333333333334 124
1751478496311 0.8333333333333334 125
1751478496442 0.8333333333333334 126
1751478496572 1.0 127
1751478496712 1.0 128
1751478496853 1.0 129
1751478496994 1.0 130
1751478497136 1.0 131
1751478497287 1.0 132
1751478497440 1.0 133
1751478497580 1.0 134
1751478497726 1.0 135
1751478497866 1.0 136
1751478498006 1.0 137
1751478498145 1.0 138
1751478498287 1.0 139
1751478498418 1.0 140
1751478498561 1.0 141
1751478498705 1.0 142
1751478498872 1.0 143
1751478499023 1.0 144
1751478499169 1.0 145
1751478499310 1.0 146
1751478499440 1.0 147
1751478499594 1.0 148
1751478499776 1.0 149
1751478499943 1.0 150
1751478500088 1.0 151
1751478500238 1.0 152
1751478500393 1.0 153
1751478500537 1.0 154
1751478500686 1.0 155
1751478500856 1.0 156
1751478501017 1.0 157
1751478501158 1.0 158
1751478501326 1.0 159
1751478501488 1.0 160
1751478501623 1.0 161
1751478501775 1.0 162
1751478501963 1.0 163
1751478502142 1.0 164
1751478502295 1.0 165
1751478502445 1.0 166
1751478502599 1.0 167
1751478502750 1.0 168
1751478502892 1.0 169
1751478503033 1.0 170
1751478503167 1.0 171
1751478503348 1.0 172
1751478503557 1.0 173
1751478503755 1.0 174
1751478503964 1.0 175
1751478504169 1.0 176
1751478504358 1.0 177
1751478504549 1.0 178
1751478504739 1.0 179
1751478504926 1.0 180
1751478505110 1.0 181
1751478505273 1.0 182
1751478505431 1.0 183
1751478505574 1.0 184
1751478505724 1.0 185
1751478505864 1.0 186
1751478506013 1.0 187
1751478506154 1.0 188
1751478506296 1.0 189
1751478506437 1.0 190
1751478506581 1.0 191
1751478506723 1.0 192
1751478506868 1.0 193
1751478507014 1.0 194
1751478507156 1.0 195
1751478507291 1.0 196
1751478507431 1.0 197
1751478507576 1.0 198
1751478507717 1.0 199
1751478507863 1.0 200
1751478508004 1.0 201
1751478508146 1.0 202
1751478508290 1.0 203
1751478508433 1.0 204
1751478508577 1.0 205
1751478508723 1.0 206
1751478508869 1.0 207
1751478509012 1.0 208
1751478509154 1.0 209
1751478509298 1.0 210
1751478509443 1.0 211
1751478509589 1.0 212
1751478509726 1.0 213
1751478509869 1.0 214
1751478510013 1.0 215
1751478510149 1.0 216
1751478510292 1.0 217
1751478510450 1.0 218
1751478510595 1.0 219
1751478510738 1.0 220
1751478510881 1.0 221
1751478511023 1.0 222
1751478511170 1.0 223
1751478511314 1.0 224
1751478511457 1.0 225
1751478511603 1.0 226
1751478511747 1.0 227
1751478511890 1.0 228
1751478512038 1.0 229
1751478512183 1.0 230
1751478512369 1.0 231
1751478512569 1.0 232
1751478512758 1.0 233
1751478512945 1.0 234
1751478513144 1.0 235
1751478513327 1.0 236
1751478513510 1.0 237
1751478513690 1.0 238
1751478513863 1.0 239
1751478514038 1.0 240
1751478514202 1.0 241
1751478514364 1.0 242
1751478514514 1.0 243
1751478514657 1.0 244
1751478514802 1.0 245
1751478514945 1.0 246
1751478515089 1.0 247
1751478515234 1.0 248
1751478515377 1.0 249
1751478515523 1.0 250
1751478515668 1.0 251
1751478515817 1.0 252
1751478515965 1.0 253
1751478516108 1.0 254
1751478516256 1.0 255
1751478516406 1.0 256
1751478516550 1.0 257
1751478516699 1.0 258
1751478516848 1.0 259
1751478516992 1.0 260
1751478517142 1.0 261
1751478517296 1.0 262
1751478517435 1.0 263
1751478517579 1.0 264
1751478517724 1.0 265
1751478517867 1.0 266
1751478518011 1.0 267
1751478518156 1.0 268
1751478518296 1.0 269
1751478518439 1.0 270
1751478518611 1.0 271
1751478518799 1.0 272
1751478518996 1.0 273
1751478519157 1.0 274
1751478519354 1.0 275
1751478519516 1.0 276
1751478519662 1.0 277
1751478519802 1.0 278
1751478519947 1.0 279
1751478520097 1.0 280
1751478520244 1.0 281
1751478520379 1.0 282
1751478520525 1.0 283
1751478520663 1.0 284
1751478520810 1.0 285
1751478520955 1.0 286
1751478521100 1.0 287
1751478521238 1.0 288
1751478521384 1.0 289
1751478521534 1.0 290
1751478521679 1.0 291
1751478521827 1.0 292
1751478521972 1.0 293
1751478522135 1.0 294
1751478522310 1.0 295
1751478522468 1.0 296
1751478522622 1.0 297
1751478522810 1.0 298
1751478522977 1.0 299
1751478523133 1.0 300
1751478523285 1.0 301
1751478523438 1.0 302
1751478523594 1.0 303
1751478523748 1.0 304
1751478523907 1.0 305
1751478524076 1.0 306
1751478524226 1.0 307
1751478524385 1.0 308
1751478524539 1.0 309
1751478524689 1.0 310
1751478524829 1.0 311
1751478524977 1.0 312
1751478525125 1.0 313
1751478525275 1.0 314
1751478525420 1.0 315
1751478525559 1.0 316
1751478525706 1.0 317
1751478525853 1.0 318
1751478526001 1.0 319
1751478526147 1.0 320
1751478526294 1.0 321
1751478526440 1.0 322
1751478526589 1.0 323
1751478526740 1.0 324
1751478526889 1.0 325
1751478527039 1.0 326
1751478527188 1.0 327
1751478527340 1.0 328
1751478527480 1.0 329
1751478527625 1.0 330
1751478527764 1.0 331
1751478527911 1.0 332
1751478528058 1.0 333
1751478528205 1.0 334
1751478528352 1.0 335
1751478528500 1.0 336
1751478528648 1.0 337
1751478528827 1.0 338
1751478528975 1.0 339
1751478529122 1.0 340
1751478529269 1.0 341
1751478529417 1.0 342
1751478529564 1.0 343
1751478529705 1.0 344
1751478529858 1.0 345
1751478530005 1.0 346
1751478530152 1.0 347
1751478530299 1.0 348
1751478530446 1.0 349
1751478530594 1.0 350
1751478530743 1.0 351
1751478530889 1.0 352
1751478531037 1.0 353
1751478531187 1.0 354
1751478531337 1.0 355
1751478531485 1.0 356
1751478531623 1.0 357
1751478531759 1.0 358
1751478531906 1.0 359
1751478532052 1.0 360
1751478532191 1.0 361
1751478532342 1.0 362
1751478532490 1.0 363
1751478532639 1.0 364
1751478532790 1.0 365
1751478532938 1.0 366
1751478533079 1.0 367
1751478533229 1.0 368
1751478533382 1.0 369
1751478533530 1.0 370
1751478533677 1.0 371
1751478533826 1.0 372
1751478533975 1.0 373
1751478534124 1.0 374
1751478534264 1.0 375
1751478534417 1.0 376
1751478534564 1.0 377
1751478534717 1.0 378
1751478534859 1.0 379
1751478535008 1.0 380
1751478535156 1.0 381
1751478535309 1.0 382
1751478535460 1.0 383
1751478535608 1.0 384
1751478535758 1.0 385
1751478535907 1.0 386
1751478536057 1.0 387
1751478536205 1.0 388
1751478536354 1.0 389
1751478536498 1.0 390
1751478536645 1.0 391
1751478536793 1.0 392
1751478536947 1.0 393
1751478537087 1.0 394
1751478537240 1.0 395
1751478537390 1.0 396
1751478537538 1.0 397
1751478537687 1.0 398
1751478537827 1.0 399
1751478537976 1.0 400
1751478538129 1.0 401
1751478538278 1.0 402
1751478538419 1.0 403
1751478538567 1.0 404
1751478538715 1.0 405
1751478538855 1.0 406
1751478539002 1.0 407
1751478539151 1.0 408
1751478539306 1.0 409
1751478539457 1.0 410
1751478539610 1.0 411
1751478539752 1.0 412
1751478539900 1.0 413
1751478540053 1.0 414
1751478540204 1.0 415
1751478540353 1.0 416
1751478540502 1.0 417
1751478540656 1.0 418
1751478540805 1.0 419
1751478540955 1.0 420
1751478541105 1.0 421
1751478541247 1.0 422
1751478541396 1.0 423
1751478541545 1.0 424
1751478541688 1.0 425
1751478541836 1.0 426
1751478541985 1.0 427
1751478542137 1.0 428
1751478542286 1.0 429
1751478542437 1.0 430
1751478542590 1.0 431
1751478542753 1.0 432
1751478542923 1.0 433
1751478543097 1.0 434
1751478543256 1.0 435
1751478543423 1.0 436
1751478543608 1.0 437
1751478543805 1.0 438
1751478543990 1.0 439
1751478544166 1.0 440
1751478544340 1.0 441
1751478544503 1.0 442
1751478544655 1.0 443
1751478544814 1.0 444
1751478544974 1.0 445
1751478545142 1.0 446
1751478545300 1.0 447
1751478545458 1.0 448
1751478545623 1.0 449
1751478545771 1.0 450
1751478545917 1.0 451
1751478546074 1.0 452
1751478546234 1.0 453
1751478546390 1.0 454
1751478546546 1.0 455
1751478546708 1.0 456
1751478546867 1.0 457
1751478547031 1.0 458
1751478547192 1.0 459
1751478547354 1.0 460
1751478547516 1.0 461
1751478547678 1.0 462
1751478547841 1.0 463
1751478547998 1.0 464
1751478548163 1.0 465
1751478548325 1.0 466
1751478548482 1.0 467
1751478548647 1.0 468
1751478548810 1.0 469
1751478548977 1.0 470
1751478549144 1.0 471
1751478549308 1.0 472
1751478549461 1.0 473
1751478549625 1.0 474
1751478549779 1.0 475
1751478549941 1.0 476
1751478550094 1.0 477
1751478550254 1.0 478
1751478550416 1.0 479
1751478550580 1.0 480
1751478550746 1.0 481
1751478550908 1.0 482
1751478551070 1.0 483
1751478551234 1.0 484
1751478551398 1.0 485
1751478551563 1.0 486
1751478551730 1.0 487
1751478551892 1.0 488
1751478552056 1.0 489
1751478552219 1.0 490
1751478552378 1.0 491
1751478552535 1.0 492
1751478552696 1.0 493
1751478552847 1.0 494
1751478553011 1.0 495
1751478553168 1.0 496
1751478553329 1.0 497
1751478553493 1.0 498
1751478553652 1.0 499
1751478553803 1.0 500
1751478553953 1.0 501
1751478554113 1.0 502
1751478554266 1.0 503
1751478554427 1.0 504
1751478554588 1.0 505
1751478554748 1.0 506
1751478554916 1.0 507
1751478555079 1.0 508
1751478555234 1.0 509
1751478555396 1.0 510
1751478555555 1.0 511
1751478555719 1.0 512
1751478555881 1.0 513
1751478556033 1.0 514
1751478556195 1.0 515
1751478556362 1.0 516
1751478556521 1.0 517
1751478556672 1.0 518
1751478556831 1.0 519
1751478556993 1.0 520
1751478557143 1.0 521
1751478557304 1.0 522
1751478557469 1.0 523
1751478557632 1.0 524
1751478557798 1.0 525
1751478557961 1.0 526
1751478558125 1.0 527
1751478558285 1.0 528
1751478558449 1.0 529
1751478558616 1.0 530
1751478558773 1.0 531
1751478558933 1.0 532
1751478559099 1.0 533
1751478559263 1.0 534
1751478559426 1.0 535
1751478559586 1.0 536
1751478559749 1.0 537
1751478559911 1.0 538
1751478560078 1.0 539
1751478560247 1.0 540
1751478560417 1.0 541
1751478560580 1.0 542
1751478560748 1.0 543
1751478560910 1.0 544
1751478561072 1.0 545
1751478561239 1.0 546
1751478561405 1.0 547
1751478561568 1.0 548
1751478561724 1.0 549
1751478561883 1.0 550
1751478562047 1.0 551
1751478562209 1.0 552
1751478562370 1.0 553
1751478562533 1.0 554
1751478562699 1.0 555
1751478562867 1.0 556
1751478563039 1.0 557
1751478563205 1.0 558
1751478563367 1.0 559
1751478563535 1.0 560
1751478563698 1.0 561
1751478563865 1.0 562
1751478564030 1.0 563
1751478564192 1.0 564
1751478564354 1.0 565
1751478564518 1.0 566
1751478564680 1.0 567
1751478564852 1.0 568
1751478565020 1.0 569
1751478565184 1.0 570
1751478565350 1.0 571
1751478565516 1.0 572
1751478565683 1.0 573
1751478565850 1.0 574
1751478566019 1.0 575
1751478566186 1.0 576
1751478566343 1.0 577
1751478566495 1.0 578
1751478566655 1.0 579
1751478566819 1.0 580
1751478566981 1.0 581
1751478567146 1.0 582
1751478567304 1.0 583
1751478567465 1.0 584
1751478567629 1.0 585
1751478567783 1.0 586
1751478567949 1.0 587
1751478568118 1.0 588
1751478568284 1.0 589
1751478568448 1.0 590
1751478568612 1.0 591
1751478568776 1.0 592
1751478568938 1.0 593
1751478569107 1.0 594
1751478569271 1.0 595
1751478569434 1.0 596
1751478569593 1.0 597
1751478569754 1.0 598
1751478569909 1.0 599
1751478570072 1.0 600
1751478570229 1.0 601
1751478570383 1.0 602
1751478570554 1.0 603
1751478570710 1.0 604
1751478570871 1.0 605
1751478571039 1.0 606
1751478571241 1.0 607
1751478571411 1.0 608
1751478571572 1.0 609
1751478571735 1.0 610
1751478571900 1.0 611
1751478572071 1.0 612
1751478572230 1.0 613
1751478572396 1.0 614
1751478572564 1.0 615
1751478572721 1.0 616
1751478572887 1.0 617
1751478573055 1.0 618
1751478573220 1.0 619
1751478573384 1.0 620
1751478573552 1.0 621
1751478573717 1.0 622
1751478573900 1.0 623
1751478574118 1.0 624
1751478574297 1.0 625
1751478574487 1.0 626
1751478574655 1.0 627
1751478574835 1.0 628
1751478575002 1.0 629
1751478575171 1.0 630
1751478575335 1.0 631
1751478575500 1.0 632
1751478575668 1.0 633
1751478575836 1.0 634
1751478576002 1.0 635
1751478576176 1.0 636
1751478576336 1.0 637
1751478576534 1.0 638
1751478576730 1.0 639
1751478576896 1.0 640
1751478577063 1.0 641
1751478577240 1.0 642
1751478577412 1.0 643
1751478577579 1.0 644
1751478577741 1.0 645
1751478577898 1.0 646
1751478578063 1.0 647
1751478578259 1.0 648
1751478578434 1.0 649
1751478578588 1.0 650
1751478578782 1.0 651
1751478578952 1.0 652
1751478579123 1.0 653
1751478579283 1.0 654
1751478579444 1.0 655
1751478579602 1.0 656
1751478579763 1.0 657
1751478579920 1.0 658
1751478580084 1.0 659
1751478580243 1.0 660
1751478580403 1.0 661
1751478580551 1.0 662
1751478580711 1.0 663
1751478580869 1.0 664
1751478581052 1.0 665
1751478581228 1.0 666
1751478581395 1.0 667
1751478581555 1.0 668
1751478581714 1.0 669
1751478581875 1.0 670
1751478582033 1.0 671
1751478582199 1.0 672
1751478582417 1.0 673
1751478582645 1.0 674
1751478582838 1.0 675
1751478583052 1.0 676
1751478583269 1.0 677
1751478583479 1.0 678
1751478583681 1.0 679
1751478583883 1.0 680
1751478584090 1.0 681
1751478584296 1.0 682
1751478584478 1.0 683
1751478584636 1.0 684
1751478584816 1.0 685
1751478584974 1.0 686
1751478585134 1.0 687
1751478585292 1.0 688
1751478585453 1.0 689
1751478585612 1.0 690
1751478585761 1.0 691
1751478585918 1.0 692
1751478586078 1.0 693
1751478586240 1.0 694
1751478586398 1.0 695
1751478586561 1.0 696
1751478586723 1.0 697
1751478586882 1.0 698
1751478587041 1.0 699
1751478587204 1.0 700
1751478587364 1.0 701
1751478587529 1.0 702
1751478587682 1.0 703
1751478587842 1.0 704
1751478588002 1.0 705
1751478588160 1.0 706
1751478588323 1.0 707
1751478588481 1.0 708
1751478588646 1.0 709
1751478588811 1.0 710
1751478588987 1.0 711
1751478589159 1.0 712
1751478589321 1.0 713
1751478589471 1.0 714
1751478589636 1.0 715
1751478589797 1.0 716
1751478589962 1.0 717
1751478590123 1.0 718
1751478590401 1.0 719
1751478590563 1.0 720
1751478590728 1.0 721
1751478590887 1.0 722
1751478591048 1.0 723
1751478591209 1.0 724
1751478591401 1.0 725
1751478591574 1.0 726
1751478591730 1.0 727
1751478591897 1.0 728
1751478592070 1.0 729
1751478592233 1.0 730
1751478592397 1.0 731
1751478592549 1.0 732
1751478592710 1.0 733
1751478592870 1.0 734
1751478593032 1.0 735
1751478593196 1.0 736
1751478593362 1.0 737
1751478593517 1.0 738
1751478593668 1.0 739
1751478593829 1.0 740
1751478593991 1.0 741
1751478594146 1.0 742
1751478594307 1.0 743
1751478594471 1.0 744
1751478594628 1.0 745
1751478594779 1.0 746
1751478594946 1.0 747
1751478595123 1.0 748
1751478595305 1.0 749
1751478595498 1.0 750
1751478595666 1.0 751
1751478595846 1.0 752
1751478596020 1.0 753
1751478596192 1.0 754
1751478596355 1.0 755
1751478596532 1.0 756
1751478596708 1.0 757
1751478596880 1.0 758
1751478597051 1.0 759
1751478597224 1.0 760
1751478597391 1.0 761
1751478597562 1.0 762
1751478597735 1.0 763
1751478597905 1.0 764
1751478598066 1.0 765
1751478598228 1.0 766
1751478598398 1.0 767
1751478598576 1.0 768
1751478598767 1.0 769
1751478598956 1.0 770
1751478599141 1.0 771
1751478599301 1.0 772
1751478599463 1.0 773
1751478599629 1.0 774
1751478599790 1.0 775
1751478599957 1.0 776
1751478600121 1.0 777
1751478600285 1.0 778
1751478600453 1.0 779
1751478600616 1.0 780
1751478600779 1.0 781
1751478600946 1.0 782
1751478601109 1.0 783
1751478601278 1.0 784
1751478601442 1.0 785
1751478601603 1.0 786
1751478601772 1.0 787
1751478601939 1.0 788
1751478602105 1.0 789
1751478602271 1.0 790
1751478602439 1.0 791
1751478602602 1.0 792
1751478602766 1.0 793
1751478603049 1.0 794
1751478603212 1.0 795
1751478603375 1.0 796
1751478603545 1.0 797
1751478603728 1.0 798
1751478603898 1.0 799
1751478604085 1.0 800
1751478604258 1.0 801
1751478604425 1.0 802
1751478604584 1.0 803
1751478604771 1.0 804
1751478604943 1.0 805
1751478605115 1.0 806
1751478605281 1.0 807
1751478605452 1.0 808
1751478605616 1.0 809
1751478605787 1.0 810
1751478605975 1.0 811
1751478606166 1.0 812
1751478606369 1.0 813
1751478606562 1.0 814
1751478606743 1.0 815
1751478606913 1.0 816
1751478607099 1.0 817
1751478607282 1.0 818
1751478607453 1.0 819
1751478607639 1.0 820
1751478607822 1.0 821
1751478607997 1.0 822
1751478608168 1.0 823
1751478608339 1.0 824
1751478608545 1.0 825
1751478608738 1.0 826
1751478608939 1.0 827
1751478609135 1.0 828
1751478609345 1.0 829
1751478609546 1.0 830
1751478609731 1.0 831
1751478609905 1.0 832
1751478610063 1.0 833
1751478610226 1.0 834
1751478610394 1.0 835
1751478610559 1.0 836
1751478610726 1.0 837
1751478610883 1.0 838
1751478611039 1.0 839
1751478611202 1.0 840
1751478611368 1.0 841
1751478611532 1.0 842
1751478611700 1.0 843
1751478611864 1.0 844
1751478612030 1.0 845
1751478612195 1.0 846
1751478612368 1.0 847
1751478612535 1.0 848
1751478612701 1.0 849
1751478612867 1.0 850
1751478613031 1.0 851
1751478613190 1.0 852
1751478613359 1.0 853
1751478613529 1.0 854
1751478613696 1.0 855
1751478613864 1.0 856
1751478614029 1.0 857
1751478614193 1.0 858
1751478614361 1.0 859
1751478614519 1.0 860
1751478614683 1.0 861
1751478614848 1.0 862
1751478615003 1.0 863
1751478615166 1.0 864
1751478615332 1.0 865
1751478615488 1.0 866
1751478615660 1.0 867
1751478615937 1.0 868
1751478616116 1.0 869
1751478616284 1.0 870
1751478616449 1.0 871
1751478616613 1.0 872
1751478616782 1.0 873
1751478616965 1.0 874
1751478617156 1.0 875
1751478617339 1.0 876
1751478617525 1.0 877
1751478617710 1.0 878
1751478617888 1.0 879
1751478618062 1.0 880
1751478618239 1.0 881
1751478618416 1.0 882
1751478618590 1.0 883
1751478618764 1.0 884
1751478618942 1.0 885
1751478619117 1.0 886
1751478619293 1.0 887
1751478619468 1.0 888
1751478619643 1.0 889
1751478619820 1.0 890
1751478619995 1.0 891
1751478620163 1.0 892
1751478620344 1.0 893
1751478620520 1.0 894
1751478620688 1.0 895
1751478620864 1.0 896
1751478621041 1.0 897
1751478621209 1.0 898
1751478621383 1.0 899
1751478621559 1.0 900
1751478621734 1.0 901
1751478621911 1.0 902
1751478622075 1.0 903
1751478622241 1.0 904
1751478622406 1.0 905
1751478622588 1.0 906
1751478622762 1.0 907
1751478622937 1.0 908
1751478623112 1.0 909
1751478623288 1.0 910
1751478623464 1.0 911
1751478623643 1.0 912
1751478623822 1.0 913
1751478624000 1.0 914
1751478624178 1.0 915
1751478624355 1.0 916
1751478624542 1.0 917
1751478624707 1.0 918
1751478624883 1.0 919
1751478625071 1.0 920
1751478625256 1.0 921
1751478625439 1.0 922
1751478625620 1.0 923
1751478625803 1.0 924
1751478625983 1.0 925
1751478626166 1.0 926
1751478626350 1.0 927
1751478626519 1.0 928
1751478626689 1.0 929
1751478626867 1.0 930
1751478627047 1.0 931
1751478627219 1.0 932
1751478627402 1.0 933
1751478627588 1.0 934
1751478627774 1.0 935
1751478627950 1.0 936
1751478628128 1.0 937
1751478628309 1.0 938
1751478628492 1.0 939
1751478628679 1.0 940
1751478628854 1.0 941
1751478629025 1.0 942
1751478629204 1.0 943
1751478629373 1.0 944
1751478629671 1.0 945
1751478629852 1.0 946
1751478630029 1.0 947
1751478630209 1.0 948
1751478630388 1.0 949
