1751478478269 1.0814616680145264 1
1751478478414 1.1147570610046387 2
1751478478581 1.0948026180267334 3
1751478478731 1.089256763458252 4
1751478478880 1.1011372804641724 5
1751478479036 1.0799669027328491 6
1751478479180 1.0822482109069824 7
1751478479326 1.0570462942123413 8
1751478479475 1.0614880323410034 9
1751478479624 1.0290838479995728 10
1751478479762 0.9940240383148193 11
1751478479892 0.9760887026786804 12
1751478480032 1.0154768228530884 13
1751478480171 0.8666390776634216 14
1751478480306 1.0335372686386108 15
1751478480487 0.9442904591560364 16
1751478480658 1.0231331586837769 17
1751478480820 0.8308811187744141 18
1751478480977 0.9032271504402161 19
1751478481119 1.0038559436798096 20
1751478481257 0.8957918286323547 21
1751478481397 0.8837623596191406 22
1751478481536 0.8596183657646179 23
1751478481689 1.0100330114364624 24
1751478481846 0.7845085263252258 25
1751478481995 0.9160553812980652 26
1751478482143 0.632212221622467 27
1751478482281 0.8577558994293213 28
1751478482436 0.7583358287811279 29
1751478482609 0.8689520955085754 30
1751478482757 0.9033063054084778 31
1751478482904 0.7475821375846863 32
1751478483048 0.9679732918739319 33
1751478483189 0.9591123461723328 34
1751478483319 0.9059476256370544 35
1751478483463 0.8969342112541199 36
1751478483596 0.791608989238739 37
1751478483734 0.7357339859008789 38
1751478483879 0.9395622611045837 39
1751478484007 0.8200240731239319 40
1751478484146 0.7304294109344482 41
1751478484279 0.6043019890785217 42
1751478484445 0.600185215473175 43
1751478484638 0.8827012181282043 44
1751478484823 0.5924920439720154 45
1751478485015 0.7457218170166016 46
1751478485212 0.5862236618995667 47
1751478485399 0.8780573010444641 48
1751478485565 0.5976920127868652 49
1751478485721 0.874947726726532 50
1751478485872 0.8869555592536926 51
1751478486008 0.7322766184806824 52
1751478486147 0.9153388142585754 53
1751478486285 0.7283856272697449 54
1751478486422 0.5729689002037048 55
1751478486557 0.7135971188545227 56
1751478486692 0.5709789395332336 57
1751478486821 0.5700767040252686 58
1751478486955 0.5778050422668457 59
1751478487083 0.5765453577041626 60
1751478487218 0.8543025851249695 61
1751478487357 0.5742164254188538 62
1751478487484 0.7176383137702942 63
1751478487619 0.7098732590675354 64
1751478487755 0.5779426097869873 65
1751478487894 0.6999867558479309 66
1751478488035 0.709766149520874 67
1751478488174 0.8401382565498352 68
1751478488311 0.7005801200866699 69
1751478488457 0.6985709071159363 70
1751478488594 0.5631174445152283 71
1751478488731 0.5732787251472473 72
1751478488871 0.6870196461677551 73
1751478489002 0.572404146194458 74
1751478489136 0.8150443434715271 75
1751478489271 0.6861317753791809 76
1751478489411 0.8010476231575012 77
1751478489549 0.6816293597221375 78
1751478489700 0.5616119503974915 79
1751478489836 0.6762628555297852 80
1751478489966 0.673279345035553 81
1751478490127 0.8857407569885254 82
1751478490273 0.6679051518440247 83
1751478490415 0.5611165761947632 84
1751478490575 0.5657353401184082 85
1751478490726 0.6583250164985657 86
1751478490868 0.7437515258789062 87
1751478491008 0.6509625911712646 88
1751478491161 0.6476190686225891 89
1751478491315 0.5651739239692688 90
1751478491449 0.716676652431488 91
1751478491588 0.5697677731513977 92
1751478491726 0.7074997425079346 93
1751478491862 0.6302629113197327 94
1751478492000 0.5691338181495667 95
1751478492140 0.6235397458076477 96
1751478492278 0.5555498003959656 97
1751478492432 0.6745789051055908 98
1751478492585 0.5597565174102783 99
1751478492729 0.7096889615058899 100
1751478492865 0.6119984984397888 101
1751478493003 0.6006669402122498 102
1751478493151 0.6447777152061462 103
1751478493306 0.6037586331367493 104
1751478493445 0.5930342078208923 105
1751478493580 0.6304457783699036 106
1751478493720 0.5923715829849243 107
1751478493861 0.6216386556625366 108
1751478494015 0.5586612820625305 109
1751478494164 0.5585409998893738 110
1751478494314 0.5583517551422119 111
1751478494449 0.5832467079162598 112
1751478494584 0.5854670405387878 113
1751478494713 0.5579588413238525 114
1751478494860 0.5826087594032288 115
1751478495002 0.5986729264259338 116
1751478495143 0.5933384299278259 117
1751478495298 0.575715959072113 118
1751478495440 0.5717815160751343 119
1751478495582 0.5737369656562805 120
1751478495724 0.572774350643158 121
1751478495875 0.5568315386772156 122
1751478496020 0.585693895816803 123
1751478496161 0.5843183398246765 124
1751478496302 0.5697116851806641 125
1751478496433 0.5690486431121826 126
1751478496563 0.578324019908905 127
1751478496703 0.5700351595878601 128
1751478496844 0.5581774115562439 129
1751478496985 0.575473964214325 130
1751478497127 0.5682284832000732 131
1751478497277 0.5738400816917419 132
1751478497430 0.5731236934661865 133
1751478497571 0.5742390155792236 134
1751478497716 0.5807477831840515 135
1751478497857 0.579708993434906 136
1751478497996 0.5653218626976013 137
1751478498136 0.5615745782852173 138
1751478498278 0.5551231503486633 139
1751478498408 0.5625708103179932 140
1751478498551 0.5549750328063965 141
1751478498695 0.5548905730247498 142
1751478498862 0.5686632990837097 143
1751478499012 0.5561739206314087 144
1751478499159 0.5598286986351013 145
1751478499301 0.5546109676361084 146
1751478499431 0.560736894607544 147
1751478499577 0.5653091669082642 148
1751478499766 0.5603064894676208 149
1751478499933 0.5646163821220398 150
1751478500078 0.5531321167945862 151
1751478500228 0.5639622211456299 152
1751478500383 0.563679575920105 153
1751478500525 0.5552871227264404 154
1751478500676 0.5552136898040771 155
1751478500846 0.5589873194694519 156
1751478501006 0.5673856139183044 157
1751478501148 0.5623278617858887 158
1751478501316 0.5529360175132751 159
1751478501478 0.5573784708976746 160
1751478501613 0.558205783367157 161
1751478501763 0.5580748915672302 162
1751478501952 0.5579307079315186 163
1751478502132 0.5537393093109131 164
1751478502285 0.5576807856559753 165
1751478502435 0.5545440316200256 166
1751478502588 0.5544845461845398 167
1751478502740 0.5573349595069885 168
1751478502882 0.5564070343971252 169
1751478503023 0.5543248057365417 170
1751478503157 0.5597706437110901 171
1751478503330 0.5569217801094055 172
1751478503547 0.5534226298332214 173
1751478503738 0.5567243099212646 174
1751478503947 0.5540888905525208 175
1751478504152 0.5565447211265564 176
1751478504346 0.557155430316925 177
1751478504536 0.5532732009887695 178
1751478504727 0.5593367218971252 179
1751478504913 0.5532177090644836 180
1751478505097 0.5584237575531006 181
1751478505262 0.5531721711158752 182
1751478505421 0.5531482100486755 183
1751478505563 0.5552886128425598 184
1751478505714 0.5558337569236755 185
1751478505854 0.5557639002799988 186
1751478506003 0.5530515909194946 187
1751478506144 0.5524578094482422 188
1751478506286 0.5555656552314758 189
1751478506427 0.5580286383628845 190
1751478506570 0.5535178780555725 191
1751478506712 0.5553835034370422 192
1751478506857 0.5571920275688171 193
1751478507003 0.5539577007293701 194
1751478507146 0.5534045100212097 195
1751478507281 0.5551536679267883 196
1751478507420 0.5528541803359985 197
1751478507565 0.557267963886261 198
1751478507706 0.5545198917388916 199
1751478507852 0.5527990460395813 200
1751478507994 0.5553627610206604 201
1751478508135 0.5548492074012756 202
1751478508280 0.5568525195121765 203
1751478508422 0.5567776560783386 204
1751478508566 0.5547108054161072 205
1751478508712 0.5581539273262024 206
1751478508858 0.5546179413795471 207
1751478509001 0.552678108215332 208
1751478509143 0.554111659526825 209
1751478509287 0.5544887185096741 210
1751478509432 0.5558516979217529 211
1751478509579 0.5530262589454651 212
1751478509716 0.5543699860572815 213
1751478509858 0.5529904365539551 214
1751478510002 0.5560058951377869 215
1751478510138 0.5542623996734619 216
1751478510280 0.5542238354682922 217
1751478510439 0.552919328212738 218
1751478510584 0.5545200109481812 219
1751478510727 0.552527129650116 220
1751478510870 0.5544426441192627 221
1751478511012 0.5537106394767761 222
1751478511159 0.552487850189209 223
1751478511303 0.5539955496788025 224
1751478511446 0.5528003573417664 225
1751478511592 0.5542668700218201 226
1751478511736 0.5542345643043518 227
1751478511879 0.5553231835365295 228
1751478512027 0.5552781224250793 229
1751478512170 0.5541347861289978 230
1751478512351 0.5551834106445312 231
1751478512550 0.5537667870521545 232
1751478512746 0.5537368655204773 233
1751478512926 0.5523756146430969 234
1751478513131 0.5550075173377991 235
1751478513312 0.5536606907844543 236
1751478513498 0.5536367893218994 237
1751478513676 0.5529085993766785 238
1751478513850 0.5548433661460876 239
1751478514025 0.5532882213592529 240
1751478514190 0.553812563419342 241
1751478514352 0.5532469749450684 242
1751478514502 0.5537644028663635 243
1751478514646 0.5522923469543457 244
1751478514791 0.55345219373703 245
1751478514934 0.5534301996231079 246
1751478515077 0.5536664128303528 247
1751478515222 0.5531373620033264 248
1751478515365 0.5553593039512634 249
1751478515511 0.5522457957267761 250
1751478515656 0.5535748600959778 251
1751478515802 0.5552287101745605 252
1751478515952 0.5519841313362122 253
1751478516096 0.5543256998062134 254
1751478516244 0.5532528758049011 255
1751478516394 0.5542636513710022 256
1751478516539 0.5524286031723022 257
1751478516687 0.5542056560516357 258
1751478516836 0.553182065486908 259
1751478516980 0.553924024105072 260
1751478517130 0.5531443953514099 261
1751478517284 0.5529105067253113 262
1751478517423 0.5523787140846252 263
1751478517567 0.552154004573822 264
1751478517712 0.5530805587768555 265
1751478517855 0.5532777905464172 266
1751478517999 0.5532600283622742 267
1751478518144 0.5530357360839844 268
1751478518284 0.55391925573349 269
1751478518427 0.5530052781105042 270
1751478518599 0.5536705851554871 271
1751478518779 0.5523039102554321 272
1751478518976 0.5527666211128235 273
1751478519143 0.5522918105125427 274
1751478519333 0.5535864233970642 275
1751478519503 0.5527297854423523 276
1751478519650 0.5530974864959717 277
1751478519789 0.5518872737884521 278
1751478519934 0.5528807640075684 279
1751478520085 0.5528686046600342 280
1751478520231 0.5526723265647888 281
1751478520367 0.5534517168998718 282
1751478520513 0.552832841873169 283
1751478520651 0.5528194904327393 284
1751478520798 0.5528079867362976 285
1751478520943 0.5527960062026978 286
1751478521087 0.5529598593711853 287
1751478521225 0.5527730584144592 288
1751478521372 0.5525889992713928 289
1751478521521 0.5520191192626953 290
1751478521667 0.5520145893096924 291
1751478521814 0.5528959631919861 292
1751478521959 0.5527181625366211 293
1751478522121 0.5521659851074219 294
1751478522295 0.5521594882011414 295
1751478522455 0.5526866316795349 296
1751478522609 0.5532070994377136 297
1751478522796 0.5518243908882141 298
1751478522964 0.5533356070518494 299
1751478523119 0.5521312952041626 300
1751478523272 0.5526367425918579 301
1751478523425 0.5531349182128906 302
1751478523581 0.5527703166007996 303
1751478523735 0.5532570481300354 304
1751478523894 0.5525990724563599 305
1751478524061 0.5527373552322388 306
1751478524213 0.5524346232414246 307
1751478524372 0.5520918369293213 308
1751478524525 0.5530385971069336 309
1751478524676 0.5530261397361755 310
1751478524816 0.5530125498771667 311
1751478524964 0.552072286605835 312
1751478525112 0.5531256794929504 313
1751478525262 0.5525190830230713 314
1751478525407 0.5523719191551208 315
1751478525546 0.5519195199012756 316
1751478525692 0.5530722737312317 317
1751478525839 0.5524851083755493 318
1751478525988 0.5523430705070496 319
1751478526134 0.5519049763679504 320
1751478526281 0.5530220866203308 321
1751478526427 0.552454948425293 322
1751478526576 0.5528678297996521 323
1751478526727 0.5528557300567627 324
1751478526876 0.5525605082511902 325
1751478527025 0.5524234175682068 326
1751478527175 0.5524167418479919 327
1751478527327 0.5520069003105164 328
1751478527466 0.5522777438163757 329
1751478527611 0.5533117651939392 330
1751478527750 0.5519958138465881 331
1751478527897 0.5528926849365234 332
1751478528044 0.5524958372116089 333
1751478528191 0.5517433881759644 334
1751478528339 0.5523607134819031 335
1751478528486 0.5520966649055481 336
1751478528634 0.5523476004600525 337
1751478528814 0.5527138113975525 338
1751478528961 0.5519663691520691 339
1751478529108 0.5524433255195618 340
1751478529255 0.5518450140953064 341
1751478529403 0.5523164868354797 342
1751478529551 0.5526698231697083 343
1751478529691 0.5526611804962158 344
1751478529844 0.5518355965614319 345
1751478529991 0.5526438355445862 346
1751478530138 0.5522875189781189 347
1751478530285 0.5526261925697327 348
1751478530432 0.5527251362800598 349
1751478530580 0.5518225431442261 350
1751478530729 0.5527068972587585 351
1751478530875 0.5525918006896973 352
1751478531023 0.5522519946098328 353
1751478531171 0.5525744557380676 354
1751478531323 0.5525665283203125 355
1751478531470 0.552558183670044 356
1751478531609 0.5522306561470032 357
1751478531745 0.5519078969955444 358
1751478531892 0.5525340437889099 359
1751478532038 0.5516995787620544 360
1751478532176 0.5525196194648743 361
1751478532328 0.5518972873687744 362
1751478532476 0.5517939329147339 363
1751478532624 0.5517920851707458 364
1751478532776 0.5524908900260925 365
1751478532924 0.5521847605705261 366
1751478533064 0.5518823266029358 367
1751478533215 0.5525667071342468 368
1751478533367 0.5521697402000427 369
1751478533515 0.5521658658981323 370
1751478533663 0.5524508357048035 371
1751478533811 0.5521562695503235 372
1751478533960 0.5524376034736633 373
1751478534109 0.5521475672721863 374
1751478534249 0.551862359046936 375
1751478534402 0.5521380305290222 376
1751478534550 0.5521330833435059 377
1751478534703 0.5520394444465637 378
1751478534844 0.5523994565010071 379
1751478534993 0.5519388318061829 380
1751478535141 0.5523871779441833 381
1751478535294 0.5517565608024597 382
1751478535445 0.552462100982666 383
1751478535594 0.5521040558815002 384
1751478535744 0.5520140528678894 385
1751478535892 0.5523573756217957 386
1751478536042 0.5520921349525452 387
1751478536190 0.5520882606506348 388
1751478536339 0.5520005822181702 389
1751478536483 0.5521634221076965 390
1751478536630 0.5520763993263245 391
1751478536778 0.5518222451210022 392
1751478536932 0.5520687699317932 393
1751478537072 0.5523936748504639 394
1751478537225 0.5523877143859863 395
1751478537375 0.5523014068603516 396
1751478537523 0.5522961616516113 397
1751478537672 0.5518093705177307 398
1751478537812 0.5520462989807129 399
1751478537961 0.5516481399536133 400
1751478538114 0.5521166324615479 401
1751478538263 0.5520364046096802 402
1751478538404 0.5522653460502625 403
1751478538552 0.5517211556434631 404
1751478538699 0.5522556304931641 405
1751478538840 0.5522516369819641 406
1751478538987 0.5519430637359619 407
1751478539136 0.5523156523704529 408
1751478539290 0.5522356629371643 409
1751478539442 0.551934003829956 410
1751478539594 0.5520051121711731 411
1751478539737 0.5516356825828552 412
1751478539885 0.5519988536834717 413
1751478540038 0.5518518090248108 414
1751478540189 0.5522079467773438 415
1751478540337 0.5519890785217285 416
1751478540486 0.5520578026771545 417
1751478540640 0.5517013072967529 418
1751478540789 0.5520506501197815 419
1751478540939 0.5516983866691589 420
1751478541089 0.5517659783363342 421
1751478541231 0.5517640709877014 422
1751478541380 0.5521743893623352 423
1751478541530 0.5517604947090149 424
1751478541672 0.5522345900535583 425
1751478541820 0.5521626472473145 426
1751478541969 0.5520236492156982 427
1751478542121 0.5522211790084839 428
1751478542270 0.5519508123397827 429
1751478542421 0.5522118210792542 430
1751478542571 0.5519452691078186 431
1751478542736 0.5522031188011169 432
1751478542907 0.552134096622467 433
1751478543081 0.5518729090690613 434
1751478543239 0.5518063902854919 435
1751478543402 0.5517410635948181 436
1751478543589 0.5519921183586121 437
1751478543787 0.5521771311759949 438
1751478543970 0.5516114830970764 439
1751478544148 0.552107572555542 440
1751478544323 0.551918089389801 441
1751478544487 0.5521000027656555 442
1751478544638 0.5519742369651794 443
1751478544797 0.551910936832428 444
1751478544958 0.5517275929450989 445
1751478545125 0.5516654849052429 446
1751478545283 0.5521421432495117 447
1751478545442 0.5521385073661804 448
1751478545606 0.5521342158317566 449
1751478545754 0.5518956184387207 450
1751478545900 0.5518937706947327 451
1751478546057 0.5517750978469849 452
1751478546217 0.5519464015960693 453
1751478546373 0.5520590543746948 454
1751478546530 0.5519410967826843 455
1751478546691 0.5521090030670166 456
1751478546850 0.5520492792129517 457
1751478547014 0.5516533255577087 458
1751478547174 0.5519304871559143 459
1751478547336 0.5516509413719177 460
1751478547497 0.5518156886100769 461
1751478547660 0.5518681406974792 462
1751478547823 0.551702082157135 463
1751478547981 0.5519179701805115 464
1751478548146 0.5516462326049805 465
1751478548307 0.551645040512085 466
1751478548464 0.5518577098846436 467
1751478548630 0.5516430735588074 468
1751478548792 0.5516945719718933 469
1751478548958 0.551851749420166 470
1751478549126 0.551849901676178 471
1751478549290 0.5517963767051697 472
1751478549443 0.5520536303520203 473
1751478549607 0.5519993901252747 474
1751478549761 0.5520472526550293 475
1751478549924 0.5518397092819214 476
1751478550076 0.5517875552177429 477
1751478550236 0.5517855286598206 478
1751478550398 0.5517842769622803 479
1751478550561 0.5518316626548767 480
1751478550727 0.5519794821739197 481
1751478550890 0.551827609539032 482
1751478551051 0.5517770051956177 483
1751478551216 0.5518240928649902 484
1751478551379 0.5518219470977783 485
1751478551545 0.5517719388008118 486
1751478551711 0.5518186688423157 487
1751478551874 0.5520086288452148 488
1751478552038 0.5518150329589844 489
1751478552201 0.5518130660057068 490
1751478552360 0.5520000457763672 491
1751478552518 0.5517627596855164 492
1751478552678 0.5518082976341248 493
1751478552829 0.5519450306892395 494
1751478552993 0.5518046021461487 495
1751478553151 0.5518025755882263 496
1751478553310 0.5518011450767517 497
1751478553476 0.551845133304596 498
1751478553634 0.5517079830169678 499
1751478553785 0.5516610741615295 500
1751478553935 0.5517939329147339 501
1751478554094 0.5519707798957825 502
1751478554248 0.5518350005149841 503
1751478554409 0.5518333911895752 504
1751478554569 0.5519192218780518 505
1751478554731 0.5519607663154602 506
1751478554897 0.5515666007995605 507
1751478555060 0.551738977432251 508
1751478555216 0.5519097447395325 509
1751478555378 0.5518218874931335 510
1751478555536 0.5516073703765869 511
1751478555701 0.5517762303352356 512
1751478555862 0.5517743229866028 513
1751478556015 0.5518150925636292 514
1751478556177 0.5516045093536377 515
1751478556343 0.5516455173492432 516
1751478556503 0.5517687797546387 517
1751478556653 0.551767110824585 518
1751478556812 0.5518065094947815 519
1751478556975 0.5516008734703064 520
1751478557125 0.5516404509544373 521
1751478557284 0.5517611503601074 522
1751478557450 0.5517194867134094 523
1751478557613 0.5517585277557373 524
1751478557779 0.5519166588783264 525
1751478557942 0.5517158508300781 526
1751478558105 0.5518727898597717 527
1751478558266 0.5517922043800354 528
1751478558430 0.5517125725746155 529
1751478558595 0.5517107844352722 530
1751478558754 0.5517870783805847 531
1751478558915 0.5516319870948792 532
1751478559080 0.5516307353973389 533
1751478559244 0.5518592000007629 534
1751478559408 0.5516287684440613 535
1751478559568 0.5517795085906982 536
1751478559730 0.5517405867576599 537
1751478559892 0.5517761707305908 538
1751478560058 0.5518500208854675 539
1751478560227 0.5516995787620544 540
1751478560396 0.5517720580101013 541
1751478560560 0.5517337918281555 542
1751478560728 0.5516958832740784 543
1751478560891 0.551731288433075 544
1751478561053 0.5517299771308899 545
1751478561220 0.5518734455108643 546
1751478561385 0.5517633557319641 547
1751478561549 0.5518336892127991 548
1751478561705 0.551867663860321 549
1751478561864 0.5518655776977539 550
1751478562028 0.5519694685935974 551
1751478562189 0.5517210960388184 552
1751478562350 0.5518245100975037 553
1751478562514 0.5517534613609314 554
1751478562680 0.5518555045127869 555
1751478562848 0.5516130328178406 556
1751478563019 0.551749050617218 557
1751478563186 0.5515778064727783 558
1751478563347 0.5518479943275452 559
1751478563516 0.5519475936889648 560
1751478563678 0.5517101883888245 561
1751478563846 0.5517092347145081 562
1751478564010 0.5515414476394653 563
1751478564172 0.551574170589447 564
1751478564335 0.551705539226532 565
1751478564498 0.5516714453697205 566
1751478564659 0.5517034530639648 567
1751478564830 0.5517022609710693 568
1751478564998 0.5517984628677368 569
1751478565163 0.5516037940979004 570
1751478565330 0.551699161529541 571
1751478565495 0.551665723323822 572
1751478565663 0.5515695214271545 573
1751478565829 0.5516332983970642 574
1751478566000 0.5516632199287415 575
1751478566166 0.5518196225166321 576
1751478566323 0.5518180727958679 577
1751478566475 0.5516605377197266 578
1751478566636 0.5517219305038452 579
1751478566800 0.5515661835670471 580
1751478566961 0.5515965819358826 581
1751478567126 0.5516874194145203 582
1751478567284 0.5517171621322632 583
1751478567445 0.5516853332519531 584
1751478567608 0.5515634417533875 585
1751478567763 0.5516533851623535 586
1751478567929 0.551652729511261 587
1751478568098 0.5517115592956543 588
1751478568263 0.5516806244850159 589
1751478568428 0.5516797304153442 590
1751478568592 0.5516786575317383 591
1751478568756 0.5516778230667114 592
1751478568918 0.5517061352729797 593
1751478569087 0.5516466498374939 594
1751478569251 0.5515586733818054 595
1751478569414 0.5516740679740906 596
1751478569572 0.5516733527183533 597
1751478569734 0.551701009273529 598
1751478569888 0.551585853099823 599
1751478570052 0.5517556071281433 600
1751478570209 0.5517541766166687 601
1751478570362 0.5515560507774353 602
1751478570534 0.551751434803009 603
1751478570689 0.5515549778938293 604
1751478570851 0.5515827536582947 605
1751478571014 0.551747739315033 606
1751478571220 0.5517465472221375 607
1751478571391 0.5516907572746277 608
1751478571552 0.551689863204956 609
1751478571715 0.5516614317893982 610
1751478571879 0.5517688393592834 611
1751478572051 0.5517403483390808 612
1751478572209 0.551685631275177 613
1751478572375 0.5517377257347107 614
1751478572544 0.5515502095222473 615
1751478572700 0.5517618656158447 616
1751478572867 0.5516552329063416 617
1751478573034 0.5517593026161194 618
1751478573200 0.5516800284385681 619
1751478573363 0.5517567992210388 620
1751478573531 0.551625669002533 621
1751478573696 0.5516771674156189 622
1751478573867 0.5516242384910583 623
1751478574094 0.551649272441864 624
1751478574274 0.5516741871833801 625
1751478574463 0.5516220331192017 626
1751478574634 0.5517478585243225 627
1751478574814 0.5516460537910461 628
1751478574981 0.5516452193260193 629
1751478575151 0.5517442226409912 630
1751478575314 0.5516690015792847 631
1751478575479 0.5516427159309387 632
1751478575646 0.5517406463623047 633
1751478575813 0.5516412854194641 634
1751478575981 0.5517136454582214 635
1751478576154 0.5515422224998474 636
1751478576313 0.5515176653862 637
1751478576508 0.551541805267334 638
1751478576706 0.5516132116317749 639
1751478576875 0.5516369342803955 640
1751478577042 0.5517071485519409 641
1751478577217 0.5516111254692078 642
1751478577389 0.5515400767326355 643
1751478577558 0.5515398979187012 644
1751478577721 0.5517033934593201 645
1751478577878 0.551562488079071 646
1751478578039 0.5517011284828186 647
1751478578236 0.5517001152038574 648
1751478578413 0.5515141487121582 649
1751478578566 0.5516295433044434 650
1751478578756 0.5515604019165039 651
1751478578930 0.5515603423118591 652
1751478579102 0.5515597462654114 653
1751478579262 0.5517175793647766 654
1751478579423 0.5515357851982117 655
1751478579581 0.5516483783721924 656
1751478579742 0.5516021251678467 657
1751478579899 0.5516467690467834 658
1751478580063 0.551600992679596 659
1751478580222 0.5516225695610046 660
1751478580381 0.551622211933136 661
1751478580530 0.5515989661216736 662
1751478580690 0.5516205430030823 663
1751478580846 0.5515978336334229 664
1751478581028 0.5515325665473938 665
1751478581205 0.5515099167823792 666
1751478581373 0.5516182780265808 667
1751478581533 0.55155348777771 668
1751478581693 0.5517026782035828 669
1751478581854 0.5516380667686462 670
1751478582011 0.5517005324363708 671
1751478582177 0.5516149997711182 672
1751478582385 0.5515730977058411 673
1751478582621 0.5516137480735779 674
1751478582814 0.551550567150116 675
1751478583028 0.5516124367713928 676
1751478583239 0.5516117811203003 677
1751478583454 0.5515900254249573 678
1751478583655 0.5517546534538269 679
1751478583858 0.5516307950019836 680
1751478584065 0.5515884757041931 681
1751478584271 0.551527202129364 682
1751478584456 0.5515474677085876 683
1751478584615 0.5516073703765869 684
1751478584793 0.5516068339347839 685
1751478584953 0.5516064763069153 686
1751478585112 0.5516653656959534 687
1751478585270 0.5515254735946655 688
1751478585432 0.5516840219497681 689
1751478585590 0.5516242384910583 690
1751478585739 0.5516034960746765 691
1751478585896 0.5515443682670593 692
1751478586056 0.551602303981781 693
1751478586218 0.5517376065254211 694
1751478586376 0.5515233874320984 695
1751478586539 0.5516581535339355 696
1751478586701 0.5516000390052795 697
1751478586860 0.5516188740730286 698
1751478587019 0.5516752600669861 699
1751478587181 0.5515983700752258 700
1751478587341 0.5516169667243958 701
1751478587507 0.5516534447669983 702
1751478587659 0.5515967011451721 703
1751478587819 0.5515210628509521 704
1751478587979 0.5516701340675354 705
1751478588138 0.5515947341918945 706
1751478588300 0.5515943765640259 707
1751478588459 0.5516675114631653 708
1751478588623 0.5515933036804199 709
1751478588788 0.5515380501747131 710
1751478588962 0.5515921711921692 711
1751478589136 0.5515730977058411 712
1751478589298 0.5515909790992737 713
1751478589448 0.5516626834869385 714
1751478589613 0.551590085029602 715
1751478589774 0.551642894744873 716
1751478589939 0.5515708923339844 717
1751478590100 0.5514994859695435 718
1751478590261 0.5515355467796326 719
1751478590540 0.5515170693397522 720
1751478590705 0.5515691637992859 721
1751478590864 0.5516566634178162 722
1751478591025 0.551568329334259 723
1751478591185 0.5515854358673096 724
1751478591374 0.5516029000282288 725
1751478591550 0.551515519618988 726
1751478591707 0.5515663027763367 727
1751478591868 0.5516011118888855 728
1751478592045 0.5515498518943787 729
1751478592210 0.5515651702880859 730
1751478592374 0.5516327619552612 731
1751478592526 0.551649272441864 732
1751478592686 0.551581084728241 733
1751478592847 0.5515634417533875 734
1751478593009 0.5515305399894714 735
1751478593173 0.5515797138214111 736
1751478593339 0.5515130162239075 737
1751478593493 0.5515790581703186 738
1751478593645 0.5516273975372314 739
1751478593806 0.5515778064727783 740
1751478593968 0.5515772700309753 741
1751478594122 0.5515768527984619 742
1751478594283 0.5515764355659485 743
1751478594448 0.5515595078468323 744
1751478594604 0.551623523235321 745
1751478594755 0.5515275001525879 746
1751478594921 0.5515271425247192 747
1751478595098 0.5515102744102478 748
1751478595279 0.5515736937522888 749
1751478595473 0.5515425205230713 750
1751478595642 0.5515729784965515 751
1751478595820 0.5515256524085999 752
1751478595995 0.5515252351760864 753
1751478596168 0.5515874028205872 754
1751478596330 0.5515245795249939 755
1751478596507 0.5516328811645508 756
1751478596683 0.5515703558921814 757
1751478596855 0.551569938659668 758
1751478597026 0.5515850186347961 759
1751478597200 0.5515845417976379 760
1751478597365 0.5515531301498413 761
1751478597537 0.551507294178009 762
1751478597711 0.5515676736831665 763
1751478597881 0.5516278743743896 764
1751478598041 0.5516118407249451 765
1751478598203 0.5515217781066895 766
1751478598373 0.5516259074211121 767
1751478598551 0.5515807271003723 768
1751478598741 0.5515652298927307 769
1751478598930 0.5515207052230835 770
1751478599117 0.5516084432601929 771
1751478599277 0.5514904856681824 772
1751478599438 0.5515785217285156 773
1751478599604 0.5515632033348083 774
1751478599766 0.551548182964325 775
1751478599932 0.5515623092651367 776
1751478600097 0.5515621304512024 777
1751478600261 0.5516190528869629 778
1751478600428 0.5515037775039673 779
1751478600592 0.5516179800033569 780
1751478600755 0.5515750050544739 781
1751478600922 0.551602303981781 782
1751478601084 0.5516018271446228 783
1751478601253 0.5516011714935303 784
1751478601417 0.5516006350517273 785
1751478601579 0.5515169501304626 786
1751478601748 0.5515995621681213 787
1751478601914 0.5516545176506042 788
1751478602080 0.5516126155853271 789
1751478602246 0.5515300631523132 790
1751478602414 0.5515158772468567 791
1751478602578 0.5515016913414001 792
1751478602741 0.5516103506088257 793
1751478603024 0.5515555143356323 794
1751478603187 0.5514872074127197 795
1751478603350 0.5515684485435486 796
1751478603518 0.5515680909156799 797
1751478603703 0.5516074299812317 798
1751478603871 0.5515003800392151 799
1751478604059 0.5515137314796448 800
1751478604233 0.5515134334564209 801
1751478604399 0.5515391230583191 802
1751478604559 0.5515521764755249 803
1751478604742 0.551551878452301 804
1751478604917 0.5516037344932556 805
1751478605090 0.5514857172966003 806
1751478605256 0.5515894889831543 807
1751478605425 0.5514988303184509 808
1751478605590 0.5515117645263672 809
1751478605762 0.5515881776809692 810
1751478605944 0.5516389012336731 811
1751478606139 0.5515873432159424 812
1751478606341 0.5515487790107727 813
1751478606536 0.5515106320381165 814
1751478606714 0.5515351295471191 815
1751478606886 0.5515232086181641 816
1751478607072 0.551584780216217 817
1751478607254 0.5515344142913818 818
1751478607425 0.5515965819358826 819
1751478607612 0.5515591502189636 820
1751478607793 0.5515460968017578 821
1751478607970 0.5515329837799072 822
1751478608142 0.5515453219413757 823
1751478608313 0.5515449643135071 824
1751478608499 0.5515322685241699 825
1751478608707 0.5514957308769226 826
1751478608909 0.5515440106391907 827
1751478609105 0.5515561699867249 828
1751478609315 0.5515435338020325 829
1751478609518 0.5515788197517395 830
1751478609705 0.5515427589416504 831
1751478609879 0.5515303015708923 832
1751478610037 0.5515545010566711 833
1751478610201 0.5514945983886719 834
1751478610368 0.551588773727417 835
1751478610533 0.551541268825531 836
1751478610700 0.5515409111976624 837
1751478610857 0.5515057444572449 838
1751478611013 0.5516215562820435 839
1751478611176 0.5515865683555603 840
1751478611342 0.5515277981758118 841
1751478611506 0.551539421081543 842
1751478611674 0.5515391230583191 843
1751478611838 0.551550567150116 844
1751478612004 0.5515501499176025 845
1751478612168 0.5514810681343079 846
1751478612340 0.5515832901000977 847
1751478612508 0.5515490770339966 848
1751478612675 0.5514922738075256 849
1751478612841 0.5514921545982361 850
1751478613005 0.5515252351760864 851
1751478613164 0.551491916179657 852
1751478613333 0.5515030026435852 853
1751478613502 0.5515688061714172 854
1751478613670 0.5515356063842773 855
1751478613838 0.5515792965888977 856
1751478614003 0.551523745059967 857
1751478614167 0.5515021085739136 858
1751478614335 0.5515781044960022 859
1751478614492 0.551534116268158 860
1751478614656 0.5515128374099731 861
1751478614822 0.5515015125274658 862
1751478614977 0.5515332818031311 863
1751478615139 0.5515758395195007 864
1751478615306 0.5515328049659729 865
1751478615462 0.5515324473381042 866
1751478615634 0.5515005588531494 867
1751478615799 0.5514894127845764 868
1751478616090 0.5515630841255188 869
1751478616258 0.5515313744544983 870
1751478616423 0.5515311360359192 871
1751478616587 0.5515308976173401 872
1751478616756 0.551572322845459 873
1751478616936 0.5515612959861755 874
1751478617127 0.5514886975288391 875
1751478617307 0.5515297055244446 876
1751478617497 0.551529586315155 877
1751478617682 0.5515292286872864 878
1751478617861 0.5514881014823914 879
1751478618035 0.5514983534812927 880
1751478618212 0.5515285134315491 881
1751478618388 0.5515687465667725 882
1751478618563 0.5515279769897461 883
1751478618737 0.5514874458312988 884
1751478618914 0.5514770150184631 885
1751478619089 0.5515170097351074 886
1751478619265 0.5515269637107849 887
1751478619441 0.5515267252922058 888
1751478619616 0.5514867901802063 889
1751478619792 0.5515262484550476 890
1751478619966 0.551525890827179 891
1751478620135 0.5514863133430481 892
1751478620316 0.5515645742416382 893
1751478620492 0.551525354385376 894
1751478620660 0.5515249371528625 895
1751478620836 0.5515246391296387 896
1751478621013 0.5515532493591309 897
1751478621181 0.5515339970588684 898
1751478621355 0.5514953136444092 899
1751478621531 0.5515236854553223 900
1751478621706 0.551551878452301 901
1751478621882 0.5515134334564209 902
1751478622048 0.5515231490135193 903
1751478622212 0.5515227913856506 904
1751478622377 0.5515504479408264 905
1751478622560 0.5515878200531006 906
1751478622733 0.5515123009681702 907
1751478622908 0.55154949426651 908
1751478623084 0.5514938831329346 909
1751478623260 0.5515308380126953 910
1751478623436 0.5514936447143555 911
1751478623615 0.5515480637550354 912
1751478623792 0.5515111088752747 913
1751478623972 0.5515204071998596 914
1751478624149 0.5515106320381165 915
1751478624325 0.5514929890632629 916
1751478624513 0.5514926910400391 917
1751478624679 0.5514833331108093 918
1751478624855 0.5514832139015198 919
1751478625041 0.5515189170837402 920
1751478625225 0.5515187382698059 921
1751478625409 0.5514920353889465 922
1751478625590 0.5515540242195129 923
1751478625773 0.5515182018280029 924
1751478625953 0.5515087246894836 925
1751478626134 0.5515176653862 926
1751478626320 0.5514913201332092 927
1751478626490 0.5515432953834534 928
1751478626659 0.5515079498291016 929
1751478626838 0.5515426993370056 930
1751478627017 0.5515165328979492 931
1751478627189 0.5515421032905579 932
1751478627372 0.5514907240867615 933
1751478627558 0.5514904856681824 934
1751478627744 0.551541268825531 935
1751478627921 0.5515155792236328 936
1751478628098 0.5515406727790833 937
1751478628279 0.5515239238739014 938
1751478628461 0.551539957523346 939
1751478628650 0.551505982875824 940
1751478628825 0.5515232682228088 941
1751478628995 0.5514894127845764 942
1751478629175 0.5514805316925049 943
1751478629344 0.5515472292900085 944
1751478629522 0.5514975786209106 945
1751478629823 0.5514801144599915 946
1751478630000 0.5515462756156921 947
1751478630179 0.5515214800834656 948
1751478630358 0.5515213012695312 949
1751478630538 0.5515126585960388 950
