1140510, 1145.2991943359375, [1000.0, 165.0, 449.0, 96.0, 201.0, 178.0, 137.0, 192.0, 49.0, 1000.0, 130.0, 750.0, 0.0, 666.0, 864.0, 999.0, 999.0, 999.0, 999.0, 560.0, 696.0, 0.0, 192.0], [-17.116554260253906, -2.636521100997925, -116.27726745605469], [-0.5189361572265625, 0.0978546142578125, -0.114349365234375, 0.8414459228515625], [-28.11615562438965, 15.014169692993164, -93.49466705322266], [0.682098388671875, -0.0727081298828125, 0.262237548828125, -0.6787109375]
1140560, 1145.349609375, [1000.0, 165.0, 449.0, 96.0, 200.0, 177.0, 136.0, 190.0, 49.0, 1000.0, 129.0, 750.0, 0.0, 666.0, 868.0, 999.0, 999.0, 999.0, 999.0, 560.0, 695.0, 0.0, 190.0], [-17.108516693115234, -2.5840187072753906, -116.20772552490234], [-0.5195159912109375, 0.097503662109375, -0.114471435546875, 0.8411102294921875], [-28.114259719848633, 14.784398078918457, -93.47583770751953], [0.682037353515625, -0.074188232421875, 0.2609405517578125, -0.6791229248046875]
1140610, 1145.3994140625, [1000.0, 165.0, 447.0, 95.0, 199.0, 176.0, 135.0, 190.0, 48.0, 1000.0, 128.0, 750.0, 0.0, 666.0, 866.0, 999.0, 999.0, 999.0, 999.0, 559.0, 695.0, 0.0, 189.0], [-16.972339630126953, -2.5468878746032715, -116.1420669555664], [-0.5201568603515625, 0.0966796875, -0.11358642578125, 0.8409271240234375], [-28.01268196105957, 14.595272064208984, -93.43843841552734], [0.6821746826171875, -0.074859619140625, 0.2592620849609375, -0.6795501708984375]
1140670, 1145.459716796875, [1000.0, 164.0, 447.0, 95.0, 199.0, 175.0, 134.0, 189.0, 48.0, 1000.0, 127.0, 750.0, 0.0, 1000.0, 867.0, 999.0, 999.0, 999.0, 999.0, 559.0, 694.0, 0.0, 187.0], [-16.90506362915039, -2.549306631088257, -116.0521011352539], [-0.5208740234375, 0.0964813232421875, -0.113006591796875, 0.8405914306640625], [-27.944747924804688, 14.498563766479492, -93.40740203857422], [0.6823272705078125, -0.07513427734375, 0.25830078125, -0.6797332763671875]
1140720, 1145.50927734375, [1000.0, 164.0, 446.0, 94.0, 198.0, 175.0, 133.0, 188.0, 48.0, 1000.0, 126.0, 750.0, 0.0, 666.0, 868.0, 999.0, 999.0, 999.0, 999.0, 559.0, 693.0, 0.0, 185.0], [-16.913423538208008, -2.564175844192505, -115.9526138305664], [-0.521575927734375, 0.0967254638671875, -0.1129150390625, 0.8401336669921875], [-28.115962982177734, 14.61365795135498, -93.4635238647461], [0.681976318359375, -0.0753021240234375, 0.2599945068359375, -0.6794281005859375]
1140780, 1145.5697021484375, [1000.0, 164.0, 447.0, 94.0, 197.0, 174.0, 133.0, 187.0, 47.0, 1000.0, 125.0, 750.0, 0.0, 1000.0, 866.0, 999.0, 999.0, 999.0, 999.0, 559.0, 694.0, 0.0, 184.0], [-16.901384353637695, -2.590736150741577, -115.87677764892578], [-0.5221099853515625, 0.0969390869140625, -0.112640380859375, 0.839813232421875], [-27.9674015045166, 14.670734405517578, -93.41927337646484], [0.682373046875, -0.07415771484375, 0.2593994140625, -0.6793670654296875]
1140830, 1145.61962890625, [1000.0, 164.0, 445.0, 94.0, 196.0, 173.0, 132.0, 186.0, 47.0, 1000.0, 124.0, 750.0, 0.0, 666.0, 864.0, 999.0, 999.0, 999.0, 999.0, 559.0, 693.0, 0.0, 183.0], [-16.770248413085938, -2.5882973670959473, -115.80891418457031], [-0.5227203369140625, 0.0963897705078125, -0.11163330078125, 0.839630126953125], [-28.078020095825195, 14.950272560119629, -93.44486999511719], [0.682373046875, -0.072998046875, 0.261627197265625, -0.67864990234375]
1140880, 1145.6695556640625, [1000.0, 164.0, 444.0, 94.0, 196.0, 173.0, 131.0, 185.0, 47.0, 1000.0, 124.0, 750.0, 0.0, 1000.0, 868.0, 999.0, 999.0, 999.0, 999.0, 559.0, 693.0, 0.0, 182.0], [-16.746755599975586, -2.573580026626587, -115.71435546875], [-0.5234527587890625, 0.0962677001953125, -0.1114501953125, 0.8392181396484375], [-27.959091186523438, 14.948878288269043, -93.39207458496094], [0.6827545166015625, -0.072418212890625, 0.2608795166015625, -0.6786041259765625]
1140940, 1145.729736328125, [1000.0, 163.0, 443.0, 93.0, 195.0, 172.0, 130.0, 184.0, 47.0, 1000.0, 122.0, 750.0, 0.0, 666.0, 870.0, 999.0, 999.0, 999.0, 999.0, 559.0, 691.0, 0.0, 180.0], [-16.84710121154785, -2.6404287815093994, -115.57266235351562], [-0.524322509765625, 0.09735107421875, -0.11175537109375, 0.8385009765625], [-28.020565032958984, 14.803894996643066, -93.41141510009766], [0.6824951171875, -0.0736541748046875, 0.2604522705078125, -0.6789093017578125]
1140990, 1145.7796630859375, [1000.0, 163.0, 444.0, 93.0, 194.0, 171.0, 129.0, 183.0, 46.0, 1000.0, 122.0, 750.0, 0.0, 1000.0, 871.0, 999.0, 999.0, 999.0, 999.0, 559.0, 691.0, 0.0, 179.0], [-16.811620712280273, -2.7138078212738037, -115.46932220458984], [-0.5250244140625, 0.0978240966796875, -0.1110687255859375, 0.838104248046875], [-27.878032684326172, 14.6265230178833, -93.38829040527344], [0.682586669921875, -0.073974609375, 0.25860595703125, -0.6794891357421875]
1141050, 1145.8394775390625, [1000.0, 163.0, 444.0, 93.0, 193.0, 170.0, 129.0, 182.0, 46.0, 1000.0, 121.0, 750.0, 0.0, 666.0, 869.0, 999.0, 999.0, 999.0, 999.0, 559.0, 690.0, 0.0, 177.0], [-16.768577575683594, -2.775327682495117, -115.34979248046875], [-0.5258636474609375, 0.0981903076171875, -0.1103668212890625, 0.8376312255859375], [-27.907386779785156, 14.64844036102295, -93.45170593261719], [0.6822052001953125, -0.0738677978515625, 0.258941650390625, -0.67974853515625]
1141100, 1145.889404296875, [1000.0, 163.0, 444.0, 92.0, 193.0, 170.0, 128.0, 181.0, 46.0, 1000.0, 120.0, 750.0, 0.0, 666.0, 868.0, 999.0, 999.0, 999.0, 999.0, 558.0, 691.0, 0.0, 176.0], [-16.63731575012207, -2.6861653327941895, -115.25464630126953], [-0.5267791748046875, 0.0970306396484375, -0.1097412109375, 0.8372802734375], [-27.62533187866211, 15.385518074035645, -93.42790985107422], [0.683074951171875, -0.067596435546875, 0.2613525390625, -0.6786041259765625]
1141150, 1145.9393310546875, [1000.0, 161.0, 442.0, 93.0, 192.0, 172.0, 127.0, 180.0, 45.0, 1000.0, 120.0, 750.0, 0.0, 1000.0, 895.0, 999.0, 999.0, 999.0, 999.0, 556.0, 690.0, 0.0, 174.0], [-16.832395553588867, -2.209177255630493, -115.15186309814453], [-0.527923583984375, 0.0945587158203125, -0.1132965087890625, 0.83636474609375], [-28.470380783081055, 16.334043502807617, -93.8418960571289], [0.6808319091796875, -0.065673828125, 0.2718353271484375, -0.67694091796875]
1141210, 1145.999267578125, [1000.0, 160.0, 444.0, 96.0, 191.0, 176.0, 123.0, 179.0, 48.0, 1000.0, 114.0, 750.0, 0.0, 666.0, 912.0, 999.0, 999.0, 999.0, 999.0, 548.0, 691.0, 0.0, 168.0], [-15.943699836730957, -0.6170300841331482, -116.05591583251953], [-0.52374267578125, 0.0779571533203125, -0.1148223876953125, 0.840484619140625], [-27.385841369628906, 18.794340133666992, -93.4091567993164], [0.685455322265625, -0.0446929931640625, 0.2787628173828125, -0.671142578125]
1141260, 1146.0494384765625, [1000.0, 160.0, 445.0, 99.0, 187.0, 180.0, 120.0, 178.0, 53.0, 1000.0, 113.0, 750.0, 0.0, 666.0, 914.0, 999.0, 999.0, 999.0, 999.0, 538.0, 689.0, 0.0, 162.0], [-17.658723831176758, 1.8861024379730225, -117.16842651367188], [-0.51715087890625, 0.0661163330078125, -0.1394500732421875, 0.84185791015625], [-27.446264266967773, 21.927295684814453, -92.91492462158203], [0.6897125244140625, -0.026519775390625, 0.2960968017578125, -0.6602325439453125]
1141320, 1146.1094970703125, [1000.0, 159.0, 452.0, 102.0, 188.0, 187.0, 122.0, 176.0, 59.0, 1000.0, 112.0, 750.0, 0.0, 666.0, 914.0, 999.0, 999.0, 999.0, 999.0, 531.0, 693.0, 0.0, 170.0], [-14.944986343383789, 5.448101997375488, -118.75460815429688], [-0.509796142578125, 0.0256195068359375, -0.1357879638671875, 0.8491058349609375], [-22.877883911132812, 25.617916107177734, -90.82530975341797], [0.702239990234375, 0.0189971923828125, 0.2902679443359375, -0.6497955322265625]
1141370, 1146.159423828125, [1000.0, 158.0, 451.0, 102.0, 191.0, 188.0, 128.0, 175.0, 64.0, 1000.0, 107.0, 1000.0, 0.0, 666.0, 921.0, 999.0, 999.0, 999.0, 999.0, 523.0, 696.0, 0.0, 180.0], [-13.581398963928223, 7.605900287628174, -120.98494720458984], [-0.4948272705078125, 0.00079345703125, -0.1351165771484375, 0.8584136962890625], [-19.865642547607422, 28.391460418701172, -89.63941955566406], [0.7071685791015625, 0.0516510009765625, 0.289215087890625, -0.643096923828125]
1141420, 1146.219482421875, [1000.0, 156.0, 448.0, 104.0, 195.0, 199.0, 173.0, 174.0, 79.0, 1000.0, 106.0, 750.0, 0.0, 666.0, 921.0, 999.0, 999.0, 999.0, 999.0, 518.0, 691.0, 0.0, 192.0], [-12.394587516784668, 7.208198070526123, -123.15157318115234], [-0.478240966796875, -0.0036773681640625, -0.1244964599609375, 0.8693389892578125], [-17.32124900817871, 30.298648834228516, -88.88182830810547], [0.7088470458984375, 0.077117919921875, 0.286224365234375, -0.6400299072265625]
1141480, 1146.2694091796875, [1000.0, 154.0, 444.0, 106.0, 229.0, 224.0, 415.0, 175.0, 152.0, 1000.0, 107.0, 750.0, 0.0, 666.0, 921.0, 999.0, 999.0, 999.0, 999.0, 518.0, 683.0, 0.0, 211.0], [-10.3785982131958, 3.6091043949127197, -126.43183135986328], [-0.4510955810546875, 0.0127410888671875, -0.0948333740234375, 0.8873138427734375], [-14.425678253173828, 31.17889976501465, -88.62590789794922], [0.7073211669921875, 0.0997161865234375, 0.2752532958984375, -0.643402099609375]
1141500, 1146.3201904296875, [1000.0, 154.0, 444.0, 106.0, 267.0, 236.0, 506.0, 179.0, 194.0, 1000.0, 106.0, 750.0, 0.0, 666.0, 926.0, 999.0, 999.0, 999.0, 999.0, 523.0, 679.0, 0.0, 219.0], [-9.442028045654297, 1.3672943115234375, -127.64431762695312], [-0.4405059814453125, 0.025634765625, -0.0791015625, 0.8938751220703125], [-13.869501113891602, 31.01045036315918, -88.86932373046875], [0.7056121826171875, 0.1027069091796875, 0.27093505859375, -0.6466217041015625]
1141530, 1146.329345703125, [1000.0, 153.0, 442.0, 107.0, 318.0, 246.0, 566.0, 188.0, 247.0, 1000.0, 104.0, 750.0, 0.0, 666.0, 927.0, 999.0, 999.0, 999.0, 999.0, 536.0, 674.0, 0.0, 232.0], [-8.23597240447998, -2.0731897354125977, -129.3382568359375], [-0.4254913330078125, 0.047027587890625, -0.0571746826171875, 0.90191650390625], [-13.77583122253418, 30.513151168823242, -89.41364288330078], [0.702911376953125, 0.1015472412109375, 0.267059326171875, -0.6513519287109375]
1141590, 1146.3795166015625, [1000.0, 152.0, 445.0, 110.0, 387.0, 266.0, 631.0, 212.0, 322.0, 1000.0, 98.0, 750.0, 0.0, 666.0, 930.0, 999.0, 999.0, 999.0, 999.0, 539.0, 673.0, 0.0, 281.0], [-4.450286388397217, -7.8816609382629395, -133.32717895507812], [-0.3924407958984375, 0.078399658203125, -0.00836181640625, 0.9163818359375], [-11.268071174621582, 28.528854370117188, -90.31397247314453], [0.697265625, 0.1067657470703125, 0.2403717041015625, -0.6667938232421875]
1141640, 1146.439453125, [1000.0, 150.0, 451.0, 112.0, 433.0, 273.0, 647.0, 237.0, 365.0, 1000.0, 94.0, 1000.0, 0.0, 666.0, 930.0, 999.0, 999.0, 999.0, 999.0, 544.0, 673.0, 0.0, 316.0], [-1.4070924520492554, -11.422385215759277, -136.7303009033203], [-0.365692138671875, 0.0970001220703125, 0.02532958984375, 0.9253082275390625], [-10.02989387512207, 26.434459686279297, -91.39261627197266], [0.691650390625, 0.1035614013671875, 0.2199859619140625, -0.6800537109375]
1141690, 1146.489501953125, [1000.0, 149.0, 451.0, 114.0, 459.0, 289.0, 644.0, 299.0, 387.0, 1000.0, 91.0, 750.0, 0.0, 666.0, 935.0, 999.0, 999.0, 999.0, 999.0, 533.0, 671.0, 0.0, 356.0], [2.051100969314575, -16.637252807617188, -140.4166259765625], [-0.3374176025390625, 0.1301116943359375, 0.065643310546875, 0.92999267578125], [-8.643953323364258, 24.303142547607422, -92.51773834228516], [0.6854400634765625, 0.1007080078125, 0.1983489990234375, -0.69329833984375]
1141750, 1146.5394287109375, [1000.0, 147.0, 447.0, 116.0, 430.0, 303.0, 580.0, 354.0, 359.0, 1000.0, 86.0, 750.0, 0.0, 666.0, 924.0, 999.0, 999.0, 999.0, 999.0, 517.0, 671.0, 0.0, 400.0], [6.743509769439697, -21.351198196411133, -145.32652282714844], [-0.3027191162109375, 0.1593017578125, 0.1102752685546875, 0.93316650390625], [-7.1875505447387695, 21.7478084564209, -93.77045440673828], [0.678497314453125, 0.095367431640625, 0.173614501953125, -0.7073822021484375]
1141800, 1146.599853515625, [1000.0, 146.0, 438.0, 117.0, 493.0, 312.0, 537.0, 407.0, 317.0, 1000.0, 87.0, 750.0, 0.0, 1000.0, 925.0, 999.0, 999.0, 999.0, 999.0, 505.0, 677.0, 0.0, 489.0], [10.325042724609375, -23.735065460205078, -149.41184997558594], [-0.274932861328125, 0.1743316650390625, 0.1389617919921875, 0.93524169921875], [-5.431118011474609, 20.716405868530273, -94.55866241455078], [0.6728668212890625, 0.1003265380859375, 0.1560821533203125, -0.716094970703125]
1141850, 1146.6495361328125, [1000.0, 145.0, 435.0, 117.0, 503.0, 312.0, 470.0, 440.0, 253.0, 1000.0, 91.0, 750.0, 0.0, 1000.0, 904.0, 999.0, 999.0, 999.0, 999.0, 493.0, 688.0, 0.0, 556.0], [11.101375579833984, -26.32247543334961, -152.22244262695312], [-0.2540130615234375, 0.1973876953125, 0.1458282470703125, 0.9355316162109375], [-6.551153182983398, 21.2238826751709, -96.37846374511719], [0.6620330810546875, 0.0995941162109375, 0.1644287109375, -0.7243804931640625]
1141910, 1146.70947265625, [1000.0, 144.0, 423.0, 118.0, 429.0, 364.0, 374.0, 511.0, 190.0, 1000.0, 119.0, 1000.0, 0.0, 1000.0, 875.0, 999.0, 999.0, 999.0, 999.0, 483.0, 709.0, 0.0, 671.0], [11.055724143981934, -29.18269157409668, -155.16598510742188], [-0.2308197021484375, 0.2248382568359375, 0.14495849609375, 0.93548583984375], [-7.8297624588012695, 21.793224334716797, -98.50762176513672], [0.6492156982421875, 0.09912109375, 0.17388916015625, -0.7337799072265625]
1141960, 1146.7596435546875, [1000.0, 144.0, 420.0, 119.0, 359.0, 394.0, 307.0, 574.0, 153.0, 1000.0, 171.0, 750.0, 0.0, 666.0, 820.0, 999.0, 999.0, 999.0, 999.0, 475.0, 725.0, 0.0, 722.0], [10.989190101623535, -31.3846378326416, -155.83978271484375], [-0.2258758544921875, 0.2439727783203125, 0.146484375, 0.9316558837890625], [-8.762102127075195, 21.652202606201172, -99.05482482910156], [0.646575927734375, 0.0937652587890625, 0.1786346435546875, -0.7356719970703125]
1142020, 1146.819580078125, [1000.0, 145.0, 412.0, 118.0, 354.0, 379.0, 273.0, 596.0, 130.0, 1000.0, 220.0, 750.0, 0.0, 1000.0, 727.0, 999.0, 999.0, 999.0, 999.0, 467.0, 756.0, 0.0, 708.0], [10.553459167480469, -33.6691780090332, -156.43667602539062], [-0.220672607421875, 0.2643280029296875, 0.145050048828125, 0.92755126953125], [-10.961153030395508, 21.352806091308594, -100.56523132324219], [0.638671875, 0.081878662109375, 0.190032958984375, -0.741119384765625]
1142070, 1146.8692626953125, [1000.0, 147.0, 409.0, 118.0, 632.0, 352.0, 341.0, 569.0, 116.0, 1000.0, 241.0, 750.0, 0.0, 666.0, 334.0, 999.0, 999.0, 999.0, 999.0, 458.0, 788.0, 0.0, 690.0], [10.787479400634766, -35.07965850830078, -157.95462036132812], [-0.2093048095703125, 0.2773590087890625, 0.1453399658203125, 0.9263458251953125], [-12.145366668701172, 20.544599533081055, -102.26238250732422], [0.628692626953125, 0.0727386474609375, 0.19232177734375, -0.7499542236328125]
1142120, 1146.9195556640625, [1000.0, 147.0, 408.0, 117.0, 759.0, 325.0, 427.0, 543.0, 107.0, 1000.0, 251.0, 750.0, 0.0, 1000.0, 187.0, 999.0, 674.0, 999.0, 999.0, 449.0, 809.0, 0.0, 716.0], [10.419811248779297, -36.4949836730957, -159.78717041015625], [-0.1939544677734375, 0.2918548583984375, 0.139617919921875, 0.926116943359375], [-13.877699851989746, 20.25068473815918, -104.91459655761719], [0.6123046875, 0.0659027099609375, 0.2006378173828125, -0.7618865966796875]
1142180, 1146.9794921875, [1000.0, 146.0, 446.0, 117.0, 869.0, 279.0, 739.0, 453.0, 101.0, 1000.0, 239.0, 750.0, 0.0, 666.0, 137.0, 999.0, 575.0, 999.0, 999.0, 439.0, 824.0, 0.0, 642.0], [8.60251235961914, -38.93989181518555, -161.20265197753906], [-0.178192138671875, 0.3163604736328125, 0.1240386962890625, 0.9234466552734375], [-17.600353240966797, 19.81477165222168, -108.98196411132812], [0.58685302734375, 0.050872802734375, 0.221435546875, -0.7771453857421875]
1142230, 1147.0294189453125, [1000.0, 143.0, 542.0, 113.0, 941.0, 222.0, 882.0, 385.0, 97.0, 1000.0, 215.0, 750.0, 0.0, 666.0, 115.0, 999.0, 795.0, 999.0, 999.0, 431.0, 833.0, 0.0, 587.0], [5.9323601722717285, -41.64371871948242, -161.64828491210938], [-0.1670074462890625, 0.3427276611328125, 0.1043548583984375, 0.918548583984375], [-21.160078048706055, 19.37520980834961, -112.06863403320312], [0.566986083984375, 0.03607177734375, 0.242523193359375, -0.786376953125]
1142290, 1147.089599609375, [1000.0, 140.0, 895.0, 97.0, 991.0, 179.0, 968.0, 304.0, 337.0, 1000.0, 188.0, 750.0, 0.0, 666.0, 103.0, 999.0, 999.0, 999.0, 999.0, 420.0, 823.0, 0.0, 510.0], [3.81215500831604, -43.37984085083008, -161.55955505371094], [-0.1609344482421875, 0.359649658203125, 0.089691162109375, 0.914703369140625], [-23.337461471557617, 19.00065040588379, -113.82715606689453], [0.5552520751953125, 0.0265350341796875, 0.25537109375, -0.791046142578125]
1142340, 1147.1395263671875, [1000.0, 138.0, 947.0, 88.0, 1000.0, 158.0, 992.0, 271.0, 781.0, 1000.0, 172.0, 750.0, 0.0, 666.0, 132.0, 999.0, 999.0, 999.0, 999.0, 413.0, 825.0, 0.0, 483.0], [3.097622871398926, -42.2044677734375, -160.85409545898438], [-0.1646881103515625, 0.3506927490234375, 0.084716796875, 0.9179840087890625], [-30.392230987548828, 14.893749237060547, -115.579345703125], [0.538787841796875, -0.03271484375, 0.2865753173828125, -0.79150390625]
1142390, 1147.1895751953125, [1000.0, 135.0, 986.0, 86.0, 1000.0, 152.0, 1000.0, 254.0, 912.0, 1000.0, 153.0, 750.0, 0.0, 666.0, 182.0, 999.0, 745.0, 999.0, 999.0, 405.0, 824.0, 0.0, 462.0], [-1.4379987716674805, -40.09471893310547, -156.9557647705078], [-0.18341064453125, 0.3382110595703125, 0.056915283203125, 0.9212493896484375], [-32.87766647338867, 15.795914649963379, -114.24134063720703], [0.5483856201171875, -0.0414886474609375, 0.30694580078125, -0.7767181396484375]
1142450, 1147.24951171875, [1000.0, 136.0, 1000.0, 86.0, 1000.0, 172.0, 1000.0, 246.0, 946.0, 1000.0, 156.0, 750.0, 0.0, 666.0, 237.0, 999.0, 910.0, 999.0, 999.0, 391.0, 820.0, 0.0, 623.0], [-1.1019068956375122, -32.7081298828125, -155.318359375], [-0.202423095703125, 0.2770233154296875, 0.0511627197265625, 0.937896728515625], [-28.596038818359375, 18.28900909423828, -111.41376495361328], [0.5714569091796875, -0.0101470947265625, 0.2882080078125, -0.768280029296875]
1142500, 1147.2998046875, [1000.0, 147.0, 1000.0, 96.0, 1000.0, 204.0, 983.0, 585.0, 839.0, 1000.0, 449.0, 750.0, 0.0, 666.0, 525.0, 999.0, 999.0, 999.0, 999.0, 384.0, 809.0, 0.0, 744.0], [-5.867609977722168, -26.639751434326172, -151.4412841796875], [-0.228271484375, 0.235260009765625, 0.00848388671875, 0.9447021484375], [-30.567941665649414, 19.908052444458008, -110.6133804321289], [0.5782470703125, -0.01068115234375, 0.308380126953125, -0.7552490234375]
1142560, 1147.3594970703125, [1000.0, 156.0, 1000.0, 106.0, 921.0, 497.0, 896.0, 866.0, 408.0, 1000.0, 847.0, 750.0, 0.0, 1000.0, 360.0, 999.0, 999.0, 999.0, 999.0, 379.0, 778.0, 0.0, 819.0], [-11.114919662475586, -24.1611270904541, -147.89993286132812], [-0.249603271484375, 0.2263641357421875, -0.033416748046875, 0.94091796875], [-34.91626739501953, 20.72671890258789, -111.44332885742188], [0.573089599609375, -0.0244140625, 0.3404998779296875, -0.7449798583984375]
1142610, 1147.4097900390625, [1000.0, 159.0, 1000.0, 113.0, 744.0, 752.0, 593.0, 949.0, 297.0, 1000.0, 919.0, 750.0, 0.0, 666.0, 308.0, 999.0, 999.0, 999.0, 999.0, 378.0, 750.0, 0.0, 882.0], [-14.03700065612793, -23.759347915649414, -146.15176391601562], [-0.2586669921875, 0.2302703857421875, -0.0549163818359375, 0.936492919921875], [-44.093074798583984, 20.806232452392578, -114.36837768554688], [0.5510101318359375, -0.059417724609375, 0.400970458984375, -0.7294158935546875]
1142660, 1147.459716796875, [1000.0, 161.0, 1000.0, 122.0, 655.0, 807.0, 480.0, 984.0, 210.0, 1000.0, 934.0, 750.0, 0.0, 666.0, 173.0, 999.0, 846.0, 999.0, 999.0, 379.0, 727.0, 0.0, 894.0], [-22.05396842956543, -24.92942237854004, -142.827392578125], [-0.2663421630859375, 0.2603302001953125, -0.1094970703125, 0.92156982421875], [-53.24887466430664, 20.331100463867188, -117.72428131103516], [0.522705078125, -0.093048095703125, 0.459136962890625, -0.712249755859375]
1142720, 1147.51953125, [1000.0, 163.0, 997.0, 135.0, 613.0, 801.0, 426.0, 966.0, 164.0, 1000.0, 937.0, 750.0, 0.0, 666.0, 119.0, 999.0, 368.0, 999.0, 999.0, 381.0, 719.0, 0.0, 873.0], [-36.488792419433594, -26.858463287353516, -137.9029998779297], [-0.263916015625, 0.315216064453125, -0.2049713134765625, 0.8882293701171875], [-68.00093078613281, 18.504419326782227, -123.05510711669922], [0.4691162109375, -0.1459503173828125, 0.5487060546875, -0.6764068603515625]
1142770, 1147.5697021484375, [1000.0, 164.0, 984.0, 152.0, 592.0, 799.0, 403.0, 962.0, 140.0, 1000.0, 942.0, 750.0, 0.0, 666.0, 113.0, 999.0, 340.0, 998.0, 999.0, 383.0, 718.0, 0.0, 874.0], [-50.73839569091797, -25.3584041595459, -132.47349548339844], [-0.2691497802734375, 0.349945068359375, -0.302642822265625, 0.8446807861328125], [-79.05008697509766, 17.795948028564453, -126.91633605957031], [0.4285888671875, -0.174224853515625, 0.6157989501953125, -0.63775634765625]
1142830, 1147.6297607421875, [1000.0, 166.0, 972.0, 156.0, 544.0, 768.0, 386.0, 941.0, 113.0, 1000.0, 948.0, 750.0, 0.0, 1000.0, 136.0, 999.0, 439.0, 998.0, 999.0, 385.0, 711.0, 0.0, 857.0], [-69.58798217773438, -21.51529312133789, -125.25161743164062], [-0.2763671875, 0.3938751220703125, -0.427337646484375, 0.7653961181640625], [-94.94834899902344, 17.291383743286133, -131.60658264160156], [0.37493896484375, -0.2059478759765625, 0.7062225341796875, -0.564117431640625]
1142880, 1147.6795654296875, [1000.0, 167.0, 968.0, 156.0, 530.0, 752.0, 378.0, 931.0, 102.0, 1000.0, 948.0, 750.0, 0.0, 1000.0, 167.0, 999.0, 632.0, 999.0, 999.0, 386.0, 705.0, 0.0, 852.0], [-85.55272674560547, -18.339664459228516, -119.79948425292969], [-0.269775390625, 0.43743896484375, -0.5213775634765625, 0.681182861328125], [-104.71424102783203, 17.2812442779541, -134.51011657714844], [0.3431549072265625, -0.218048095703125, 0.7574310302734375, -0.5108489990234375]
1142930, 1147.7294921875, [1000.0, 168.0, 960.0, 154.0, 487.0, 734.0, 339.0, 896.0, 93.0, 1000.0, 946.0, 750.0, 0.0, 666.0, 187.0, 999.0, 681.0, 999.0, 999.0, 387.0, 695.0, 0.0, 836.0], [-90.37815856933594, -15.798846244812012, -118.2537841796875], [-0.2745208740234375, 0.4437103271484375, -0.5534210205078125, 0.6491851806640625], [-109.25775909423828, 18.002016067504883, -136.05812072753906], [0.33221435546875, -0.2173309326171875, 0.78076171875, -0.48248291015625]
1142990, 1147.78955078125, [1000.0, 169.0, 940.0, 158.0, 453.0, 739.0, 285.0, 870.0, 86.0, 1000.0, 937.0, 750.0, 0.0, 666.0, 188.0, 999.0, 632.0, 998.0, 999.0, 386.0, 684.0, 0.0, 826.0], [-91.29712677001953, -10.548738479614258, -116.787841796875], [-0.3088226318359375, 0.427886962890625, -0.5727386474609375, 0.627288818359375], [-110.22183990478516, 19.590662002563477, -136.3641815185547], [0.3390350341796875, -0.2100677490234375, 0.78656005859375, -0.471405029296875]
1143040, 1147.839599609375, [1000.0, 170.0, 931.0, 161.0, 425.0, 723.0, 279.0, 857.0, 82.0, 1000.0, 927.0, 750.0, 0.0, 666.0, 194.0, 999.0, 577.0, 999.0, 999.0, 386.0, 682.0, 0.0, 815.0], [-90.66421508789062, -5.409875392913818, -115.84658813476562], [-0.3444671630859375, 0.405364990234375, -0.584320068359375, 0.612823486328125], [-110.83788299560547, 21.39426612854004, -136.56842041015625], [0.34832763671875, -0.2014617919921875, 0.7905731201171875, -0.461578369140625]
1143090, 1147.889404296875, [1000.0, 170.0, 924.0, 165.0, 398.0, 713.0, 273.0, 845.0, 78.0, 1000.0, 922.0, 750.0, 0.0, 666.0, 185.0, 999.0, 558.0, 999.0, 999.0, 385.0, 672.0, 0.0, 800.0], [-94.2363510131836, -2.285989999771118, -114.23121643066406], [-0.35711669921875, 0.4091644287109375, -0.60784912109375, 0.5792694091796875], [-112.49848175048828, 23.3455810546875, -136.5943603515625], [0.3574981689453125, -0.1966705322265625, 0.7981109619140625, -0.4433135986328125]
1143150, 1147.94970703125, [1000.0, 170.0, 894.0, 169.0, 383.0, 700.0, 271.0, 838.0, 75.0, 1000.0, 915.0, 750.0, 0.0, 666.0, 187.0, 999.0, 585.0, 999.0, 999.0, 385.0, 669.0, 0.0, 792.0], [-96.26962280273438, 3.8623807430267334, -112.88886260986328], [-0.38958740234375, 0.3926544189453125, -0.6326751708984375, 0.541961669921875], [-114.90611267089844, 25.446491241455078, -136.94522094726562], [0.365264892578125, -0.191497802734375, 0.8083648681640625, -0.4200439453125]
1143200, 1147.999755859375, [1000.0, 170.0, 878.0, 171.0, 374.0, 693.0, 264.0, 832.0, 72.0, 1000.0, 912.0, 750.0, 0.0, 666.0, 185.0, 999.0, 641.0, 999.0, 999.0, 383.0, 660.0, 0.0, 784.0], [-97.7741470336914, 5.838329315185547, -112.62525177001953], [-0.3961639404296875, 0.3894805908203125, -0.6446533203125, 0.5251312255859375], [-116.77796173095703, 27.081449508666992, -137.25607299804688], [0.3713836669921875, -0.18743896484375, 0.81573486328125, -0.4018707275390625]
1143260, 1148.059814453125, [1000.0, 170.0, 865.0, 172.0, 362.0, 687.0, 258.0, 828.0, 70.0, 1000.0, 910.0, 750.0, 0.0, 666.0, 189.0, 999.0, 688.0, 999.0, 999.0, 381.0, 654.0, 0.0, 779.0], [-97.51231384277344, 7.875747203826904, -113.20179748535156], [-0.4051513671875, 0.3751220703125, -0.6511688232421875, 0.520660400390625], [-113.7997817993164, 32.87189865112305, -135.45445251464844], [0.4178619384765625, -0.1615447998046875, 0.802093505859375, -0.394866943359375]
1143310, 1148.1094970703125, [1000.0, 170.0, 858.0, 174.0, 357.0, 685.0, 253.0, 821.0, 68.0, 1000.0, 904.0, 750.0, 0.0, 666.0, 196.0, 999.0, 744.0, 999.0, 999.0, 378.0, 647.0, 0.0, 774.0], [-95.43162536621094, 8.57426643371582, -113.21600341796875], [-0.4154205322265625, 0.3640289306640625, -0.6436309814453125, 0.52972412109375], [-113.67851257324219, 33.16142654418945, -135.5037841796875], [0.419586181640625, -0.1593017578125, 0.8016815185546875, -0.3947601318359375]
1143360, 1148.1595458984375, [1000.0, 170.0, 844.0, 179.0, 345.0, 690.0, 247.0, 820.0, 65.0, 1000.0, 902.0, 750.0, 0.0, 1000.0, 198.0, 999.0, 739.0, 999.0, 999.0, 376.0, 644.0, 0.0, 769.0], [-93.62808990478516, 7.709561347961426, -113.92938995361328], [-0.413330078125, 0.3580169677734375, -0.63494873046875, 0.5457000732421875], [-111.60344696044922, 33.10263442993164, -134.7839813232422], [0.42462158203125, -0.1569671630859375, 0.7934417724609375, -0.4067840576171875]
1143420, 1148.2196044921875, [1000.0, 171.0, 836.0, 184.0, 336.0, 689.0, 241.0, 820.0, 63.0, 1000.0, 897.0, 750.0, 0.0, 666.0, 189.0, 999.0, 671.0, 991.0, 999.0, 374.0, 643.0, 0.0, 765.0], [-96.22216796875, 8.371659278869629, -114.20410919189453], [-0.4073028564453125, 0.362335205078125, -0.6498565673828125, 0.52960205078125], [-112.9759292602539, 31.803224563598633, -134.96974182128906], [0.4143524169921875, -0.1673126220703125, 0.7986602783203125, -0.4030303955078125]
1143470, 1148.26953125, [1000.0, 171.0, 831.0, 186.0, 332.0, 681.0, 237.0, 818.0, 61.0, 1000.0, 895.0, 750.0, 0.0, 666.0, 177.0, 999.0, 631.0, 990.0, 999.0, 374.0, 641.0, 0.0, 761.0], [-97.69841003417969, 8.193310737609863, -114.13790893554688], [-0.4019622802734375, 0.36883544921875, -0.6559295654296875, 0.5216522216796875], [-113.75395965576172, 31.279367446899414, -135.09567260742188], [0.4096221923828125, -0.1718597412109375, 0.801605224609375, -0.40008544921875]
1143530, 1148.32958984375, [1000.0, 172.0, 829.0, 188.0, 330.0, 678.0, 234.0, 813.0, 60.0, 1000.0, 893.0, 750.0, 0.0, 666.0, 183.0, 999.0, 608.0, 988.0, 999.0, 373.0, 639.0, 0.0, 760.0], [-96.50730895996094, 8.357651710510254, -114.3325424194336], [-0.405731201171875, 0.3626861572265625, -0.6515350341796875, 0.5284881591796875], [-112.78400421142578, 32.4268913269043, -134.77415466308594], [0.4190216064453125, -0.164825439453125, 0.7976531982421875, -0.401214599609375]
1143580, 1148.3795166015625, [1000.0, 172.0, 828.0, 189.0, 328.0, 677.0, 232.0, 812.0, 59.0, 1000.0, 891.0, 750.0, 0.0, 666.0, 177.0, 999.0, 584.0, 988.0, 999.0, 373.0, 638.0, 0.0, 758.0], [-96.99757385253906, 9.630854606628418, -114.17650604248047], [-0.4115447998046875, 0.358795166015625, -0.65673828125, 0.5201568603515625], [-113.12488555908203, 29.946704864501953, -134.97959899902344], [0.4029693603515625, -0.1771087646484375, 0.799224853515625, -0.409210205078125]
1143630, 1148.4395751953125, [1000.0, 172.0, 827.0, 190.0, 327.0, 675.0, 231.0, 811.0, 58.0, 1000.0, 889.0, 750.0, 0.0, 666.0, 194.0, 999.0, 590.0, 987.0, 999.0, 372.0, 636.0, 0.0, 756.0], [-97.29708099365234, 8.499346733093262, -114.1207046508789], [-0.404937744140625, 0.365966796875, -0.654876708984375, 0.5226898193359375], [-112.85440063476562, 29.67131805419922, -134.71954345703125], [0.4026641845703125, -0.179351806640625, 0.7978363037109375, -0.4112396240234375]
1143690, 1148.489501953125, [1000.0, 173.0, 828.0, 191.0, 326.0, 673.0, 229.0, 809.0, 57.0, 1000.0, 886.0, 750.0, 0.0, 1000.0, 204.0, 999.0, 617.0, 989.0, 999.0, 371.0, 636.0, 0.0, 755.0], [-96.66568756103516, 7.731761932373047, -114.00312805175781], [-0.403472900390625, 0.368316650390625, -0.6494903564453125, 0.5288543701171875], [-112.60797119140625, 29.28583526611328, -134.6961669921875], [0.40081787109375, -0.1805877685546875, 0.796875, -0.4143524169921875]
1143740, 1148.539794921875, [1000.0, 173.0, 830.0, 192.0, 325.0, 669.0, 228.0, 808.0, 56.0, 1000.0, 885.0, 750.0, 0.0, 666.0, 210.0, 999.0, 655.0, 999.0, 999.0, 370.0, 636.0, 0.0, 754.0], [-96.26453399658203, 7.722644329071045, -114.07988739013672], [-0.40435791015625, 0.36651611328125, -0.647857666015625, 0.53143310546875], [-111.95843505859375, 29.498626708984375, -134.4789276123047], [0.403900146484375, -0.178741455078125, 0.7942047119140625, -0.4172821044921875]
1143800, 1148.5994873046875, [1000.0, 174.0, 832.0, 193.0, 326.0, 663.0, 226.0, 805.0, 55.0, 1000.0, 880.0, 750.0, 0.0, 666.0, 229.0, 999.0, 647.0, 999.0, 999.0, 370.0, 637.0, 0.0, 751.0], [-96.33658599853516, 7.3172173500061035, -114.07268524169922], [-0.40203857421875, 0.3688812255859375, -0.64703369140625, 0.532562255859375], [-111.60452270507812, 29.275890350341797, -134.13783264160156], [0.4043731689453125, -0.1809844970703125, 0.7923431396484375, -0.4193878173828125]
1143830, 1148.649658203125, [1000.0, 174.0, 833.0, 193.0, 325.0, 660.0, 225.0, 805.0, 54.0, 1000.0, 878.0, 750.0, 0.0, 666.0, 226.0, 999.0, 641.0, 999.0, 999.0, 370.0, 637.0, 0.0, 749.0], [-96.13555908203125, 7.263505935668945, -114.06916046142578], [-0.4024200439453125, 0.36846923828125, -0.64593505859375, 0.5338897705078125], [-111.3610610961914, 29.472089767456055, -134.0233154296875], [0.406341552734375, -0.1799163818359375, 0.7913055419921875, -0.4199066162109375]
1143850, 1148.6595458984375, [1000.0, 174.0, 833.0, 193.0, 325.0, 659.0, 224.0, 805.0, 54.0, 1000.0, 878.0, 750.0, 0.0, 666.0, 225.0, 999.0, 644.0, 999.0, 999.0, 369.0, 637.0, 0.0, 748.0], [-95.88172149658203, 7.275643825531006, -114.06729125976562], [-0.4033050537109375, 0.367523193359375, -0.644775390625, 0.5352630615234375], [-111.43108367919922, 29.796001434326172, -134.100830078125], [0.407867431640625, -0.177978515625, 0.7917327880859375, -0.4184417724609375]
1143900, 1148.70947265625, [1000.0, 175.0, 833.0, 194.0, 324.0, 657.0, 223.0, 803.0, 53.0, 1000.0, 876.0, 750.0, 0.0, 666.0, 225.0, 999.0, 641.0, 999.0, 999.0, 369.0, 637.0, 0.0, 748.0], [-95.70160675048828, 7.488122463226318, -114.02896881103516], [-0.4051666259765625, 0.3660125732421875, -0.6444091796875, 0.5353240966796875], [-112.4527359008789, 29.843347549438477, -134.6550750732422], [0.4045562744140625, -0.177520751953125, 0.7963104248046875, -0.41314697265625]
1143960, 1148.7593994140625, [1000.0, 175.0, 834.0, 195.0, 323.0, 655.0, 222.0, 802.0, 53.0, 1000.0, 875.0, 750.0, 0.0, 666.0, 228.0, 999.0, 641.0, 999.0, 999.0, 368.0, 637.0, 0.0, 746.0], [-95.65886688232422, 7.538325309753418, -114.07890319824219], [-0.40533447265625, 0.365325927734375, -0.6445159912109375, 0.535552978515625], [-112.10411834716797, 30.0648250579834, -134.69178771972656], [0.406280517578125, -0.1749114990234375, 0.7951202392578125, -0.4148406982421875]
1144010, 1148.819580078125, [1000.0, 176.0, 833.0, 195.0, 322.0, 653.0, 221.0, 801.0, 52.0, 1000.0, 873.0, 750.0, 0.0, 1000.0, 238.0, 999.0, 677.0, 999.0, 999.0, 368.0, 636.0, 0.0, 745.0], [-95.6363754272461, 7.6255059242248535, -114.15884399414062], [-0.405487060546875, 0.364349365234375, -0.6449127197265625, 0.5356292724609375], [-111.69115447998047, 29.427715301513672, -134.7982177734375], [0.4027252197265625, -0.1759490966796875, 0.7937164306640625, -0.4205322265625]
1144070, 1148.869384765625, [1000.0, 177.0, 830.0, 196.0, 323.0, 650.0, 219.0, 799.0, 51.0, 1000.0, 872.0, 750.0, 0.0, 666.0, 226.0, 999.0, 649.0, 999.0, 999.0, 367.0, 636.0, 0.0, 743.0], [-95.81999969482422, 7.542415618896484, -114.14627075195312], [-0.4045257568359375, 0.3654937744140625, -0.6454925537109375, 0.5348663330078125], [-112.7101058959961, 30.039487838745117, -135.62530517578125], [0.4018402099609375, -0.170684814453125, 0.7987213134765625, -0.4140167236328125]
1144120, 1148.9295654296875, [1000.0, 177.0, 830.0, 196.0, 322.0, 648.0, 218.0, 798.0, 50.0, 1000.0, 871.0, 1000.0, 0.0, 666.0, 219.0, 999.0, 636.0, 999.0, 999.0, 366.0, 635.0, 0.0, 741.0], [-96.06439971923828, 7.164999008178711, -114.17045593261719], [-0.4016571044921875, 0.3681488037109375, -0.6456451416015625, 0.5350189208984375], [-113.5593032836914, 30.06372833251953, -136.09603881835938], [0.3990325927734375, -0.1702423095703125, 0.8024749755859375, -0.409637451171875]
1144170, 1148.979736328125, [1000.0, 177.0, 830.0, 196.0, 321.0, 647.0, 217.0, 797.0, 49.0, 1000.0, 870.0, 750.0, 0.0, 666.0, 218.0, 999.0, 621.0, 999.0, 999.0, 366.0, 635.0, 0.0, 740.0], [-96.03970336914062, 7.2360005378723145, -114.18576049804688], [-0.40203857421875, 0.36761474609375, -0.645782470703125, 0.534942626953125], [-113.10768127441406, 29.929149627685547, -135.92361450195312], [0.399505615234375, -0.1705474853515625, 0.80059814453125, -0.4127044677734375]
1144230, 1149.0400390625, [1000.0, 178.0, 829.0, 196.0, 321.0, 645.0, 217.0, 796.0, 49.0, 1000.0, 869.0, 750.0, 0.0, 1000.0, 221.0, 999.0, 617.0, 999.0, 999.0, 365.0, 634.0, 0.0, 739.0], [-96.01045227050781, 7.237209320068359, -114.17466735839844], [-0.402191162109375, 0.3675689697265625, -0.6456146240234375, 0.535064697265625], [-112.51222229003906, 29.414480209350586, -135.67352294921875], [0.398193359375, -0.1728057861328125, 0.7980499267578125, -0.417938232421875]
1144280, 1149.089599609375, [1000.0, 178.0, 830.0, 196.0, 320.0, 645.0, 216.0, 796.0, 48.0, 1000.0, 868.0, 750.0, 0.0, 666.0, 223.0, 999.0, 613.0, 999.0, 999.0, 365.0, 634.0, 0.0, 738.0], [-95.92790222167969, 7.140070915222168, -114.11920166015625], [-0.4022064208984375, 0.3680877685546875, -0.644775390625, 0.53570556640625], [-111.9117660522461, 29.035017013549805, -135.37237548828125], [0.397918701171875, -0.1747283935546875, 0.79534912109375, -0.4225006103515625]
1144330, 1149.1395263671875, [1000.0, 178.0, 831.0, 197.0, 319.0, 644.0, 215.0, 795.0, 48.0, 1000.0, 868.0, 750.0, 0.0, 666.0, 225.0, 999.0, 610.0, 999.0, 999.0, 365.0, 634.0, 0.0, 737.0], [-95.61894989013672, 6.996074676513672, -114.09496307373047], [-0.402557373046875, 0.3678741455078125, -0.6428375244140625, 0.53790283203125], [-111.7916488647461, 29.072418212890625, -135.24758911132812], [0.3987884521484375, -0.17498779296875, 0.7947235107421875, -0.422760009765625]
1144390, 1149.1995849609375, [1000.0, 179.0, 831.0, 197.0, 318.0, 643.0, 214.0, 795.0, 48.0, 1000.0, 867.0, 750.0, 0.0, 1000.0, 224.0, 999.0, 606.0, 999.0, 999.0, 364.0, 633.0, 0.0, 737.0], [-95.29281616210938, 6.760621070861816, -113.9887924194336], [-0.4028778076171875, 0.3685302734375, -0.640289306640625, 0.540252685546875], [-110.95771789550781, 29.812938690185547, -134.80149841308594], [0.4061126708984375, -0.1713714599609375, 0.7910614013671875, -0.42413330078125]
1144440, 1149.2498779296875, [1000.0, 179.0, 830.0, 197.0, 318.0, 642.0, 213.0, 794.0, 47.0, 1000.0, 866.0, 750.0, 0.0, 666.0, 225.0, 999.0, 612.0, 999.0, 999.0, 364.0, 632.0, 0.0, 736.0], [-94.88255310058594, 6.735161781311035, -113.88416290283203], [-0.4045562744140625, 0.3677978515625, -0.637939453125, 0.542266845703125], [-110.36100006103516, 29.202926635742188, -134.5290985107422], [0.4044189453125, -0.1742706298828125, 0.788330078125, -0.42962646484375]
