1119640, 1124.33935546875, [1000.0, 160.0, 490.0, 116.0, 217.0, 195.0, 148.0, 198.0, 59.0, 1000.0, 135.0, 750.0, 0.0, 666.0, 851.0, 999.0, 999.0, 999.0, 999.0, 507.0, 737.0, 0.0, 214.0], [-18.280202865600586, -2.142761707305908, -147.80918884277344], [-0.27081298828125, 0.061767578125, -0.1474761962890625, 0.949249267578125], [-29.176658630371094, 15.502716064453125, -84.9910659790039], [0.72998046875, -0.0958404541015625, 0.26483154296875, -0.6227264404296875]
1119700, 1124.399658203125, [1000.0, 159.0, 488.0, 115.0, 217.0, 195.0, 147.0, 196.0, 59.0, 1000.0, 134.0, 750.0, 0.0, 666.0, 850.0, 999.0, 999.0, 999.0, 999.0, 507.0, 736.0, 0.0, 212.0], [-18.301305770874023, -2.2128400802612305, -147.65806579589844], [-0.2719573974609375, 0.062591552734375, -0.14739990234375, 0.948883056640625], [-29.242996215820312, 15.382055282592773, -85.00464630126953], [0.729766845703125, -0.0969390869140625, 0.2644805908203125, -0.6229400634765625]
1119750, 1124.449462890625, [1000.0, 159.0, 487.0, 115.0, 216.0, 194.0, 146.0, 195.0, 59.0, 1000.0, 133.0, 750.0, 0.0, 666.0, 851.0, 999.0, 999.0, 999.0, 999.0, 507.0, 736.0, 0.0, 211.0], [-18.282989501953125, -2.3771584033966064, -147.5524139404297], [-0.272613525390625, 0.0640411376953125, -0.14678955078125, 0.9486846923828125], [-29.244600296020508, 15.157278060913086, -85.04570007324219], [0.729400634765625, -0.098175048828125, 0.26318359375, -0.6237335205078125]
1119800, 1124.49951171875, [1000.0, 159.0, 487.0, 114.0, 215.0, 193.0, 145.0, 194.0, 58.0, 1000.0, 132.0, 750.0, 0.0, 666.0, 850.0, 999.0, 999.0, 999.0, 999.0, 507.0, 735.0, 0.0, 209.0], [-18.29721450805664, -2.4957845211029053, -147.47483825683594], [-0.2730865478515625, 0.065155029296875, -0.146575927734375, 0.948516845703125], [-29.156543731689453, 14.981976509094238, -85.06395721435547], [0.7292633056640625, -0.098602294921875, 0.2616729736328125, -0.6244659423828125]
1119860, 1124.5594482421875, [1000.0, 159.0, 486.0, 114.0, 214.0, 192.0, 144.0, 193.0, 58.0, 1000.0, 131.0, 750.0, 0.0, 666.0, 843.0, 999.0, 999.0, 999.0, 999.0, 507.0, 736.0, 0.0, 207.0], [-18.29141616821289, -2.5085363388061523, -147.4269256591797], [-0.273468017578125, 0.0653076171875, -0.1464691162109375, 0.9484100341796875], [-28.895788192749023, 14.6599760055542, -85.03772735595703], [0.7294158935546875, -0.0988922119140625, 0.25830078125, -0.625640869140625]
1119910, 1124.6094970703125, [1000.0, 158.0, 486.0, 113.0, 213.0, 192.0, 144.0, 192.0, 57.0, 1000.0, 130.0, 750.0, 0.0, 1000.0, 848.0, 999.0, 999.0, 999.0, 999.0, 507.0, 735.0, 0.0, 206.0], [-18.227251052856445, -2.4284846782684326, -147.39866638183594], [-0.2738494873046875, 0.0645294189453125, -0.1461181640625, 0.9484100341796875], [-28.760087966918945, 14.382102012634277, -85.01268005371094], [0.7294921875, -0.0997161865234375, 0.2558746337890625, -0.626434326171875]
1119970, 1124.6695556640625, [1000.0, 158.0, 486.0, 113.0, 212.0, 191.0, 142.0, 191.0, 57.0, 1000.0, 129.0, 750.0, 0.0, 666.0, 846.0, 999.0, 999.0, 999.0, 999.0, 507.0, 734.0, 0.0, 204.0], [-18.080434799194336, -2.4462344646453857, -147.3577423095703], [-0.2742462158203125, 0.0643768310546875, -0.14483642578125, 0.9485015869140625], [-28.62862777709961, 14.519173622131348, -84.96720123291016], [0.7299346923828125, -0.098175048828125, 0.2559356689453125, -0.6261138916015625]
1120020, 1124.719482421875, [1000.0, 158.0, 482.0, 113.0, 211.0, 191.0, 142.0, 190.0, 56.0, 1000.0, 128.0, 750.0, 0.0, 666.0, 847.0, 999.0, 999.0, 999.0, 999.0, 507.0, 733.0, 0.0, 203.0], [-17.943151473999023, -2.5004727840423584, -147.28244018554688], [-0.274871826171875, 0.0645904541015625, -0.143524169921875, 0.9485015869140625], [-28.650390625, 14.506874084472656, -84.9318618774414], [0.7301025390625, -0.0984649658203125, 0.255950927734375, -0.6258697509765625]
1120070, 1124.7694091796875, [1000.0, 158.0, 481.0, 112.0, 211.0, 190.0, 141.0, 190.0, 56.0, 1000.0, 128.0, 750.0, 0.0, 1000.0, 844.0, 999.0, 999.0, 999.0, 999.0, 507.0, 733.0, 0.0, 202.0], [-17.76390838623047, -2.496777296066284, -147.19351196289062], [-0.2757110595703125, 0.064239501953125, -0.141998291015625, 0.9485015869140625], [-28.70002555847168, 14.317322731018066, -84.9288101196289], [0.729949951171875, -0.0998992919921875, 0.2550811767578125, -0.6261749267578125]
1120130, 1124.8294677734375, [1000.0, 158.0, 480.0, 112.0, 209.0, 189.0, 140.0, 189.0, 55.0, 1000.0, 126.0, 1000.0, 0.0, 666.0, 845.0, 999.0, 999.0, 999.0, 999.0, 507.0, 732.0, 0.0, 200.0], [-17.873531341552734, -2.605642080307007, -147.06149291992188], [-0.2765960693359375, 0.0655670166015625, -0.1425628662109375, 0.9480743408203125], [-28.604814529418945, 14.342073440551758, -84.89960479736328], [0.7302093505859375, -0.099212646484375, 0.2546844482421875, -0.6261444091796875]
1120180, 1124.87939453125, [1000.0, 157.0, 480.0, 111.0, 209.0, 188.0, 139.0, 188.0, 55.0, 1000.0, 125.0, 750.0, 0.0, 666.0, 845.0, 999.0, 999.0, 999.0, 999.0, 507.0, 732.0, 0.0, 199.0], [-17.89914894104004, -2.6309404373168945, -146.93551635742188], [-0.277587890625, 0.0659942626953125, -0.14263916015625, 0.9477386474609375], [-28.62974739074707, 14.277812957763672, -84.90701293945312], [0.7301025390625, -0.0997314453125, 0.2544403076171875, -0.62628173828125]
1120240, 1124.9393310546875, [1000.0, 157.0, 480.0, 111.0, 208.0, 187.0, 138.0, 187.0, 55.0, 1000.0, 125.0, 750.0, 0.0, 666.0, 846.0, 999.0, 999.0, 999.0, 999.0, 507.0, 732.0, 0.0, 197.0], [-17.838788986206055, -2.6577041149139404, -146.72511291503906], [-0.279327392578125, 0.0663299560546875, -0.1419525146484375, 0.9473114013671875], [-28.384763717651367, 14.227242469787598, -84.84600830078125], [0.730621337890625, -0.098602294921875, 0.25274658203125, -0.626556396484375]
1120290, 1124.9892578125, [1000.0, 157.0, 478.0, 111.0, 207.0, 187.0, 137.0, 186.0, 55.0, 1000.0, 124.0, 750.0, 0.0, 666.0, 858.0, 999.0, 999.0, 999.0, 999.0, 507.0, 732.0, 0.0, 196.0], [-17.794540405273438, -2.7416861057281494, -146.48202514648438], [-0.28125, 0.0672149658203125, -0.1412353515625, 0.9467926025390625], [-29.13037109375, 14.457719802856445, -84.99443817138672], [0.72930908203125, -0.1016693115234375, 0.258331298828125, -0.62530517578125]
1120340, 1125.039306640625, [1000.0, 157.0, 476.0, 111.0, 207.0, 185.0, 137.0, 185.0, 54.0, 1000.0, 123.0, 750.0, 0.0, 666.0, 851.0, 999.0, 999.0, 999.0, 999.0, 507.0, 731.0, 0.0, 194.0], [-17.9720401763916, -2.9890589714050293, -146.22508239746094], [-0.282928466796875, 0.07000732421875, -0.1419219970703125, 0.94598388671875], [-28.39917755126953, 14.335906028747559, -84.70317840576172], [0.7314605712890625, -0.0983734130859375, 0.25335693359375, -0.6253662109375]
1120400, 1125.0994873046875, [1000.0, 155.0, 473.0, 110.0, 206.0, 183.0, 135.0, 182.0, 53.0, 1000.0, 122.0, 750.0, 0.0, 1000.0, 871.0, 999.0, 999.0, 999.0, 999.0, 508.0, 731.0, 0.0, 190.0], [-17.094539642333984, -3.4242234230041504, -145.84510803222656], [-0.2860260009765625, 0.071868896484375, -0.133331298828125, 0.9461669921875], [-26.200414657592773, 13.450212478637695, -83.947998046875], [0.7368621826171875, -0.091064453125, 0.2353363037109375, -0.627166748046875]
1120450, 1125.1494140625, [1000.0, 155.0, 472.0, 110.0, 205.0, 181.0, 135.0, 180.0, 53.0, 1000.0, 121.0, 750.0, 0.0, 666.0, 874.0, 999.0, 999.0, 999.0, 999.0, 507.0, 730.0, 0.0, 187.0], [-15.875761032104492, -3.935922145843506, -145.6856689453125], [-0.2874603271484375, 0.073211669921875, -0.1218414306640625, 0.947174072265625], [-27.12761878967285, 13.412798881530762, -84.01913452148438], [0.735687255859375, -0.0970916748046875, 0.240234375, -0.6257781982421875]
1120510, 1125.20947265625, [1000.0, 155.0, 470.0, 109.0, 205.0, 180.0, 133.0, 178.0, 53.0, 1000.0, 119.0, 750.0, 0.0, 666.0, 889.0, 999.0, 999.0, 999.0, 999.0, 507.0, 729.0, 0.0, 184.0], [-15.402835845947266, -4.398456573486328, -145.31265258789062], [-0.290283203125, 0.0762176513671875, -0.116485595703125, 0.946746826171875], [-26.51498031616211, 14.140166282653809, -83.79182434082031], [0.73785400390625, -0.0894012451171875, 0.24114990234375, -0.6240234375]
1120560, 1125.2593994140625, [1000.0, 154.0, 469.0, 110.0, 204.0, 181.0, 133.0, 177.0, 53.0, 1000.0, 118.0, 750.0, 0.0, 666.0, 900.0, 999.0, 999.0, 999.0, 999.0, 506.0, 730.0, 0.0, 183.0], [-15.255504608154297, -3.6290106773376465, -145.13461303710938], [-0.2927703857421875, 0.0696868896484375, -0.1171722412109375, 0.9463958740234375], [-23.93769645690918, 16.293895721435547, -83.0291976928711], [0.7445831298828125, -0.06182861328125, 0.2398681640625, -0.619842529296875]
1120610, 1125.3194580078125, [1000.0, 154.0, 471.0, 112.0, 204.0, 183.0, 131.0, 176.0, 55.0, 1000.0, 116.0, 750.0, 0.0, 666.0, 920.0, 999.0, 999.0, 999.0, 999.0, 503.0, 731.0, 0.0, 183.0], [-14.107614517211914, 0.07449653744697571, -146.31996154785156], [-0.2875823974609375, 0.0349578857421875, -0.1177215576171875, 0.9498443603515625], [-22.36615753173828, 17.833650588989258, -82.3627700805664], [0.74920654296875, -0.0440826416015625, 0.2406005859375, -0.615509033203125]
1120640, 1125.3697509765625, [1000.0, 154.0, 475.0, 116.0, 201.0, 197.0, 126.0, 175.0, 59.0, 1000.0, 115.0, 750.0, 0.0, 1000.0, 918.0, 999.0, 999.0, 999.0, 999.0, 498.0, 733.0, 0.0, 180.0], [-14.705103874206543, 2.2537500858306885, -147.20347595214844], [-0.2823486328125, 0.0174102783203125, -0.1282501220703125, 0.950531005859375], [-23.058536529541016, 19.070171356201172, -82.7456283569336], [0.7469940185546875, -0.0406341552734375, 0.2520751953125, -0.6138153076171875]
1120670, 1125.37939453125, [1000.0, 155.0, 485.0, 122.0, 201.0, 235.0, 127.0, 174.0, 64.0, 1000.0, 113.0, 750.0, 0.0, 1000.0, 911.0, 999.0, 999.0, 999.0, 999.0, 493.0, 733.0, 0.0, 181.0], [-15.60061264038086, 4.50651216506958, -147.9488067626953], [-0.2784271240234375, 0.0, -0.1410980224609375, 0.9500274658203125], [-22.545040130615234, 20.94809913635254, -82.28758239746094], [0.749603271484375, -0.0274505615234375, 0.2607269287109375, -0.6077423095703125]
1120720, 1125.429443359375, [1000.0, 154.0, 516.0, 135.0, 208.0, 288.0, 142.0, 173.0, 73.0, 1000.0, 110.0, 750.0, 0.0, 1000.0, 909.0, 999.0, 999.0, 999.0, 999.0, 486.0, 732.0, 0.0, 189.0], [-14.938396453857422, 12.232701301574707, -150.1250762939453], [-0.2675018310546875, -0.068756103515625, -0.1521148681640625, 0.948974609375], [-19.067537307739258, 23.21047592163086, -80.87263488769531], [0.756866455078125, 0.00518798828125, 0.2562255859375, -0.6011962890625]
1120770, 1125.4796142578125, [1000.0, 153.0, 526.0, 141.0, 215.0, 283.0, 203.0, 173.0, 91.0, 1000.0, 110.0, 750.0, 0.0, 1000.0, 902.0, 999.0, 999.0, 999.0, 999.0, 482.0, 735.0, 0.0, 198.0], [-13.323610305786133, 12.369335174560547, -152.1929473876953], [-0.2494049072265625, -0.0761566162109375, -0.137664794921875, 0.9555206298828125], [-16.429813385009766, 25.35948371887207, -79.724853515625], [0.7612762451171875, 0.0322418212890625, 0.256103515625, -0.594818115234375]
1120780, 1125.52978515625, [1000.0, 153.0, 527.0, 141.0, 215.0, 280.0, 230.0, 173.0, 98.0, 1000.0, 110.0, 750.0, 0.0, 1000.0, 903.0, 999.0, 999.0, 999.0, 999.0, 480.0, 736.0, 0.0, 199.0], [-13.081124305725098, 12.108999252319336, -152.68055725097656], [-0.2449798583984375, -0.0750732421875, -0.1348114013671875, 0.9571533203125], [-15.972216606140137, 25.702831268310547, -79.524169921875], [0.761932373046875, 0.0367584228515625, 0.255950927734375, -0.5937652587890625]
1120830, 1125.539306640625, [1000.0, 151.0, 523.0, 141.0, 224.0, 271.0, 417.0, 174.0, 180.0, 1000.0, 108.0, 750.0, 0.0, 666.0, 908.0, 999.0, 999.0, 999.0, 999.0, 475.0, 736.0, 0.0, 214.0], [-11.456221580505371, 10.011445999145508, -154.91651916503906], [-0.2237396240234375, -0.0631561279296875, -0.11590576171875, 0.9656524658203125], [-13.37010669708252, 26.817626953125, -78.74288177490234], [0.76397705078125, 0.058563232421875, 0.2498779296875, -0.59197998046875]
1120880, 1125.5897216796875, [1000.0, 150.0, 516.0, 141.0, 251.0, 269.0, 556.0, 176.0, 272.0, 1000.0, 106.0, 750.0, 0.0, 666.0, 905.0, 999.0, 999.0, 999.0, 999.0, 473.0, 728.0, 0.0, 229.0], [-9.708466529846191, 5.4224371910095215, -157.1243438720703], [-0.2012939453125, -0.0294342041015625, -0.092193603515625, 0.9747314453125], [-10.843903541564941, 27.370872497558594, -78.02735900878906], [0.765625, 0.076934814453125, 0.2407989501953125, -0.591522216796875]
1120890, 1125.6395263671875, [1000.0, 150.0, 515.0, 140.0, 257.0, 266.0, 568.0, 176.0, 283.0, 1000.0, 105.0, 750.0, 0.0, 666.0, 909.0, 999.0, 999.0, 999.0, 999.0, 473.0, 726.0, 0.0, 234.0], [-9.148998260498047, 4.009698867797852, -157.69729614257812], [-0.195404052734375, -0.018798828125, -0.0849456787109375, 0.9768524169921875], [-10.251490592956543, 27.37234115600586, -77.91822052001953], [0.765777587890625, 0.0806732177734375, 0.237823486328125, -0.5920257568359375]
1120940, 1125.6492919921875, [1000.0, 150.0, 506.0, 137.0, 279.0, 253.0, 588.0, 178.0, 316.0, 1000.0, 101.0, 750.0, 0.0, 666.0, 911.0, 999.0, 999.0, 999.0, 999.0, 481.0, 717.0, 0.0, 260.0], [-7.041742324829102, -2.600785255432129, -160.9755096435547], [-0.1635284423828125, 0.0324859619140625, -0.0568084716796875, 0.9843597412109375], [-7.6721601486206055, 26.833826065063477, -77.83454895019531], [0.764862060546875, 0.0948028564453125, 0.22100830078125, -0.59759521484375]
1120990, 1125.6995849609375, [1000.0, 148.0, 492.0, 134.0, 302.0, 245.0, 579.0, 185.0, 326.0, 1000.0, 94.0, 750.0, 0.0, 1000.0, 924.0, 999.0, 999.0, 999.0, 999.0, 488.0, 713.0, 0.0, 284.0], [-1.891764760017395, -11.9536714553833, -165.6607208251953], [-0.122406005859375, 0.1053466796875, -0.0032958984375, 0.9868621826171875], [-5.772887229919434, 25.655574798583984, -78.14250946044922], [0.7630615234375, 0.1016387939453125, 0.203094482421875, -0.6050872802734375]
1121040, 1125.7496337890625, [1000.0, 146.0, 482.0, 132.0, 335.0, 244.0, 596.0, 195.0, 338.0, 1000.0, 87.0, 750.0, 0.0, 666.0, 917.0, 999.0, 999.0, 999.0, 999.0, 485.0, 709.0, 0.0, 308.0], [3.870283842086792, -17.593454360961914, -168.8233642578125], [-0.101318359375, 0.14886474609375, 0.048095703125, 0.9824676513671875], [-3.7733447551727295, 24.279422760009766, -78.17964172363281], [0.7627410888671875, 0.1075439453125, 0.1834259033203125, -0.6107177734375]
1121100, 1125.8096923828125, [1000.0, 145.0, 479.0, 131.0, 505.0, 238.0, 647.0, 217.0, 374.0, 1000.0, 82.0, 750.0, 0.0, 1000.0, 919.0, 999.0, 999.0, 999.0, 999.0, 471.0, 714.0, 0.0, 333.0], [7.831001281738281, -20.767858505249023, -172.35182189941406], [-0.077728271484375, 0.1749420166015625, 0.079010009765625, 0.9783172607421875], [-7.587514400482178, 13.951216697692871, -79.62899017333984], [0.765899658203125, 0.0271453857421875, 0.1351318359375, -0.62799072265625]
1121150, 1125.859619140625, [1000.0, 143.0, 472.0, 131.0, 477.0, 283.0, 559.0, 310.0, 296.0, 1000.0, 86.0, 750.0, 0.0, 666.0, 759.0, 999.0, 999.0, 999.0, 999.0, 463.0, 724.0, 0.0, 523.0], [8.689851760864258, -22.86850357055664, -174.87306213378906], [-0.0587158203125, 0.19415283203125, 0.0830230712890625, 0.975677490234375], [-1.3997955322265625, 16.165069580078125, -78.2651138305664], [0.7689971923828125, 0.079345703125, 0.1166839599609375, -0.6234588623046875]
1121210, 1125.91943359375, [1000.0, 142.0, 460.0, 134.0, 431.0, 371.0, 446.0, 465.0, 217.0, 1000.0, 100.0, 750.0, 0.0, 1000.0, 515.0, 999.0, 999.0, 999.0, 999.0, 452.0, 756.0, 0.0, 691.0], [9.587844848632812, -25.213172912597656, -176.5703125], [-0.047332763671875, 0.2149505615234375, 0.0880279541015625, 0.9714813232421875], [-5.50441837310791, 21.379934310913086, -79.38941192626953], [0.7609100341796875, 0.08203125, 0.172698974609375, -0.620025634765625]
1121260, 1125.9698486328125, [1000.0, 144.0, 444.0, 138.0, 384.0, 460.0, 456.0, 691.0, 170.0, 1000.0, 182.0, 750.0, 0.0, 666.0, 367.0, 999.0, 494.0, 999.0, 999.0, 442.0, 798.0, 0.0, 768.0], [10.934797286987305, -27.36476707458496, -178.83921813964844], [-0.0323333740234375, 0.2345123291015625, 0.0949554443359375, 0.9669189453125], [-5.699265480041504, 21.580297470092773, -80.86361694335938], [0.7528228759765625, 0.0840911865234375, 0.1739959716796875, -0.6291961669921875]
1121310, 1126.019775390625, [1000.0, 143.0, 433.0, 138.0, 484.0, 414.0, 428.0, 614.0, 145.0, 1000.0, 241.0, 750.0, 0.0, 1000.0, 234.0, 999.0, 435.0, 999.0, 999.0, 432.0, 826.0, 0.0, 755.0], [19.716032028198242, -25.510507583618164, 174.3472442626953], [0.0096282958984375, 0.225494384765625, 0.1560516357421875, 0.96160888671875], [-9.328208923339844, 21.90372657775879, -85.12319946289062], [0.7311859130859375, 0.06927490234375, 0.1934661865234375, -0.650482177734375]
1121370, 1126.07958984375, [1000.0, 140.0, 450.0, 141.0, 810.0, 355.0, 793.0, 455.0, 129.0, 1000.0, 217.0, 750.0, 0.0, 666.0, 166.0, 999.0, 507.0, 999.0, 999.0, 421.0, 850.0, 0.0, 670.0], [16.679658889770508, -29.37713623046875, 172.01637268066406], [0.029937744140625, 0.260040283203125, 0.12249755859375, 0.9573211669921875], [-14.695841789245605, 21.726337432861328, -91.15367889404297], [0.698974609375, 0.0455780029296875, 0.2205352783203125, -0.6787567138671875]
1121420, 1126.129638671875, [1000.0, 138.0, 819.0, 137.0, 946.0, 268.0, 941.0, 420.0, 122.0, 1000.0, 180.0, 750.0, 0.0, 666.0, 131.0, 999.0, 612.0, 999.0, 999.0, 413.0, 849.0, 0.0, 590.0], [14.095599174499512, -32.52669143676758, 170.44888305664062], [0.045074462890625, 0.286773681640625, 0.09423828125, 0.9522705078125], [-18.525314331054688, 21.180400848388672, -95.24085235595703], [0.6757659912109375, 0.02734375, 0.2391357421875, -0.6967010498046875]
1121480, 1126.189697265625, [1000.0, 136.0, 952.0, 120.0, 1000.0, 185.0, 989.0, 360.0, 385.0, 1000.0, 155.0, 750.0, 0.0, 666.0, 114.0, 999.0, 984.0, 999.0, 999.0, 403.0, 850.0, 0.0, 539.0], [10.506582260131836, -42.41810989379883, 170.946044921875], [0.040252685546875, 0.3658599853515625, 0.0566558837890625, 0.9280548095703125], [-20.99078941345215, 20.159984588623047, -97.34580993652344], [0.6632232666015625, 0.01080322265625, 0.248321533203125, -0.7059326171875]
1121530, 1126.2398681640625, [1000.0, 133.0, 974.0, 113.0, 1000.0, 183.0, 1000.0, 335.0, 891.0, 1000.0, 139.0, 750.0, 0.0, 666.0, 145.0, 999.0, 999.0, 999.0, 999.0, 396.0, 857.0, 0.0, 555.0], [7.940601825714111, -45.48988342285156, 173.27511596679688], [0.0272369384765625, 0.3887786865234375, 0.0411224365234375, 0.9199981689453125], [-20.525999069213867, 20.009700775146484, -96.45983123779297], [0.6685943603515625, 0.0106201171875, 0.2447357177734375, -0.7021026611328125]
1121580, 1126.2896728515625, [1000.0, 131.0, 1000.0, 113.0, 1000.0, 194.0, 1000.0, 309.0, 976.0, 1000.0, 117.0, 750.0, 0.0, 666.0, 273.0, 999.0, 787.0, 999.0, 999.0, 390.0, 853.0, 0.0, 596.0], [2.867541551589966, -43.77301788330078, 177.41342163085938], [0.0116119384765625, 0.373077392578125, 0.014801025390625, 0.9275970458984375], [-23.52036476135254, 20.263490676879883, -94.95343780517578], [0.67779541015625, -0.0086822509765625, 0.2642669677734375, -0.68603515625]
1121640, 1126.3494873046875, [1000.0, 133.0, 1000.0, 118.0, 1000.0, 218.0, 1000.0, 437.0, 939.0, 1000.0, 184.0, 750.0, 0.0, 1000.0, 412.0, 999.0, 999.0, 999.0, 999.0, 379.0, 837.0, 0.0, 694.0], [-0.975326418876648, -37.22535705566406, -178.10682678222656], [-0.012939453125, 0.319244384765625, -0.0027923583984375, 0.94757080078125], [-20.66533088684082, 21.75942039489746, -92.42404174804688], [0.692962646484375, 0.0121612548828125, 0.255645751953125, -0.6739959716796875]
1121690, 1126.3997802734375, [1000.0, 152.0, 1000.0, 119.0, 987.0, 300.0, 943.0, 763.0, 606.0, 1000.0, 698.0, 750.0, 0.0, 666.0, 389.0, 999.0, 999.0, 999.0, 999.0, 374.0, 822.0, 0.0, 780.0], [-6.78074836730957, -34.02147674560547, -174.07476806640625], [-0.0320587158203125, 0.2945709228515625, -0.0413818359375, 0.954193115234375], [-23.24634552001953, 23.290122985839844, -91.65449523925781], [0.6976470947265625, 0.004302978515625, 0.279296875, -0.65972900390625]
1121750, 1126.4595947265625, [1000.0, 160.0, 1000.0, 117.0, 883.0, 599.0, 692.0, 957.0, 378.0, 1000.0, 902.0, 750.0, 0.0, 666.0, 353.0, 999.0, 999.0, 999.0, 999.0, 374.0, 800.0, 0.0, 860.0], [-14.604832649230957, -34.42508316040039, -169.0714111328125], [-0.0527801513671875, 0.303741455078125, -0.0929107666015625, 0.9467315673828125], [-31.372480392456055, 24.78972625732422, -93.93556213378906], [0.6840972900390625, -0.029144287109375, 0.33404541015625, -0.647735595703125]
1121800, 1126.509765625, [1000.0, 163.0, 1000.0, 117.0, 758.0, 691.0, 520.0, 985.0, 240.0, 1000.0, 935.0, 750.0, 0.0, 666.0, 247.0, 999.0, 999.0, 999.0, 999.0, 379.0, 777.0, 0.0, 883.0], [-23.45815086364746, -36.73684310913086, -164.6622314453125], [-0.060516357421875, 0.3315277099609375, -0.1500244140625, 0.9294586181640625], [-40.649147033691406, 25.155807495117188, -97.87088775634766], [0.6582489013671875, -0.0687255859375, 0.389739990234375, -0.6403656005859375]
1121850, 1126.5595703125, [1000.0, 165.0, 1000.0, 117.0, 735.0, 682.0, 455.0, 980.0, 190.0, 1000.0, 942.0, 750.0, 0.0, 666.0, 178.0, 999.0, 897.0, 999.0, 999.0, 383.0, 770.0, 0.0, 883.0], [-37.77396774291992, -39.291648864746094, -157.89956665039062], [-0.0639801025390625, 0.370635986328125, -0.2382354736328125, 0.895416259765625], [-55.1175422668457, 24.87260627746582, -104.02415466308594], [0.6113739013671875, -0.1276092529296875, 0.4735870361328125, -0.6209869384765625]
1121910, 1126.619873046875, [1000.0, 167.0, 983.0, 120.0, 677.0, 712.0, 380.0, 981.0, 145.0, 1000.0, 952.0, 1000.0, 0.0, 666.0, 132.0, 999.0, 707.0, 982.0, 999.0, 389.0, 764.0, 0.0, 895.0], [-61.86970520019531, -40.00914764404297, -145.4004364013672], [-0.07177734375, 0.423797607421875, -0.373931884765625, 0.8218231201171875], [-71.497314453125, 23.369979858398438, -110.26314544677734], [0.5514373779296875, -0.1922149658203125, 0.5633697509765625, -0.5844268798828125]
1121960, 1126.6697998046875, [1000.0, 169.0, 970.0, 121.0, 636.0, 707.0, 362.0, 970.0, 126.0, 1000.0, 960.0, 750.0, 0.0, 666.0, 125.0, 999.0, 675.0, 999.0, 999.0, 392.0, 762.0, 0.0, 895.0], [-65.789306640625, -39.95619201660156, -144.64291381835938], [-0.0628509521484375, 0.4283294677734375, -0.3991851806640625, 0.8082122802734375], [-83.65229034423828, 22.185380935668945, -114.6911849975586], [0.5025787353515625, -0.232391357421875, 0.628326416015625, -0.5464324951171875]
1122010, 1126.7196044921875, [1000.0, 170.0, 967.0, 119.0, 631.0, 677.0, 351.0, 957.0, 102.0, 1000.0, 966.0, 750.0, 0.0, 666.0, 139.0, 999.0, 711.0, 999.0, 999.0, 394.0, 764.0, 0.0, 895.0], [-80.84391021728516, -35.352386474609375, -136.62318420410156], [-0.085113525390625, 0.4430999755859375, -0.4886322021484375, 0.7467498779296875], [-94.35504150390625, 21.079675674438477, -117.37487030029297], [0.4619140625, -0.268524169921875, 0.6806640625, -0.501190185546875]
1122070, 1126.779541015625, [1000.0, 171.0, 966.0, 115.0, 639.0, 628.0, 351.0, 931.0, 86.0, 1000.0, 973.0, 750.0, 0.0, 1000.0, 157.0, 999.0, 830.0, 999.0, 999.0, 395.0, 757.0, 0.0, 865.0], [-95.4203109741211, -28.527969360351562, -131.29721069335938], [-0.10284423828125, 0.4466552734375, -0.5847930908203125, 0.6692657470703125], [-105.88764953613281, 20.12408447265625, -119.93433380126953], [0.41766357421875, -0.3021240234375, 0.7329559326171875, -0.443878173828125]
1122120, 1126.829345703125, [1000.0, 173.0, 964.0, 112.0, 608.0, 612.0, 341.0, 914.0, 74.0, 1000.0, 972.0, 750.0, 0.0, 666.0, 190.0, 999.0, 999.0, 999.0, 999.0, 393.0, 751.0, 0.0, 850.0], [-103.0380630493164, -23.397111892700195, -129.98486328125], [-0.113739013671875, 0.438385009765625, -0.6413421630859375, 0.619293212890625], [-112.13135528564453, 19.689085006713867, -121.51634979248047], [0.3924560546875, -0.3160400390625, 0.7599029541015625, -0.4106292724609375]
1122180, 1126.8892822265625, [1000.0, 175.0, 966.0, 108.0, 615.0, 544.0, 332.0, 891.0, 67.0, 1000.0, 969.0, 750.0, 0.0, 1000.0, 222.0, 999.0, 999.0, 999.0, 999.0, 392.0, 736.0, 0.0, 821.0], [-106.37438201904297, -18.56244468688965, -130.18463134765625], [-0.1319427490234375, 0.42041015625, -0.6759185791015625, 0.590728759765625], [-115.20188903808594, 20.415618896484375, -122.4228286743164], [0.3850860595703125, -0.31695556640625, 0.77398681640625, -0.3900909423828125]
1122230, 1126.9398193359375, [1000.0, 177.0, 954.0, 104.0, 592.0, 523.0, 314.0, 884.0, 62.0, 1000.0, 970.0, 750.0, 0.0, 666.0, 217.0, 999.0, 925.0, 999.0, 999.0, 391.0, 720.0, 0.0, 802.0], [-104.3884506225586, -10.936563491821289, -131.47767639160156], [-0.1820831298828125, 0.3764190673828125, -0.693023681640625, 0.5872344970703125], [-115.5270004272461, 21.754695892333984, -122.48672485351562], [0.391937255859375, -0.311370849609375, 0.7766265869140625, -0.3824310302734375]
1122280, 1126.989501953125, [1000.0, 178.0, 947.0, 102.0, 574.0, 515.0, 306.0, 880.0, 58.0, 1000.0, 963.0, 750.0, 0.0, 1000.0, 217.0, 999.0, 879.0, 999.0, 999.0, 391.0, 716.0, 0.0, 786.0], [-103.13317108154297, -6.694941997528076, -132.59539794921875], [-0.2075653076171875, 0.3475799560546875, -0.7014312744140625, 0.586578369140625], [-115.25375366210938, 23.337026596069336, -122.04133605957031], [0.403472900390625, -0.305999755859375, 0.7760162353515625, -0.375946044921875]
1122340, 1127.0496826171875, [1000.0, 179.0, 942.0, 101.0, 574.0, 508.0, 305.0, 884.0, 51.0, 1000.0, 961.0, 750.0, 0.0, 666.0, 190.0, 999.0, 806.0, 999.0, 999.0, 389.0, 706.0, 0.0, 761.0], [-101.89471435546875, -1.6865512132644653, -133.8020782470703], [-0.23663330078125, 0.3131561279296875, -0.7105865478515625, 0.5839385986328125], [-113.80632019042969, 25.592273712158203, -120.88014221191406], [0.4240875244140625, -0.297821044921875, 0.770263671875, -0.37164306640625]
1122390, 1127.099609375, [1000.0, 179.0, 935.0, 101.0, 589.0, 501.0, 327.0, 889.0, 49.0, 1000.0, 948.0, 750.0, 0.0, 666.0, 214.0, 999.0, 689.0, 999.0, 999.0, 386.0, 704.0, 0.0, 742.0], [-97.7585220336914, 2.2360005378723145, -136.275390625], [-0.25848388671875, 0.2685546875, -0.7037811279296875, 0.6047515869140625], [-110.53459930419922, 27.6063232421875, -119.68521118164062], [0.4474945068359375, -0.2834014892578125, 0.7583465576171875, -0.3798980712890625]
1122450, 1127.1597900390625, [1000.0, 180.0, 928.0, 103.0, 583.0, 486.0, 331.0, 892.0, 45.0, 1000.0, 939.0, 750.0, 0.0, 666.0, 215.0, 999.0, 691.0, 999.0, 999.0, 381.0, 690.0, 0.0, 723.0], [-96.83903503417969, 5.241448879241943, -137.73818969726562], [-0.270904541015625, 0.2410736083984375, -0.7079315185546875, 0.6060638427734375], [-109.98493194580078, 29.104738235473633, -118.05326080322266], [0.46221923828125, -0.2844085693359375, 0.7539215087890625, -0.37017822265625]
1122500, 1127.20947265625, [1000.0, 181.0, 922.0, 103.0, 576.0, 476.0, 326.0, 886.0, 44.0, 1000.0, 937.0, 750.0, 0.0, 666.0, 188.0, 999.0, 646.0, 999.0, 999.0, 380.0, 681.0, 0.0, 715.0], [-95.58279418945312, 7.042104244232178, -139.60025024414062], [-0.27423095703125, 0.216552734375, -0.70806884765625, 0.6136016845703125], [-108.17300415039062, 29.7049617767334, -116.7555923461914], [0.4740447998046875, -0.2824249267578125, 0.7454376220703125, -0.373931884765625]
1122550, 1127.259521484375, [1000.0, 181.0, 918.0, 106.0, 576.0, 479.0, 329.0, 887.0, 41.0, 1000.0, 933.0, 750.0, 0.0, 666.0, 187.0, 999.0, 612.0, 999.0, 999.0, 378.0, 681.0, 0.0, 706.0], [-91.70790100097656, 8.610574722290039, -139.8999481201172], [-0.2887115478515625, 0.196197509765625, -0.690093994140625, 0.6339569091796875], [-106.72811889648438, 29.776262283325195, -116.0330810546875], [0.4803314208984375, -0.2807159423828125, 0.738983154296875, -0.37994384765625]
1122610, 1127.31982421875, [1000.0, 182.0, 908.0, 107.0, 571.0, 488.0, 336.0, 890.0, 41.0, 1000.0, 930.0, 750.0, 0.0, 666.0, 185.0, 999.0, 576.0, 999.0, 999.0, 376.0, 681.0, 0.0, 702.0], [-93.0810546875, 9.376520156860352, -139.9900665283203], [-0.2902679443359375, 0.1946563720703125, -0.699005126953125, 0.623870849609375], [-106.52606964111328, 29.368173599243164, -114.51750183105469], [0.483795166015625, -0.2917327880859375, 0.734039306640625, -0.376800537109375]
1122660, 1127.3697509765625, [1000.0, 183.0, 903.0, 108.0, 564.0, 494.0, 341.0, 892.0, 40.0, 1000.0, 926.0, 1000.0, 0.0, 666.0, 184.0, 999.0, 572.0, 999.0, 999.0, 374.0, 680.0, 0.0, 698.0], [-93.37622833251953, 8.82579517364502, -140.01904296875], [-0.2864227294921875, 0.1984100341796875, -0.699798583984375, 0.6235809326171875], [-106.11170959472656, 29.145870208740234, -113.58334350585938], [0.4868316650390625, -0.2971038818359375, 0.7299957275390625, -0.376556396484375]
1122720, 1127.4298095703125, [1000.0, 184.0, 900.0, 110.0, 556.0, 503.0, 332.0, 890.0, 38.0, 1000.0, 925.0, 750.0, 0.0, 666.0, 175.0, 999.0, 556.0, 999.0, 999.0, 373.0, 679.0, 0.0, 694.0], [-94.02974700927734, 8.39315414428711, -140.19700622558594], [-0.28179931640625, 0.2014312744140625, -0.702972412109375, 0.6211395263671875], [-105.7799072265625, 29.072690963745117, -112.6046371459961], [0.4905548095703125, -0.3022918701171875, 0.72625732421875, -0.374847412109375]
1122770, 1127.4794921875, [1000.0, 185.0, 896.0, 110.0, 550.0, 499.0, 347.0, 893.0, 37.0, 1000.0, 922.0, 750.0, 0.0, 666.0, 187.0, 999.0, 544.0, 999.0, 999.0, 371.0, 674.0, 0.0, 688.0], [-94.52095794677734, 8.618671417236328, -140.29014587402344], [-0.2817535400390625, 0.200775146484375, -0.706146240234375, 0.617767333984375], [-105.86663818359375, 28.813549041748047, -112.95237731933594], [0.4879150390625, -0.3018035888671875, 0.7270965576171875, -0.3770294189453125]
1122820, 1127.539794921875, [1000.0, 186.0, 894.0, 111.0, 548.0, 499.0, 320.0, 880.0, 36.0, 1000.0, 920.0, 750.0, 0.0, 1000.0, 187.0, 999.0, 542.0, 999.0, 999.0, 370.0, 673.0, 0.0, 683.0], [-94.79032135009766, 8.993566513061523, -140.36439514160156], [-0.2830810546875, 0.1988372802734375, -0.7082977294921875, 0.6153106689453125], [-107.0221176147461, 29.29503059387207, -113.96109008789062], [0.483978271484375, -0.2977752685546875, 0.7341461181640625, -0.3716278076171875]
1122880, 1127.5894775390625, [1000.0, 186.0, 893.0, 111.0, 546.0, 497.0, 317.0, 874.0, 35.0, 1000.0, 918.0, 750.0, 0.0, 666.0, 196.0, 999.0, 537.0, 999.0, 999.0, 369.0, 671.0, 0.0, 670.0], [-96.21741485595703, 8.718722343444824, -140.6589813232422], [-0.2773895263671875, 0.202056884765625, -0.7160186767578125, 0.607879638671875], [-105.51304626464844, 29.94892692565918, -113.17596435546875], [0.4936370849609375, -0.292938232421875, 0.7280426025390625, -0.374755859375]
1122890, 1127.639892578125, [1000.0, 187.0, 893.0, 111.0, 546.0, 497.0, 316.0, 872.0, 35.0, 1000.0, 917.0, 1000.0, 0.0, 1000.0, 193.0, 999.0, 539.0, 999.0, 999.0, 369.0, 671.0, 0.0, 668.0], [-96.31092834472656, 8.69706916809082, -140.61219787597656], [-0.27734375, 0.20269775390625, -0.716400146484375, 0.60723876953125], [-105.79402923583984, 29.898193359375, -113.30435943603516], [0.49224853515625, -0.2935943603515625, 0.729217529296875, -0.3737640380859375]
1122930, 1127.6494140625, [1000.0, 187.0, 891.0, 111.0, 544.0, 499.0, 312.0, 870.0, 34.0, 1000.0, 917.0, 750.0, 0.0, 666.0, 189.0, 999.0, 563.0, 999.0, 999.0, 368.0, 671.0, 0.0, 664.0], [-95.87432861328125, 8.929937362670898, -140.3683319091797], [-0.280792236328125, 0.20184326171875, -0.7140045166015625, 0.6087646484375], [-107.05219268798828, 29.72702407836914, -114.01464080810547], [0.485870361328125, -0.295318603515625, 0.7349090576171875, -0.3695831298828125]
1122990, 1127.6995849609375, [1000.0, 188.0, 890.0, 112.0, 542.0, 501.0, 312.0, 869.0, 33.0, 1000.0, 916.0, 750.0, 0.0, 666.0, 192.0, 999.0, 551.0, 999.0, 999.0, 367.0, 669.0, 0.0, 660.0], [-95.36160278320312, 9.010311126708984, -140.44837951660156], [-0.28173828125, 0.1996307373046875, -0.7115325927734375, 0.6119384765625], [-105.4617691040039, 29.861913681030273, -113.2584228515625], [0.493072509765625, -0.2926483154296875, 0.72796630859375, -0.3758544921875]
1123040, 1127.759521484375, [1000.0, 188.0, 889.0, 112.0, 541.0, 501.0, 308.0, 867.0, 33.0, 1000.0, 915.0, 750.0, 0.0, 666.0, 194.0, 999.0, 542.0, 999.0, 999.0, 366.0, 669.0, 0.0, 657.0], [-95.37711334228516, 8.902185440063477, -140.43759155273438], [-0.2811279296875, 0.200347900390625, -0.71142578125, 0.612091064453125], [-106.07703399658203, 29.954877853393555, -113.60943603515625], [0.490814208984375, -0.292572021484375, 0.7310028076171875, -0.3730010986328125]
1123090, 1127.8096923828125, [1000.0, 189.0, 890.0, 113.0, 539.0, 502.0, 314.0, 869.0, 32.0, 1000.0, 914.0, 750.0, 0.0, 666.0, 188.0, 999.0, 529.0, 999.0, 999.0, 366.0, 669.0, 0.0, 654.0], [-94.85796356201172, 9.00620174407959, -140.6069793701172], [-0.28173828125, 0.1974334716796875, -0.7091064453125, 0.6154632568359375], [-104.46348571777344, 30.56423568725586, -112.9277572631836], [0.50006103515625, -0.286712646484375, 0.7247772216796875, -0.377349853515625]
1123130, 1127.859619140625, [1000.0, 190.0, 889.0, 113.0, 538.0, 500.0, 312.0, 867.0, 32.0, 1000.0, 914.0, 750.0, 0.0, 1000.0, 195.0, 999.0, 530.0, 999.0, 999.0, 365.0, 668.0, 0.0, 651.0], [-95.00565338134766, 9.123918533325195, -140.6999969482422], [-0.28167724609375, 0.1965484619140625, -0.710235595703125, 0.614471435546875], [-105.71855926513672, 30.06403923034668, -113.64453125], [0.4921417236328125, -0.2902374267578125, 0.7300567626953125, -0.374908447265625]
1123150, 1127.869384765625, [1000.0, 190.0, 889.0, 113.0, 538.0, 500.0, 317.0, 869.0, 32.0, 1000.0, 913.0, 750.0, 0.0, 666.0, 194.0, 999.0, 532.0, 999.0, 999.0, 365.0, 667.0, 0.0, 651.0], [-95.05235290527344, 9.142788887023926, -140.70838928222656], [-0.2816619873046875, 0.196502685546875, -0.7105255126953125, 0.6141510009765625], [-106.06935119628906, 30.030475616455078, -113.8121109008789], [0.49053955078125, -0.2908477783203125, 0.7315826416015625, -0.3735504150390625]
1123200, 1127.9193115234375, [1000.0, 191.0, 888.0, 113.0, 537.0, 498.0, 314.0, 867.0, 31.0, 1000.0, 912.0, 750.0, 0.0, 666.0, 193.0, 999.0, 539.0, 999.0, 999.0, 364.0, 668.0, 0.0, 650.0], [-95.2125015258789, 9.124933242797852, -140.82235717773438], [-0.280670166015625, 0.1962890625, -0.7115478515625, 0.6134796142578125], [-105.90068054199219, 29.998430252075195, -113.7133560180664], [0.4911346435546875, -0.290924072265625, 0.730743408203125, -0.374359130859375]
1123250, 1127.969482421875, [1000.0, 191.0, 889.0, 114.0, 536.0, 497.0, 317.0, 868.0, 31.0, 1000.0, 911.0, 750.0, 0.0, 666.0, 199.0, 999.0, 539.0, 999.0, 999.0, 364.0, 666.0, 0.0, 649.0], [-95.17398834228516, 9.169931411743164, -140.86216735839844], [-0.280792236328125, 0.1956939697265625, -0.71148681640625, 0.61370849609375], [-105.91594696044922, 30.105579376220703, -113.70726013183594], [0.49163818359375, -0.29046630859375, 0.7309112548828125, -0.37371826171875]
1123310, 1128.0299072265625, [1000.0, 192.0, 888.0, 114.0, 536.0, 496.0, 317.0, 867.0, 30.0, 1000.0, 910.0, 750.0, 0.0, 666.0, 203.0, 999.0, 525.0, 999.0, 999.0, 363.0, 665.0, 0.0, 646.0], [-95.33385467529297, 9.290144920349121, -140.8665008544922], [-0.2812042236328125, 0.19537353515625, -0.7125244140625, 0.6124114990234375], [-105.58198547363281, 30.03675079345703, -113.37316131591797], [0.4932403564453125, -0.2915191650390625, 0.7288818359375, -0.3747406005859375]
1123360, 1128.07958984375, [1000.0, 193.0, 888.0, 114.0, 535.0, 496.0, 313.0, 863.0, 29.0, 1000.0, 909.0, 750.0, 0.0, 666.0, 196.0, 999.0, 522.0, 999.0, 999.0, 362.0, 664.0, 0.0, 643.0], [-95.35458374023438, 9.26115894317627, -140.72189331054688], [-0.281768798828125, 0.1964874267578125, -0.71234130859375, 0.61199951171875], [-104.91358947753906, 29.709768295288086, -112.93263244628906], [0.49481201171875, -0.29315185546875, 0.725128173828125, -0.378662109375]
1123380, 1128.1295166015625, [1000.0, 193.0, 887.0, 114.0, 535.0, 496.0, 318.0, 866.0, 29.0, 1000.0, 908.0, 750.0, 0.0, 666.0, 193.0, 999.0, 519.0, 999.0, 999.0, 362.0, 664.0, 0.0, 642.0], [-94.99825286865234, 9.106343269348145, -140.6515350341797], [-0.2818450927734375, 0.196929931640625, -0.7100830078125, 0.61444091796875], [-104.57276153564453, 29.844785690307617, -112.74104309082031], [0.4969635009765625, -0.29217529296875, 0.72369384765625, -0.37933349609375]
