389070, 390.6290588378906, [1000.0, 268.0, 429.0, 138.0, 315.0, 172.0, 238.0, 135.0, 157.0, 1000.0, 103.0, 1000.0, 0.0, 1000.0, 912.0, 999.0, 999.0, 999.0, 999.0, 493.0, 649.0, 0.0, 148.0], [-18.971166610717773, 0.08056353032588959, 89.16921997070312], [0.702392578125, -0.11785888671875, -0.1151885986328125, 0.69244384765625], [-30.700864791870117, 15.434996604919434, -161.00709533691406], [0.192718505859375, 0.084442138671875, 0.28009033203125, -0.936614990234375]
389120, 390.67926025390625, [1000.0, 268.0, 429.0, 138.0, 314.0, 172.0, 238.0, 134.0, 156.0, 1000.0, 103.0, 1000.0, 0.0, 1000.0, 912.0, 999.0, 999.0, 999.0, 999.0, 493.0, 649.0, 0.0, 147.0], [-18.9938907623291, -0.06897691637277603, 89.21299743652344], [0.7022552490234375, -0.1170501708984375, -0.1162872314453125, 0.692535400390625], [-30.523038864135742, 15.391887664794922, -160.96168518066406], [0.19287109375, 0.0842742919921875, 0.27862548828125, -0.937042236328125]
389170, 390.7296142578125, [1000.0, 267.0, 428.0, 138.0, 314.0, 172.0, 237.0, 134.0, 156.0, 1000.0, 103.0, 1000.0, 0.0, 1000.0, 910.0, 999.0, 999.0, 999.0, 999.0, 493.0, 648.0, 0.0, 146.0], [-19.033418655395508, -0.18749703466892242, 89.27044677734375], [0.7019805908203125, -0.11651611328125, -0.1173095703125, 0.692718505859375], [-30.251493453979492, 15.433708190917969, -160.88800048828125], [0.193359375, 0.08489990234375, 0.2765045166015625, -0.9375152587890625]
389230, 390.789306640625, [1000.0, 267.0, 428.0, 137.0, 313.0, 171.0, 237.0, 134.0, 155.0, 1000.0, 102.0, 1000.0, 0.0, 1000.0, 910.0, 999.0, 999.0, 999.0, 999.0, 493.0, 648.0, 0.0, 145.0], [-18.977981567382812, -0.021644331514835358, 89.35301208496094], [0.7013702392578125, -0.117095947265625, -0.1160430908203125, 0.693450927734375], [-30.65394401550293, 15.165260314941406, -160.9830780029297], [0.19232177734375, 0.0822296142578125, 0.2794342041015625, -0.9370880126953125]
389280, 390.8396301269531, [1000.0, 266.0, 428.0, 137.0, 313.0, 171.0, 236.0, 134.0, 155.0, 1000.0, 102.0, 1000.0, 0.0, 1000.0, 914.0, 999.0, 999.0, 999.0, 999.0, 493.0, 648.0, 0.0, 145.0], [-18.999691009521484, 0.04758855700492859, 89.41537475585938], [0.700897216796875, -0.117584228515625, -0.115814208984375, 0.693878173828125], [-30.507387161254883, 15.466361999511719, -160.93594360351562], [0.1932220458984375, 0.0848541259765625, 0.278594970703125, -0.936920166015625]
389340, 390.89947509765625, [1000.0, 265.0, 427.0, 137.0, 312.0, 171.0, 236.0, 133.0, 155.0, 1000.0, 101.0, 750.0, 0.0, 1000.0, 914.0, 999.0, 999.0, 999.0, 999.0, 492.0, 648.0, 0.0, 143.0], [-18.971633911132812, 0.009373453445732594, 89.56094360351562], [0.7000885009765625, -0.117034912109375, -0.11602783203125, 0.69476318359375], [-30.488271713256836, 15.26971435546875, -160.93331909179688], [0.1928253173828125, 0.083251953125, 0.278228759765625, -0.937255859375]
389390, 390.9494323730469, [1000.0, 265.0, 427.0, 137.0, 312.0, 171.0, 235.0, 133.0, 154.0, 1000.0, 101.0, 1000.0, 0.0, 1000.0, 914.0, 999.0, 999.0, 999.0, 999.0, 492.0, 647.0, 0.0, 142.0], [-18.941394805908203, -0.03603380545973778, 89.6186752319336], [0.6998138427734375, -0.11651611328125, -0.116180419921875, 0.695098876953125], [-30.540626525878906, 15.254985809326172, -160.95677185058594], [0.1926422119140625, 0.083099365234375, 0.27862548828125, -0.93719482421875]
389400, 390.9995422363281, [1000.0, 265.0, 427.0, 137.0, 312.0, 171.0, 235.0, 133.0, 154.0, 1000.0, 101.0, 1000.0, 0.0, 1000.0, 914.0, 999.0, 999.0, 999.0, 999.0, 492.0, 647.0, 0.0, 142.0], [-18.928747177124023, -0.05143928900361061, 89.63127899169922], [0.69976806640625, -0.1163330078125, -0.1162109375, 0.6951751708984375], [-30.567386627197266, 15.272153854370117, -160.96713256835938], [0.1926116943359375, 0.083221435546875, 0.2788543701171875, -0.9371185302734375]
389440, 391.0093688964844, [1000.0, 265.0, 427.0, 137.0, 312.0, 171.0, 235.0, 133.0, 154.0, 1000.0, 101.0, 1000.0, 0.0, 1000.0, 914.0, 999.0, 999.0, 999.0, 999.0, 492.0, 647.0, 0.0, 141.0], [-18.85220718383789, -0.10123014450073242, 89.6846694946289], [0.6995697021484375, -0.115509033203125, -0.1161041259765625, 0.695526123046875], [-30.46971893310547, 15.276750564575195, -160.94659423828125], [0.192718505859375, 0.0833740234375, 0.278076171875, -0.93731689453125]
389500, 391.05963134765625, [1000.0, 265.0, 427.0, 137.0, 311.0, 171.0, 234.0, 132.0, 153.0, 1000.0, 100.0, 1000.0, 0.0, 1000.0, 914.0, 999.0, 999.0, 999.0, 999.0, 492.0, 647.0, 0.0, 140.0], [-18.72970199584961, -0.005514675285667181, 89.77660369873047], [0.69903564453125, -0.1152496337890625, -0.1148681640625, 0.6963043212890625], [-30.820241928100586, 15.016761779785156, -161.0440216064453], [0.1916351318359375, 0.08087158203125, 0.2805938720703125, -0.93701171875]
389550, 391.109619140625, [1000.0, 265.0, 427.0, 137.0, 311.0, 171.0, 234.0, 132.0, 153.0, 1000.0, 100.0, 750.0, 0.0, 1000.0, 913.0, 999.0, 999.0, 999.0, 999.0, 492.0, 645.0, 0.0, 139.0], [-18.717071533203125, -0.02879183366894722, 89.84810638427734], [0.698638916015625, -0.114959716796875, -0.1150054931640625, 0.6967315673828125], [-30.30409049987793, 14.969260215759277, -160.90699768066406], [0.192291259765625, 0.0810089111328125, 0.2764129638671875, -0.9380950927734375]
389610, 391.1694030761719, [1000.0, 265.0, 427.0, 137.0, 310.0, 170.0, 233.0, 132.0, 152.0, 1000.0, 99.0, 1000.0, 0.0, 1000.0, 915.0, 999.0, 999.0, 999.0, 999.0, 492.0, 645.0, 0.0, 139.0], [-18.821186065673828, 0.005539927165955305, 89.94268798828125], [0.6979217529296875, -0.1157073974609375, -0.1155242919921875, 0.697235107421875], [-30.879928588867188, 15.179059028625488, -161.0533905029297], [0.1919403076171875, 0.0821380615234375, 0.28125, -0.9366455078125]
389660, 391.21929931640625, [1000.0, 263.0, 426.0, 136.0, 310.0, 170.0, 233.0, 131.0, 152.0, 1000.0, 98.0, 1000.0, 0.0, 1000.0, 915.0, 999.0, 999.0, 999.0, 999.0, 492.0, 644.0, 0.0, 137.0], [-18.813457489013672, -0.008343666791915894, 90.01014709472656], [0.697540283203125, -0.115509033203125, -0.115631103515625, 0.6976470947265625], [-30.486679077148438, 15.040336608886719, -160.95391845703125], [0.1921844482421875, 0.0814056396484375, 0.2779541015625, -0.9376373291015625]
389690, 391.2696838378906, [1000.0, 264.0, 426.0, 136.0, 310.0, 170.0, 233.0, 131.0, 152.0, 1000.0, 98.0, 750.0, 0.0, 1000.0, 914.0, 999.0, 999.0, 999.0, 999.0, 491.0, 644.0, 0.0, 137.0], [-18.82484245300293, -0.0026875834446400404, 90.05183410644531], [0.697265625, -0.115570068359375, -0.1157073974609375, 0.6978912353515625], [-30.516115188598633, 15.149813652038574, -160.96539306640625], [0.1923370361328125, 0.0822906494140625, 0.2783050537109375, -0.9374237060546875]
389710, 391.2795104980469, [1000.0, 264.0, 426.0, 136.0, 309.0, 170.0, 232.0, 131.0, 152.0, 1000.0, 98.0, 1000.0, 0.0, 1000.0, 914.0, 999.0, 999.0, 999.0, 999.0, 492.0, 644.0, 0.0, 136.0], [-18.84744644165039, -0.06306642293930054, 90.08065032958984], [0.6971282958984375, -0.1153106689453125, -0.116241455078125, 0.6979827880859375], [-30.70911979675293, 15.053327560424805, -161.0192413330078], [0.19183349609375, 0.081298828125, 0.2797393798828125, -0.9371795654296875]
389770, 391.3294982910156, [1000.0, 263.0, 426.0, 136.0, 309.0, 170.0, 232.0, 131.0, 151.0, 1000.0, 98.0, 1000.0, 0.0, 1000.0, 913.0, 999.0, 999.0, 999.0, 999.0, 491.0, 643.0, 0.0, 135.0], [-19.040634155273438, -0.0957854688167572, 90.15396881103516], [0.6965179443359375, -0.1162109375, -0.1176910400390625, 0.6981964111328125], [-30.466474533081055, 14.790133476257324, -160.95794677734375], [0.191619873046875, 0.079376220703125, 0.2775115966796875, -0.93804931640625]
389790, 391.3794250488281, [1000.0, 264.0, 426.0, 136.0, 309.0, 170.0, 232.0, 131.0, 151.0, 1000.0, 97.0, 1000.0, 0.0, 1000.0, 913.0, 999.0, 999.0, 999.0, 999.0, 491.0, 643.0, 0.0, 135.0], [-19.054269790649414, -0.0922788456082344, 90.1822280883789], [0.6963348388671875, -0.1162872314453125, -0.1177825927734375, 0.6983642578125], [-30.14234733581543, 14.888673782348633, -160.8749542236328], [0.1922760009765625, 0.080535888671875, 0.2750244140625, -0.9385528564453125]
389820, 391.3893737792969, [1000.0, 264.0, 426.0, 136.0, 309.0, 170.0, 232.0, 130.0, 151.0, 1000.0, 97.0, 1000.0, 0.0, 1000.0, 912.0, 999.0, 999.0, 999.0, 999.0, 491.0, 644.0, 0.0, 135.0], [-19.0632381439209, -0.08652357757091522, 90.2238998413086], [0.6960601806640625, -0.1163330078125, -0.1178436279296875, 0.6986083984375], [-30.606773376464844, 14.878994941711426, -160.99624633789062], [0.19158935546875, 0.0799713134765625, 0.2787322998046875, -0.937652587890625]
389880, 391.439453125, [1000.0, 264.0, 425.0, 136.0, 308.0, 170.0, 231.0, 130.0, 150.0, 1000.0, 97.0, 1000.0, 0.0, 1000.0, 912.0, 999.0, 999.0, 999.0, 999.0, 491.0, 643.0, 0.0, 134.0], [-19.01569175720215, -0.07151536643505096, 90.29906463623047], [0.6956329345703125, -0.116058349609375, -0.1175384521484375, 0.699127197265625], [-30.49811553955078, 14.924909591674805, -160.9723358154297], [0.191802978515625, 0.080474853515625, 0.2779083251953125, -0.93780517578125]
389930, 391.4893493652344, [1000.0, 263.0, 425.0, 136.0, 308.0, 170.0, 230.0, 130.0, 150.0, 1000.0, 97.0, 1000.0, 0.0, 1000.0, 914.0, 999.0, 999.0, 999.0, 999.0, 491.0, 643.0, 0.0, 133.0], [-18.878767013549805, -0.018848108127713203, 90.3691177368164], [0.6952972412109375, -0.115478515625, -0.116455078125, 0.6997528076171875], [-30.609163284301758, 15.006620407104492, -161.0026092529297], [0.191802978515625, 0.0810394287109375, 0.2788848876953125, -0.937469482421875]
389980, 391.5494689941406, [1000.0, 263.0, 425.0, 136.0, 307.0, 170.0, 230.0, 130.0, 150.0, 1000.0, 97.0, 750.0, 0.0, 1000.0, 913.0, 999.0, 999.0, 999.0, 999.0, 491.0, 643.0, 0.0, 132.0], [-18.71871566772461, -0.04875117912888527, 90.43408966064453], [0.6950836181640625, -0.1142578125, -0.11572265625, 0.7002716064453125], [-30.5412540435791, 15.074100494384766, -160.98956298828125], [0.1920013427734375, 0.0816802978515625, 0.278411865234375, -0.9375152587890625]
390030, 391.59967041015625, [1000.0, 264.0, 425.0, 136.0, 307.0, 170.0, 230.0, 130.0, 150.0, 1000.0, 96.0, 1000.0, 0.0, 1000.0, 912.0, 999.0, 999.0, 999.0, 999.0, 491.0, 643.0, 0.0, 131.0], [-18.604591369628906, -0.021129870787262917, 90.50587463378906], [0.694732666015625, -0.1136627197265625, -0.11492919921875, 0.7008514404296875], [-30.453598022460938, 14.890904426574707, -160.9635467529297], [0.1917724609375, 0.0802459716796875, 0.2775115966796875, -0.9379425048828125]
390040, 391.60931396484375, [1000.0, 263.0, 424.0, 136.0, 307.0, 170.0, 230.0, 130.0, 150.0, 1000.0, 96.0, 750.0, 0.0, 1000.0, 911.0, 999.0, 999.0, 999.0, 999.0, 491.0, 642.0, 0.0, 131.0], [-18.6033935546875, -0.025237569585442543, 90.51907348632812], [0.6946563720703125, -0.113616943359375, -0.114959716796875, 0.700927734375], [-30.429712295532227, 14.911153793334961, -160.95936584472656], [0.19183349609375, 0.0804443359375, 0.27734375, -0.9379730224609375]
390090, 391.6597900390625, [1000.0, 263.0, 424.0, 135.0, 306.0, 170.0, 229.0, 130.0, 149.0, 1000.0, 96.0, 750.0, 0.0, 1000.0, 911.0, 999.0, 999.0, 999.0, 999.0, 491.0, 643.0, 0.0, 130.0], [-18.71272850036621, -0.0952238067984581, 90.60087585449219], [0.694122314453125, -0.11376953125, -0.1161346435546875, 0.7012481689453125], [-30.441328048706055, 14.84479808807373, -160.96775817871094], [0.1916351318359375, 0.07989501953125, 0.2773590087890625, -0.93804931640625]
390150, 391.7096252441406, [1000.0, 263.0, 424.0, 135.0, 306.0, 170.0, 228.0, 129.0, 149.0, 1000.0, 95.0, 750.0, 0.0, 1000.0, 909.0, 999.0, 999.0, 999.0, 999.0, 491.0, 642.0, 0.0, 129.0], [-18.762311935424805, -0.1814817190170288, 90.69165802001953], [0.693603515625, -0.1134490966796875, -0.1170501708984375, 0.70166015625], [-30.399463653564453, 14.773794174194336, -160.97999572753906], [0.1913604736328125, 0.07940673828125, 0.2769317626953125, -0.9382781982421875]
390200, 391.7695007324219, [1000.0, 263.0, 424.0, 135.0, 304.0, 169.0, 227.0, 129.0, 148.0, 1000.0, 95.0, 1000.0, 0.0, 1000.0, 911.0, 999.0, 999.0, 999.0, 999.0, 491.0, 642.0, 0.0, 129.0], [-18.724109649658203, -0.04443066567182541, 90.76420593261719], [0.69305419921875, -0.113983154296875, -0.116058349609375, 0.7022705078125], [-29.300804138183594, 14.682964324951172, -160.65032958984375], [0.193115234375, 0.0797119140625, 0.2680511474609375, -0.940460205078125]
390250, 391.81982421875, [1000.0, 264.0, 424.0, 135.0, 303.0, 169.0, 226.0, 129.0, 147.0, 1000.0, 95.0, 1000.0, 0.0, 1000.0, 912.0, 999.0, 999.0, 999.0, 999.0, 491.0, 642.0, 0.0, 128.0], [-18.659780502319336, -0.11614683270454407, 91.00142669677734], [0.691741943359375, -0.1129150390625, -0.1163330078125, 0.703704833984375], [-28.37566566467285, 14.147543907165527, -160.024169921875], [0.19659423828125, 0.0753936767578125, 0.26025390625, -0.942291259765625]
390310, 391.8795166015625, [1000.0, 263.0, 421.0, 134.0, 300.0, 169.0, 224.0, 128.0, 146.0, 1000.0, 94.0, 750.0, 0.0, 1000.0, 927.0, 999.0, 999.0, 999.0, 999.0, 491.0, 643.0, 0.0, 127.0], [-17.730396270751953, -1.1990200281143188, 91.94158935546875], [0.687835693359375, -0.09967041015625, -0.11798095703125, 0.709228515625], [-27.816987991333008, 13.879202842712402, -158.6885223388672], [0.2067108154296875, 0.071136474609375, 0.2561798095703125, -0.9415740966796875]
390360, 391.92950439453125, [1000.0, 262.0, 418.0, 132.0, 298.0, 165.0, 221.0, 127.0, 145.0, 1000.0, 92.0, 1000.0, 0.0, 1000.0, 957.0, 999.0, 999.0, 999.0, 999.0, 490.0, 643.0, 0.0, 127.0], [-15.251832962036133, -4.419179916381836, 92.43462371826172], [0.6889801025390625, -0.0641632080078125, -0.1221771240234375, 0.7115020751953125], [-26.20176887512207, 14.883277893066406, -156.99734497070312], [0.2213287353515625, 0.07879638671875, 0.245391845703125, -0.9405059814453125]
390410, 391.9796142578125, [1000.0, 262.0, 415.0, 134.0, 295.0, 177.0, 217.0, 128.0, 151.0, 1000.0, 89.0, 1000.0, 0.0, 1000.0, 938.0, 999.0, 999.0, 999.0, 999.0, 491.0, 644.0, 0.0, 129.0], [-12.439937591552734, -5.451490879058838, 92.38141632080078], [0.6911163330078125, -0.040802001953125, -0.1108245849609375, 0.7130126953125], [-24.175106048583984, 17.057231903076172, -155.4130401611328], [0.236236572265625, 0.09759521484375, 0.23321533203125, -0.9382171630859375]
390470, 392.03985595703125, [1000.0, 263.0, 432.0, 142.0, 307.0, 212.0, 238.0, 130.0, 165.0, 1000.0, 86.0, 1000.0, 0.0, 1000.0, 933.0, 999.0, 999.0, 999.0, 999.0, 482.0, 644.0, 0.0, 124.0], [-12.053690910339355, -3.059650182723999, 91.20740509033203], [0.6974945068359375, -0.0544586181640625, -0.09356689453125, 0.708343505859375], [-22.63572883605957, 19.77326774597168, -153.83413696289062], [0.2514801025390625, 0.1202239990234375, 0.2264251708984375, -0.9332733154296875]
390520, 392.08990478515625, [1000.0, 262.0, 443.0, 149.0, 312.0, 222.0, 255.0, 130.0, 173.0, 1000.0, 84.0, 1000.0, 0.0, 1000.0, 933.0, 999.0, 999.0, 999.0, 999.0, 477.0, 650.0, 0.0, 130.0], [-10.113110542297363, -1.7983925342559814, 89.34354400634766], [0.709259033203125, -0.0516815185546875, -0.0730743408203125, 0.6992340087890625], [-19.35580825805664, 21.616737365722656, -152.77236938476562], [0.258544921875, 0.1407928466796875, 0.2039947509765625, -0.9336395263671875]
390580, 392.1495666503906, [1000.0, 262.0, 438.0, 147.0, 311.0, 211.0, 263.0, 130.0, 180.0, 1000.0, 80.0, 1000.0, 0.0, 1000.0, 947.0, 999.0, 999.0, 999.0, 999.0, 469.0, 668.0, 0.0, 136.0], [-10.661340713500977, 5.318076133728027, 86.26592254638672], [0.722869873046875, -0.09930419921875, -0.0297393798828125, 0.683135986328125], [-18.38263702392578, 22.55190658569336, -153.2587432861328], [0.2542572021484375, 0.1515655517578125, 0.1970367431640625, -0.93463134765625]
390630, 392.19970703125, [1000.0, 262.0, 428.0, 146.0, 309.0, 216.0, 283.0, 131.0, 194.0, 1000.0, 78.0, 750.0, 0.0, 1000.0, 932.0, 999.0, 999.0, 999.0, 999.0, 470.0, 665.0, 0.0, 152.0], [-11.633196830749512, 4.294149398803711, 83.81170654296875], [0.7373504638671875, -0.1002655029296875, -0.0399017333984375, 0.6668243408203125], [-18.228437423706055, 22.15414047241211, -154.15357971191406], [0.246368408203125, 0.1501312255859375, 0.193939208984375, -0.9376220703125]
390680, 392.2496337890625, [1000.0, 262.0, 422.0, 145.0, 310.0, 224.0, 325.0, 133.0, 219.0, 1000.0, 75.0, 1000.0, 0.0, 1000.0, 946.0, 999.0, 999.0, 999.0, 999.0, 479.0, 663.0, 0.0, 178.0], [-9.157476425170898, 0.33322086930274963, 80.7710189819336], [0.7591094970703125, -0.06268310546875, -0.0495147705078125, 0.646026611328125], [-15.723527908325195, 21.030696868896484, -154.9766082763672], [0.2353668212890625, 0.1473541259765625, 0.1704559326171875, -0.9454193115234375]
390740, 392.3096008300781, [1000.0, 264.0, 416.0, 142.0, 307.0, 220.0, 335.0, 135.0, 235.0, 1000.0, 71.0, 1000.0, 0.0, 1000.0, 937.0, 999.0, 999.0, 999.0, 999.0, 488.0, 662.0, 0.0, 189.0], [-6.032478332519531, -5.5248236656188965, 76.60618591308594], [0.7843017578125, -0.01141357421875, -0.070343017578125, 0.616241455078125], [-13.892083168029785, 19.70751190185547, -156.2050018310547], [0.2218780517578125, 0.14166259765625, 0.151611328125, -0.952728271484375]
390790, 392.35980224609375, [1000.0, 264.0, 409.0, 140.0, 299.0, 217.0, 331.0, 139.0, 242.0, 1000.0, 68.0, 750.0, 0.0, 1000.0, 938.0, 999.0, 999.0, 999.0, 999.0, 495.0, 659.0, 0.0, 195.0], [-3.7264108657836914, -8.623810768127441, 74.06858825683594], [0.79705810546875, 0.019378662109375, -0.0795135498046875, 0.5983123779296875], [-12.742801666259766, 18.66592788696289, -156.65447998046875], [0.216033935546875, 0.13568115234375, 0.1398468017578125, -0.9567413330078125]
390850, 392.4195556640625, [1000.0, 261.0, 396.0, 137.0, 291.0, 228.0, 331.0, 150.0, 251.0, 1000.0, 61.0, 1000.0, 0.0, 1000.0, 894.0, 999.0, 999.0, 999.0, 999.0, 481.0, 659.0, 0.0, 213.0], [0.012444598600268364, -12.124616622924805, 70.1286392211914], [0.8139190673828125, 0.060760498046875, -0.0863800048828125, 0.5712890625], [-10.789519309997559, 18.801298141479492, -156.95510864257812], [0.21124267578125, 0.14080810546875, 0.1233673095703125, -0.9593353271484375]
390900, 392.4698181152344, [1000.0, 261.0, 385.0, 136.0, 286.0, 250.0, 321.0, 170.0, 246.0, 1000.0, 59.0, 1000.0, 0.0, 1000.0, 899.0, 999.0, 999.0, 999.0, 999.0, 474.0, 659.0, 0.0, 207.0], [3.321762800216675, -22.43959617614746, 67.72264099121094], [0.8110198974609375, 0.1319732666015625, -0.145660400390625, 0.5509796142578125], [-11.921721458435059, 19.88274574279785, -157.60699462890625], [0.2078094482421875, 0.1485748291015625, 0.1336822509765625, -0.95751953125]
390950, 392.51983642578125, [1000.0, 261.0, 373.0, 136.0, 283.0, 286.0, 311.0, 230.0, 231.0, 1000.0, 62.0, 1000.0, 0.0, 1000.0, 572.0, 999.0, 999.0, 999.0, 999.0, 468.0, 667.0, 0.0, 224.0], [4.116996765136719, -25.991880416870117, 65.6167984008789], [0.8140411376953125, 0.15118408203125, -0.169921875, 0.534393310546875], [-12.714288711547852, 20.57387924194336, -158.4207000732422], [0.202484130859375, 0.1539459228515625, 0.1402435302734375, -0.956878662109375]
391010, 392.579833984375, [1000.0, 262.0, 363.0, 137.0, 294.0, 285.0, 305.0, 264.0, 218.0, 1000.0, 75.0, 1000.0, 0.0, 1000.0, 314.0, 999.0, 636.0, 999.0, 999.0, 462.0, 694.0, 0.0, 269.0], [3.7532780170440674, -28.67585563659668, 63.053585052490234], [0.8211517333984375, 0.156463623046875, -0.1943817138671875, 0.51324462890625], [-14.653650283813477, 20.926372528076172, -161.04684448242188], [0.1834259033203125, 0.157012939453125, 0.153350830078125, -0.9582061767578125]
391060, 392.62957763671875, [1000.0, 262.0, 356.0, 139.0, 431.0, 279.0, 367.0, 277.0, 207.0, 1000.0, 97.0, 1000.0, 0.0, 1000.0, 279.0, 999.0, 708.0, 999.0, 999.0, 457.0, 718.0, 0.0, 298.0], [2.559356451034546, -31.13565444946289, 60.99018096923828], [0.8267974853515625, 0.154693603515625, -0.22027587890625, 0.4938812255859375], [-17.415407180786133, 21.012624740600586, -164.39022827148438], [0.159332275390625, 0.158355712890625, 0.1719512939453125, -0.959136962890625]
391120, 392.68988037109375, [1000.0, 261.0, 371.0, 138.0, 791.0, 259.0, 717.0, 313.0, 194.0, 1000.0, 148.0, 1000.0, 0.0, 1000.0, 231.0, 999.0, 947.0, 999.0, 999.0, 450.0, 740.0, 0.0, 325.0], [1.6380362510681152, -34.130714416503906, 58.41830062866211], [0.832275390625, 0.155120849609375, -0.24945068359375, 0.470123291015625], [-19.686922073364258, 20.44733238220215, -168.08168029785156], [0.1308441162109375, 0.156463623046875, 0.18548583984375, -0.9612274169921875]
391170, 392.73974609375, [1000.0, 259.0, 566.0, 130.0, 942.0, 236.0, 874.0, 223.0, 232.0, 1000.0, 183.0, 1000.0, 0.0, 1000.0, 174.0, 999.0, 788.0, 999.0, 999.0, 444.0, 742.0, 0.0, 278.0], [4.142716407775879, -35.24774169921875, 54.67162322998047], [0.8410491943359375, 0.1695404052734375, -0.252960205078125, 0.44708251953125], [-22.448261260986328, 19.6966609954834, -171.33535766601562], [0.106201171875, 0.152801513671875, 0.2039031982421875, -0.9611358642578125]
391220, 392.7898254394531, [1000.0, 258.0, 714.0, 123.0, 974.0, 214.0, 941.0, 326.0, 416.0, 1000.0, 209.0, 1000.0, 0.0, 1000.0, 136.0, 999.0, 986.0, 999.0, 999.0, 438.0, 742.0, 0.0, 264.0], [3.4548516273498535, -38.12532424926758, 53.155967712402344], [0.840484619140625, 0.171539306640625, -0.279205322265625, 0.431488037109375], [-24.870370864868164, 18.614482879638672, -174.14102172851562], [0.0840301513671875, 0.1468658447265625, 0.2202911376953125, -0.96063232421875]
391280, 392.84954833984375, [1000.0, 258.0, 808.0, 112.0, 997.0, 185.0, 973.0, 237.0, 704.0, 1000.0, 199.0, 1000.0, 0.0, 1000.0, 105.0, 999.0, 999.0, 999.0, 999.0, 432.0, 744.0, 0.0, 223.0], [2.8555872440338135, -41.40573501586914, 51.98298263549805], [0.8366851806640625, 0.1758270263671875, -0.3074493408203125, 0.417724609375], [-27.012191772460938, 17.366756439208984, -176.411376953125], [0.065338134765625, 0.139495849609375, 0.2353515625, -0.9596099853515625]
391330, 392.8992919921875, [1000.0, 257.0, 920.0, 101.0, 1000.0, 161.0, 991.0, 219.0, 839.0, 1000.0, 182.0, 750.0, 0.0, 1000.0, 113.0, 999.0, 999.0, 999.0, 999.0, 426.0, 746.0, 0.0, 200.0], [2.696713924407959, -42.461055755615234, 51.803714752197266], [0.83453369140625, 0.1778717041015625, -0.316070556640625, 0.41473388671875], [-31.54106330871582, 10.338248252868652, -177.7767791748047], [0.0430755615234375, 0.0814361572265625, 0.272308349609375, -0.9577789306640625]
391390, 392.95953369140625, [1000.0, 257.0, 945.0, 96.0, 1000.0, 139.0, 1000.0, 208.0, 932.0, 1000.0, 165.0, 1000.0, 0.0, 1000.0, 122.0, 999.0, 999.0, 999.0, 999.0, 419.0, 761.0, 0.0, 194.0], [2.8023741245269775, -40.99222183227539, 52.1708869934082], [0.837249755859375, 0.1744842529296875, -0.3043060302734375, 0.41943359375], [-33.02653121948242, 6.189853668212891, -177.42169189453125], [0.0368804931640625, 0.0453643798828125, 0.284912109375, -0.956756591796875]
391440, 393.0097351074219, [1000.0, 253.0, 971.0, 93.0, 1000.0, 128.0, 1000.0, 261.0, 980.0, 1000.0, 154.0, 1000.0, 0.0, 1000.0, 168.0, 999.0, 999.0, 999.0, 999.0, 414.0, 775.0, 0.0, 214.0], [1.9038586616516113, -39.151214599609375, 53.40593338012695], [0.839080810546875, 0.164520263671875, -0.292236328125, 0.4282989501953125], [-33.85185241699219, 7.190212726593018, -176.94859313964844], [0.043670654296875, 0.0522308349609375, 0.29205322265625, -0.9539642333984375]
391490, 393.0597229003906, [1000.0, 251.0, 1000.0, 95.0, 1000.0, 137.0, 1000.0, 152.0, 990.0, 1000.0, 131.0, 1000.0, 0.0, 1000.0, 228.0, 999.0, 999.0, 999.0, 999.0, 407.0, 772.0, 0.0, 188.0], [-2.237009048461914, -37.302162170410156, 57.05787658691406], [0.8352508544921875, 0.1364593505859375, -0.2897491455078125, 0.4469451904296875], [-34.83287048339844, 8.447627067565918, -175.68019104003906], [0.057891845703125, 0.0589752197265625, 0.300933837890625, -0.950042724609375]
391550, 393.1197509765625, [1000.0, 251.0, 1000.0, 105.0, 1000.0, 147.0, 1000.0, 157.0, 961.0, 1000.0, 151.0, 1000.0, 0.0, 1000.0, 306.0, 999.0, 999.0, 999.0, 999.0, 402.0, 781.0, 0.0, 355.0], [-5.299568176269531, -29.39511489868164, 60.23257827758789], [0.8416900634765625, 0.0884857177734375, -0.241668701171875, 0.47467041015625], [-34.70351028442383, 9.634488105773926, -173.37548828125], [0.0799560546875, 0.0628509521484375, 0.3013153076171875, -0.9480743408203125]
391600, 393.1697082519531, [1000.0, 247.0, 1000.0, 109.0, 997.0, 190.0, 985.0, 333.0, 939.0, 1000.0, 647.0, 1000.0, 0.0, 1000.0, 362.0, 999.0, 999.0, 999.0, 999.0, 398.0, 764.0, 0.0, 723.0], [-7.681358337402344, -24.825347900390625, 62.02227020263672], [0.842559814453125, 0.0544281005859375, -0.2175140380859375, 0.48968505859375], [-35.333274841308594, 10.5439453125, -172.60784912109375], [0.0889892578125, 0.0678863525390625, 0.3072052001953125, -0.9450225830078125]
391650, 393.2196350097656, [1000.0, 246.0, 1000.0, 122.0, 937.0, 621.0, 915.0, 835.0, 780.0, 1000.0, 891.0, 1000.0, 0.0, 1000.0, 375.0, 999.0, 999.0, 977.0, 999.0, 396.0, 752.0, 0.0, 842.0], [-12.411232948303223, -21.247770309448242, 64.44327545166016], [0.8372344970703125, 0.007843017578125, -0.211700439453125, 0.504119873046875], [-39.14598846435547, 11.696149826049805, -172.9715576171875], [0.091522216796875, 0.0753936767578125, 0.3385162353515625, -0.933441162109375]
391710, 393.2795715332031, [1000.0, 255.0, 1000.0, 167.0, 800.0, 844.0, 634.0, 963.0, 494.0, 1000.0, 933.0, 1000.0, 0.0, 1000.0, 314.0, 999.0, 999.0, 972.0, 999.0, 394.0, 729.0, 0.0, 915.0], [-16.62596321105957, -20.415252685546875, 67.25923156738281], [0.8250274658203125, -0.0213623046875, -0.2248077392578125, 0.5179901123046875], [-43.21379852294922, 12.299720764160156, -173.8125457763672], [0.0892791748046875, 0.0796966552734375, 0.3709564208984375, -0.9208984375]
391730, 393.3295593261719, [1000.0, 255.0, 1000.0, 187.0, 749.0, 864.0, 568.0, 974.0, 444.0, 1000.0, 938.0, 1000.0, 0.0, 1000.0, 287.0, 999.0, 979.0, 971.0, 999.0, 394.0, 722.0, 0.0, 928.0], [-18.683185577392578, -20.276134490966797, 68.44405364990234], [0.8192138671875, -0.0344390869140625, -0.2334747314453125, 0.52264404296875], [-45.94084930419922, 12.281684875488281, -174.61514282226562], [0.0847015380859375, 0.0801544189453125, 0.3922119140625, -0.912445068359375]
391760, 393.33941650390625, [1000.0, 257.0, 993.0, 233.0, 660.0, 883.0, 496.0, 984.0, 381.0, 1000.0, 940.0, 1000.0, 0.0, 1000.0, 223.0, 999.0, 580.0, 972.0, 999.0, 395.0, 714.0, 0.0, 940.0], [-22.889509201049805, -20.510826110839844, 70.41526794433594], [0.808380126953125, -0.058929443359375, -0.2551422119140625, 0.5271759033203125], [-51.614280700683594, 11.85867977142334, -176.53118896484375], [0.072052001953125, 0.0798492431640625, 0.4356231689453125, -0.8936614990234375]
391820, 393.3896789550781, [1000.0, 259.0, 975.0, 312.0, 603.0, 877.0, 437.0, 973.0, 312.0, 1000.0, 935.0, 1000.0, 0.0, 1000.0, 133.0, 999.0, 334.0, 965.0, 999.0, 396.0, 711.0, 0.0, 939.0], [-38.9078369140625, -23.07927894592285, 76.91049194335938], [0.764892578125, -0.1382293701171875, -0.35064697265625, 0.522369384765625], [-68.55341339111328, 10.591318130493164, 177.88980102539062], [0.0368194580078125, 0.086578369140625, 0.5592803955078125, -0.8236083984375]
391870, 393.439697265625, [1000.0, 259.0, 971.0, 314.0, 601.0, 853.0, 411.0, 963.0, 276.0, 1000.0, 942.0, 1000.0, 0.0, 1000.0, 129.0, 999.0, 307.0, 972.0, 999.0, 396.0, 706.0, 0.0, 941.0], [-56.49318313598633, -22.035947799682617, 85.07413482666016], [0.698272705078125, -0.2284698486328125, -0.4381103515625, 0.5179290771484375], [-83.23341369628906, 10.102365493774414, 173.4036102294922], [0.015533447265625, 0.1037750244140625, 0.65667724609375, -0.746826171875]
391910, 393.4895324707031, [1000.0, 261.0, 964.0, 315.0, 572.0, 852.0, 409.0, 956.0, 251.0, 1000.0, 942.0, 1000.0, 0.0, 1000.0, 138.0, 999.0, 369.0, 964.0, 999.0, 396.0, 700.0, 0.0, 940.0], [-68.3305892944336, -19.24779510498047, 89.26063537597656], [0.6464996337890625, -0.296844482421875, -0.4874114990234375, 0.50628662109375], [-92.27909851074219, 10.125040054321289, 170.27099609375], [0.0048675537109375, 0.121826171875, 0.7104339599609375, -0.6930999755859375]
391920, 393.4993896484375, [1000.0, 261.0, 963.0, 316.0, 569.0, 852.0, 396.0, 951.0, 247.0, 1000.0, 941.0, 1000.0, 0.0, 1000.0, 140.0, 999.0, 404.0, 963.0, 999.0, 396.0, 700.0, 0.0, 940.0], [-70.65396881103516, -18.446422576904297, 90.00277709960938], [0.6349639892578125, -0.3111114501953125, -0.496063232421875, 0.5039215087890625], [-93.95173645019531, 10.145634651184082, 169.55099487304688], [0.0024871826171875, 0.1263885498046875, 0.7196807861328125, -0.6826934814453125]
391980, 393.549560546875, [1000.0, 261.0, 947.0, 320.0, 525.0, 853.0, 363.0, 934.0, 223.0, 1000.0, 945.0, 750.0, 0.0, 1000.0, 215.0, 999.0, 675.0, 961.0, 999.0, 395.0, 696.0, 0.0, 938.0], [-82.864013671875, -13.225024223327637, 94.76643371582031], [0.560333251953125, -0.38153076171875, -0.54217529296875, 0.4964599609375], [-103.23688507080078, 10.93216323852539, 166.3153533935547], [0.0005035400390625, 0.1516876220703125, 0.7677154541015625, -0.62255859375]
392030, 393.5994567871094, [1000.0, 264.0, 908.0, 319.0, 453.0, 857.0, 330.0, 923.0, 196.0, 1000.0, 948.0, 1000.0, 0.0, 1000.0, 316.0, 999.0, 998.0, 969.0, 999.0, 396.0, 691.0, 0.0, 927.0], [-90.09223937988281, -9.054055213928223, 97.90310668945312], [0.5046539306640625, -0.4212188720703125, -0.5686492919921875, 0.4944915771484375], [-109.51618957519531, 11.59506607055664, 164.7144775390625], [0.0054168701171875, 0.16583251953125, 0.7975616455078125, -0.5799407958984375]
392090, 393.65966796875, [1000.0, 264.0, 828.0, 314.0, 387.0, 851.0, 287.0, 909.0, 169.0, 1000.0, 946.0, 1000.0, 0.0, 1000.0, 427.0, 999.0, 999.0, 973.0, 999.0, 397.0, 685.0, 0.0, 919.0], [-95.59617614746094, -5.70806360244751, 100.4052734375], [0.457763671875, -0.4478607177734375, -0.58984375, 0.491851806640625], [-113.86223602294922, 12.799558639526367, 163.83676147460938], [0.0162506103515625, 0.1772918701171875, 0.8159637451171875, -0.54998779296875]
392140, 393.7095031738281, [1000.0, 265.0, 785.0, 306.0, 363.0, 842.0, 266.0, 901.0, 160.0, 1000.0, 944.0, 1000.0, 0.0, 1000.0, 532.0, 999.0, 999.0, 998.0, 999.0, 397.0, 680.0, 0.0, 910.0], [-98.27088928222656, -3.2704927921295166, 102.64111328125], [0.425567626953125, -0.457855224609375, -0.6017913818359375, 0.4970550537109375], [-117.1869125366211, 13.650286674499512, 163.5541534423828], [0.0263824462890625, 0.1824951171875, 0.829864501953125, -0.5265960693359375]
392190, 393.7695617675781, [1000.0, 267.0, 758.0, 298.0, 342.0, 841.0, 249.0, 897.0, 152.0, 1000.0, 944.0, 1000.0, 0.0, 1000.0, 476.0, 999.0, 999.0, 989.0, 999.0, 397.0, 670.0, 0.0, 906.0], [-100.85713195800781, -1.0070183277130127, 104.52558135986328], [0.395233154296875, -0.4673309326171875, -0.6129913330078125, 0.4996185302734375], [-119.87169647216797, 14.273079872131348, 163.63124084472656], [0.0356597900390625, 0.1838531494140625, 0.8411407470703125, -0.50732421875]
392250, 393.8196716308594, [1000.0, 268.0, 766.0, 289.0, 326.0, 836.0, 238.0, 894.0, 145.0, 1000.0, 938.0, 1000.0, 0.0, 1000.0, 470.0, 999.0, 999.0, 997.0, 999.0, 396.0, 665.0, 0.0, 903.0], [-101.90326690673828, 1.5772792100906372, 105.73746490478516], [0.3717193603515625, -0.4756622314453125, -0.613861083984375, 0.5086517333984375], [-121.23406219482422, 18.668336868286133, 163.88076782226562], [0.072052001953125, 0.1993408203125, 0.8401641845703125, -0.499176025390625]
392290, 393.869384765625, [1000.0, 268.0, 792.0, 284.0, 319.0, 828.0, 233.0, 892.0, 142.0, 1000.0, 936.0, 1000.0, 0.0, 1000.0, 460.0, 999.0, 999.0, 982.0, 999.0, 395.0, 664.0, 0.0, 901.0], [-102.65901184082031, 2.628873109817505, 106.0678482055664], [0.361328125, -0.4808197021484375, -0.615020751953125, 0.5098724365234375], [-121.9380874633789, 19.178993225097656, 164.337890625], [0.0791015625, 0.1975555419921875, 0.84307861328125, -0.4938812255859375]
392300, 393.87939453125, [1000.0, 268.0, 792.0, 284.0, 319.0, 828.0, 233.0, 892.0, 142.0, 1000.0, 936.0, 1000.0, 0.0, 1000.0, 460.0, 999.0, 999.0, 982.0, 999.0, 395.0, 664.0, 0.0, 901.0], [-102.65901184082031, 2.628873109817505, 106.0678482055664], [0.361328125, -0.4808197021484375, -0.615020751953125, 0.5098724365234375], [-122.02454376220703, 19.388839721679688, 164.54837036132812], [0.0817413330078125, 0.19677734375, 0.8434295654296875, -0.4931640625]
392360, 393.9295349121094, [1000.0, 269.0, 816.0, 284.0, 311.0, 824.0, 224.0, 889.0, 137.0, 1000.0, 929.0, 1000.0, 0.0, 1000.0, 381.0, 999.0, 999.0, 967.0, 999.0, 394.0, 668.0, 0.0, 899.0], [-101.9190902709961, 3.573892831802368, 104.99101257324219], [0.36407470703125, -0.48822021484375, -0.6038970947265625, 0.5141754150390625], [-121.20037841796875, 19.666513442993164, 165.1021728515625], [0.0848236083984375, 0.1944122314453125, 0.8402862548828125, -0.4988861083984375]
392410, 393.9818115234375, [1000.0, 268.0, 808.0, 290.0, 306.0, 828.0, 219.0, 890.0, 134.0, 1000.0, 926.0, 1000.0, 0.0, 1000.0, 301.0, 999.0, 999.0, 966.0, 999.0, 393.0, 674.0, 0.0, 899.0], [-101.31352996826172, 3.5212018489837646, 104.80648040771484], [0.367767333984375, -0.487030029296875, -0.6005706787109375, 0.5165557861328125], [-119.97118377685547, 21.698265075683594, 165.23988342285156], [0.0985260009765625, 0.202606201171875, 0.831268310546875, -0.5081329345703125]
392460, 394.03521728515625, [1000.0, 268.0, 812.0, 293.0, 304.0, 822.0, 216.0, 885.0, 131.0, 1000.0, 922.0, 1000.0, 0.0, 1000.0, 300.0, 999.0, 999.0, 963.0, 999.0, 392.0, 673.0, 0.0, 896.0], [-102.34425354003906, 4.19055700302124, 104.95612335205078], [0.3590240478515625, -0.492340087890625, -0.603485107421875, 0.5142822265625], [-120.8598403930664, 22.305971145629883, 165.74098205566406], [0.106842041015625, 0.20062255859375, 0.834869384765625, -0.5012969970703125]
392520, 394.0927429199219, [1000.0, 264.0, 831.0, 293.0, 299.0, 821.0, 212.0, 883.0, 129.0, 1000.0, 918.0, 1000.0, 0.0, 1000.0, 295.0, 999.0, 999.0, 966.0, 999.0, 391.0, 677.0, 0.0, 889.0], [-103.11605072021484, 5.059617519378662, 104.56819152832031], [0.3526153564453125, -0.5003814697265625, -0.6021881103515625, 0.512481689453125], [-118.56340789794922, 18.853404998779297, 167.25079345703125], [0.083984375, 0.17730712890625, 0.8335418701171875, -0.5164337158203125]
392570, 394.14947509765625, [1000.0, 264.0, 830.0, 295.0, 295.0, 822.0, 208.0, 883.0, 126.0, 1000.0, 915.0, 1000.0, 0.0, 1000.0, 270.0, 999.0, 999.0, 965.0, 999.0, 390.0, 679.0, 0.0, 888.0], [-103.33808898925781, 4.210329532623291, 104.69142150878906], [0.355804443359375, -0.496917724609375, -0.6067047119140625, 0.5082855224609375], [-118.74625396728516, 19.988927841186523, 167.21658325195312], [0.092559814453125, 0.1822052001953125, 0.8323211669921875, -0.5152130126953125]
392630, 394.199462890625, [1000.0, 266.0, 816.0, 294.0, 291.0, 820.0, 205.0, 881.0, 123.0, 1000.0, 914.0, 750.0, 0.0, 1000.0, 279.0, 999.0, 999.0, 967.0, 999.0, 390.0, 678.0, 0.0, 885.0], [-102.68901824951172, 3.8503916263580322, 104.43431091308594], [0.3617401123046875, -0.4947509765625, -0.603973388671875, 0.50946044921875], [-117.83465576171875, 20.302244186401367, 167.4351043701172], [0.09442138671875, 0.1826934814453125, 0.8279876708984375, -0.5216522216796875]
392680, 394.2595520019531, [1000.0, 268.0, 803.0, 294.0, 286.0, 819.0, 202.0, 880.0, 120.0, 1000.0, 912.0, 750.0, 0.0, 1000.0, 306.0, 999.0, 999.0, 966.0, 999.0, 389.0, 678.0, 0.0, 884.0], [-102.25997161865234, 3.3279294967651367, 104.15176391601562], [0.367706298828125, -0.4926910400390625, -0.602691650390625, 0.5087127685546875], [-116.89542388916016, 20.19771957397461, 167.9476318359375], [0.094512939453125, 0.1793212890625, 0.824676513671875, -0.5279998779296875]
392730, 394.3096618652344, [1000.0, 268.0, 796.0, 294.0, 284.0, 815.0, 200.0, 879.0, 118.0, 1000.0, 911.0, 1000.0, 0.0, 1000.0, 306.0, 999.0, 999.0, 966.0, 999.0, 388.0, 677.0, 0.0, 883.0], [-103.02230072021484, 3.1456332206726074, 103.85685729980469], [0.3667144775390625, -0.4959259033203125, -0.6054229736328125, 0.5030059814453125], [-116.11944580078125, 20.897022247314453, 168.47738647460938], [0.10089111328125, 0.179229736328125, 0.8206787109375, -0.5330810546875]
392790, 394.3695373535156, [1000.0, 268.0, 789.0, 293.0, 282.0, 811.0, 197.0, 877.0, 117.0, 1000.0, 909.0, 1000.0, 0.0, 1000.0, 308.0, 999.0, 996.0, 968.0, 999.0, 388.0, 677.0, 0.0, 881.0], [-102.55496215820312, 3.2823307514190674, 103.72373962402344], [0.3685760498046875, -0.495697021484375, -0.6023101806640625, 0.5055999755859375], [-115.6507797241211, 22.256519317626953, 168.5269012451172], [0.110321044921875, 0.185272216796875, 0.816070556640625, -0.53619384765625]
392840, 394.4195556640625, [1000.0, 269.0, 783.0, 291.0, 281.0, 806.0, 196.0, 875.0, 116.0, 1000.0, 907.0, 1000.0, 0.0, 1000.0, 335.0, 999.0, 999.0, 973.0, 999.0, 388.0, 675.0, 0.0, 876.0], [-102.1519775390625, 2.1625983715057373, 103.51741027832031], [0.377288818359375, -0.4907684326171875, -0.60357666015625, 0.5024566650390625], [-114.73341369628906, 22.824052810668945, 168.8760223388672], [0.1146087646484375, 0.1862030029296875, 0.811248779296875, -0.5422515869140625]
392890, 394.46990966796875, [1000.0, 269.0, 779.0, 290.0, 279.0, 803.0, 194.0, 873.0, 114.0, 1000.0, 906.0, 1000.0, 0.0, 1000.0, 321.0, 999.0, 963.0, 971.0, 999.0, 388.0, 673.0, 0.0, 873.0], [-101.9999008178711, 1.2008140087127686, 103.56037902832031], [0.3829193115234375, -0.4859466552734375, -0.6064300537109375, 0.499420166015625], [-114.73827362060547, 22.786039352416992, 168.9163360595703], [0.114532470703125, 0.1857452392578125, 0.8114166259765625, -0.5421905517578125]
392950, 394.5296325683594, [1000.0, 269.0, 772.0, 290.0, 278.0, 800.0, 191.0, 871.0, 112.0, 1000.0, 904.0, 1000.0, 0.0, 1000.0, 304.0, 999.0, 944.0, 968.0, 999.0, 387.0, 671.0, 0.0, 869.0], [-101.1893310546875, 1.5378868579864502, 103.45296478271484], [0.3850250244140625, -0.4852447509765625, -0.60125732421875, 0.504730224609375], [-115.18922424316406, 23.41036033630371, 168.5741729736328], [0.118194580078125, 0.1904754638671875, 0.8117828369140625, -0.5391998291015625]
393000, 394.57958984375, [1000.0, 269.0, 768.0, 291.0, 276.0, 800.0, 189.0, 870.0, 111.0, 1000.0, 904.0, 1000.0, 0.0, 1000.0, 296.0, 999.0, 924.0, 967.0, 999.0, 387.0, 670.0, 0.0, 868.0], [-101.8423843383789, 1.715178370475769, 103.37986755371094], [0.381622314453125, -0.4885711669921875, -0.6031951904296875, 0.5017852783203125], [-114.4847183227539, 23.03516960144043, 168.89576721191406], [0.1158294677734375, 0.187255859375, 0.8097076416015625, -0.5439453125]
393060, 394.6395568847656, [1000.0, 268.0, 765.0, 290.0, 275.0, 798.0, 188.0, 870.0, 110.0, 1000.0, 903.0, 1000.0, 0.0, 1000.0, 290.0, 999.0, 921.0, 967.0, 999.0, 386.0, 669.0, 0.0, 867.0], [-102.0206527709961, 1.9246450662612915, 103.44364166259766], [0.37945556640625, -0.489715576171875, -0.603515625, 0.501922607421875], [-114.79782104492188, 23.196735382080078, 168.64608764648438], [0.1163330078125, 0.189422607421875, 0.8104705810546875, -0.5419464111328125]
393110, 394.68994140625, [1000.0, 267.0, 762.0, 291.0, 274.0, 797.0, 186.0, 870.0, 108.0, 1000.0, 903.0, 1000.0, 0.0, 1000.0, 289.0, 999.0, 913.0, 966.0, 999.0, 386.0, 669.0, 0.0, 867.0], [-101.8861083984375, 2.0159764289855957, 103.43844604492188], [0.3795623779296875, -0.48968505859375, -0.6025848388671875, 0.50299072265625], [-115.26808166503906, 24.03287124633789, 168.37176513671875], [0.1219024658203125, 0.1945648193359375, 0.8105926513671875, -0.5387115478515625]
393160, 394.7398681640625, [1000.0, 268.0, 760.0, 290.0, 273.0, 796.0, 185.0, 869.0, 107.0, 1000.0, 902.0, 1000.0, 0.0, 1000.0, 284.0, 999.0, 911.0, 965.0, 999.0, 386.0, 668.0, 0.0, 866.0], [-102.17288970947266, 2.1994330883026123, 103.45853424072266], [0.37725830078125, -0.491302490234375, -0.6032867431640625, 0.5023040771484375], [-114.54742431640625, 23.674882888793945, 168.69140625], [0.119598388671875, 0.1914825439453125, 0.8084259033203125, -0.543548583984375]
393220, 394.799560546875, [1000.0, 269.0, 757.0, 291.0, 273.0, 796.0, 183.0, 869.0, 106.0, 1000.0, 902.0, 1000.0, 0.0, 1000.0, 282.0, 999.0, 882.0, 965.0, 999.0, 386.0, 668.0, 0.0, 865.0], [-101.86661529541016, 2.444955825805664, 103.32491302490234], [0.377838134765625, -0.492034912109375, -0.6005096435546875, 0.504486083984375], [-114.66903686523438, 23.723283767700195, 168.53550720214844], [0.119415283203125, 0.1926727294921875, 0.80865478515625, -0.5428466796875]
393270, 394.849365234375, [1000.0, 268.0, 756.0, 291.0, 272.0, 795.0, 181.0, 868.0, 105.0, 1000.0, 902.0, 1000.0, 0.0, 1000.0, 279.0, 999.0, 872.0, 964.0, 999.0, 385.0, 666.0, 0.0, 864.0], [-101.59762573242188, 2.2956960201263428, 103.2520751953125], [0.3801116943359375, -0.4908905029296875, -0.5995330810546875, 0.505035400390625], [-114.5206527709961, 23.491792678833008, 168.45645141601562], [0.1171112060546875, 0.192352294921875, 0.808258056640625, -0.5440216064453125]
393330, 394.90936279296875, [1000.0, 269.0, 754.0, 291.0, 272.0, 794.0, 180.0, 868.0, 104.0, 1000.0, 902.0, 1000.0, 0.0, 1000.0, 285.0, 999.0, 894.0, 964.0, 999.0, 385.0, 666.0, 0.0, 863.0], [-101.33955383300781, 1.917413592338562, 103.16266632080078], [0.383636474609375, -0.4888916015625, -0.5993499755859375, 0.5045318603515625], [-114.62133026123047, 23.315330505371094, 168.0823974609375], [0.114227294921875, 0.1941070556640625, 0.8084564208984375, -0.543731689453125]
393380, 394.95953369140625, [1000.0, 269.0, 753.0, 290.0, 272.0, 792.0, 179.0, 868.0, 103.0, 1000.0, 902.0, 1000.0, 0.0, 1000.0, 302.0, 999.0, 909.0, 965.0, 999.0, 385.0, 666.0, 0.0, 863.0], [-101.1772232055664, 1.5860904455184937, 102.85832977294922], [0.3874359130859375, -0.488525390625, -0.5985107421875, 0.50299072265625], [-113.82780456542969, 22.785785675048828, 168.005859375], [0.1086883544921875, 0.19305419921875, 0.805572509765625, -0.54949951171875]
393430, 395.0098571777344, [1000.0, 271.0, 752.0, 291.0, 273.0, 791.0, 178.0, 867.0, 102.0, 1000.0, 900.0, 1000.0, 0.0, 1000.0, 331.0, 999.0, 934.0, 964.0, 999.0, 385.0, 665.0, 0.0, 862.0], [-101.28948211669922, 1.8603650331497192, 102.46097564697266], [0.387237548828125, -0.4921417236328125, -0.5963287353515625, 0.502197265625], [-114.58187866210938, 24.34496307373047, 167.32847595214844], [0.1180419921875, 0.204010009765625, 0.804901123046875, -0.5445709228515625]
393490, 395.0698547363281, [1000.0, 269.0, 752.0, 291.0, 273.0, 789.0, 176.0, 867.0, 102.0, 1000.0, 899.0, 1000.0, 0.0, 1000.0, 329.0, 999.0, 936.0, 966.0, 999.0, 384.0, 665.0, 0.0, 862.0], [-102.53958892822266, 2.582085132598877, 102.31950378417969], [0.3785858154296875, -0.500091552734375, -0.5986175537109375, 0.4982147216796875], [-115.10726165771484, 22.877857208251953, 167.06610107421875], [0.1070709228515625, 0.198883056640625, 0.80987548828125, -0.541351318359375]
393540, 395.1195373535156, [1000.0, 270.0, 751.0, 290.0, 274.0, 786.0, 175.0, 866.0, 101.0, 1000.0, 898.0, 1000.0, 0.0, 1000.0, 332.0, 999.0, 947.0, 968.0, 999.0, 384.0, 665.0, 0.0, 862.0], [-102.62078857421875, 2.485194683074951, 102.22032928466797], [0.379180908203125, -0.5004730224609375, -0.598876953125, 0.4970550537109375], [-114.42949676513672, 23.00994300842285, 167.21493530273438], [0.1075592041015625, 0.1990509033203125, 0.8066558837890625, -0.5459747314453125]
393600, 395.17987060546875, [1000.0, 270.0, 750.0, 289.0, 274.0, 784.0, 174.0, 865.0, 99.0, 1000.0, 897.0, 750.0, 0.0, 1000.0, 349.0, 999.0, 961.0, 971.0, 999.0, 384.0, 664.0, 0.0, 860.0], [-102.34233856201172, 2.5032925605773926, 102.34770202636719], [0.3797454833984375, -0.49896240234375, -0.5981597900390625, 0.4990081787109375], [-116.52819061279297, 23.53061294555664, 166.29116821289062], [0.1107177734375, 0.2058563232421875, 0.8138580322265625, -0.5319671630859375]
393650, 395.2295837402344, [1000.0, 268.0, 750.0, 289.0, 274.0, 782.0, 173.0, 865.0, 98.0, 1000.0, 897.0, 1000.0, 0.0, 1000.0, 355.0, 999.0, 951.0, 971.0, 999.0, 384.0, 663.0, 0.0, 860.0], [-102.33576202392578, 2.3795228004455566, 102.47506713867188], [0.3798828125, -0.4977569580078125, -0.59912109375, 0.4989471435546875], [-115.39691925048828, 23.25011444091797, 166.98609924316406], [0.1099090576171875, 0.2008056640625, 0.81036376953125, -0.539337158203125]
393700, 395.27960205078125, [1000.0, 269.0, 749.0, 289.0, 274.0, 782.0, 172.0, 864.0, 97.0, 1000.0, 897.0, 1000.0, 0.0, 1000.0, 346.0, 999.0, 941.0, 972.0, 999.0, 383.0, 663.0, 0.0, 859.0], [-101.66122436523438, 1.907041072845459, 102.60734558105469], [0.3847503662109375, -0.492828369140625, -0.598419189453125, 0.500946044921875], [-114.76703643798828, 23.105403900146484, 167.33132934570312], [0.1093902587890625, 0.198333740234375, 0.8082733154296875, -0.5434722900390625]
393760, 395.3394470214844, [1000.0, 270.0, 748.0, 289.0, 274.0, 781.0, 171.0, 863.0, 96.0, 1000.0, 896.0, 1000.0, 0.0, 1000.0, 342.0, 999.0, 939.0, 974.0, 999.0, 383.0, 663.0, 0.0, 858.0], [-100.55955505371094, 0.8412708044052124, 102.58014678955078], [0.3952178955078125, -0.4846649169921875, -0.5972442626953125, 0.502166748046875], [-113.7269058227539, 23.405981063842773, 167.80783081054688], [0.1120452880859375, 0.19732666015625, 0.8035430908203125, -0.5502777099609375]
393810, 395.3896789550781, [1000.0, 270.0, 748.0, 289.0, 273.0, 780.0, 170.0, 862.0, 96.0, 1000.0, 896.0, 1000.0, 0.0, 1000.0, 339.0, 999.0, 943.0, 973.0, 999.0, 383.0, 662.0, 0.0, 858.0], [-100.0454330444336, 1.0028196573257446, 102.49590301513672], [0.39691162109375, -0.4840240478515625, -0.59405517578125, 0.505218505859375], [-113.27367401123047, 23.573843002319336, 167.78274536132812], [0.1123504638671875, 0.198699951171875, 0.8009796142578125, -0.553436279296875]
393870, 395.4497985839844, [1000.0, 270.0, 748.0, 289.0, 273.0, 780.0, 169.0, 862.0, 95.0, 1000.0, 895.0, 1000.0, 0.0, 1000.0, 344.0, 999.0, 943.0, 974.0, 999.0, 383.0, 662.0, 0.0, 858.0], [-99.68273162841797, 1.4049835205078125, 102.32086944580078], [0.3971099853515625, -0.48541259765625, -0.59027099609375, 0.508148193359375], [-113.2901611328125, 23.685611724853516, 167.61019897460938], [0.1123504638671875, 0.2003936767578125, 0.800537109375, -0.553466796875]
