411600, 413.24908447265625, [1000.0, 263.0, 444.0, 115.0, 212.0, 162.0, 155.0, 127.0, 114.0, 1000.0, 78.0, 1000.0, 0.0, 1000.0, 908.0, 999.0, 999.0, 999.0, 999.0, 478.0, 627.0, 0.0, 141.0], [-20.006505966186523, -2.014685869216919, 112.62557220458984], [0.548675537109375, -0.0819244384765625, -0.15411376953125, 0.817596435546875], [-31.641376495361328, 11.596968650817871, -169.3682861328125], [0.1161041259765625, 0.0716552734375, 0.2790679931640625, -0.9505157470703125]
411660, 413.3093566894531, [1000.0, 263.0, 444.0, 115.0, 211.0, 162.0, 155.0, 127.0, 114.0, 1000.0, 77.0, 750.0, 0.0, 1000.0, 907.0, 999.0, 999.0, 999.0, 999.0, 478.0, 627.0, 0.0, 140.0], [-20.040103912353516, -2.11698842048645, 112.69940185546875], [0.548248291015625, -0.0812530517578125, -0.1548919677734375, 0.81781005859375], [-31.643667221069336, 11.530620574951172, -169.37060546875], [0.115936279296875, 0.07110595703125, 0.279052734375, -0.950592041015625]
411680, 413.35943603515625, [1000.0, 263.0, 443.0, 115.0, 211.0, 162.0, 154.0, 126.0, 114.0, 1000.0, 77.0, 1000.0, 0.0, 1000.0, 908.0, 999.0, 999.0, 999.0, 999.0, 478.0, 627.0, 0.0, 140.0], [-20.0334529876709, -2.146627187728882, 112.72126007080078], [0.548126220703125, -0.0809783935546875, -0.154998779296875, 0.8178863525390625], [-31.608057022094727, 11.4838228225708, -169.36599731445312], [0.1158447265625, 0.07073974609375, 0.2787322998046875, -0.950714111328125]
411710, 413.3694152832031, [1000.0, 264.0, 443.0, 115.0, 211.0, 162.0, 154.0, 126.0, 114.0, 1000.0, 77.0, 1000.0, 0.0, 1000.0, 910.0, 999.0, 999.0, 999.0, 999.0, 478.0, 627.0, 0.0, 140.0], [-20.007265090942383, -2.181777238845825, 112.7476577758789], [0.548004150390625, -0.08056640625, -0.154998779296875, 0.818023681640625], [-31.5497989654541, 11.691874504089355, -169.35606384277344], [0.116363525390625, 0.072509765625, 0.2783660888671875, -0.95062255859375]
411760, 413.4198303222656, [1000.0, 263.0, 443.0, 115.0, 211.0, 162.0, 154.0, 126.0, 114.0, 1000.0, 77.0, 750.0, 0.0, 1000.0, 916.0, 999.0, 999.0, 999.0, 999.0, 478.0, 627.0, 0.0, 139.0], [-19.920995712280273, -2.172758102416992, 112.79513549804688], [0.5477142333984375, -0.0801544189453125, -0.1543731689453125, 0.8183746337890625], [-31.41845703125, 11.474098205566406, -169.33277893066406], [0.1159820556640625, 0.070770263671875, 0.2771759033203125, -0.9511566162109375]
411820, 413.4693908691406, [1000.0, 263.0, 443.0, 115.0, 211.0, 162.0, 153.0, 126.0, 113.0, 1000.0, 77.0, 750.0, 0.0, 1000.0, 913.0, 999.0, 999.0, 999.0, 999.0, 478.0, 627.0, 0.0, 138.0], [-19.870227813720703, -2.142120361328125, 112.84591674804688], [0.5473480224609375, -0.0800628662109375, -0.153900146484375, 0.8187103271484375], [-31.364559173583984, 11.34238052368164, -169.32958984375], [0.1156768798828125, 0.0697174072265625, 0.2766571044921875, -0.951416015625]
411870, 413.5294494628906, [1000.0, 263.0, 442.0, 115.0, 211.0, 162.0, 153.0, 126.0, 113.0, 1000.0, 77.0, 1000.0, 0.0, 1000.0, 912.0, 999.0, 999.0, 999.0, 999.0, 478.0, 626.0, 0.0, 138.0], [-19.84254264831543, -2.1590850353240967, 112.90645599365234], [0.5469512939453125, -0.0797271728515625, -0.1538238525390625, 0.8190155029296875], [-31.833330154418945, 11.481208801269531, -169.42434692382812], [0.1154937744140625, 0.0706329345703125, 0.2805633544921875, -0.950225830078125]
411930, 413.57965087890625, [1000.0, 263.0, 442.0, 115.0, 210.0, 162.0, 152.0, 125.0, 112.0, 1000.0, 76.0, 1000.0, 0.0, 1000.0, 911.0, 999.0, 999.0, 999.0, 999.0, 477.0, 626.0, 0.0, 138.0], [-19.889209747314453, -2.0269198417663574, 112.97232818603516], [0.546295166015625, -0.080810546875, -0.1535797119140625, 0.81939697265625], [-31.431631088256836, 11.148245811462402, -169.34591674804688], [0.115142822265625, 0.0680694580078125, 0.277099609375, -0.95147705078125]
411980, 413.6394958496094, [1000.0, 264.0, 442.0, 114.0, 209.0, 162.0, 152.0, 125.0, 112.0, 1000.0, 76.0, 1000.0, 0.0, 1000.0, 905.0, 999.0, 999.0, 999.0, 999.0, 477.0, 626.0, 0.0, 137.0], [-19.821210861206055, -2.031151533126831, 113.02696990966797], [0.54595947265625, -0.08038330078125, -0.1531524658203125, 0.8197479248046875], [-31.427688598632812, 11.254312515258789, -169.33786010742188], [0.115447998046875, 0.068939208984375, 0.277130126953125, -0.9513702392578125]
412030, 413.6896057128906, [1000.0, 263.0, 442.0, 114.0, 209.0, 162.0, 151.0, 125.0, 112.0, 1000.0, 76.0, 1000.0, 0.0, 1000.0, 905.0, 999.0, 999.0, 999.0, 999.0, 477.0, 626.0, 0.0, 137.0], [-19.813581466674805, -2.019986629486084, 113.09381103515625], [0.54547119140625, -0.0803375244140625, -0.1530914306640625, 0.8200836181640625], [-31.31382179260254, 11.32955551147461, -169.30215454101562], [0.1158447265625, 0.0695953369140625, 0.2762451171875, -0.9515228271484375]
412090, 413.7496337890625, [1000.0, 262.0, 441.0, 114.0, 209.0, 162.0, 151.0, 125.0, 112.0, 1000.0, 76.0, 1000.0, 0.0, 1000.0, 905.0, 999.0, 999.0, 999.0, 999.0, 477.0, 626.0, 0.0, 136.0], [-19.755550384521484, -1.9928637742996216, 113.1933822631836], [0.544769287109375, -0.0801239013671875, -0.152618408203125, 0.8206634521484375], [-31.469884872436523, 11.243073463439941, -169.32492065429688], [0.1155548095703125, 0.0687713623046875, 0.2774810791015625, -0.951263427734375]
412140, 413.7997131347656, [1000.0, 263.0, 441.0, 114.0, 208.0, 162.0, 151.0, 125.0, 112.0, 1000.0, 75.0, 1000.0, 0.0, 1000.0, 906.0, 999.0, 999.0, 999.0, 999.0, 477.0, 625.0, 0.0, 135.0], [-19.745473861694336, -1.9933950901031494, 113.26959991455078], [0.5442352294921875, -0.0799713134765625, -0.1526031494140625, 0.821044921875], [-31.475078582763672, 11.185571670532227, -169.3426055908203], [0.1152801513671875, 0.068328857421875, 0.2774810791015625, -0.951324462890625]
412200, 413.8494567871094, [1000.0, 261.0, 441.0, 114.0, 208.0, 162.0, 150.0, 125.0, 111.0, 1000.0, 75.0, 1000.0, 0.0, 1000.0, 902.0, 999.0, 999.0, 999.0, 999.0, 477.0, 625.0, 0.0, 135.0], [-19.813613891601562, -2.1094629764556885, 113.34284210205078], [0.543792724609375, -0.0793609619140625, -0.1536865234375, 0.8211822509765625], [-31.41877555847168, 11.147065162658691, -169.34466552734375], [0.115142822265625, 0.0680694580078125, 0.2769927978515625, -0.951507568359375]
412250, 413.909423828125, [1000.0, 261.0, 440.0, 114.0, 208.0, 162.0, 150.0, 125.0, 111.0, 1000.0, 75.0, 750.0, 0.0, 1000.0, 904.0, 999.0, 999.0, 999.0, 999.0, 477.0, 625.0, 0.0, 135.0], [-19.75448989868164, -2.0734975337982178, 113.40631866455078], [0.5433349609375, -0.079254150390625, -0.15313720703125, 0.82159423828125], [-31.720428466796875, 11.33044147491455, -169.41128540039062], [0.1151885986328125, 0.0694580078125, 0.2795562744140625, -0.950653076171875]
412300, 413.9598083496094, [1000.0, 261.0, 440.0, 114.0, 207.0, 162.0, 150.0, 125.0, 111.0, 1000.0, 74.0, 1000.0, 0.0, 1000.0, 903.0, 999.0, 999.0, 999.0, 999.0, 477.0, 625.0, 0.0, 135.0], [-19.731050491333008, -2.031834363937378, 113.46803283691406], [0.5428619384765625, -0.0793609619140625, -0.1528167724609375, 0.82196044921875], [-31.445478439331055, 11.071428298950195, -169.36447143554688], [0.1148223876953125, 0.0674591064453125, 0.27716064453125, -0.9515380859375]
412360, 414.0193176269531, [1000.0, 261.0, 440.0, 114.0, 207.0, 162.0, 150.0, 125.0, 110.0, 1000.0, 74.0, 1000.0, 0.0, 1000.0, 900.0, 999.0, 999.0, 999.0, 999.0, 477.0, 624.0, 0.0, 134.0], [-19.80511474609375, -2.1506998538970947, 113.54682922363281], [0.542388916015625, -0.0787506103515625, -0.153961181640625, 0.8221282958984375], [-31.131193161010742, 11.332094192504883, -169.29879760742188], [0.1157684326171875, 0.069793701171875, 0.2747344970703125, -0.95196533203125]
412410, 414.06927490234375, [1000.0, 259.0, 440.0, 114.0, 207.0, 161.0, 149.0, 125.0, 110.0, 1000.0, 74.0, 1000.0, 0.0, 1000.0, 899.0, 999.0, 999.0, 999.0, 999.0, 477.0, 625.0, 0.0, 134.0], [-19.834144592285156, -2.0853729248046875, 113.6241226196289], [0.5417327880859375, -0.079254150390625, -0.1539154052734375, 0.822509765625], [-32.09370040893555, 11.576796531677246, -169.49246215820312], [0.1153106689453125, 0.0713348388671875, 0.2827301025390625, -0.949554443359375]
412470, 414.12908935546875, [1000.0, 259.0, 440.0, 113.0, 206.0, 162.0, 149.0, 125.0, 110.0, 1000.0, 74.0, 1000.0, 0.0, 1000.0, 892.0, 999.0, 999.0, 999.0, 999.0, 477.0, 624.0, 0.0, 134.0], [-19.760427474975586, -2.264191150665283, 113.71096801757812], [0.5413665771484375, -0.0774993896484375, -0.1542816162109375, 0.822845458984375], [-31.743621826171875, 11.449671745300293, -169.4072723388672], [0.115509033203125, 0.0704193115234375, 0.279815673828125, -0.950469970703125]
412520, 414.17950439453125, [1000.0, 260.0, 439.0, 113.0, 205.0, 161.0, 148.0, 124.0, 109.0, 1000.0, 74.0, 1000.0, 0.0, 1000.0, 903.0, 999.0, 999.0, 999.0, 999.0, 477.0, 625.0, 0.0, 133.0], [-19.580869674682617, -2.4719059467315674, 113.9630355834961], [0.5399169921875, -0.0748138427734375, -0.1541290283203125, 0.8240814208984375], [-30.662384033203125, 11.222771644592285, -168.9820098876953], [0.1178741455078125, 0.068603515625, 0.270965576171875, -0.9528656005859375]
412570, 414.2294616699219, [1000.0, 260.0, 437.0, 113.0, 206.0, 161.0, 148.0, 124.0, 107.0, 1000.0, 74.0, 1000.0, 0.0, 1000.0, 930.0, 999.0, 999.0, 999.0, 999.0, 478.0, 626.0, 0.0, 132.0], [-18.91863250732422, -3.9265975952148438, 114.49482727050781], [0.5380706787109375, -0.0604400634765625, -0.1564178466796875, 0.8260345458984375], [-30.048416137695312, 12.336893081665039, -168.46875], [0.124176025390625, 0.077362060546875, 0.266845703125, -0.9525604248046875]
412630, 414.28948974609375, [1000.0, 259.0, 434.0, 112.0, 213.0, 156.0, 149.0, 123.0, 107.0, 1000.0, 74.0, 1000.0, 0.0, 1000.0, 973.0, 999.0, 999.0, 999.0, 999.0, 479.0, 628.0, 0.0, 135.0], [-15.935635566711426, -8.17336654663086, 114.49773406982422], [0.5427093505859375, -0.01544189453125, -0.1544647216796875, 0.825439453125], [-27.79427146911621, 15.410101890563965, -167.022705078125], [0.1407012939453125, 0.1024169921875, 0.251190185546875, -0.9521484375]
412680, 414.3394775390625, [1000.0, 258.0, 441.0, 116.0, 218.0, 167.0, 152.0, 124.0, 121.0, 1000.0, 72.0, 1000.0, 0.0, 1000.0, 968.0, 999.0, 999.0, 999.0, 999.0, 479.0, 633.0, 0.0, 148.0], [-12.951109886169434, -8.760984420776367, 113.38710021972656], [0.55120849609375, 0.001678466796875, -0.135650634765625, 0.8232421875], [-25.46552848815918, 18.547880172729492, -165.69839477539062], [0.1550750732421875, 0.1288909912109375, 0.2353973388671875, -0.95074462890625]
412730, 414.38946533203125, [1000.0, 258.0, 472.0, 122.0, 234.0, 196.0, 174.0, 128.0, 136.0, 1000.0, 70.0, 1000.0, 0.0, 1000.0, 957.0, 999.0, 999.0, 999.0, 999.0, 472.0, 637.0, 0.0, 147.0], [-12.080016136169434, -8.013803482055664, 110.65604400634766], [0.57037353515625, -0.0025634765625, -0.1258544921875, 0.8116607666015625], [-24.077247619628906, 21.314437866210938, -164.70452880859375], [0.1661376953125, 0.1519775390625, 0.2272186279296875, -0.94744873046875]
412790, 414.449462890625, [1000.0, 258.0, 493.0, 132.0, 255.0, 222.0, 297.0, 130.0, 171.0, 1000.0, 67.0, 1000.0, 0.0, 1000.0, 951.0, 999.0, 999.0, 999.0, 999.0, 465.0, 640.0, 0.0, 151.0], [-9.514233589172363, -7.509947776794434, 106.8294448852539], [0.5970458984375, 0.003082275390625, -0.1053466796875, 0.7952423095703125], [-20.481155395507812, 23.337053298950195, -163.77037048339844], [0.171630859375, 0.172454833984375, 0.2004547119140625, -0.9489898681640625]
412840, 414.4994812011719, [1000.0, 257.0, 487.0, 132.0, 276.0, 213.0, 507.0, 128.0, 236.0, 1000.0, 63.0, 1000.0, 0.0, 1000.0, 924.0, 999.0, 999.0, 999.0, 999.0, 460.0, 652.0, 0.0, 162.0], [-7.352928638458252, -9.520854949951172, 102.72982788085938], [0.6250762939453125, 0.0247955322265625, -0.10162353515625, 0.7735137939453125], [-18.586559295654297, 23.57938575744629, -163.96226501464844], [0.1674346923828125, 0.1776123046875, 0.184661865234375, -0.951995849609375]
412900, 414.5594787597656, [1000.0, 256.0, 471.0, 130.0, 298.0, 202.0, 545.0, 125.0, 279.0, 1000.0, 61.0, 750.0, 0.0, 1000.0, 937.0, 999.0, 999.0, 999.0, 999.0, 467.0, 650.0, 0.0, 176.0], [-5.910218715667725, -11.217405319213867, 99.4233627319336], [0.646514892578125, 0.0412750244140625, -0.1022491455078125, 0.7548675537109375], [-16.852651596069336, 22.53356170654297, -165.09112548828125], [0.1542510986328125, 0.1729888916015625, 0.167572021484375, -0.958221435546875]
412950, 414.6094970703125, [1000.0, 256.0, 460.0, 128.0, 304.0, 199.0, 523.0, 126.0, 296.0, 1000.0, 59.0, 750.0, 0.0, 1000.0, 949.0, 999.0, 999.0, 999.0, 999.0, 481.0, 647.0, 0.0, 195.0], [-3.229858160018921, -13.800077438354492, 96.3154296875], [0.6645050048828125, 0.07080078125, -0.1009521484375, 0.737030029296875], [-14.968405723571777, 20.734012603759766, -165.50369262695312], [0.14630126953125, 0.16082763671875, 0.1496124267578125, -0.96453857421875]
413000, 414.6597595214844, [1000.0, 257.0, 450.0, 126.0, 291.0, 194.0, 490.0, 128.0, 303.0, 1000.0, 57.0, 1000.0, 0.0, 1000.0, 937.0, 999.0, 999.0, 999.0, 999.0, 486.0, 649.0, 0.0, 213.0], [0.20048634707927704, -16.435823440551758, 92.51344299316406], [0.68414306640625, 0.104461669921875, -0.0975799560546875, 0.7151947021484375], [-12.708589553833008, 19.56021499633789, -166.00933837890625], [0.137939453125, 0.1542816162109375, 0.128814697265625, -0.969818115234375]
413060, 414.7195129394531, [1000.0, 255.0, 439.0, 125.0, 279.0, 193.0, 448.0, 131.0, 295.0, 1000.0, 52.0, 1000.0, 0.0, 1000.0, 925.0, 999.0, 999.0, 999.0, 999.0, 483.0, 649.0, 0.0, 238.0], [3.7633910179138184, -17.655221939086914, 88.99970245361328], [0.7008819580078125, 0.130645751953125, -0.0866546630859375, 0.6958160400390625], [-10.767241477966309, 18.947288513183594, -166.6281280517578], [0.129669189453125, 0.1519775390625, 0.110992431640625, -0.9735260009765625]
413110, 414.76947021484375, [1000.0, 255.0, 420.0, 121.0, 261.0, 207.0, 409.0, 143.0, 282.0, 1000.0, 48.0, 750.0, 0.0, 1000.0, 851.0, 999.0, 999.0, 999.0, 999.0, 479.0, 645.0, 0.0, 263.0], [5.570344924926758, -19.17046546936035, 85.52925109863281], [0.7175445556640625, 0.148101806640625, -0.089569091796875, 0.674652099609375], [-10.733152389526367, 19.295635223388672, -167.4803466796875], [0.1226043701171875, 0.1558074951171875, 0.1098480224609375, -0.973968505859375]
413170, 414.8298034667969, [1000.0, 252.0, 402.0, 121.0, 243.0, 256.0, 375.0, 205.0, 261.0, 1000.0, 50.0, 1000.0, 0.0, 1000.0, 659.0, 999.0, 999.0, 999.0, 999.0, 467.0, 650.0, 0.0, 338.0], [5.4278130531311035, -22.251502990722656, 82.83992004394531], [0.728912353515625, 0.162353515625, -0.113800048828125, 0.6552581787109375], [-12.212696075439453, 20.562923431396484, -169.00518798828125], [0.1126251220703125, 0.1666259765625, 0.121185302734375, -0.9720306396484375]
413220, 414.8793029785156, [1000.0, 253.0, 389.0, 121.0, 234.0, 298.0, 384.0, 294.0, 237.0, 1000.0, 65.0, 1000.0, 0.0, 1000.0, 539.0, 999.0, 999.0, 999.0, 999.0, 462.0, 668.0, 0.0, 382.0], [4.727859020233154, -24.64219856262207, 81.0811538696289], [0.736083984375, 0.1692047119140625, -0.135833740234375, 0.6411590576171875], [-13.55380916595459, 21.219945907592773, -170.66537475585938], [0.10107421875, 0.17279052734375, 0.1304779052734375, -0.9710235595703125]
413270, 414.9296569824219, [1000.0, 254.0, 380.0, 122.0, 405.0, 290.0, 550.0, 311.0, 216.0, 1000.0, 94.0, 750.0, 0.0, 1000.0, 353.0, 999.0, 812.0, 999.0, 999.0, 457.0, 704.0, 0.0, 411.0], [5.116576194763184, -27.490772247314453, 78.97266387939453], [0.7421722412109375, 0.1844024658203125, -0.1556243896484375, 0.625244140625], [-14.917101860046387, 21.380651473999023, -172.66917419433594], [0.0863189697265625, 0.1753997802734375, 0.1390533447265625, -0.970794677734375]
413330, 414.98974609375, [1000.0, 255.0, 382.0, 123.0, 694.0, 274.0, 720.0, 300.0, 203.0, 1000.0, 126.0, 1000.0, 0.0, 1000.0, 237.0, 999.0, 660.0, 999.0, 999.0, 453.0, 735.0, 0.0, 432.0], [4.356733798980713, -31.127197265625, 76.67154693603516], [0.748748779296875, 0.1950225830078125, -0.187591552734375, 0.6050872802734375], [-17.88526153564453, 21.178546905517578, -176.39462280273438], [0.0590972900390625, 0.1766357421875, 0.1584320068359375, -0.969635009765625]
413380, 415.03948974609375, [1000.0, 254.0, 421.0, 124.0, 885.0, 252.0, 871.0, 250.0, 204.0, 1000.0, 143.0, 1000.0, 0.0, 1000.0, 185.0, 999.0, 649.0, 999.0, 999.0, 446.0, 773.0, 0.0, 424.0], [3.346428394317627, -34.57076644897461, 74.42796325683594], [0.7548370361328125, 0.2018280029296875, -0.21966552734375, 0.584136962890625], [-20.91189956665039, 20.46072006225586, 179.75729370117188], [0.030181884765625, 0.1750335693359375, 0.17822265625, -0.9678192138671875]
413440, 415.09954833984375, [1000.0, 252.0, 553.0, 119.0, 956.0, 213.0, 923.0, 241.0, 365.0, 1000.0, 147.0, 750.0, 0.0, 1000.0, 133.0, 999.0, 740.0, 999.0, 999.0, 438.0, 794.0, 0.0, 396.0], [2.635448932647705, -38.39385986328125, 72.30906677246094], [0.7578582763671875, 0.2114715576171875, -0.2526092529296875, 0.5631103515625], [-23.980117797851562, 19.230541229248047, 175.93507385253906], [0.0004730224609375, 0.1705474853515625, 0.1988983154296875, -0.965057373046875]
413490, 415.1498107910156, [1000.0, 250.0, 801.0, 108.0, 993.0, 178.0, 981.0, 315.0, 778.0, 1000.0, 131.0, 1000.0, 0.0, 1000.0, 111.0, 999.0, 999.0, 999.0, 999.0, 431.0, 786.0, 0.0, 342.0], [2.0634546279907227, -41.109073638916016, 70.8109130859375], [0.7593841552734375, 0.2171173095703125, -0.2763519287109375, 0.5475311279296875], [-26.468290328979492, 18.18781089782715, 173.34323120117188], [-0.019683837890625, 0.166717529296875, 0.21673583984375, -0.961669921875]
413540, 415.1994934082031, [1000.0, 250.0, 885.0, 101.0, 1000.0, 162.0, 1000.0, 365.0, 929.0, 1000.0, 123.0, 750.0, 0.0, 1000.0, 117.0, 999.0, 999.0, 999.0, 999.0, 424.0, 792.0, 0.0, 336.0], [1.9725183248519897, -41.39640808105469, 70.49256896972656], [0.7603302001953125, 0.2170867919921875, -0.2793121337890625, 0.5447235107421875], [-28.691984176635742, 15.96297550201416, 172.69943237304688], [-0.0267486572265625, 0.149871826171875, 0.2363128662109375, -0.9596710205078125]
413600, 415.2596740722656, [1000.0, 249.0, 947.0, 97.0, 1000.0, 149.0, 1000.0, 401.0, 1000.0, 1000.0, 111.0, 1000.0, 0.0, 1000.0, 187.0, 999.0, 999.0, 999.0, 999.0, 417.0, 798.0, 0.0, 390.0], [0.6254906058311462, -38.55083465576172, 72.01277160644531], [0.7625274658203125, 0.1982269287109375, -0.264007568359375, 0.556365966796875], [-29.267990112304688, 15.035600662231445, 173.250732421875], [-0.023468017578125, 0.14111328125, 0.242584228515625, -0.9595184326171875]
413650, 415.3094787597656, [1000.0, 247.0, 992.0, 98.0, 1000.0, 156.0, 1000.0, 451.0, 1000.0, 1000.0, 101.0, 1000.0, 0.0, 1000.0, 227.0, 999.0, 988.0, 999.0, 999.0, 411.0, 806.0, 0.0, 428.0], [-4.637217998504639, -38.27596664428711, 76.30404663085938], [0.75048828125, 0.17230224609375, -0.2812042236328125, 0.57269287109375], [-31.882469177246094, 15.49576473236084, 174.38990783691406], [-0.0096435546875, 0.142791748046875, 0.265472412109375, -0.95343017578125]
413710, 415.3695983886719, [1000.0, 247.0, 1000.0, 101.0, 1000.0, 168.0, 1000.0, 223.0, 1000.0, 1000.0, 104.0, 750.0, 0.0, 1000.0, 295.0, 999.0, 999.0, 999.0, 999.0, 402.0, 798.0, 0.0, 569.0], [-7.0590033531188965, -32.01264190673828, 78.74646759033203], [0.752410888671875, 0.12884521484375, -0.2502899169921875, 0.595489501953125], [-31.01747703552246, 16.093652725219727, 176.3694305419922], [0.0071868896484375, 0.1432037353515625, 0.260345458984375, -0.954803466796875]
413760, 415.419677734375, [1000.0, 241.0, 1000.0, 108.0, 993.0, 276.0, 979.0, 602.0, 924.0, 1000.0, 653.0, 750.0, 0.0, 1000.0, 278.0, 999.0, 999.0, 999.0, 999.0, 396.0, 785.0, 0.0, 774.0], [-10.971319198608398, -26.949600219726562, 81.2108383178711], [0.749420166015625, 0.08038330078125, -0.236602783203125, 0.6131134033203125], [-33.025211334228516, 16.529611587524414, 177.17312622070312], [0.0174407958984375, 0.14471435546875, 0.2777862548828125, -0.9495086669921875]
413780, 415.47027587890625, [1000.0, 244.0, 1000.0, 110.0, 968.0, 445.0, 952.0, 778.0, 838.0, 1000.0, 819.0, 750.0, 0.0, 1000.0, 265.0, 999.0, 999.0, 998.0, 999.0, 395.0, 781.0, 0.0, 817.0], [-10.634626388549805, -26.0191593170166, 81.1114273071289], [0.750640869140625, 0.0771331787109375, -0.22900390625, 0.6149139404296875], [-34.17947769165039, 16.942914962768555, 177.26556396484375], [0.020721435546875, 0.147705078125, 0.2872161865234375, -0.9461669921875]
413810, 415.4794616699219, [1000.0, 244.0, 1000.0, 116.0, 929.0, 666.0, 868.0, 904.0, 673.0, 1000.0, 888.0, 1000.0, 0.0, 1000.0, 278.0, 999.0, 999.0, 989.0, 999.0, 393.0, 776.0, 0.0, 859.0], [-12.464669227600098, -24.88675880432129, 82.12615966796875], [0.747283935546875, 0.0607757568359375, -0.23114013671875, 0.620025634765625], [-35.476009368896484, 17.311269760131836, 177.1605682373047], [0.0225067138671875, 0.1507568359375, 0.29754638671875, -0.94244384765625]
413870, 415.5294494628906, [1000.0, 257.0, 1000.0, 142.0, 810.0, 825.0, 577.0, 972.0, 420.0, 1000.0, 931.0, 1000.0, 0.0, 1000.0, 262.0, 999.0, 999.0, 958.0, 999.0, 391.0, 758.0, 0.0, 903.0], [-17.79881477355957, -24.198074340820312, 84.60429382324219], [0.7362823486328125, 0.027496337890625, -0.2549591064453125, 0.6261749267578125], [-40.8265380859375, 17.620162963867188, 175.95179748535156], [0.0206756591796875, 0.1556243896484375, 0.339385986328125, -0.9274444580078125]
413920, 415.5796813964844, [1000.0, 259.0, 1000.0, 175.0, 759.0, 837.0, 489.0, 980.0, 338.0, 1000.0, 943.0, 1000.0, 0.0, 1000.0, 208.0, 999.0, 777.0, 957.0, 999.0, 392.0, 746.0, 0.0, 913.0], [-25.566099166870117, -25.527690887451172, 87.2389144897461], [0.722259521484375, -0.0075836181640625, -0.304840087890625, 0.6207427978515625], [-49.84901428222656, 17.615571975708008, 172.72251892089844], [0.0075225830078125, 0.165008544921875, 0.40679931640625, -0.8984527587890625]
413970, 415.6396484375, [1000.0, 262.0, 981.0, 210.0, 683.0, 853.0, 427.0, 982.0, 284.0, 1000.0, 952.0, 1000.0, 0.0, 1000.0, 164.0, 999.0, 690.0, 955.0, 999.0, 395.0, 745.0, 0.0, 920.0], [-35.116580963134766, -27.989641189575195, 90.2279281616211], [0.70452880859375, -0.043212890625, -0.3701019287109375, 0.6039581298828125], [-63.50718688964844, 16.905725479125977, 167.9393310546875], [-0.0114288330078125, 0.178985595703125, 0.5045318603515625, -0.84454345703125]
413980, 415.68951416015625, [1000.0, 262.0, 981.0, 210.0, 683.0, 853.0, 427.0, 982.0, 284.0, 1000.0, 952.0, 1000.0, 0.0, 1000.0, 164.0, 999.0, 690.0, 955.0, 999.0, 395.0, 745.0, 0.0, 920.0], [-35.116580963134766, -27.989641189575195, 90.2279281616211], [0.70452880859375, -0.043212890625, -0.3701019287109375, 0.6039581298828125], [-66.18588256835938, 16.77297019958496, 167.0055389404297], [-0.0146636962890625, 0.182525634765625, 0.522857666015625, -0.8325042724609375]
414030, 415.6994323730469, [1000.0, 262.0, 960.0, 226.0, 622.0, 843.0, 378.0, 967.0, 240.0, 1000.0, 961.0, 1000.0, 0.0, 1000.0, 145.0, 999.0, 690.0, 958.0, 999.0, 399.0, 745.0, 0.0, 925.0], [-54.445926666259766, -28.792011260986328, 99.33238220214844], [0.6441650390625, -0.118255615234375, -0.4808502197265625, 0.58294677734375], [-79.19331359863281, 15.955344200134277, 162.9278106689453], [-0.025787353515625, 0.1994476318359375, 0.60833740234375, -0.76776123046875]
414040, 415.739501953125, [1000.0, 263.0, 958.0, 225.0, 616.0, 835.0, 365.0, 964.0, 223.0, 1000.0, 965.0, 1000.0, 0.0, 1000.0, 140.0, 999.0, 580.0, 957.0, 999.0, 399.0, 744.0, 0.0, 923.0], [-61.37709045410156, -28.67345428466797, 102.32464599609375], [0.6209259033203125, -0.14422607421875, -0.5186920166015625, 0.5697174072265625], [-82.05470275878906, 15.711650848388672, 162.17210388183594], [-0.02716064453125, 0.2026214599609375, 0.6264190673828125, -0.7521820068359375]
414080, 415.7494201660156, [1000.0, 262.0, 955.0, 226.0, 609.0, 830.0, 342.0, 951.0, 191.0, 1000.0, 967.0, 1000.0, 0.0, 1000.0, 141.0, 999.0, 518.0, 959.0, 999.0, 400.0, 740.0, 0.0, 919.0], [-71.10275268554688, -28.20020866394043, 106.22693634033203], [0.5869140625, -0.1799468994140625, -0.5699920654296875, 0.5460968017578125], [-92.0264663696289, 15.1126708984375, 159.645751953125], [-0.0285186767578125, 0.215911865234375, 0.685882568359375, -0.6943359375]
414140, 415.7994689941406, [1000.0, 265.0, 952.0, 228.0, 523.0, 856.0, 316.0, 937.0, 163.0, 1000.0, 976.0, 1000.0, 0.0, 1000.0, 153.0, 999.0, 600.0, 965.0, 999.0, 401.0, 741.0, 0.0, 917.0], [-86.87812805175781, -25.20939826965332, 111.26533508300781], [0.5238494873046875, -0.24798583984375, -0.643310546875, 0.5001983642578125], [-104.23157501220703, 14.089205741882324, 157.18276977539062], [-0.025665283203125, 0.228759765625, 0.7529144287109375, -0.6165313720703125]
414170, 415.84979248046875, [1000.0, 266.0, 951.0, 227.0, 466.0, 874.0, 300.0, 934.0, 150.0, 1000.0, 976.0, 1000.0, 0.0, 1000.0, 170.0, 999.0, 692.0, 957.0, 999.0, 400.0, 741.0, 0.0, 922.0], [-93.85580444335938, -23.2967586517334, 113.29486846923828], [0.4909210205078125, -0.278167724609375, -0.6734161376953125, 0.47760009765625], [-109.47615814208984, 13.625444412231445, 156.1435546875], [-0.023712158203125, 0.2345733642578125, 0.779083251953125, -0.58087158203125]
414190, 415.8594055175781, [1000.0, 268.0, 950.0, 224.0, 435.0, 875.0, 290.0, 929.0, 143.0, 1000.0, 972.0, 1000.0, 0.0, 1000.0, 191.0, 999.0, 867.0, 960.0, 999.0, 400.0, 739.0, 19.0, 921.0], [-97.19666290283203, -21.485424041748047, 114.13385772705078], [0.4705810546875, -0.29718017578125, -0.6855316162109375, 0.4693145751953125], [-112.04316711425781, 13.351786613464355, 155.71337890625], [-0.02252197265625, 0.2367706298828125, 0.7915191650390625, -0.5629425048828125]
414240, 415.90948486328125, [1000.0, 268.0, 949.0, 213.0, 383.0, 851.0, 271.0, 901.0, 133.0, 1000.0, 962.0, 1000.0, 0.0, 1000.0, 262.0, 999.0, 999.0, 963.0, 999.0, 400.0, 721.0, 5.0, 900.0], [-102.74847412109375, -16.131322860717773, 115.52690887451172], [0.422393798828125, -0.3385162353515625, -0.70098876953125, 0.4643096923828125], [-116.03340148925781, 12.809151649475098, 154.9297332763672], [-0.021881103515625, 0.2406158447265625, 0.8099822998046875, -0.5343475341796875]
414250, 415.9595031738281, [1000.0, 268.0, 947.0, 211.0, 375.0, 848.0, 267.0, 899.0, 131.0, 1000.0, 961.0, 1000.0, 0.0, 1000.0, 275.0, 999.0, 999.0, 965.0, 999.0, 400.0, 718.0, 5.0, 896.0], [-103.64608764648438, -15.075789451599121, 115.90331268310547], [0.4125518798828125, -0.3448028564453125, -0.7035675048828125, 0.4646453857421875], [-116.7446060180664, 12.809924125671387, 154.85617065429688], [-0.020721435546875, 0.24127197265625, 0.8131256103515625, -0.529296875]
414300, 415.96942138671875, [1000.0, 269.0, 922.0, 200.0, 341.0, 830.0, 252.0, 875.0, 124.0, 1000.0, 959.0, 750.0, 0.0, 1000.0, 349.0, 999.0, 999.0, 966.0, 999.0, 402.0, 701.0, 7.0, 885.0], [-106.71419525146484, -9.830188751220703, 117.34358978271484], [0.367889404296875, -0.3719635009765625, -0.709442138671875, 0.4721832275390625], [-118.58641815185547, 14.195120811462402, 154.63719177246094], [-0.007598876953125, 0.2488555908203125, 0.8185272216796875, -0.5176849365234375]
414350, 416.0195617675781, [1000.0, 272.0, 895.0, 189.0, 312.0, 772.0, 240.0, 836.0, 120.0, 1000.0, 955.0, 1000.0, 0.0, 1000.0, 403.0, 999.0, 899.0, 977.0, 999.0, 403.0, 677.0, 0.0, 866.0], [-107.38302612304688, -5.325292110443115, 119.48709869384766], [0.3303680419921875, -0.3818359375, -0.70916748046875, 0.4920501708984375], [-118.77627563476562, 15.281807899475098, 155.3317413330078], [0.0039825439453125, 0.24835205078125, 0.8188323974609375, -0.517486572265625]
414400, 416.0694885253906, [1000.0, 275.0, 890.0, 179.0, 297.0, 739.0, 233.0, 824.0, 115.0, 1000.0, 955.0, 1000.0, 0.0, 1000.0, 354.0, 999.0, 977.0, 979.0, 999.0, 403.0, 663.0, 0.0, 858.0], [-108.95390319824219, -2.703704357147217, 120.09693145751953], [0.306640625, -0.39434814453125, -0.711822509765625, 0.4936981201171875], [-118.61302185058594, 16.476383209228516, 157.28475952148438], [0.0213165283203125, 0.2393035888671875, 0.8199615478515625, -0.5195465087890625]
414410, 416.07940673828125, [1000.0, 276.0, 890.0, 176.0, 294.0, 727.0, 232.0, 815.0, 114.0, 1000.0, 956.0, 1000.0, 0.0, 1000.0, 351.0, 999.0, 980.0, 979.0, 999.0, 403.0, 659.0, 0.0, 857.0], [-108.82302856445312, -2.188153028488159, 120.1591796875], [0.303680419921875, -0.3959197998046875, -0.710235595703125, 0.496551513671875], [-118.3128890991211, 16.737098693847656, 157.6992950439453], [0.024505615234375, 0.2374725341796875, 0.8189544677734375, -0.521820068359375]
414460, 416.12957763671875, [1000.0, 276.0, 893.0, 166.0, 288.0, 667.0, 226.0, 726.0, 113.0, 1000.0, 957.0, 1000.0, 0.0, 1000.0, 413.0, 999.0, 844.0, 979.0, 999.0, 404.0, 657.0, 0.0, 844.0], [-107.07328796386719, -0.15054886043071747, 119.31514739990234], [0.3011322021484375, -0.4055938720703125, -0.6944580078125, 0.512359619140625], [-116.59709167480469, 18.08809471130371, 159.92893981933594], [0.041259765625, 0.227752685546875, 0.812957763671875, -0.5343170166015625]
414510, 416.1798400878906, [1000.0, 277.0, 877.0, 163.0, 288.0, 654.0, 220.0, 710.0, 110.0, 1000.0, 953.0, 750.0, 0.0, 1000.0, 338.0, 999.0, 842.0, 969.0, 999.0, 404.0, 649.0, 0.0, 831.0], [-105.29702758789062, 0.9324382543563843, 118.77056884765625], [0.3033905029296875, -0.4090576171875, -0.68157958984375, 0.5254058837890625], [-114.83039855957031, 19.11412239074707, 161.60105895996094], [0.053192138671875, 0.221099853515625, 0.805908203125, -0.546600341796875]
414520, 416.229736328125, [1000.0, 278.0, 873.0, 163.0, 287.0, 654.0, 219.0, 708.0, 109.0, 1000.0, 953.0, 750.0, 0.0, 1000.0, 324.0, 999.0, 832.0, 968.0, 999.0, 404.0, 650.0, 0.0, 829.0], [-105.14277648925781, 1.063867211341858, 118.64277648925781], [0.303741455078125, -0.410003662109375, -0.6800537109375, 0.5264434814453125], [-114.68276977539062, 19.178726196289062, 162.00933837890625], [0.055328369140625, 0.2185821533203125, 0.8058624267578125, -0.5474700927734375]
414570, 416.2394104003906, [1000.0, 279.0, 858.0, 164.0, 286.0, 644.0, 218.0, 692.0, 108.0, 1000.0, 955.0, 1000.0, 0.0, 1000.0, 286.0, 999.0, 716.0, 965.0, 999.0, 405.0, 651.0, 0.0, 825.0], [-105.46160125732422, 1.3035569190979004, 118.00251770019531], [0.3040924072265625, -0.4157257080078125, -0.6785430908203125, 0.5236968994140625], [-114.75768280029297, 19.15199851989746, 164.0970001220703], [0.0652313232421875, 0.203704833984375, 0.81011962890625, -0.54583740234375]
414620, 416.2896728515625, [1000.0, 279.0, 851.0, 165.0, 282.0, 637.0, 213.0, 675.0, 107.0, 1000.0, 954.0, 1000.0, 0.0, 1000.0, 280.0, 999.0, 624.0, 964.0, 999.0, 404.0, 644.0, 0.0, 820.0], [-105.98017883300781, 0.579871654510498, 116.8947525024414], [0.3115386962890625, -0.420440673828125, -0.678863525390625, 0.5150604248046875], [-114.26702880859375, 18.72861671447754, 165.44105529785156], [0.067718505859375, 0.192596435546875, 0.8108673095703125, -0.5484466552734375]
414680, 416.34954833984375, [1000.0, 282.0, 828.0, 167.0, 276.0, 632.0, 210.0, 668.0, 104.0, 1000.0, 952.0, 1000.0, 0.0, 1000.0, 302.0, 999.0, 583.0, 962.0, 999.0, 404.0, 643.0, 0.0, 815.0], [-106.28201293945312, 0.8641987442970276, 116.30238342285156], [0.3113861083984375, -0.426025390625, -0.6772308349609375, 0.5126953125], [-114.05082702636719, 17.2812557220459, 165.4190216064453], [0.056732177734375, 0.1863555908203125, 0.8123016357421875, -0.5497283935546875]
414730, 416.3995666503906, [1000.0, 282.0, 818.0, 169.0, 274.0, 619.0, 209.0, 661.0, 103.0, 1000.0, 949.0, 1000.0, 0.0, 1000.0, 319.0, 999.0, 557.0, 962.0, 999.0, 404.0, 639.0, 0.0, 808.0], [-107.21321105957031, 0.17810581624507904, 116.05374145507812], [0.3131103515625, -0.4270172119140625, -0.682342529296875, 0.50396728515625], [-115.12715148925781, 15.708694458007812, 164.71018981933594], [0.0436248779296875, 0.183868408203125, 0.818878173828125, -0.5419464111328125]
414780, 416.4496765136719, [1000.0, 281.0, 797.0, 171.0, 272.0, 611.0, 207.0, 660.0, 102.0, 1000.0, 948.0, 1000.0, 0.0, 1000.0, 336.0, 999.0, 519.0, 959.0, 999.0, 404.0, 633.0, 0.0, 804.0], [-108.36470794677734, -0.44877904653549194, 115.61689758300781], [0.314453125, -0.4300537109375, -0.68743896484375, 0.4935455322265625], [-115.66815185546875, 14.231592178344727, 163.5025634765625], [0.027984619140625, 0.1857757568359375, 0.8218231201171875, -0.537841796875]
414840, 416.509521484375, [1000.0, 284.0, 775.0, 172.0, 272.0, 606.0, 205.0, 659.0, 102.0, 1000.0, 944.0, 1000.0, 0.0, 1000.0, 414.0, 999.0, 513.0, 959.0, 999.0, 403.0, 628.0, 0.0, 798.0], [-108.8302230834961, -0.8643718957901001, 114.94044494628906], [0.3180694580078125, -0.43359375, -0.68798828125, 0.4872894287109375], [-115.13973236083984, 13.3793363571167, 161.9355010986328], [0.01348876953125, 0.19329833984375, 0.818084716796875, -0.54144287109375]
414890, 416.55963134765625, [1000.0, 286.0, 767.0, 172.0, 271.0, 604.0, 203.0, 662.0, 99.0, 1000.0, 942.0, 1000.0, 0.0, 1000.0, 381.0, 999.0, 498.0, 958.0, 999.0, 402.0, 625.0, 0.0, 793.0], [-109.71206665039062, -1.1358866691589355, 114.84415435791016], [0.3167572021484375, -0.435455322265625, -0.69207763671875, 0.4806671142578125], [-116.59721374511719, 12.702231407165527, 161.14739990234375], [0.0073089599609375, 0.195831298828125, 0.8246307373046875, -0.5306243896484375]
414950, 416.61956787109375, [1000.0, 287.0, 754.0, 175.0, 269.0, 610.0, 198.0, 674.0, 96.0, 1000.0, 941.0, 1000.0, 0.0, 1000.0, 378.0, 999.0, 507.0, 957.0, 999.0, 400.0, 623.0, 0.0, 790.0], [-113.74652099609375, -0.7478656768798828, 114.5751953125], [0.2999267578125, -0.4495697021484375, -0.70654296875, 0.45684814453125], [-118.59933471679688, 12.772274017333984, 160.6146240234375], [0.00885009765625, 0.1998443603515625, 0.8327484130859375, -0.5162353515625]
415000, 416.66986083984375, [1000.0, 289.0, 745.0, 177.0, 267.0, 621.0, 195.0, 682.0, 94.0, 1000.0, 939.0, 1000.0, 0.0, 1000.0, 344.0, 999.0, 556.0, 956.0, 999.0, 399.0, 623.0, 0.0, 787.0], [-114.47863006591797, -0.59080970287323, 114.4664535522461], [0.2965087890625, -0.4527740478515625, -0.7086181640625, 0.452667236328125], [-116.97242736816406, 13.032453536987305, 160.99954223632812], [0.00970458984375, 0.19830322265625, 0.825592041015625, -0.528167724609375]
415050, 416.71954345703125, [1000.0, 291.0, 742.0, 177.0, 265.0, 622.0, 193.0, 680.0, 92.0, 1000.0, 938.0, 750.0, 0.0, 1000.0, 332.0, 999.0, 541.0, 955.0, 999.0, 398.0, 622.0, 0.0, 785.0], [-114.48065948486328, -0.3477841913700104, 114.51727294921875], [0.2947998046875, -0.45343017578125, -0.7082061767578125, 0.4537506103515625], [-116.72339630126953, 13.327826499938965, 161.11058044433594], [0.011962890625, 0.1988067626953125, 0.82415771484375, -0.5301513671875]
415110, 416.77984619140625, [1000.0, 291.0, 740.0, 179.0, 261.0, 625.0, 191.0, 683.0, 90.0, 1000.0, 937.0, 1000.0, 0.0, 1000.0, 314.0, 999.0, 541.0, 956.0, 999.0, 397.0, 621.0, 0.0, 785.0], [-113.69731140136719, -0.1553087830543518, 114.5302505493164], [0.296661376953125, -0.4521026611328125, -0.70465087890625, 0.459381103515625], [-115.85667419433594, 13.445650100708008, 161.5210723876953], [0.01324462890625, 0.19647216796875, 0.820648193359375, -0.536407470703125]
415160, 416.829833984375, [1000.0, 292.0, 738.0, 179.0, 258.0, 625.0, 189.0, 682.0, 89.0, 1000.0, 937.0, 1000.0, 0.0, 1000.0, 311.0, 999.0, 533.0, 955.0, 999.0, 396.0, 619.0, 0.0, 784.0], [-113.06451416015625, -0.12443391978740692, 114.52650451660156], [0.298980712890625, -0.4506072998046875, -0.7020111083984375, 0.46337890625], [-116.09260559082031, 13.290175437927246, 161.47962951660156], [0.0123138427734375, 0.1960601806640625, 0.821929931640625, -0.5346221923828125]
415210, 416.8793029785156, [1000.0, 294.0, 736.0, 180.0, 255.0, 627.0, 187.0, 685.0, 87.0, 1000.0, 936.0, 1000.0, 0.0, 1000.0, 306.0, 999.0, 539.0, 955.0, 999.0, 395.0, 619.0, 0.0, 784.0], [-112.94938659667969, -0.09921591728925705, 114.418701171875], [0.299713134765625, -0.4510650634765625, -0.7010498046875, 0.463897705078125], [-116.3210678100586, 13.63153076171875, 161.51202392578125], [0.0153656005859375, 0.197296142578125, 0.822509765625, -0.533203125]
415270, 416.9395446777344, [1000.0, 295.0, 734.0, 180.0, 252.0, 625.0, 185.0, 682.0, 86.0, 1000.0, 936.0, 1000.0, 0.0, 1000.0, 295.0, 999.0, 509.0, 955.0, 999.0, 395.0, 617.0, 0.0, 781.0], [-113.08809661865234, 0.019965723156929016, 114.34554290771484], [0.298736572265625, -0.452362060546875, -0.701019287109375, 0.4633331298828125], [-116.73440551757812, 13.67000675201416, 161.35308837890625], [0.015625, 0.19854736328125, 0.8240814208984375, -0.5302734375]
415320, 416.98974609375, [1000.0, 296.0, 732.0, 181.0, 249.0, 625.0, 184.0, 682.0, 85.0, 1000.0, 934.0, 1000.0, 0.0, 1000.0, 292.0, 999.0, 502.0, 954.0, 999.0, 394.0, 616.0, 0.0, 780.0], [-113.3641357421875, 0.16657131910324097, 114.30272674560547], [0.2969207763671875, -0.4539337158203125, -0.7015838623046875, 0.4621124267578125], [-116.66659545898438, 13.619392395019531, 161.36007690429688], [0.015167236328125, 0.1982879638671875, 0.8238677978515625, -0.530731201171875]
415380, 417.04974365234375, [1000.0, 296.0, 731.0, 181.0, 247.0, 625.0, 183.0, 682.0, 84.0, 1000.0, 934.0, 1000.0, 0.0, 1000.0, 291.0, 999.0, 492.0, 953.0, 999.0, 393.0, 614.0, 0.0, 779.0], [-113.51421356201172, 0.3887110948562622, 114.26690673828125], [0.29510498046875, -0.4554290771484375, -0.7014617919921875, 0.46197509765625], [-117.29994201660156, 13.718735694885254, 161.087890625], [0.0157470703125, 0.200592041015625, 0.8261566162109375, -0.526275634765625]
415430, 417.099853515625, [1000.0, 296.0, 731.0, 181.0, 244.0, 624.0, 181.0, 680.0, 83.0, 1000.0, 934.0, 1000.0, 0.0, 1000.0, 291.0, 999.0, 489.0, 954.0, 999.0, 392.0, 613.0, 0.0, 777.0], [-113.72007751464844, 0.387861043214798, 114.1780014038086], [0.294647216796875, -0.4564971923828125, -0.701934814453125, 0.460479736328125], [-116.91046905517578, 13.526867866516113, 161.1090545654297], [0.0137481689453125, 0.1996612548828125, 0.82470703125, -0.5289459228515625]
415480, 417.1498107910156, [1000.0, 297.0, 730.0, 181.0, 242.0, 624.0, 180.0, 679.0, 82.0, 1000.0, 933.0, 1000.0, 0.0, 1000.0, 292.0, 999.0, 485.0, 954.0, 999.0, 392.0, 612.0, 0.0, 777.0], [-113.49224090576172, 0.42097124457359314, 114.07666015625], [0.2957611083984375, -0.4566650390625, -0.700531005859375, 0.4617462158203125], [-117.68034362792969, 13.800464630126953, 160.80316162109375], [0.015716552734375, 0.20294189453125, 0.8272552490234375, -0.52362060546875]
415540, 417.20953369140625, [1000.0, 300.0, 729.0, 182.0, 239.0, 623.0, 179.0, 679.0, 81.0, 1000.0, 933.0, 1000.0, 0.0, 1000.0, 295.0, 999.0, 486.0, 953.0, 999.0, 392.0, 612.0, 0.0, 777.0], [-114.17813110351562, 0.3304709196090698, 114.06940460205078], [0.293609619140625, -0.4581146240234375, -0.7034912109375, 0.4571685791015625], [-116.44622039794922, 13.642327308654785, 161.0675506591797], [0.0135955810546875, 0.2005157470703125, 0.822296142578125, -0.5323638916015625]
415590, 417.2595520019531, [1000.0, 303.0, 730.0, 182.0, 238.0, 621.0, 178.0, 678.0, 80.0, 1000.0, 933.0, 1000.0, 0.0, 1000.0, 302.0, 999.0, 481.0, 954.0, 999.0, 391.0, 611.0, 0.0, 777.0], [-113.86589050292969, 0.2736370265483856, 114.15509033203125], [0.29486083984375, -0.4565582275390625, -0.702728271484375, 0.459075927734375], [-117.20508575439453, 13.772293090820312, 160.85887145996094], [0.014923095703125, 0.202484130859375, 0.825225830078125, -0.5270233154296875]
415650, 417.31988525390625, [1000.0, 304.0, 732.0, 182.0, 236.0, 620.0, 177.0, 677.0, 80.0, 1000.0, 932.0, 1000.0, 0.0, 1000.0, 324.0, 999.0, 493.0, 954.0, 999.0, 391.0, 611.0, 0.0, 775.0], [-114.0047836303711, 0.02652731165289879, 114.2024154663086], [0.2956390380859375, -0.4556427001953125, -0.7041168212890625, 0.457366943359375], [-117.70836639404297, 13.500444412231445, 160.9444122314453], [0.014190673828125, 0.2006378173828125, 0.828125, -0.523193359375]
415700, 417.3698425292969, [1000.0, 305.0, 734.0, 182.0, 235.0, 617.0, 176.0, 677.0, 79.0, 1000.0, 931.0, 1000.0, 0.0, 1000.0, 340.0, 999.0, 506.0, 954.0, 999.0, 390.0, 611.0, 0.0, 775.0], [-114.31138610839844, 0.06907790154218674, 114.08219146728516], [0.2946319580078125, -0.45733642578125, -0.704742431640625, 0.4553375244140625], [-117.02141571044922, 13.354541778564453, 161.35958862304688], [0.013824462890625, 0.1970977783203125, 0.825927734375, -0.5279998779296875]
415750, 417.4195556640625, [1000.0, 306.0, 735.0, 182.0, 234.0, 616.0, 175.0, 676.0, 79.0, 1000.0, 931.0, 1000.0, 0.0, 1000.0, 345.0, 999.0, 504.0, 953.0, 999.0, 389.0, 610.0, 0.0, 776.0], [-114.56333923339844, 0.12251748144626617, 113.94193267822266], [0.293853759765625, -0.4590606689453125, -0.705047607421875, 0.453643798828125], [-117.41392517089844, 13.40440559387207, 161.31497192382812], [0.0146636962890625, 0.1975860595703125, 0.82757568359375, -0.52520751953125]
415810, 417.47955322265625, [1000.0, 307.0, 738.0, 182.0, 232.0, 613.0, 174.0, 675.0, 78.0, 1000.0, 930.0, 750.0, 0.0, 1000.0, 355.0, 999.0, 510.0, 954.0, 999.0, 389.0, 610.0, 0.0, 776.0], [-114.79470825195312, 0.17257070541381836, 113.82979583740234], [0.293060302734375, -0.460540771484375, -0.70538330078125, 0.4521331787109375], [-118.08805084228516, 13.51392650604248, 161.1522979736328], [0.015899658203125, 0.1991424560546875, 0.8302001953125, -0.5204315185546875]
415860, 417.5295104980469, [1000.0, 306.0, 738.0, 182.0, 231.0, 612.0, 173.0, 677.0, 77.0, 1000.0, 929.0, 1000.0, 0.0, 1000.0, 351.0, 999.0, 500.0, 955.0, 999.0, 388.0, 608.0, 0.0, 775.0], [-115.05606079101562, 0.43920502066612244, 113.85015106201172], [0.290283203125, -0.462127685546875, -0.705810546875, 0.4516448974609375], [-119.03551483154297, 13.637523651123047, 161.005126953125], [0.0178070068359375, 0.200592041015625, 0.834014892578125, -0.5136566162109375]
415920, 417.58953857421875, [1000.0, 309.0, 739.0, 182.0, 230.0, 612.0, 172.0, 680.0, 76.0, 1000.0, 929.0, 1000.0, 0.0, 1000.0, 338.0, 999.0, 488.0, 955.0, 999.0, 387.0, 606.0, 0.0, 776.0], [-116.05799865722656, 0.6067641377449036, 114.03105163574219], [0.28448486328125, -0.46417236328125, -0.7100372314453125, 0.4465789794921875], [-119.90787506103516, 13.708398818969727, 161.10922241210938], [0.02032470703125, 0.199981689453125, 0.8379669189453125, -0.50732421875]
415970, 417.6396484375, [1000.0, 311.0, 738.0, 182.0, 229.0, 612.0, 171.0, 680.0, 75.0, 1000.0, 929.0, 1000.0, 0.0, 1000.0, 343.0, 999.0, 487.0, 954.0, 999.0, 387.0, 605.0, 0.0, 775.0], [-116.06362915039062, 0.5924592614173889, 114.1301040649414], [0.2841644287109375, -0.4635162353515625, -0.7104949951171875, 0.4467315673828125], [-119.1319580078125, 13.60084342956543, 161.48875427246094], [0.019866943359375, 0.1968994140625, 0.8353424072265625, -0.512847900390625]
416020, 417.6894836425781, [1000.0, 312.0, 737.0, 182.0, 229.0, 612.0, 170.0, 680.0, 75.0, 1000.0, 928.0, 1000.0, 0.0, 1000.0, 338.0, 999.0, 486.0, 954.0, 999.0, 386.0, 604.0, 0.0, 775.0], [-115.5228500366211, -0.09723065793514252, 114.1513671875], [0.2905426025390625, -0.4593505859375, -0.7102203369140625, 0.4473724365234375], [-117.92259979248047, 13.458536148071289, 162.10369873046875], [0.01953125, 0.1920318603515625, 0.831146240234375, -0.5214385986328125]
416080, 417.7495422363281, [1000.0, 314.0, 735.0, 182.0, 228.0, 613.0, 169.0, 682.0, 74.0, 1000.0, 927.0, 1000.0, 0.0, 1000.0, 340.0, 999.0, 487.0, 954.0, 999.0, 386.0, 603.0, 0.0, 776.0], [-114.5179672241211, -0.5054197311401367, 114.01832580566406], [0.2975921630859375, -0.4559783935546875, -0.7067718505859375, 0.45159912109375], [-117.86548614501953, 14.088282585144043, 162.37579345703125], [0.0253448486328125, 0.1927642822265625, 0.830352783203125, -0.522186279296875]
416130, 417.79949951171875, [1000.0, 315.0, 736.0, 182.0, 227.0, 613.0, 168.0, 682.0, 73.0, 1000.0, 927.0, 1000.0, 0.0, 1000.0, 346.0, 999.0, 485.0, 954.0, 999.0, 385.0, 603.0, 0.0, 776.0], [-114.22280883789062, -0.3250390291213989, 113.82003021240234], [0.2984466552734375, -0.4571533203125, -0.7043609619140625, 0.4536285400390625], [-117.49884796142578, 14.289573669433594, 162.56158447265625], [0.027069091796875, 0.1923675537109375, 0.82867431640625, -0.5249176025390625]
416190, 417.8593444824219, [1000.0, 315.0, 740.0, 183.0, 226.0, 613.0, 167.0, 682.0, 72.0, 1000.0, 926.0, 1000.0, 0.0, 1000.0, 360.0, 999.0, 498.0, 955.0, 999.0, 385.0, 602.0, 0.0, 776.0], [-113.95659637451172, -0.8951348066329956, 113.28339385986328], [0.30511474609375, -0.4574737548828125, -0.70263671875, 0.4515533447265625], [-118.0500717163086, 15.324175834655762, 162.19004821777344], [0.0339813232421875, 0.1993255615234375, 0.828857421875, -0.5216064453125]
416240, 417.9095153808594, [1000.0, 316.0, 739.0, 183.0, 226.0, 614.0, 166.0, 685.0, 71.0, 1000.0, 926.0, 750.0, 0.0, 1000.0, 371.0, 999.0, 508.0, 956.0, 999.0, 384.0, 602.0, 0.0, 776.0], [-113.75968933105469, -1.780611515045166, 112.93138885498047], [0.312652587890625, -0.455535888671875, -0.7027130126953125, 0.4481964111328125], [-114.77954864501953, 13.361029624938965, 162.740966796875], [0.016571044921875, 0.1875152587890625, 0.8177490234375, -0.5438995361328125]
