1751536463105 0.16666666666666666 1
1751536463803 0.16666666666666666 2
1751536464499 0.16666666666666666 3
1751536465204 0.16666666666666666 4
1751536465919 0.16666666666666666 5
1751536466623 0.375 6
1751536467318 0.375 7
1751536467988 0.5 8
1751536468657 0.7083333333333334 9
1751536469338 0.75 10
1751536470019 0.9583333333333334 11
1751536470691 0.8333333333333334 12
1751536471370 0.8333333333333334 13
1751536472040 0.9166666666666666 14
1751536472726 0.875 15
1751536473397 0.875 16
1751536474081 0.9166666666666666 17
1751536474746 0.9166666666666666 18
1751536475457 0.9166666666666666 19
1751536476163 0.9166666666666666 20
1751536476863 0.9166666666666666 21
1751536477568 0.9166666666666666 22
1751536478254 0.9166666666666666 23
1751536478936 0.9166666666666666 24
1751536479629 0.9166666666666666 25
1751536480306 0.9166666666666666 26
1751536480994 0.9166666666666666 27
1751536481692 0.9166666666666666 28
1751536482395 0.9166666666666666 29
1751536483083 0.9166666666666666 30
1751536483777 0.9166666666666666 31
1751536484470 0.9166666666666666 32
1751536485178 0.9166666666666666 33
1751536485863 0.9166666666666666 34
1751536486563 0.9166666666666666 35
1751536487240 0.9166666666666666 36
1751536487920 0.9166666666666666 37
1751536488619 0.9166666666666666 38
1751536489312 0.9166666666666666 39
1751536489964 0.9166666666666666 40
1751536490650 0.9166666666666666 41
1751536491336 0.9166666666666666 42
1751536492037 0.9166666666666666 43
1751536492719 0.9166666666666666 44
1751536493421 0.9166666666666666 45
1751536494108 0.9166666666666666 46
1751536494794 0.9166666666666666 47
1751536495504 0.9166666666666666 48
1751536496188 0.9166666666666666 49
1751536496852 0.9166666666666666 50
1751536497562 0.9166666666666666 51
1751536498289 0.9166666666666666 52
1751536499004 0.9166666666666666 53
1751536499697 0.9166666666666666 54
1751536500399 0.9166666666666666 55
1751536501124 0.9166666666666666 56
1751536501817 0.9166666666666666 57
1751536502495 0.9166666666666666 58
1751536503177 0.9166666666666666 59
1751536503879 0.9166666666666666 60
1751536504585 0.9166666666666666 61
1751536505279 0.9166666666666666 62
1751536505984 0.9166666666666666 63
1751536506667 0.9166666666666666 64
1751536507344 0.9166666666666666 65
1751536508035 0.9166666666666666 66
1751536508722 0.9166666666666666 67
1751536509415 0.9166666666666666 68
1751536510112 0.9166666666666666 69
1751536510808 0.9166666666666666 70
1751536511498 0.9166666666666666 71
1751536512194 0.6666666666666666 72
1751536512869 0.875 73
1751536513553 0.9583333333333334 74
1751536514247 0.7916666666666666 75
1751536514934 0.9166666666666666 76
1751536515634 0.9166666666666666 77
1751536516310 0.75 78
1751536516962 0.9166666666666666 79
1751536517630 1.0 80
1751536518303 1.0 81
1751536518980 0.9166666666666666 82
1751536519689 0.9583333333333334 83
1751536520355 0.9583333333333334 84
1751536521047 0.9583333333333334 85
1751536521738 0.9583333333333334 86
1751536522427 0.9583333333333334 87
1751536523103 0.9583333333333334 88
1751536523780 0.9583333333333334 89
1751536524483 0.9583333333333334 90
1751536525188 0.9583333333333334 91
1751536525881 0.9583333333333334 92
1751536526553 0.9583333333333334 93
1751536527232 0.9583333333333334 94
1751536527913 0.9583333333333334 95
1751536528579 0.9583333333333334 96
1751536529268 0.9583333333333334 97
1751536529950 0.9583333333333334 98
1751536530637 0.9583333333333334 99
1751536531327 0.9583333333333334 100
1751536532018 0.9583333333333334 101
1751536532708 0.9583333333333334 102
1751536533412 0.9583333333333334 103
1751536534084 0.9583333333333334 104
1751536534761 0.9583333333333334 105
1751536535492 0.8333333333333334 106
1751536536184 0.9166666666666666 107
1751536536860 0.9166666666666666 108
1751536537555 0.9166666666666666 109
1751536538254 0.9583333333333334 110
1751536538928 0.9583333333333334 111
1751536539593 0.9583333333333334 112
1751536540293 0.9583333333333334 113
1751536540968 0.9583333333333334 114
1751536541652 0.9166666666666666 115
1751536542351 0.9166666666666666 116
1751536543065 0.875 117
1751536543761 0.875 118
1751536544449 0.875 119
1751536545135 0.9166666666666666 120
1751536545819 0.9166666666666666 121
1751536546496 0.9166666666666666 122
1751536547168 0.9583333333333334 123
1751536547838 0.9583333333333334 124
1751536548518 0.9583333333333334 125
1751536549207 0.9583333333333334 126
1751536549896 0.9583333333333334 127
1751536550563 0.9583333333333334 128
1751536551252 0.9583333333333334 129
