1362520, 1368.269287109375, [1000.0, 101.0, 401.0, 106.0, 169.0, 101.0, 131.0, 41.0, 60.0, 1000.0, 0.0, 750.0, 0.0, 666.0, 936.0, 999.0, 999.0, 999.0, 999.0, 447.0, 736.0, 0.0, 0.0], [-20.805767059326172, -0.8499945998191833, -119.26287078857422], [0.4960784912109375, -0.0975799560546875, 0.152099609375, -0.8492584228515625], [-32.01517105102539, 22.266794204711914, -151.2179412841797], [0.285980224609375, 0.1125335693359375, 0.3082122802734375, -0.900299072265625]
1362570, 1368.32958984375, [1000.0, 101.0, 399.0, 106.0, 169.0, 101.0, 131.0, 41.0, 59.0, 1000.0, 0.0, 750.0, 0.0, 666.0, 938.0, 999.0, 999.0, 999.0, 999.0, 447.0, 735.0, 0.0, 0.0], [-20.698810577392578, -0.8876487612724304, -119.16879272460938], [0.4968109130859375, -0.0975189208984375, 0.15106201171875, -0.8490142822265625], [-32.04787063598633, 22.458707809448242, -151.24453735351562], [0.286163330078125, 0.11407470703125, 0.308746337890625, -0.8998565673828125]
1362630, 1368.379638671875, [1000.0, 101.0, 400.0, 106.0, 168.0, 101.0, 130.0, 41.0, 59.0, 1000.0, 0.0, 750.0, 0.0, 666.0, 937.0, 999.0, 999.0, 999.0, 999.0, 447.0, 735.0, 0.0, 0.0], [-20.673851013183594, -1.0160832405090332, -119.0772476196289], [0.4973297119140625, -0.098480224609375, 0.150238037109375, -0.8487396240234375], [-31.80527687072754, 22.33688735961914, -151.17529296875], [0.2862396240234375, 0.1135101318359375, 0.3067169189453125, -0.900604248046875]
1362680, 1368.439453125, [1000.0, 101.0, 401.0, 106.0, 168.0, 100.0, 129.0, 41.0, 59.0, 1000.0, 0.0, 1000.0, 0.0, 666.0, 936.0, 999.0, 999.0, 999.0, 999.0, 447.0, 735.0, 0.0, 0.0], [-20.644067764282227, -1.040625810623169, -119.01292419433594], [0.497802734375, -0.0986175537109375, 0.1498565673828125, -0.8485260009765625], [-31.988643646240234, 22.152755737304688, -151.25299072265625], [0.28546142578125, 0.1117706298828125, 0.3077850341796875, -0.90069580078125]
1362740, 1368.4893798828125, [1000.0, 101.0, 400.0, 106.0, 167.0, 100.0, 129.0, 41.0, 59.0, 1000.0, 0.0, 750.0, 0.0, 666.0, 936.0, 999.0, 999.0, 999.0, 999.0, 447.0, 735.0, 0.0, 0.0], [-20.6481990814209, -0.8715381622314453, -118.93456268310547], [0.4986114501953125, -0.0974884033203125, 0.1505584716796875, -0.848052978515625], [-32.00995635986328, 22.6871280670166, -151.26548767089844], [0.2863922119140625, 0.1160736083984375, 0.3087921142578125, -0.8995208740234375]
1362790, 1368.539306640625, [1000.0, 102.0, 401.0, 106.0, 167.0, 100.0, 129.0, 41.0, 58.0, 1000.0, 0.0, 750.0, 0.0, 1000.0, 935.0, 999.0, 999.0, 999.0, 999.0, 447.0, 734.0, 0.0, 0.0], [-20.748414993286133, -0.895811915397644, -118.86912536621094], [0.4989776611328125, -0.0981903076171875, 0.1511383056640625, -0.84765625], [-31.9365177154541, 22.638273239135742, -151.23648071289062], [0.2864532470703125, 0.11578369140625, 0.30816650390625, -0.899749755859375]
1362840, 1368.5994873046875, [1000.0, 101.0, 401.0, 106.0, 166.0, 100.0, 128.0, 41.0, 58.0, 1000.0, 0.0, 750.0, 0.0, 666.0, 936.0, 999.0, 999.0, 999.0, 999.0, 446.0, 733.0, 0.0, 0.0], [-20.74677085876465, -0.926313042640686, -118.79100036621094], [0.49951171875, -0.0985107421875, 0.1509246826171875, -0.8473358154296875], [-31.992733001708984, 22.43612289428711, -151.24974060058594], [0.2860260009765625, 0.114044189453125, 0.3082733154296875, -0.9000701904296875]
1362900, 1368.6494140625, [1000.0, 101.0, 400.0, 106.0, 166.0, 100.0, 128.0, 41.0, 58.0, 1000.0, 0.0, 750.0, 0.0, 666.0, 936.0, 999.0, 999.0, 999.0, 999.0, 446.0, 733.0, 0.0, 0.0], [-20.679283142089844, -0.9479025602340698, -118.70004272460938], [0.500213623046875, -0.0984954833984375, 0.1502532958984375, -0.8470458984375], [-31.88752555847168, 22.34330177307129, -151.20440673828125], [0.286102294921875, 0.113433837890625, 0.307342529296875, -0.9004364013671875]
1362950, 1368.7093505859375, [1000.0, 101.0, 400.0, 106.0, 166.0, 100.0, 128.0, 41.0, 57.0, 1000.0, 0.0, 750.0, 0.0, 666.0, 936.0, 999.0, 999.0, 999.0, 999.0, 446.0, 734.0, 0.0, 0.0], [-20.688434600830078, -0.9796409010887146, -118.64144897460938], [0.5005950927734375, -0.098846435546875, 0.1501312255859375, -0.8468017578125], [-32.12541198730469, 22.238061904907227, -151.29286193847656], [0.2854461669921875, 0.1122283935546875, 0.3089599609375, -0.9002532958984375]
1363000, 1368.7593994140625, [1000.0, 101.0, 400.0, 106.0, 166.0, 100.0, 127.0, 41.0, 57.0, 1000.0, 0.0, 750.0, 0.0, 666.0, 934.0, 999.0, 999.0, 999.0, 999.0, 446.0, 733.0, 0.0, 0.0], [-20.701786041259766, -0.9794439673423767, -118.57980346679688], [0.50103759765625, -0.0989837646484375, 0.150177001953125, -0.8465118408203125], [-31.93728256225586, 22.341888427734375, -151.2434539794922], [0.2858428955078125, 0.1134033203125, 0.3076934814453125, -0.9004058837890625]
1363010, 1368.7694091796875, [1000.0, 101.0, 400.0, 106.0, 166.0, 100.0, 127.0, 41.0, 57.0, 1000.0, 0.0, 750.0, 0.0, 666.0, 934.0, 999.0, 999.0, 999.0, 999.0, 446.0, 733.0, 0.0, 0.0], [-20.689943313598633, -0.9783357977867126, -118.56912231445312], [0.501129150390625, -0.09893798828125, 0.15008544921875, -0.8464813232421875], [-31.868824005126953, 22.224599838256836, -151.2205352783203], [0.285736083984375, 0.1125640869140625, 0.3069915771484375, -0.900787353515625]
1363060, 1368.819580078125, [1000.0, 101.0, 400.0, 106.0, 165.0, 99.0, 127.0, 41.0, 57.0, 1000.0, 0.0, 750.0, 0.0, 666.0, 933.0, 999.0, 999.0, 999.0, 999.0, 446.0, 732.0, 0.0, 0.0], [-20.65732192993164, -0.9478251934051514, -118.49811553955078], [0.5017242431640625, -0.098663330078125, 0.1499176025390625, -0.84619140625], [-31.64002227783203, 22.19500732421875, -151.11331176757812], [0.2863006591796875, 0.11260986328125, 0.3052520751953125, -0.9011993408203125]
1363110, 1368.869384765625, [1000.0, 101.0, 400.0, 106.0, 165.0, 100.0, 127.0, 41.0, 57.0, 1000.0, 0.0, 750.0, 0.0, 1000.0, 932.0, 999.0, 999.0, 999.0, 999.0, 445.0, 732.0, 0.0, 0.0], [-20.621112823486328, -0.9061236381530762, -118.39898681640625], [0.5025482177734375, -0.09832763671875, 0.149749755859375, -0.8457794189453125], [-32.20875549316406, 22.264503479003906, -151.33059692382812], [0.2852783203125, 0.112335205078125, 0.3096160888671875, -0.900054931640625]
1363170, 1368.9293212890625, [1000.0, 101.0, 399.0, 106.0, 164.0, 99.0, 126.0, 41.0, 56.0, 1000.0, 0.0, 750.0, 0.0, 666.0, 932.0, 999.0, 999.0, 999.0, 999.0, 445.0, 731.0, 0.0, 0.0], [-20.594390869140625, -1.0819110870361328, -118.3069076538086], [0.5030059814453125, -0.0996246337890625, 0.1486968994140625, -0.8455352783203125], [-31.94793128967285, 22.21331787109375, -151.24302673339844], [0.285614013671875, 0.112335205078125, 0.3075714111328125, -0.9006500244140625]
1363220, 1368.9794921875, [1000.0, 101.0, 398.0, 106.0, 164.0, 99.0, 126.0, 41.0, 56.0, 1000.0, 0.0, 750.0, 0.0, 666.0, 931.0, 999.0, 999.0, 999.0, 999.0, 445.0, 731.0, 0.0, 0.0], [-20.38107681274414, -1.0855790376663208, -118.24022674560547], [0.5036773681640625, -0.0988006591796875, 0.1470489501953125, -0.84552001953125], [-31.57809829711914, 22.19313621520996, -151.09535217285156], [0.286376953125, 0.112701416015625, 0.304779052734375, -0.9013214111328125]
1363230, 1369.0296630859375, [1000.0, 101.0, 397.0, 106.0, 164.0, 99.0, 126.0, 41.0, 56.0, 1000.0, 0.0, 750.0, 0.0, 666.0, 931.0, 999.0, 999.0, 999.0, 999.0, 445.0, 731.0, 0.0, 0.0], [-20.371562957763672, -1.070416808128357, -118.22720336914062], [0.5037994384765625, -0.098663330078125, 0.14703369140625, -0.845458984375], [-31.967836380004883, 22.19960594177246, -151.24029541015625], [0.2856292724609375, 0.1121673583984375, 0.307708740234375, -0.9006195068359375]
1363280, 1369.0394287109375, [1000.0, 101.0, 399.0, 106.0, 164.0, 99.0, 125.0, 41.0, 56.0, 1000.0, 0.0, 750.0, 0.0, 666.0, 931.0, 999.0, 999.0, 999.0, 999.0, 445.0, 731.0, 0.0, 0.0], [-20.350679397583008, -0.9997110962867737, -118.16634368896484], [0.504364013671875, -0.0981292724609375, 0.1471405029296875, -0.8451690673828125], [-31.904996871948242, 22.232894897460938, -151.22906494140625], [0.2857208251953125, 0.1125640869140625, 0.307281494140625, -0.90069580078125]
1363330, 1369.08935546875, [1000.0, 101.0, 396.0, 107.0, 163.0, 99.0, 125.0, 41.0, 56.0, 1000.0, 0.0, 750.0, 0.0, 666.0, 931.0, 999.0, 999.0, 999.0, 999.0, 445.0, 729.0, 0.0, 0.0], [-20.479318618774414, -1.003171443939209, -118.09269714355469], [0.504791259765625, -0.09881591796875, 0.14801025390625, -0.8446807861328125], [-31.889141082763672, 22.370983123779297, -151.2305908203125], [0.28594970703125, 0.1137237548828125, 0.307373046875, -0.9004364013671875]
1363380, 1369.1395263671875, [1000.0, 101.0, 395.0, 107.0, 163.0, 99.0, 125.0, 41.0, 55.0, 1000.0, 0.0, 750.0, 0.0, 1000.0, 930.0, 999.0, 999.0, 999.0, 999.0, 445.0, 729.0, 0.0, 0.0], [-20.47827911376953, -1.0136722326278687, -118.03108215332031], [0.5052337646484375, -0.098968505859375, 0.1479034423828125, -0.84442138671875], [-32.00954818725586, 22.202831268310547, -151.30291748046875], [0.285186767578125, 0.1122589111328125, 0.3079833984375, -0.900665283203125]
1363440, 1369.199462890625, [1000.0, 101.0, 394.0, 106.0, 163.0, 99.0, 124.0, 40.0, 55.0, 1000.0, 0.0, 750.0, 0.0, 666.0, 931.0, 999.0, 999.0, 999.0, 999.0, 445.0, 729.0, 0.0, 0.0], [-20.481632232666016, -1.0211946964263916, -117.88372039794922], [0.5063018798828125, -0.0992279052734375, 0.14776611328125, -0.8437652587890625], [-30.821317672729492, 22.38857078552246, -150.8409881591797], [0.2879791259765625, 0.115509033203125, 0.2993927001953125, -0.902252197265625]
1363490, 1369.249755859375, [1000.0, 101.0, 394.0, 106.0, 163.0, 98.0, 124.0, 40.0, 54.0, 1000.0, 0.0, 750.0, 0.0, 666.0, 933.0, 999.0, 999.0, 999.0, 999.0, 444.0, 729.0, 0.0, 0.0], [-20.762075424194336, -1.3091286420822144, -117.55155181884766], [0.5081024169921875, -0.1030120849609375, 0.14825439453125, -0.8421478271484375], [-31.401092529296875, 22.543901443481445, -150.84808349609375], [0.288787841796875, 0.115325927734375, 0.30419921875, -0.9004058837890625]
1363550, 1369.3094482421875, [1000.0, 101.0, 393.0, 108.0, 163.0, 98.0, 124.0, 40.0, 54.0, 1000.0, 0.0, 750.0, 0.0, 666.0, 917.0, 999.0, 999.0, 999.0, 999.0, 443.0, 729.0, 0.0, 0.0], [-21.175661087036133, -1.6679072380065918, -117.02936553955078], [0.51104736328125, -0.108154296875, 0.149200439453125, -0.8395538330078125], [-33.07352828979492, 23.51239776611328, -151.0321807861328], [0.2908782958984375, 0.119415283203125, 0.3186492919921875, -0.8941802978515625]
1363600, 1369.3594970703125, [1000.0, 102.0, 397.0, 114.0, 163.0, 111.0, 124.0, 41.0, 58.0, 1000.0, 0.0, 750.0, 0.0, 666.0, 895.0, 999.0, 999.0, 999.0, 999.0, 434.0, 735.0, 0.0, 0.0], [-21.18423843383789, 0.24733677506446838, -118.33229064941406], [0.504150390625, -0.0923919677734375, 0.1589202880859375, -0.84381103515625], [-33.24787902832031, 25.455913543701172, -151.29428100585938], [0.292755126953125, 0.135345458984375, 0.3226776123046875, -0.8898468017578125]
1363650, 1369.40966796875, [1000.0, 105.0, 409.0, 125.0, 160.0, 148.0, 118.0, 45.0, 64.0, 1000.0, 0.0, 750.0, 0.0, 1000.0, 910.0, 999.0, 999.0, 999.0, 999.0, 425.0, 737.0, 0.0, 0.0], [-24.457534790039062, 5.408637046813965, -120.96418762207031], [0.4896697998046875, -0.064117431640625, 0.2068328857421875, -0.844573974609375], [-35.461544036865234, 28.231176376342773, -152.21115112304688], [0.293914794921875, 0.154571533203125, 0.3424835205078125, -0.8788604736328125]
1363710, 1369.4697265625, [1000.0, 107.0, 612.0, 133.0, 172.0, 178.0, 127.0, 47.0, 69.0, 1000.0, 0.0, 750.0, 0.0, 1000.0, 914.0, 999.0, 999.0, 999.0, 999.0, 417.0, 735.0, 0.0, 0.0], [-24.780630111694336, 11.782386779785156, -125.23191833496094], [0.4664154052734375, -0.0091552734375, 0.235626220703125, -0.8525390625], [-35.22368621826172, 31.054683685302734, -152.54989624023438], [0.29656982421875, 0.1786956787109375, 0.3437347412109375, -0.872894287109375]
1363760, 1369.5196533203125, [1000.0, 107.0, 816.0, 136.0, 318.0, 173.0, 159.0, 45.0, 71.0, 1000.0, 0.0, 750.0, 0.0, 666.0, 903.0, 999.0, 999.0, 999.0, 999.0, 411.0, 736.0, 0.0, 0.0], [-27.568641662597656, 16.191255569458008, -128.51321411132812], [0.447845458984375, 0.0207366943359375, 0.271881103515625, -0.85150146484375], [-36.572574615478516, 33.322444915771484, -153.52598571777344], [0.2958526611328125, 0.1961669921875, 0.3549346923828125, -0.8648529052734375]
1363810, 1369.5697021484375, [1000.0, 106.0, 846.0, 138.0, 453.0, 169.0, 189.0, 45.0, 72.0, 1000.0, 0.0, 750.0, 0.0, 666.0, 890.0, 999.0, 999.0, 999.0, 999.0, 406.0, 732.0, 0.0, 0.0], [-28.792314529418945, 18.334379196166992, -131.00111389160156], [0.4325714111328125, 0.03863525390625, 0.2873382568359375, -0.85369873046875], [-36.316158294677734, 34.86838150024414, -154.2630615234375], [0.2929229736328125, 0.2113189697265625, 0.3532562255859375, -0.86297607421875]
1363870, 1369.6298828125, [1000.0, 106.0, 801.0, 138.0, 539.0, 168.0, 221.0, 45.0, 73.0, 1000.0, 0.0, 1000.0, 0.0, 666.0, 873.0, 999.0, 999.0, 999.0, 999.0, 399.0, 726.0, 0.0, 0.0], [-30.180511474609375, 17.42593765258789, -132.19517517089844], [0.4227447509765625, 0.029449462890625, 0.294525146484375, -0.856536865234375], [-39.355159759521484, 36.127811431884766, -156.19557189941406], [0.2867889404296875, 0.21966552734375, 0.3734588623046875, -0.854400634765625]
1363920, 1369.6796875, [1000.0, 104.0, 661.0, 129.0, 500.0, 151.0, 240.0, 45.0, 74.0, 1000.0, 0.0, 750.0, 0.0, 666.0, 869.0, 999.0, 999.0, 999.0, 999.0, 393.0, 724.0, 0.0, 7.0], [-35.14453125, 12.630489349365234, -132.030029296875], [0.4155120849609375, -0.0261688232421875, 0.3167877197265625, -0.8522186279296875], [-45.363861083984375, 36.427947998046875, -158.77659606933594], [0.2798614501953125, 0.21600341796875, 0.4131317138671875, -0.8392333984375]
1363980, 1369.7396240234375, [1000.0, 104.0, 551.0, 113.0, 406.0, 122.0, 232.0, 44.0, 72.0, 1000.0, 0.0, 750.0, 0.0, 666.0, 866.0, 999.0, 999.0, 999.0, 999.0, 380.0, 754.0, 0.0, 19.0], [-43.0236701965332, 9.7488374710083, -131.53721618652344], [0.4088592529296875, -0.0778656005859375, 0.3656158447265625, -0.8325042724609375], [-51.70565414428711, 35.89164733886719, -161.39495849609375], [0.2709808349609375, 0.206573486328125, 0.4542083740234375, -0.823150634765625]
1364030, 1369.7896728515625, [1000.0, 105.0, 519.0, 101.0, 363.0, 103.0, 220.0, 43.0, 72.0, 1000.0, 0.0, 750.0, 0.0, 1000.0, 874.0, 999.0, 999.0, 999.0, 999.0, 370.0, 770.0, 0.0, 1.0], [-44.94814682006836, 8.498236656188965, -131.43919372558594], [0.4047393798828125, -0.0943450927734375, 0.375640869140625, -0.828338623046875], [-53.05622863769531, 34.65306091308594, -162.42539978027344], [0.261932373046875, 0.1981964111328125, 0.462066650390625, -0.823760986328125]
1364080, 1369.839599609375, [1000.0, 104.0, 498.0, 91.0, 348.0, 90.0, 206.0, 42.0, 74.0, 1000.0, 0.0, 750.0, 0.0, 666.0, 878.0, 999.0, 999.0, 999.0, 999.0, 360.0, 787.0, 0.0, 0.0], [-49.84617614746094, 7.584793567657471, -131.26303100585938], [0.39874267578125, -0.1188507080078125, 0.4077606201171875, -0.8127593994140625], [-58.508270263671875, 33.32273864746094, -164.2321319580078], [0.2534332275390625, 0.183563232421875, 0.498046875, -0.8087005615234375]
1364140, 1369.8995361328125, [1000.0, 104.0, 480.0, 86.0, 342.0, 83.0, 199.0, 40.0, 74.0, 1000.0, 0.0, 750.0, 0.0, 666.0, 875.0, 999.0, 999.0, 999.0, 999.0, 350.0, 794.0, 0.0, 0.0], [-52.36579895019531, 6.21531343460083, -131.01951599121094], [0.393218994140625, -0.13836669921875, 0.421112060546875, -0.8055267333984375], [-59.95320129394531, 31.069820404052734, -164.62796020507812], [0.244232177734375, 0.16552734375, 0.508087158203125, -0.809173583984375]
1364190, 1369.9495849609375, [1000.0, 103.0, 480.0, 85.0, 400.0, 83.0, 195.0, 39.0, 71.0, 1000.0, 0.0, 750.0, 0.0, 1000.0, 876.0, 999.0, 999.0, 999.0, 999.0, 341.0, 791.0, 0.0, 0.0], [-54.967369079589844, 5.7595343589782715, -132.88470458984375], [0.3753662109375, -0.1433563232421875, 0.4403076171875, -0.8029022216796875], [-61.45405578613281, 29.506975173950195, -164.53187561035156], [0.2407989501953125, 0.150421142578125, 0.5190582275390625, -0.806182861328125]
1364250, 1370.009765625, [1000.0, 104.0, 655.0, 92.0, 674.0, 99.0, 296.0, 37.0, 62.0, 1000.0, 0.0, 750.0, 0.0, 666.0, 908.0, 999.0, 999.0, 999.0, 999.0, 327.0, 780.0, 0.0, 0.0], [-54.968204498291016, 7.00124979019165, -135.43771362304688], [0.3618011474609375, -0.1245269775390625, 0.44677734375, -0.8086700439453125], [-62.54157257080078, 28.220937728881836, -164.9112091064453], [0.234283447265625, 0.140472412109375, 0.5264129638671875, -0.8051300048828125]
1364300, 1370.0595703125, [1000.0, 106.0, 824.0, 96.0, 824.0, 108.0, 573.0, 35.0, 59.0, 1000.0, 0.0, 750.0, 0.0, 666.0, 937.0, 999.0, 946.0, 999.0, 999.0, 316.0, 774.0, 0.0, 0.0], [-54.166561126708984, 9.080886840820312, -137.5086669921875], [0.3552093505859375, -0.0987701416015625, 0.44854736328125, -0.8141632080078125], [-64.06898498535156, 25.401453018188477, -165.2875213623047], [0.2215423583984375, 0.11859130859375, 0.53704833984375, -0.80523681640625]
1364350, 1370.109619140625, [1000.0, 106.0, 891.0, 95.0, 883.0, 110.0, 791.0, 32.0, 69.0, 1000.0, 0.0, 750.0, 0.0, 666.0, 830.0, 999.0, 270.0, 999.0, 999.0, 309.0, 772.0, 0.0, 0.0], [-55.891258239746094, 9.735879898071289, -138.63430786132812], [0.34808349609375, -0.09478759765625, 0.46331787109375, -0.809417724609375], [-66.25833129882812, 25.25956153869629, -165.79043579101562], [0.2196502685546875, 0.1157379150390625, 0.551849365234375, -0.796112060546875]
1364410, 1370.169677734375, [1000.0, 105.0, 917.0, 95.0, 894.0, 113.0, 836.0, 31.0, 92.0, 1000.0, 0.0, 750.0, 0.0, 666.0, 912.0, 999.0, 170.0, 999.0, 999.0, 301.0, 772.0, 0.0, 0.0], [-55.45032501220703, 12.179265022277832, -138.90200805664062], [0.35516357421875, -0.0744476318359375, 0.46612548828125, -0.806854248046875], [-66.64987182617188, 24.12470817565918, -165.92091369628906], [0.214080810546875, 0.107452392578125, 0.554595947265625, -0.796875]
1364460, 1370.2196044921875, [1000.0, 105.0, 913.0, 96.0, 892.0, 114.0, 850.0, 31.0, 118.0, 1000.0, 0.0, 750.0, 0.0, 1000.0, 999.0, 999.0, 167.0, 999.0, 999.0, 298.0, 774.0, 0.0, 0.0], [-56.30259323120117, 12.418807029724121, -138.73593139648438], [0.3566131591796875, -0.076019287109375, 0.4725494384765625, -0.8023223876953125], [-69.08642578125, 22.889118194580078, -166.71485900878906], [0.20513916015625, 0.098052978515625, 0.5709228515625, -0.78887939453125]
1364520, 1370.27978515625, [1000.0, 104.0, 909.0, 96.0, 888.0, 115.0, 857.0, 31.0, 197.0, 1000.0, 0.0, 750.0, 0.0, 666.0, 770.0, 999.0, 152.0, 999.0, 999.0, 294.0, 775.0, 0.0, 0.0], [-56.31179428100586, 13.680810928344727, -137.90274047851562], [0.366851806640625, -0.0702667236328125, 0.4749603271484375, -0.796783447265625], [-68.57355499267578, 24.286575317382812, -166.41355895996094], [0.2132110595703125, 0.1074371337890625, 0.567413330078125, -0.7880401611328125]
1364570, 1370.32958984375, [1000.0, 104.0, 907.0, 96.0, 885.0, 115.0, 856.0, 31.0, 241.0, 1000.0, 0.0, 750.0, 0.0, 666.0, 766.0, 999.0, 163.0, 999.0, 999.0, 291.0, 776.0, 0.0, 0.0], [-57.64088439941406, 13.85042667388916, -137.3929901123047], [0.3701324462890625, -0.075439453125, 0.484222412109375, -0.7891845703125], [-68.37327575683594, 26.210590362548828, -166.14663696289062], [0.2236328125, 0.1201934814453125, 0.5658721923828125, -0.7844085693359375]
1364620, 1370.3795166015625, [1000.0, 103.0, 906.0, 96.0, 883.0, 116.0, 857.0, 31.0, 273.0, 1000.0, 0.0, 750.0, 0.0, 666.0, 851.0, 999.0, 184.0, 999.0, 999.0, 288.0, 774.0, 0.0, 0.0], [-57.73567581176758, 15.3040132522583, -136.3851776123047], [0.382110595703125, -0.069488525390625, 0.4875640869140625, -0.7819366455078125], [-67.98064422607422, 28.600725173950195, -165.7516326904297], [0.236663818359375, 0.1360321044921875, 0.5629425048828125, -0.7801055908203125]
1364680, 1370.439697265625, [1000.0, 103.0, 906.0, 97.0, 878.0, 118.0, 854.0, 31.0, 297.0, 1000.0, 0.0, 750.0, 0.0, 666.0, 999.0, 999.0, 229.0, 999.0, 999.0, 285.0, 772.0, 0.0, 0.0], [-57.65017318725586, 17.037553787231445, -134.90206909179688], [0.3982086181640625, -0.06298828125, 0.4901275634765625, -0.772796630859375], [-67.5505599975586, 31.62959098815918, -165.1679229736328], [0.2534637451171875, 0.1555938720703125, 0.5596466064453125, -0.77349853515625]
1364730, 1370.48974609375, [1000.0, 103.0, 905.0, 97.0, 875.0, 119.0, 851.0, 32.0, 315.0, 1000.0, 0.0, 750.0, 0.0, 1000.0, 999.0, 999.0, 262.0, 999.0, 999.0, 282.0, 772.0, 0.0, 0.0], [-57.4350700378418, 18.331510543823242, -133.4599151611328], [0.412353515625, -0.0590667724609375, 0.4909515380859375, -0.7651214599609375], [-66.97679901123047, 33.91864776611328, -164.5253448486328], [0.266876220703125, 0.1699981689453125, 0.5557098388671875, -0.7687835693359375]
1364790, 1370.549560546875, [1000.0, 103.0, 904.0, 97.0, 869.0, 121.0, 847.0, 33.0, 334.0, 1000.0, 0.0, 1000.0, 0.0, 666.0, 999.0, 999.0, 293.0, 999.0, 999.0, 279.0, 772.0, 0.0, 0.0], [-56.41087341308594, 19.839853286743164, -131.7948455810547], [0.4288177490234375, -0.051544189453125, 0.486968994140625, -0.7591400146484375], [-65.64086151123047, 36.3176383972168, -163.53781127929688], [0.281494140625, 0.1854705810546875, 0.5471954345703125, -0.7660980224609375]
1364840, 1370.5994873046875, [1000.0, 102.0, 903.0, 97.0, 866.0, 123.0, 848.0, 33.0, 370.0, 1000.0, 0.0, 750.0, 0.0, 666.0, 999.0, 999.0, 301.0, 999.0, 999.0, 277.0, 770.0, 0.0, 2.0], [-55.968605041503906, 20.841615676879883, -130.7145538330078], [0.43927001953125, -0.0472412109375, 0.486053466796875, -0.7540130615234375], [-65.17552947998047, 37.964473724365234, -163.05709838867188], [0.2906494140625, 0.196044921875, 0.5441131591796875, -0.762237548828125]
1364890, 1370.6595458984375, [1000.0, 102.0, 903.0, 97.0, 863.0, 124.0, 849.0, 34.0, 413.0, 1000.0, 0.0, 750.0, 0.0, 666.0, 999.0, 999.0, 341.0, 999.0, 999.0, 275.0, 770.0, 0.0, 8.0], [-56.73849868774414, 21.62632942199707, -130.388916015625], [0.443511962890625, -0.04595947265625, 0.4929046630859375, -0.74713134765625], [-65.0478744506836, 39.26445388793945, -162.78363037109375], [0.2974700927734375, 0.2042999267578125, 0.5430908203125, -0.7581634521484375]
1364950, 1370.70947265625, [1000.0, 102.0, 903.0, 97.0, 860.0, 125.0, 849.0, 34.0, 443.0, 1000.0, 0.0, 750.0, 0.0, 1000.0, 999.0, 999.0, 350.0, 999.0, 999.0, 273.0, 770.0, 0.0, 12.0], [-57.81314468383789, 23.25370979309082, -130.04629516601562], [0.4503631591796875, -0.0399932861328125, 0.5036773681640625, -0.736114501953125], [-65.73991394042969, 42.83156204223633, -162.98046875], [0.3116912841796875, 0.2285308837890625, 0.545074462890625, -0.7439727783203125]
1364970, 1370.7598876953125, [1000.0, 102.0, 903.0, 97.0, 859.0, 125.0, 849.0, 34.0, 451.0, 1000.0, 0.0, 750.0, 0.0, 666.0, 999.0, 999.0, 354.0, 999.0, 999.0, 273.0, 770.0, 0.0, 14.0], [-58.91179656982422, 24.863142013549805, -130.3638916015625], [0.4529876708984375, -0.03143310546875, 0.5145416259765625, -0.7273406982421875], [-65.99970245361328, 46.78815460205078, -163.14720153808594], [0.3267059326171875, 0.2561492919921875, 0.5432586669921875, -0.7297210693359375]
1365000, 1370.7694091796875, [1000.0, 102.0, 903.0, 97.0, 857.0, 125.0, 849.0, 34.0, 468.0, 1000.0, 0.0, 750.0, 0.0, 1000.0, 999.0, 999.0, 368.0, 999.0, 999.0, 272.0, 770.0, 0.0, 15.0], [-59.78662109375, 26.702829360961914, -130.6122589111328], [0.4569549560546875, -0.02069091796875, 0.524200439453125, -0.718292236328125], [-64.76673889160156, 47.60193634033203, -162.219482421875], [0.33294677734375, 0.2609710693359375, 0.53680419921875, -0.7299652099609375]
1365050, 1370.8197021484375, [1000.0, 102.0, 901.0, 97.0, 854.0, 125.0, 848.0, 34.0, 483.0, 1000.0, 0.0, 750.0, 0.0, 666.0, 999.0, 999.0, 377.0, 999.0, 999.0, 271.0, 770.0, 0.0, 14.0], [-59.3104362487793, 27.545068740844727, -130.1659393310547], [0.4624176025390625, -0.01483154296875, 0.522979736328125, -0.7158355712890625], [-64.6800765991211, 46.55449676513672, -162.07196044921875], [0.329742431640625, 0.25323486328125, 0.53741455078125, -0.7336883544921875]
1365110, 1370.8692626953125, [1000.0, 102.0, 899.0, 97.0, 851.0, 126.0, 847.0, 34.0, 498.0, 1000.0, 0.0, 750.0, 0.0, 666.0, 999.0, 999.0, 369.0, 999.0, 999.0, 269.0, 768.0, 0.0, 16.0], [-57.87392044067383, 25.806312561035156, -129.3489990234375], [0.462554931640625, -0.0251007080078125, 0.5098876953125, -0.7248382568359375], [-63.52050018310547, 43.97349166870117, -161.32974243164062], [0.3223419189453125, 0.2349395751953125, 0.5332489013671875, -0.746002197265625]
1365160, 1370.9295654296875, [1000.0, 102.0, 897.0, 96.0, 848.0, 127.0, 846.0, 34.0, 507.0, 1000.0, 0.0, 750.0, 0.0, 666.0, 999.0, 999.0, 444.0, 999.0, 999.0, 268.0, 768.0, 0.0, 17.0], [-56.990482330322266, 24.532169342041016, -128.89761352539062], [0.46185302734375, -0.032623291015625, 0.501129150390625, -0.7310791015625], [-61.781227111816406, 44.76128387451172, -160.22109985351562], [0.328857421875, 0.2403564453125, 0.5237884521484375, -0.748138427734375]
1365220, 1370.980224609375, [1000.0, 102.0, 897.0, 96.0, 845.0, 127.0, 843.0, 34.0, 505.0, 1000.0, 0.0, 750.0, 0.0, 1000.0, 999.0, 999.0, 452.0, 999.0, 999.0, 268.0, 770.0, 0.0, 18.0], [-56.64095687866211, 24.477025985717773, -128.69602966308594], [0.46307373046875, -0.0324859619140625, 0.4987030029296875, -0.731964111328125], [-62.097694396972656, 44.91157531738281, -160.74278259277344], [0.32666015625, 0.2429046630859375, 0.5246734619140625, -0.747650146484375]
1365270, 1371.039794921875, [1000.0, 102.0, 895.0, 96.0, 844.0, 127.0, 842.0, 34.0, 510.0, 1000.0, 0.0, 750.0, 0.0, 1000.0, 999.0, 999.0, 460.0, 999.0, 999.0, 267.0, 768.0, 0.0, 19.0], [-56.82232666015625, 24.61934471130371, -128.86875915527344], [0.46234130859375, -0.0314483642578125, 0.5002593994140625, -0.731414794921875], [-63.4378776550293, 44.676536560058594, -161.91934204101562], [0.3209686279296875, 0.2428741455078125, 0.5310516357421875, -0.7456207275390625]
1365320, 1371.0894775390625, [1000.0, 103.0, 894.0, 96.0, 843.0, 127.0, 842.0, 34.0, 518.0, 1000.0, 0.0, 750.0, 0.0, 666.0, 999.0, 999.0, 481.0, 999.0, 999.0, 266.0, 768.0, 0.0, 20.0], [-57.51912307739258, 24.245763778686523, -129.32936096191406], [0.4580841064453125, -0.0348968505859375, 0.503936767578125, -0.731414794921875], [-65.4115982055664, 43.62705612182617, -163.5522003173828], [0.310455322265625, 0.237701416015625, 0.54119873046875, -0.74444580078125]
1365340, 1371.139892578125, [1000.0, 103.0, 894.0, 95.0, 842.0, 127.0, 842.0, 34.0, 521.0, 1000.0, 0.0, 750.0, 0.0, 666.0, 999.0, 999.0, 492.0, 999.0, 999.0, 265.0, 768.0, 0.0, 21.0], [-58.03273391723633, 23.796207427978516, -129.5933074951172], [0.454864501953125, -0.0389862060546875, 0.5062255859375, -0.7316436767578125], [-66.1869125366211, 43.22053146362305, -164.12515258789062], [0.3067169189453125, 0.2354888916015625, 0.5453643798828125, -0.74365234375]
1365380, 1371.1494140625, [1000.0, 103.0, 893.0, 95.0, 842.0, 127.0, 842.0, 35.0, 524.0, 1000.0, 0.0, 750.0, 0.0, 1000.0, 999.0, 999.0, 482.0, 999.0, 999.0, 264.0, 768.0, 0.0, 22.0], [-58.860939025878906, 22.908939361572266, -129.9723358154297], [0.4493560791015625, -0.0468902587890625, 0.5095367431640625, -0.732269287109375], [-66.50759887695312, 42.939937591552734, -164.3855438232422], [0.3045501708984375, 0.233917236328125, 0.5471343994140625, -0.7437286376953125]
1365430, 1371.1998291015625, [1000.0, 103.0, 891.0, 95.0, 840.0, 126.0, 841.0, 35.0, 524.0, 1000.0, 0.0, 750.0, 0.0, 666.0, 999.0, 999.0, 482.0, 999.0, 999.0, 263.0, 767.0, 0.0, 22.0], [-59.375179290771484, 21.953147888183594, -130.06658935546875], [0.445465087890625, -0.055267333984375, 0.510589599609375, -0.73333740234375], [-66.54545593261719, 42.691368103027344, -164.35328674316406], [0.3038330078125, 0.23193359375, 0.5476531982421875, -0.7442779541015625]
1365490, 1371.259521484375, [1000.0, 104.0, 890.0, 94.0, 839.0, 126.0, 840.0, 35.0, 524.0, 1000.0, 0.0, 750.0, 0.0, 666.0, 999.0, 999.0, 497.0, 999.0, 999.0, 262.0, 767.0, 0.0, 22.0], [-58.712772369384766, 21.770000457763672, -129.64317321777344], [0.447906494140625, -0.0558624267578125, 0.5056915283203125, -0.7351837158203125], [-66.81025695800781, 42.747947692871094, -164.43092346191406], [0.3040924072265625, 0.23199462890625, 0.549163818359375, -0.7430267333984375]
1365540, 1371.3096923828125, [1000.0, 104.0, 889.0, 94.0, 839.0, 126.0, 838.0, 35.0, 521.0, 1000.0, 0.0, 750.0, 0.0, 1000.0, 999.0, 999.0, 483.0, 999.0, 999.0, 261.0, 766.0, 0.0, 21.0], [-58.26605987548828, 22.131242752075195, -129.29637145996094], [0.4514923095703125, -0.053070068359375, 0.5035552978515625, -0.73468017578125], [-64.71790313720703, 43.39768981933594, -162.89414978027344], [0.312408447265625, 0.2348785400390625, 0.5382080078125, -0.7466888427734375]
