1561510, 1568.129150390625, [1000.0, 97.0, 321.0, 83.0, 163.0, 79.0, 127.0, 29.0, 64.0, 1000.0, 0.0, 750.0, 0.0, 1000.0, 927.0, 999.0, 999.0, 999.0, 999.0, 512.0, 648.0, 0.0, 0.0], [-19.116683959960938, -3.8110339641571045, 160.1177978515625], [0.1755828857421875, 0.0036468505859375, -0.16912841796875, 0.969818115234375], [-33.42560577392578, 20.0775146484375, -171.6259307861328], [0.1188507080078125, 0.1458282470703125, 0.2946014404296875, -0.9369049072265625]
1561570, 1568.189697265625, [1000.0, 97.0, 320.0, 83.0, 163.0, 78.0, 126.0, 29.0, 64.0, 1000.0, 0.0, 750.0, 0.0, 1000.0, 927.0, 999.0, 999.0, 999.0, 999.0, 512.0, 647.0, 0.0, 0.0], [-19.11590576171875, -3.882812976837158, 160.1905059814453], [0.1750640869140625, 0.004364013671875, -0.169219970703125, 0.969879150390625], [-33.02229309082031, 19.907072067260742, -171.49234008789062], [0.1190338134765625, 0.144500732421875, 0.29144287109375, -0.938079833984375]
1561620, 1568.2393798828125, [1000.0, 97.0, 320.0, 83.0, 163.0, 78.0, 126.0, 29.0, 64.0, 1000.0, 0.0, 750.0, 0.0, 666.0, 926.0, 999.0, 999.0, 999.0, 999.0, 512.0, 647.0, 0.0, 0.0], [-19.139192581176758, -3.8850066661834717, 160.24325561523438], [0.17462158203125, 0.004425048828125, -0.1694183349609375, 0.9699249267578125], [-32.950111389160156, 19.958332061767578, -171.4770050048828], [0.1191864013671875, 0.14495849609375, 0.2908782958984375, -0.9381561279296875]
1561680, 1568.2994384765625, [1000.0, 97.0, 321.0, 83.0, 162.0, 78.0, 125.0, 29.0, 64.0, 1000.0, 0.0, 750.0, 0.0, 666.0, 926.0, 999.0, 999.0, 999.0, 999.0, 512.0, 647.0, 0.0, 0.0], [-19.15055274963379, -3.8933417797088623, 160.3206024169922], [0.173980712890625, 0.0045928955078125, -0.169525146484375, 0.97003173828125], [-32.96263122558594, 19.879350662231445, -171.48635864257812], [0.1189422607421875, 0.144317626953125, 0.29095458984375, -0.938262939453125]
1561730, 1568.349365234375, [1000.0, 97.0, 322.0, 82.0, 162.0, 77.0, 125.0, 29.0, 64.0, 1000.0, 0.0, 750.0, 0.0, 666.0, 926.0, 999.0, 999.0, 999.0, 999.0, 512.0, 647.0, 0.0, 0.0], [-19.193876266479492, -3.8087656497955322, 160.37542724609375], [0.17340087890625, 0.0038909912109375, -0.169769287109375, 0.9700927734375], [-32.89740753173828, 19.988954544067383, -171.45724487304688], [0.119354248046875, 0.1452178955078125, 0.2904815673828125, -0.938232421875]
1561780, 1568.4097900390625, [1000.0, 97.0, 326.0, 82.0, 162.0, 77.0, 125.0, 29.0, 63.0, 1000.0, 0.0, 750.0, 0.0, 666.0, 927.0, 999.0, 999.0, 999.0, 999.0, 512.0, 645.0, 0.0, 0.0], [-19.21268081665039, -3.6974079608917236, 160.43479919433594], [0.1727447509765625, 0.0030059814453125, -0.169769287109375, 0.97021484375], [-33.0460205078125, 19.877546310424805, -171.50804138183594], [0.118865966796875, 0.1442718505859375, 0.2916107177734375, -0.938079833984375]
1561810, 1568.4603271484375, [1000.0, 97.0, 327.0, 82.0, 162.0, 77.0, 124.0, 29.0, 63.0, 1000.0, 0.0, 750.0, 0.0, 666.0, 927.0, 999.0, 999.0, 999.0, 999.0, 512.0, 645.0, 0.0, 0.0], [-19.174570083618164, -3.7116153240203857, 160.46923828125], [0.1724700927734375, 0.00323486328125, -0.169464111328125, 0.970306396484375], [-32.858219146728516, 19.836870193481445, -171.44338989257812], [0.1190643310546875, 0.1439666748046875, 0.2901458740234375, -0.9385528564453125]
1561840, 1568.4693603515625, [1000.0, 97.0, 312.0, 82.0, 161.0, 77.0, 124.0, 29.0, 63.0, 1000.0, 0.0, 750.0, 0.0, 666.0, 925.0, 999.0, 999.0, 999.0, 999.0, 512.0, 645.0, 0.0, 0.0], [-19.131319046020508, -3.7006359100341797, 160.5089111328125], [0.172119140625, 0.003265380859375, -0.1690826416015625, 0.9704437255859375], [-33.191017150878906, 19.888355255126953, -171.5558319091797], [0.118682861328125, 0.1443328857421875, 0.2927398681640625, -0.937744140625]
1561890, 1568.51953125, [1000.0, 97.0, 310.0, 82.0, 161.0, 77.0, 124.0, 29.0, 63.0, 1000.0, 0.0, 750.0, 0.0, 666.0, 926.0, 999.0, 999.0, 999.0, 999.0, 512.0, 645.0, 0.0, 0.0], [-19.202381134033203, -3.816462516784668, 160.5768280029297], [0.1717071533203125, 0.004241943359375, -0.1698455810546875, 0.9703826904296875], [-33.132591247558594, 19.897401809692383, -171.55117797851562], [0.1186676025390625, 0.1444549560546875, 0.292266845703125, -0.9378662109375]
1561950, 1568.5694580078125, [1000.0, 97.0, 309.0, 82.0, 161.0, 76.0, 123.0, 29.0, 62.0, 1000.0, 0.0, 750.0, 0.0, 666.0, 927.0, 999.0, 999.0, 999.0, 999.0, 512.0, 644.0, 0.0, 0.0], [-19.168367385864258, -3.9404497146606445, 160.6975555419922], [0.1708526611328125, 0.005523681640625, -0.1697235107421875, 0.9705352783203125], [-33.12867736816406, 19.940692901611328, -171.57054138183594], [0.1186065673828125, 0.144866943359375, 0.2922210693359375, -0.937835693359375]
1562000, 1568.6295166015625, [1000.0, 97.0, 308.0, 81.0, 160.0, 76.0, 123.0, 28.0, 62.0, 1000.0, 0.0, 750.0, 0.0, 666.0, 924.0, 999.0, 999.0, 999.0, 999.0, 513.0, 645.0, 0.0, 0.0], [-19.194984436035156, -3.9339439868927, 160.76153564453125], [0.1703033447265625, 0.005523681640625, -0.1699371337890625, 0.9705963134765625], [-33.06932067871094, 19.990215301513672, -171.5660858154297], [0.118682861328125, 0.14532470703125, 0.291748046875, -0.937896728515625]
1562050, 1568.6796875, [1000.0, 97.0, 308.0, 81.0, 160.0, 76.0, 123.0, 28.0, 62.0, 1000.0, 0.0, 750.0, 0.0, 1000.0, 927.0, 999.0, 999.0, 999.0, 999.0, 513.0, 645.0, 0.0, 0.0], [-19.252365112304688, -3.960048198699951, 160.85455322265625], [0.1695556640625, 0.00579833984375, -0.1704559326171875, 0.97064208984375], [-33.02046585083008, 19.839872360229492, -171.56602478027344], [0.1182708740234375, 0.144134521484375, 0.29132080078125, -0.938262939453125]
1562090, 1568.7293701171875, [1000.0, 97.0, 308.0, 81.0, 160.0, 76.0, 122.0, 28.0, 62.0, 1000.0, 0.0, 750.0, 0.0, 666.0, 932.0, 999.0, 999.0, 999.0, 999.0, 513.0, 644.0, 0.0, 0.0], [-19.247819900512695, -3.979060411453247, 160.9261932373047], [0.168975830078125, 0.006072998046875, -0.170440673828125, 0.9707489013671875], [-32.85927963256836, 19.822660446166992, -171.4842071533203], [0.1186981201171875, 0.143951416015625, 0.29010009765625, -0.9386138916015625]
1562110, 1568.7393798828125, [1000.0, 97.0, 308.0, 81.0, 160.0, 76.0, 122.0, 28.0, 61.0, 1000.0, 0.0, 750.0, 0.0, 666.0, 932.0, 999.0, 999.0, 999.0, 999.0, 513.0, 644.0, 0.0, 0.0], [-19.228557586669922, -3.9895830154418945, 160.9599609375], [0.168701171875, 0.0062408447265625, -0.1702880859375, 0.9708099365234375], [-32.60297775268555, 19.623233795166016, -171.37225341796875], [0.11883544921875, 0.1422882080078125, 0.2881011962890625, -0.9394683837890625]
1562160, 1568.7894287109375, [1000.0, 97.0, 308.0, 81.0, 160.0, 75.0, 122.0, 28.0, 61.0, 1000.0, 0.0, 750.0, 0.0, 666.0, 920.0, 999.0, 999.0, 999.0, 999.0, 514.0, 645.0, 0.0, 0.0], [-19.165637969970703, -4.024025917053223, 161.01931762695312], [0.168243408203125, 0.0067138671875, -0.1697998046875, 0.970977783203125], [-32.76676559448242, 19.81855583190918, -171.4652557373047], [0.1187286376953125, 0.1439666748046875, 0.28936767578125, -0.9388427734375]
1562210, 1568.83935546875, [1000.0, 97.0, 308.0, 81.0, 160.0, 75.0, 121.0, 28.0, 61.0, 1000.0, 0.0, 750.0, 0.0, 1000.0, 933.0, 999.0, 999.0, 999.0, 999.0, 513.0, 644.0, 0.0, 0.0], [-19.232315063476562, -4.0265960693359375, 161.07052612304688], [0.167816162109375, 0.0067138671875, -0.1703643798828125, 0.970947265625], [-31.95723533630371, 19.74586296081543, -171.20962524414062], [0.1196441650390625, 0.1435699462890625, 0.2830352783203125, -0.9407196044921875]
1562270, 1568.899658203125, [1000.0, 97.0, 307.0, 81.0, 159.0, 75.0, 121.0, 28.0, 60.0, 1000.0, 0.0, 750.0, 0.0, 1000.0, 935.0, 999.0, 999.0, 999.0, 999.0, 516.0, 645.0, 0.0, 0.0], [-19.31709861755371, -4.238316535949707, 161.26797485351562], [0.16644287109375, 0.0086822509765625, -0.171356201171875, 0.9709930419921875], [-32.36293411254883, 19.22663116455078, -171.25350952148438], [0.1186065673828125, 0.1389617919921875, 0.28619384765625, -0.940582275390625]
1562320, 1568.9495849609375, [1000.0, 96.0, 307.0, 81.0, 159.0, 74.0, 120.0, 27.0, 60.0, 1000.0, 0.0, 750.0, 0.0, 666.0, 934.0, 999.0, 999.0, 999.0, 999.0, 519.0, 645.0, 0.0, 0.0], [-19.063310623168945, -4.449577331542969, 161.37364196777344], [0.1658172607421875, 0.0110015869140625, -0.1694793701171875, 0.971405029296875], [-31.545312881469727, 18.79342269897461, -170.9541778564453], [0.119110107421875, 0.1354827880859375, 0.27972412109375, -0.942962646484375]
1562380, 1569.0096435546875, [1000.0, 96.0, 307.0, 80.0, 159.0, 74.0, 120.0, 27.0, 59.0, 1000.0, 0.0, 750.0, 0.0, 666.0, 927.0, 999.0, 999.0, 999.0, 999.0, 517.0, 644.0, 0.0, 0.0], [-19.057266235351562, -4.269473552703857, 161.349853515625], [0.165771484375, 0.0094451904296875, -0.169189453125, 0.9714813232421875], [-32.13507843017578, 18.889549255371094, -171.2437286376953], [0.117645263671875, 0.136383056640625, 0.2842559814453125, -0.9416656494140625]
1562430, 1569.0594482421875, [1000.0, 96.0, 308.0, 80.0, 159.0, 73.0, 120.0, 27.0, 59.0, 1000.0, 0.0, 750.0, 0.0, 666.0, 948.0, 999.0, 999.0, 999.0, 999.0, 514.0, 644.0, 0.0, 0.0], [-19.750713348388672, -3.7800886631011963, 160.9783935546875], [0.16827392578125, 0.00372314453125, -0.1744232177734375, 0.9701690673828125], [-33.3535270690918, 19.139171600341797, -171.54400634765625], [0.117218017578125, 0.1379547119140625, 0.2939453125, -0.938507080078125]
1562480, 1569.1097412109375, [1000.0, 95.0, 308.0, 81.0, 160.0, 74.0, 121.0, 27.0, 60.0, 1000.0, 0.0, 750.0, 0.0, 666.0, 958.0, 999.0, 999.0, 999.0, 999.0, 509.0, 648.0, 0.0, 0.0], [-19.4146728515625, -2.6844096183776855, 160.53697204589844], [0.1704559326171875, -0.0057373046875, -0.1700439453125, 0.970550537109375], [-33.18088150024414, 20.29298973083496, -171.41632080078125], [0.120758056640625, 0.1473236083984375, 0.29290771484375, -0.9369659423828125]
1562540, 1569.1695556640625, [1000.0, 95.0, 307.0, 83.0, 161.0, 77.0, 123.0, 27.0, 66.0, 1000.0, 0.0, 750.0, 0.0, 666.0, 962.0, 999.0, 999.0, 999.0, 999.0, 498.0, 655.0, 0.0, 0.0], [-19.82366371154785, 0.3959207236766815, 159.65357971191406], [0.17340087890625, -0.03375244140625, -0.1688232421875, 0.9696807861328125], [-34.181121826171875, 22.148448944091797, -171.57333374023438], [0.125213623046875, 0.1619110107421875, 0.301116943359375, -0.9313507080078125]
1562590, 1569.2196044921875, [1000.0, 95.0, 312.0, 84.0, 162.0, 78.0, 126.0, 26.0, 72.0, 1000.0, 0.0, 750.0, 0.0, 666.0, 951.0, 999.0, 999.0, 999.0, 999.0, 488.0, 658.0, 0.0, 0.0], [-20.985837936401367, 2.6764237880706787, 158.3903350830078], [0.1800994873046875, -0.0566864013671875, -0.174530029296875, 0.96636962890625], [-36.296165466308594, 24.622228622436523, -172.16110229492188], [0.1297149658203125, 0.18133544921875, 0.31744384765625, -0.9216766357421875]
1562650, 1569.2799072265625, [1000.0, 95.0, 319.0, 83.0, 163.0, 76.0, 135.0, 26.0, 74.0, 1000.0, 0.0, 750.0, 0.0, 666.0, 950.0, 999.0, 999.0, 999.0, 999.0, 479.0, 659.0, 0.0, 0.0], [-23.699724197387695, 7.672690391540527, 156.88003540039062], [0.182220458984375, -0.1052093505859375, -0.1876068115234375, 0.9594268798828125], [-37.90346145629883, 27.38841438293457, -172.67564392089844], [0.1354217529296875, 0.2032928466796875, 0.329193115234375, -0.912109375]
1562700, 1569.3294677734375, [1000.0, 95.0, 324.0, 83.0, 164.0, 75.0, 144.0, 25.0, 75.0, 1000.0, 0.0, 750.0, 0.0, 666.0, 951.0, 999.0, 999.0, 999.0, 999.0, 473.0, 663.0, 0.0, 0.0], [-28.85183334350586, 10.70925521850586, 155.5553436279297], [0.1814117431640625, -0.140838623046875, -0.2232818603515625, 0.947296142578125], [-42.94279479980469, 29.385040283203125, -174.2548370361328], [0.1378326416015625, 0.217987060546875, 0.365447998046875, -0.894378662109375]
1562750, 1569.379638671875, [1000.0, 95.0, 341.0, 83.0, 167.0, 77.0, 155.0, 25.0, 76.0, 1000.0, 0.0, 750.0, 0.0, 666.0, 948.0, 999.0, 999.0, 999.0, 999.0, 466.0, 665.0, 0.0, 0.0], [-36.218013763427734, 11.602428436279297, 154.40859985351562], [0.1787872314453125, -0.16217041015625, -0.2802734375, 0.9290618896484375], [-50.070518493652344, 30.631925582885742, -176.88758850097656], [0.135467529296875, 0.2281494140625, 0.41448974609375, -0.8704986572265625]
1562810, 1569.439697265625, [1000.0, 95.0, 378.0, 83.0, 173.0, 79.0, 163.0, 25.0, 75.0, 1000.0, 0.0, 750.0, 0.0, 666.0, 944.0, 999.0, 999.0, 999.0, 999.0, 457.0, 665.0, 0.0, 0.0], [-44.60985565185547, 10.612600326538086, 153.51199340820312], [0.1768798828125, -0.16986083984375, -0.3482513427734375, 0.9047393798828125], [-57.31135940551758, 30.481887817382812, -179.93699645996094], [0.12652587890625, 0.2304229736328125, 0.462799072265625, -0.8465728759765625]
1562860, 1569.4898681640625, [1000.0, 95.0, 421.0, 82.0, 181.0, 78.0, 166.0, 25.0, 71.0, 1000.0, 0.0, 750.0, 0.0, 1000.0, 941.0, 999.0, 999.0, 999.0, 999.0, 445.0, 672.0, 0.0, 0.0], [-50.50032043457031, 8.246709823608398, 153.50143432617188], [0.1768951416015625, -0.1608123779296875, -0.39923095703125, 0.8851165771484375], [-61.56391906738281, 29.098569869995117, 178.34603881835938], [0.116546630859375, 0.2229461669921875, 0.4921875, -0.8333282470703125]
1562920, 1569.5494384765625, [1000.0, 94.0, 426.0, 80.0, 190.0, 72.0, 166.0, 25.0, 69.0, 1000.0, 0.0, 750.0, 0.0, 666.0, 944.0, 999.0, 999.0, 999.0, 999.0, 434.0, 693.0, 0.0, 0.0], [-58.229679107666016, 5.484950542449951, 153.32127380371094], [0.178680419921875, -0.152801513671875, -0.4632415771484375, 0.854461669921875], [-66.28400421142578, 26.96954345703125, 177.21128845214844], [0.107635498046875, 0.2081298828125, 0.5267333984375, -0.8170928955078125]
1562970, 1569.5997314453125, [1000.0, 94.0, 447.0, 78.0, 212.0, 67.0, 168.0, 22.0, 68.0, 1000.0, 0.0, 750.0, 0.0, 1000.0, 951.0, 999.0, 999.0, 999.0, 999.0, 422.0, 730.0, 0.0, 0.0], [-61.21238327026367, 6.086203098297119, 153.25247192382812], [0.1725006103515625, -0.16204833984375, -0.4840545654296875, 0.8424072265625], [-68.21743774414062, 25.771896362304688, 177.2888946533203], [0.105926513671875, 0.1975250244140625, 0.5421142578125, -0.809844970703125]
1563020, 1569.6495361328125, [1000.0, 94.0, 541.0, 76.0, 338.0, 63.0, 184.0, 20.0, 64.0, 1000.0, 0.0, 750.0, 0.0, 666.0, 907.0, 999.0, 999.0, 999.0, 999.0, 408.0, 755.0, 0.0, 0.0], [-59.347747802734375, 8.545187950134277, 153.00650024414062], [0.166351318359375, -0.17816162109375, -0.464935302734375, 0.851104736328125], [-65.83551788330078, 25.018718719482422, 178.7911834716797], [0.1090545654296875, 0.187408447265625, 0.5285797119140625, -0.820709228515625]
1563080, 1569.7098388671875, [1000.0, 96.0, 725.0, 75.0, 598.0, 60.0, 288.0, 20.0, 63.0, 1000.0, 0.0, 750.0, 0.0, 1000.0, 962.0, 999.0, 999.0, 999.0, 999.0, 392.0, 754.0, 0.0, 0.0], [-57.61729049682617, 10.211034774780273, 153.83343505859375], [0.155792236328125, -0.184600830078125, -0.449859619140625, 0.85980224609375], [-64.30294036865234, 24.589021682739258, -179.6241455078125], [0.11602783203125, 0.1785736083984375, 0.520538330078125, -0.82684326171875]
1563130, 1569.759521484375, [1000.0, 98.0, 843.0, 73.0, 707.0, 60.0, 500.0, 19.0, 59.0, 1000.0, 0.0, 750.0, 0.0, 666.0, 923.0, 999.0, 999.0, 999.0, 999.0, 380.0, 750.0, 0.0, 0.0], [-58.41579818725586, 10.732352256774902, 153.61898803710938], [0.15386962890625, -0.190338134765625, -0.4543914794921875, 0.85650634765625], [-65.6827163696289, 24.24421501159668, -179.0465545654297], [0.1207122802734375, 0.1720123291015625, 0.5316619873046875, -0.8204498291015625]
1563190, 1569.81982421875, [1000.0, 99.0, 885.0, 72.0, 839.0, 62.0, 798.0, 18.0, 94.0, 1000.0, 0.0, 750.0, 0.0, 666.0, 801.0, 999.0, 666.0, 999.0, 999.0, 364.0, 752.0, 0.0, 0.0], [-57.18043518066406, 9.804800033569336, 153.80271911621094], [0.1584320068359375, -0.1811370849609375, -0.4473724365234375, 0.8613433837890625], [-66.10847473144531, 23.766036987304688, -178.3213653564453], [0.1243133544921875, 0.1647491455078125, 0.5362091064453125, -0.818450927734375]
1563240, 1569.869384765625, [1000.0, 99.0, 884.0, 73.0, 863.0, 64.0, 849.0, 19.0, 289.0, 1000.0, 0.0, 750.0, 0.0, 1000.0, 817.0, 999.0, 353.0, 999.0, 999.0, 354.0, 754.0, 0.0, 0.0], [-58.073829650878906, 10.94971752166748, 154.55038452148438], [0.1465301513671875, -0.1877899169921875, -0.452911376953125, 0.859130859375], [-66.99557495117188, 24.62800407409668, -177.74276733398438], [0.13372802734375, 0.1671905517578125, 0.5426025390625, -0.8122406005859375]
1563290, 1569.919677734375, [1000.0, 99.0, 896.0, 73.0, 872.0, 66.0, 862.0, 19.0, 424.0, 1000.0, 0.0, 750.0, 0.0, 666.0, 989.0, 999.0, 274.0, 999.0, 999.0, 348.0, 754.0, 0.0, 0.0], [-58.03762435913086, 13.057490348815918, 154.82781982421875], [0.1354827880859375, -0.202056884765625, -0.448699951171875, 0.85992431640625], [-66.69142150878906, 26.70857810974121, -177.09727478027344], [0.1475067138671875, 0.1793365478515625, 0.5395355224609375, -0.809295654296875]
1563350, 1569.9798583984375, [1000.0, 99.0, 903.0, 73.0, 873.0, 67.0, 866.0, 19.0, 519.0, 1000.0, 0.0, 750.0, 0.0, 666.0, 999.0, 999.0, 245.0, 999.0, 999.0, 341.0, 756.0, 0.0, 0.0], [-58.05182647705078, 16.150104522705078, 155.44532775878906], [0.11749267578125, -0.22216796875, -0.4432830810546875, 0.86041259765625], [-66.5905532836914, 30.21712875366211, -176.66493225097656], [0.16650390625, 0.2023468017578125, 0.5360870361328125, -0.8024444580078125]
1563400, 1570.0296630859375, [1000.0, 98.0, 905.0, 73.0, 869.0, 69.0, 862.0, 19.0, 543.0, 1000.0, 0.0, 750.0, 0.0, 666.0, 999.0, 999.0, 273.0, 999.0, 999.0, 337.0, 755.0, 0.0, 0.0], [-58.25362777709961, 18.201753616333008, 156.31182861328125], [0.1016845703125, -0.2338714599609375, -0.4420166015625, 0.8599700927734375], [-66.79171752929688, 33.267539978027344, -176.6229248046875], [0.181060791015625, 0.2233428955078125, 0.5341949462890625, -0.794952392578125]
1563410, 1570.0794677734375, [1000.0, 98.0, 905.0, 73.0, 867.0, 70.0, 861.0, 19.0, 546.0, 1000.0, 0.0, 750.0, 0.0, 666.0, 999.0, 999.0, 282.0, 999.0, 999.0, 336.0, 755.0, 0.0, 0.0], [-58.29842758178711, 18.575410842895508, 156.51181030273438], [0.0984649658203125, -0.23583984375, -0.4419403076171875, 0.8598480224609375], [-66.84129333496094, 33.878177642822266, -176.6314697265625], [0.183868408203125, 0.2275848388671875, 0.5337982177734375, -0.793365478515625]
1563450, 1570.08935546875, [1000.0, 97.0, 905.0, 72.0, 861.0, 72.0, 855.0, 20.0, 563.0, 1000.0, 0.0, 750.0, 0.0, 666.0, 999.0, 999.0, 338.0, 999.0, 999.0, 333.0, 756.0, 0.0, 0.0], [-58.28851318359375, 20.566972732543945, 157.35366821289062], [0.0834808349609375, -0.2469635009765625, -0.439239501953125, 0.8596954345703125], [-66.60303497314453, 36.22693634033203, -176.44091796875], [0.195281982421875, 0.2435150146484375, 0.5296478271484375, -0.7886810302734375]
1563510, 1570.1395263671875, [1000.0, 97.0, 909.0, 72.0, 855.0, 75.0, 853.0, 20.0, 577.0, 1000.0, 0.0, 750.0, 0.0, 1000.0, 999.0, 999.0, 436.0, 999.0, 999.0, 329.0, 756.0, 0.0, 0.0], [-57.883914947509766, 21.403308868408203, 157.88368225097656], [0.0767364501953125, -0.2506866455078125, -0.4355010986328125, 0.86114501953125], [-65.85101318359375, 39.23130416870117, -176.12843322753906], [0.209075927734375, 0.2643280029296875, 0.5212249755859375, -0.7840423583984375]
1563560, 1570.189453125, [1000.0, 96.0, 917.0, 71.0, 852.0, 78.0, 852.0, 21.0, 591.0, 1000.0, 0.0, 750.0, 0.0, 1000.0, 999.0, 999.0, 481.0, 999.0, 971.0, 326.0, 755.0, 0.0, 0.0], [-57.616554260253906, 22.597457885742188, 158.30870056152344], [0.0689544677734375, -0.2575225830078125, -0.431793212890625, 0.861663818359375], [-65.77405548095703, 41.030059814453125, -176.1299285888672], [0.21673583984375, 0.276947021484375, 0.5181884765625, -0.77960205078125]
1563620, 1570.2496337890625, [1000.0, 96.0, 919.0, 71.0, 850.0, 81.0, 852.0, 21.0, 607.0, 1000.0, 0.0, 750.0, 0.0, 666.0, 999.0, 999.0, 577.0, 999.0, 878.0, 323.0, 756.0, 0.0, 0.0], [-58.269378662109375, 23.294906616210938, 158.36741638183594], [0.063995361328125, -0.2626953125, -0.435272216796875, 0.858734130859375], [-66.64230346679688, 42.389862060546875, -176.4047393798828], [0.2229461669921875, 0.285888671875, 0.521392822265625, -0.7724609375]
1563670, 1570.2996826171875, [1000.0, 96.0, 920.0, 71.0, 848.0, 84.0, 853.0, 22.0, 624.0, 1000.0, 0.0, 750.0, 0.0, 666.0, 999.0, 999.0, 602.0, 999.0, 841.0, 322.0, 757.0, 0.0, 0.0], [-60.20072937011719, 28.375001907348633, 157.81185913085938], [0.040771484375, -0.3016357421875, -0.4363250732421875, 0.8467254638671875], [-67.9997787475586, 43.86996841430664, -177.21998596191406], [0.22747802734375, 0.2970123291015625, 0.52606201171875, -0.7637176513671875]
1563720, 1570.3594970703125, [1000.0, 95.0, 921.0, 71.0, 846.0, 87.0, 853.0, 22.0, 642.0, 1000.0, 0.0, 750.0, 0.0, 1000.0, 999.0, 999.0, 605.0, 999.0, 788.0, 320.0, 757.0, 0.0, 0.0], [-59.896915435791016, 29.563106536865234, 158.03857421875], [0.0345458984375, -0.3089599609375, -0.4317474365234375, 0.846710205078125], [-68.51329040527344, 45.386478424072266, -177.9398956298828], [0.2308349609375, 0.309478759765625, 0.52496337890625, -0.7584991455078125]
1563780, 1570.4097900390625, [1000.0, 95.0, 920.0, 71.0, 845.0, 89.0, 854.0, 22.0, 664.0, 1000.0, 0.0, 750.0, 0.0, 666.0, 999.0, 999.0, 582.0, 999.0, 724.0, 318.0, 756.0, 0.0, 0.0], [-59.58106231689453, 28.667695999145508, 157.83839416503906], [0.0408935546875, -0.3033599853515625, -0.43109130859375, 0.848785400390625], [-66.83810424804688, 44.891502380371094, -177.33018493652344], [0.2281951904296875, 0.306732177734375, 0.5163116455078125, -0.7663116455078125]
1563830, 1570.4696044921875, [1000.0, 95.0, 920.0, 71.0, 844.0, 91.0, 854.0, 22.0, 676.0, 1000.0, 0.0, 750.0, 0.0, 1000.0, 999.0, 999.0, 572.0, 999.0, 677.0, 317.0, 756.0, 0.0, 0.0], [-58.452823638916016, 28.25718879699707, 158.2672119140625], [0.0424957275390625, -0.2984619140625, -0.424835205078125, 0.85357666015625], [-66.93624877929688, 43.88313293457031, -177.4211883544922], [0.223419189453125, 0.30010986328125, 0.518402099609375, -0.7689208984375]
1563890, 1570.51953125, [1000.0, 95.0, 916.0, 71.0, 842.0, 93.0, 854.0, 23.0, 685.0, 1000.0, 0.0, 750.0, 0.0, 666.0, 999.0, 999.0, 567.0, 999.0, 682.0, 315.0, 755.0, 0.0, 0.0], [-58.852439880371094, 26.970884323120117, 158.351806640625], [0.0465240478515625, -0.289215087890625, -0.4311065673828125, 0.8534088134765625], [-68.4672622680664, 40.5323371887207, -178.2071990966797], [0.20697021484375, 0.278076171875, 0.5321502685546875, -0.7724151611328125]
1563940, 1570.5694580078125, [1000.0, 95.0, 915.0, 71.0, 840.0, 95.0, 853.0, 23.0, 694.0, 1000.0, 0.0, 750.0, 0.0, 666.0, 999.0, 999.0, 602.0, 999.0, 677.0, 314.0, 755.0, 0.0, 0.0], [-58.78091812133789, 24.875286102294922, 158.44944763183594], [0.05523681640625, -0.2739410400390625, -0.435699462890625, 0.8555908203125], [-67.63851165771484, 39.91242980957031, -177.59800720214844], [0.2062835693359375, 0.27252197265625, 0.5289764404296875, -0.7767486572265625]
1563990, 1570.6297607421875, [1000.0, 95.0, 910.0, 71.0, 836.0, 95.0, 851.0, 23.0, 691.0, 1000.0, 0.0, 750.0, 0.0, 666.0, 999.0, 999.0, 668.0, 999.0, 672.0, 312.0, 754.0, 0.0, 0.0], [-58.194461822509766, 23.761003494262695, 158.694580078125], [0.0596771240234375, -0.2647552490234375, -0.434417724609375, 0.8588409423828125], [-65.14149475097656, 40.35768127441406, -175.99044799804688], [0.2132568359375, 0.2728424072265625, 0.5151519775390625, -0.7840118408203125]
1564050, 1570.6893310546875, [1000.0, 95.0, 908.0, 71.0, 832.0, 96.0, 848.0, 23.0, 690.0, 1000.0, 0.0, 750.0, 0.0, 666.0, 999.0, 999.0, 635.0, 999.0, 675.0, 311.0, 754.0, 0.0, 0.0], [-56.1441650390625, 22.77051544189453, 159.53504943847656], [0.0622406005859375, -0.25335693359375, -0.42303466796875, 0.8677215576171875], [-62.95962905883789, 40.91893768310547, -174.50624084472656], [0.220611572265625, 0.2743072509765625, 0.5029754638671875, -0.7893524169921875]
1564100, 1570.739501953125, [1000.0, 94.0, 905.0, 71.0, 830.0, 96.0, 845.0, 23.0, 688.0, 1000.0, 0.0, 750.0, 0.0, 666.0, 999.0, 999.0, 604.0, 999.0, 662.0, 309.0, 752.0, 0.0, 0.0], [-54.855224609375, 22.932788848876953, 160.16510009765625], [0.0596160888671875, -0.251556396484375, -0.4142913818359375, 0.8726348876953125], [-63.6384391784668, 39.9576301574707, -174.85238647460938], [0.2158203125, 0.2677764892578125, 0.5080413818359375, -0.7896728515625]
1564160, 1570.7896728515625, [1000.0, 94.0, 905.0, 71.0, 829.0, 97.0, 844.0, 23.0, 690.0, 1000.0, 0.0, 750.0, 0.0, 666.0, 999.0, 999.0, 572.0, 999.0, 702.0, 307.0, 750.0, 0.0, 0.0], [-54.510589599609375, 22.558256149291992, 160.39662170410156], [0.060150146484375, -0.2477874755859375, -0.4129486083984375, 0.8743133544921875], [-64.34033966064453, 40.2430305480957, -175.309814453125], [0.2155303955078125, 0.2704925537109375, 0.5114288330078125, -0.7866363525390625]
1564210, 1570.849609375, [1000.0, 94.0, 905.0, 71.0, 827.0, 98.0, 844.0, 24.0, 690.0, 1000.0, 0.0, 750.0, 0.0, 666.0, 999.0, 999.0, 578.0, 999.0, 727.0, 306.0, 750.0, 0.0, 0.0], [-55.26240158081055, 22.195491790771484, 160.15089416503906], [0.0619049072265625, -0.2464141845703125, -0.4188995361328125, 0.8717498779296875], [-65.1675033569336, 40.434993743896484, -175.86512756347656], [0.214508056640625, 0.27276611328125, 0.5155181884765625, -0.783447265625]
1564260, 1570.8994140625, [1000.0, 94.0, 903.0, 71.0, 826.0, 99.0, 842.0, 24.0, 685.0, 1000.0, 0.0, 750.0, 0.0, 666.0, 999.0, 999.0, 617.0, 999.0, 758.0, 305.0, 749.0, 0.0, 0.0], [-55.769805908203125, 22.560359954833984, 159.92958068847656], [0.0609588623046875, -0.2501678466796875, -0.4215087890625, 0.869476318359375], [-65.23175811767578, 40.68903732299805, -175.8921356201172], [0.215576171875, 0.2745361328125, 0.5155487060546875, -0.78253173828125]
1564320, 1570.9595947265625, [1000.0, 94.0, 902.0, 71.0, 822.0, 100.0, 837.0, 24.0, 675.0, 1000.0, 0.0, 1000.0, 0.0, 666.0, 999.0, 999.0, 666.0, 999.0, 834.0, 304.0, 749.0, 0.0, 0.0], [-56.235408782958984, 22.94387435913086, 159.75411987304688], [0.0596466064453125, -0.2538604736328125, -0.4238433837890625, 0.86737060546875], [-66.09513854980469, 41.11464309692383, -176.5523681640625], [0.2150115966796875, 0.278839111328125, 0.51922607421875, -0.778717041015625]
1564370, 1571.0096435546875, [1000.0, 94.0, 900.0, 71.0, 819.0, 101.0, 834.0, 24.0, 667.0, 1000.0, 0.0, 750.0, 0.0, 666.0, 999.0, 999.0, 726.0, 999.0, 859.0, 302.0, 748.0, 0.0, 0.0], [-56.934730529785156, 22.876880645751953, 159.4673614501953], [0.060546875, -0.2548065185546875, -0.4286346435546875, 0.8646697998046875], [-66.48401641845703, 41.418766021728516, -176.6728973388672], [0.2164764404296875, 0.2807464599609375, 0.5211181640625, -0.7763519287109375]
1564400, 1571.0594482421875, [1000.0, 94.0, 900.0, 71.0, 818.0, 102.0, 832.0, 24.0, 663.0, 1000.0, 0.0, 750.0, 0.0, 666.0, 999.0, 999.0, 745.0, 999.0, 870.0, 302.0, 748.0, 0.0, 0.0], [-57.294776916503906, 22.786386489868164, 159.372314453125], [0.06085205078125, -0.25469970703125, -0.43133544921875, 0.86334228515625], [-66.901123046875, 41.147125244140625, -176.82630920410156], [0.2152557373046875, 0.2787933349609375, 0.5239715576171875, -0.7754669189453125]
1564430, 1571.0693359375, [1000.0, 94.0, 899.0, 71.0, 816.0, 102.0, 830.0, 24.0, 661.0, 1000.0, 0.0, 750.0, 0.0, 666.0, 999.0, 999.0, 754.0, 999.0, 883.0, 301.0, 748.0, 0.0, 0.0], [-57.706687927246094, 22.710302352905273, 159.32476806640625], [0.0606231689453125, -0.254547119140625, -0.4344940185546875, 0.86181640625], [-67.38160705566406, 40.58480453491211, -177.00698852539062], [0.2126922607421875, 0.274871826171875, 0.5276336669921875, -0.7751007080078125]
1564480, 1571.11962890625, [1000.0, 94.0, 899.0, 71.0, 814.0, 103.0, 828.0, 25.0, 657.0, 1000.0, 0.0, 750.0, 0.0, 666.0, 999.0, 999.0, 725.0, 999.0, 886.0, 301.0, 748.0, 0.0, 0.0], [-57.72654724121094, 22.38690185546875, 159.34286499023438], [0.0618438720703125, -0.2521514892578125, -0.4353790283203125, 0.8619842529296875], [-67.24272918701172, 39.933189392089844, -176.90184020996094], [0.2101593017578125, 0.270172119140625, 0.5279083251953125, -0.777252197265625]
1564530, 1571.169677734375, [1000.0, 94.0, 897.0, 71.0, 813.0, 103.0, 826.0, 25.0, 654.0, 1000.0, 0.0, 750.0, 0.0, 666.0, 999.0, 999.0, 673.0, 999.0, 873.0, 300.0, 747.0, 0.0, 0.0], [-57.150306701660156, 21.999250411987305, 159.54132080078125], [0.0632781982421875, -0.2482757568359375, -0.4322967529296875, 0.8645477294921875], [-66.50484466552734, 40.48320770263672, -176.58114624023438], [0.2130279541015625, 0.2738494873046875, 0.522857666015625, -0.778594970703125]
1564590, 1571.229736328125, [1000.0, 94.0, 897.0, 70.0, 811.0, 103.0, 824.0, 25.0, 651.0, 1000.0, 0.0, 750.0, 0.0, 666.0, 999.0, 999.0, 686.0, 999.0, 908.0, 299.0, 747.0, 0.0, 0.0], [-56.81913757324219, 22.011699676513672, 159.69189453125], [0.06280517578125, -0.24761962890625, -0.4300994873046875, 0.865875244140625], [-65.89125061035156, 40.972164154052734, -176.17271423339844], [0.2164764404296875, 0.276519775390625, 0.5189666748046875, -0.7793121337890625]
1564640, 1571.279541015625, [1000.0, 94.0, 896.0, 70.0, 809.0, 103.0, 818.0, 25.0, 634.0, 1000.0, 0.0, 750.0, 0.0, 1000.0, 999.0, 999.0, 777.0, 999.0, 993.0, 299.0, 746.0, 0.0, 0.0], [-56.946563720703125, 22.10302734375, 159.8945770263672], [0.06060791015625, -0.247589111328125, -0.431304931640625, 0.8654327392578125], [-66.87162780761719, 40.12477493286133, -176.6355743408203], [0.211944580078125, 0.2709503173828125, 0.5257415771484375, -0.7779693603515625]
1564690, 1571.329833984375, [1000.0, 94.0, 895.0, 70.0, 805.0, 103.0, 810.0, 25.0, 613.0, 1000.0, 0.0, 750.0, 0.0, 1000.0, 999.0, 999.0, 760.0, 999.0, 999.0, 298.0, 746.0, 0.0, 0.0], [-56.28865051269531, 21.836406707763672, 160.19886779785156], [0.06085205078125, -0.2441558837890625, -0.4275360107421875, 0.868255615234375], [-65.9830093383789, 39.13179397583008, -175.94154357910156], [0.2102203369140625, 0.262542724609375, 0.5226898193359375, -0.783355712890625]
1564750, 1571.3897705078125, [1000.0, 94.0, 893.0, 70.0, 801.0, 103.0, 803.0, 25.0, 591.0, 1000.0, 0.0, 750.0, 0.0, 1000.0, 999.0, 999.0, 783.0, 999.0, 999.0, 296.0, 745.0, 0.0, 0.0], [-55.940670013427734, 21.026063919067383, 160.49234008789062], [0.062774658203125, -0.2369384765625, -0.4271697998046875, 0.87030029296875], [-65.44731140136719, 39.08926010131836, -175.33660888671875], [0.21295166015625, 0.2604827880859375, 0.5204620361328125, -0.7847900390625]
1564800, 1571.4395751953125, [1000.0, 93.0, 893.0, 70.0, 797.0, 102.0, 798.0, 25.0, 576.0, 1000.0, 0.0, 750.0, 0.0, 666.0, 999.0, 999.0, 864.0, 999.0, 999.0, 295.0, 746.0, 0.0, 0.0], [-55.93550109863281, 20.866947174072266, 160.7264404296875], [0.061676025390625, -0.234893798828125, -0.4279327392578125, 0.8705596923828125], [-65.7198715209961, 39.02035140991211, -175.37887573242188], [0.212982177734375, 0.2596893310546875, 0.5223236083984375, -0.7838134765625]
1564860, 1571.499755859375, [1000.0, 93.0, 892.0, 69.0, 794.0, 102.0, 791.0, 26.0, 554.0, 1000.0, 0.0, 750.0, 0.0, 666.0, 999.0, 999.0, 950.0, 999.0, 999.0, 295.0, 745.0, 0.0, 0.0], [-55.52647018432617, 21.25775909423828, 160.96495056152344], [0.0590667724609375, -0.236663818359375, -0.424530029296875, 0.871917724609375], [-64.88307189941406, 39.662960052490234, -174.6719512939453], [0.21868896484375, 0.262542724609375, 0.5173797607421875, -0.7845611572265625]
