1752144601324 0.30434782608695654 1
1752144602039 0.30434782608695654 2
1752144602745 0.34782608695652173 3
1752144603443 0.34782608695652173 4
1752144604164 0.34782608695652173 5
1752144604883 0.34782608695652173 6
1752144605786 0.782608695652174 7
1752144606476 0.782608695652174 8
1752144607145 0.2608695652173913 9
1752144607821 0.5217391304347826 10
1752144608473 0.4782608695652174 11
1752144609116 0.5652173913043478 12
1752144609775 0.5652173913043478 13
1752144610529 0.6086956521739131 14
1752144611469 0.6086956521739131 15
1752144612224 0.782608695652174 16
1752144612939 0.9565217391304348 17
1752144613662 1.0 18
1752144614360 1.0 19
1752144615080 0.9130434782608695 20
1752144615806 0.9130434782608695 21
1752144616545 0.9565217391304348 22
1752144617278 0.9565217391304348 23
1752144617984 0.6086956521739131 24
1752144618710 0.391304347826087 25
1752144619426 0.391304347826087 26
1752144620150 0.21739130434782608 27
1752144620872 0.8260869565217391 28
1752144621592 0.782608695652174 29
1752144622322 0.4782608695652174 30
1752144623041 0.8260869565217391 31
1752144623770 0.782608695652174 32
1752144624506 0.9565217391304348 33
1752144625224 0.9130434782608695 34
1752144625938 0.9130434782608695 35
1752144626697 0.9130434782608695 36
1752144627399 0.9565217391304348 37
1752144628115 0.9565217391304348 38
1752144628852 0.9565217391304348 39
1752144629571 0.9565217391304348 40
1752144630280 0.9565217391304348 41
1752144631009 0.9565217391304348 42
1752144631736 0.9565217391304348 43
1752144632453 0.9565217391304348 44
1752144633175 0.9565217391304348 45
1752144633893 0.9565217391304348 46
1752144634609 0.9565217391304348 47
1752144635323 0.9565217391304348 48
1752144636051 0.9565217391304348 49
1752144636787 0.9565217391304348 50
1752144637502 0.9565217391304348 51
1752144638227 0.9565217391304348 52
1752144638950 0.9565217391304348 53
1752144639675 0.9565217391304348 54
1752144640390 0.9565217391304348 55
1752144641102 0.9565217391304348 56
1752144641821 0.9565217391304348 57
1752144642510 0.9565217391304348 58
1752144643208 0.9565217391304348 59
1752144643947 0.9565217391304348 60
1752144644671 0.9565217391304348 61
1752144645377 0.9565217391304348 62
1752144646108 0.9565217391304348 63
1752144646824 0.9565217391304348 64
1752144647534 0.9565217391304348 65
1752144648256 0.9565217391304348 66
1752144648986 0.9565217391304348 67
1752144649771 0.9565217391304348 68
1752144650532 0.9565217391304348 69
1752144651266 0.9565217391304348 70
1752144651979 0.9565217391304348 71
1752144652708 0.9565217391304348 72
1752144653461 0.9565217391304348 73
1752144654223 0.9565217391304348 74
1752144654994 0.9565217391304348 75
1752144655736 0.9565217391304348 76
1752144656445 0.9565217391304348 77
1752144657200 0.9565217391304348 78
1752144657904 0.9565217391304348 79
1752144658674 0.9565217391304348 80
1752144659394 0.9565217391304348 81
1752144660133 0.9565217391304348 82
1752144660847 0.9565217391304348 83
1752144661554 0.9565217391304348 84
1752144662270 0.9565217391304348 85
1752144662975 0.9565217391304348 86
1752144663689 0.9565217391304348 87
1752144664416 0.9565217391304348 88
1752144665153 0.9565217391304348 89
1752144665848 0.9565217391304348 90
1752144666561 0.9565217391304348 91
1752144667267 0.9565217391304348 92
1752144667999 0.9565217391304348 93
1752144668724 0.9565217391304348 94
1752144669445 0.9565217391304348 95
1752144670164 0.9565217391304348 96
1752144670905 0.9565217391304348 97
1752144671629 0.9565217391304348 98
1752144672350 0.9130434782608695 99
1752144673073 0.9130434782608695 100
1752144673821 0.9130434782608695 101
1752144674570 0.9565217391304348 102
1752144675326 0.9565217391304348 103
1752144676068 0.9565217391304348 104
1752144676809 0.9565217391304348 105
1752144677550 0.9565217391304348 106
1752144678291 0.9565217391304348 107
1752144679040 0.9565217391304348 108
1752144679770 0.9565217391304348 109
1752144680511 0.9565217391304348 110
1752144681227 0.9565217391304348 111
1752144681945 0.9565217391304348 112
1752144682669 0.9565217391304348 113
1752144683413 0.9565217391304348 114
1752144684135 0.9565217391304348 115
1752144684866 0.9565217391304348 116
1752144685591 0.9565217391304348 117
1752144686292 0.9565217391304348 118
1752144687028 0.9565217391304348 119
1752144687771 0.9130434782608695 120
1752144688503 0.9130434782608695 121
1752144689247 0.9130434782608695 122
1752144689986 0.9130434782608695 123
1752144690727 0.9130434782608695 124
1752144691450 0.9130434782608695 125
1752144692306 0.9130434782608695 126
1752144693175 0.9130434782608695 127
1752144693901 0.9130434782608695 128
1752144694617 0.9130434782608695 129
1752144695345 0.9130434782608695 130
1752144696079 0.9130434782608695 131
1752144696847 0.9130434782608695 132
1752144697552 0.9130434782608695 133
1752144698267 0.9130434782608695 134
1752144698987 0.9130434782608695 135
1752144699705 0.9130434782608695 136
1752144700435 0.9130434782608695 137
1752144701161 0.9130434782608695 138
1752144701889 0.9130434782608695 139
1752144702610 0.9130434782608695 140
1752144703346 0.9130434782608695 141
1752144704066 0.9130434782608695 142
1752144704782 0.9130434782608695 143
1752144705505 0.9130434782608695 144
1752144706235 0.9130434782608695 145
1752144706941 0.9130434782608695 146
1752144707664 0.9130434782608695 147
1752144708374 0.9130434782608695 148
1752144709102 0.9130434782608695 149
1752144709827 0.9130434782608695 150
1752144710616 0.9130434782608695 151
1752144711346 0.9130434782608695 152
1752144712103 0.9130434782608695 153
1752144712818 0.9130434782608695 154
1752144713567 0.9130434782608695 155
1752144714294 0.9130434782608695 156
1752144715076 0.9130434782608695 157
1752144715815 0.9130434782608695 158
1752144716541 0.9130434782608695 159
1752144717247 0.9130434782608695 160
1752144717989 0.9130434782608695 161
1752144718705 0.9130434782608695 162
1752144719439 0.9565217391304348 163
