1752144601316 1.3934473991394043 1
1752144602028 1.3551441431045532 2
1752144602736 1.3297327756881714 3
1752144603434 1.3769160509109497 4
1752144604155 1.240280032157898 5
1752144604874 1.429043173789978 6
1752144605776 1.4141112565994263 7
1752144606466 1.0158354043960571 8
1752144607136 1.5334606170654297 9
1752144607812 0.9467910528182983 10
1752144608463 1.1732417345046997 11
1752144609106 1.427497386932373 12
1752144609765 0.838764488697052 13
1752144610514 1.2808667421340942 14
1752144611459 0.8092476725578308 15
1752144612212 1.2037365436553955 16
1752144612930 1.255100131034851 17
1752144613652 1.1342498064041138 18
1752144614350 0.7811574935913086 19
1752144615071 0.9074022173881531 20
1752144615796 0.9788011908531189 21
1752144616534 0.8251674175262451 22
1752144617268 0.9832184910774231 23
1752144617974 0.7648388147354126 24
1752144618700 0.9737843871116638 25
1752144619415 1.4720697402954102 26
1752144620140 0.7625194787979126 27
1752144620862 0.8260006904602051 28
1752144621581 1.5448899269104004 29
1752144622312 0.7561432719230652 30
1752144623030 0.8070349097251892 31
1752144623757 0.9471272826194763 32
1752144624496 0.8191409111022949 33
1752144625214 0.8849506974220276 34
1752144625928 0.865025520324707 35
1752144626684 0.8586440682411194 36
1752144627389 0.8122555613517761 37
1752144628105 0.797600507736206 38
1752144628842 0.7538630366325378 39
1752144629559 0.8007068634033203 40
1752144630270 0.7520070672035217 41
1752144630998 0.7713621258735657 42
1752144631724 0.7680496573448181 43
1752144632441 0.7751337289810181 44
1752144633164 0.7491807341575623 45
1752144633882 0.7489595413208008 46
1752144634597 0.767585813999176 47
1752144635311 0.758272647857666 48
1752144636038 0.7472995519638062 49
1752144636777 0.7651210427284241 50
1752144637490 0.75425124168396 51
1752144638216 0.7476451992988586 52
1752144638940 0.7463539242744446 53
1752144639663 0.7467630505561829 54
1752144640379 0.7458271980285645 55
1752144641090 0.7534212470054626 56
1752144641810 0.7459310293197632 57
1752144642498 0.7562708854675293 58
1752144643196 0.7761958837509155 59
1752144643935 0.7458665370941162 60
1752144644659 0.7452064752578735 61
1752144645365 0.7453281879425049 62
1752144646096 0.7535321116447449 63
1752144646812 0.745439887046814 64
1752144647523 0.744775116443634 65
1752144648243 0.7447824478149414 66
1752144648974 0.7486844658851624 67
1752144649753 0.744684636592865 68
1752144650520 0.744922399520874 69
1752144651255 0.7516518235206604 70
1752144651965 0.7482593059539795 71
1752144652696 0.7500336170196533 72
1752144653447 0.7492157816886902 73
1752144654202 0.7446255683898926 74
1752144654981 0.7446978688240051 75
1752144655725 0.7569687962532043 76
1752144656433 0.7444117665290833 77
1752144657189 0.7444567084312439 78
1752144657892 0.7442318797111511 79
1752144658660 0.7473448514938354 80
1752144659381 0.7488229274749756 81
1752144660121 0.7477083802223206 82
1752144660835 0.7464563250541687 83
1752144661541 0.7442269921302795 84
1752144662258 0.7477881908416748 85
1752144662962 0.748140275478363 86
1752144663674 0.7440961599349976 87
1752144664403 0.7461046576499939 88
1752144665141 0.7471140027046204 89
1752144665836 0.7440491318702698 90
1752144666548 0.7469562292098999 91
1752144667252 0.7474641799926758 92
1752144667987 0.744097888469696 93
1752144668711 0.7440699934959412 94
1752144669433 0.7458481192588806 95
1752144670151 0.7439793944358826 96
1752144670890 0.7455447316169739 97
1752144671615 0.7439634799957275 98
1752144672337 0.7454781532287598 99
1752144673061 0.750511884689331 100
1752144673806 0.7455264329910278 101
1752144674554 0.746182918548584 102
1752144675310 0.7455856800079346 103
1752144676053 0.7455487251281738 104
1752144676794 0.7452344298362732 105
1752144677536 1.743133783340454 106
1752144678275 0.7439302206039429 107
1752144679024 0.7439067363739014 108
1752144679754 0.7456865906715393 109
1752144680498 0.7451084852218628 110
1752144681213 0.7449874877929688 111
1752144681928 0.7459951043128967 112
1752144682656 0.7438929080963135 113
1752144683397 0.7454127073287964 114
1752144684121 0.743881106376648 115
1752144684853 0.7454833388328552 116
1752144685577 0.7455102801322937 117
1752144686279 0.7438697814941406 118
1752144687012 0.7438533902168274 119
1752144687755 0.7438597083091736 120
1752144688487 0.7454304099082947 121
1752144689231 0.7452381253242493 122
1752144689970 0.7448241114616394 123
1752144690712 0.7453990578651428 124
1752144691437 0.7451039552688599 125
1752144692283 0.7446978688240051 126
1752144693153 0.743810772895813 127
1752144693888 0.7450178861618042 128
1752144694602 0.7438331842422485 129
1752144695329 0.7449615597724915 130
1752144696062 0.7438322901725769 131
1752144696833 0.7445917725563049 132
1752144697538 0.7438080310821533 133
1752144698254 0.7451461553573608 134
1752144698973 0.7437875270843506 135
1752144699690 0.7448046803474426 136
1752144700421 0.7437971830368042 137
1752144701145 0.7448132634162903 138
1752144701875 0.7438172101974487 139
1752144702595 0.7437886595726013 140
1752144703331 0.7447496056556702 141
1752144704051 0.7447236776351929 142
1752144704768 0.7437698245048523 143
1752144705492 0.7438027262687683 144
1752144706220 0.7446609735488892 145
1752144706926 0.743763267993927 146
1752144707649 0.7447582483291626 147
1752144708359 0.7446070909500122 148
1752144709087 0.7445979118347168 149
1752144709813 0.7437617778778076 150
1752144710596 0.7445894479751587 151
1752144711331 0.7447478175163269 152
1752144712089 0.7446900606155396 153
1752144712803 0.7437665462493896 154
1752144713551 0.7444068789482117 155
1752144714278 0.7437571883201599 156
1752144715059 0.743772566318512 157
1752144715801 0.7437716722488403 158
1752144716526 0.7437569499015808 159
1752144717231 0.7444434762001038 160
1752144717973 0.7444772124290466 161
1752144718687 0.744533360004425 162
1752144719424 0.7437631487846375 163
