38980, 39.31238555908203, 1000.0, 49.0, 235.0, 111.0, 248.0, 139.0, 130.0, 0.0, 0.0, 1000.0, 0.0, 1000.0, 0.0, 1000.0, 907.0, 999.0, 999.0, 999.0, 999.0, 316.0, 330.0, 0.0, 0.0, , -0.9737701416015625, 0.189544677734375, -0.0989990234375, 0.0776824951171875, , -0.723358154296875, 0.0800628662109375, -0.2567901611328125, 0.6359100341796875
38990, 39.31889343261719, 1000.0, 49.0, 235.0, 111.0, 248.0, 139.0, 130.0, 0.0, 0.0, 1000.0, 0.0, 1000.0, 0.0, 1000.0, 907.0, 999.0, 999.0, 999.0, 999.0, 316.0, 330.0, 0.0, 0.0, , -0.9737701416015625, 0.189544677734375, -0.0989990234375, 0.0776824951171875, , -0.7232666015625, 0.0803070068359375, -0.256866455078125, 0.635955810546875
39000, 39.329044342041016, 1000.0, 49.0, 235.0, 111.0, 248.0, 139.0, 130.0, 0.0, 0.0, 1000.0, 0.0, 1000.0, 0.0, 1000.0, 907.0, 999.0, 999.0, 999.0, 999.0, 316.0, 330.0, 0.0, 0.0, , -0.9737701416015625, 0.189544677734375, -0.0989990234375, 0.0776824951171875, , -0.72308349609375, 0.080596923828125, -0.2573699951171875, 0.6359100341796875
39010, 39.33895492553711, 1000.0, 49.0, 235.0, 111.0, 248.0, 139.0, 130.0, 0.0, 0.0, 1000.0, 0.0, 1000.0, 0.0, 1000.0, 907.0, 999.0, 999.0, 999.0, 999.0, 316.0, 330.0, 0.0, 0.0, , -0.9737701416015625, 0.189544677734375, -0.0989990234375, 0.0776824951171875, , -0.7229156494140625, 0.0807952880859375, -0.2580108642578125, 0.6358184814453125
39020, 39.34911346435547, 1000.0, 49.0, 235.0, 111.0, 248.0, 139.0, 130.0, 0.0, 0.0, 1000.0, 0.0, 1000.0, 0.0, 1000.0, 907.0, 999.0, 999.0, 999.0, 999.0, 316.0, 330.0, 0.0, 0.0, , -0.9737701416015625, 0.189544677734375, -0.0989990234375, 0.0776824951171875, , -0.7224884033203125, 0.081573486328125, -0.2593994140625, 0.6356353759765625
39030, 39.35906219482422, 1000.0, 49.0, 235.0, 111.0, 248.0, 139.0, 130.0, 0.0, 0.0, 1000.0, 0.0, 1000.0, 0.0, 1000.0, 907.0, 999.0, 999.0, 999.0, 999.0, 316.0, 330.0, 0.0, 0.0, , -0.9737701416015625, 0.189544677734375, -0.0989990234375, 0.0776824951171875, , -0.722015380859375, 0.0831146240234375, -0.2599639892578125, 0.6357421875
39040, 39.36911392211914, 1000.0, 49.0, 235.0, 111.0, 248.0, 139.0, 130.0, 0.0, 0.0, 1000.0, 0.0, 1000.0, 0.0, 1000.0, 907.0, 999.0, 999.0, 999.0, 999.0, 316.0, 330.0, 0.0, 0.0, , -0.9737701416015625, 0.189544677734375, -0.0989990234375, 0.0776824951171875, , -0.721588134765625, 0.0843048095703125, -0.260528564453125, 0.6358489990234375
39050, 39.37904739379883, 1000.0, 49.0, 235.0, 111.0, 248.0, 139.0, 130.0, 0.0, 0.0, 1000.0, 0.0, 1000.0, 0.0, 1000.0, 907.0, 999.0, 999.0, 999.0, 999.0, 316.0, 330.0, 0.0, 0.0, , -0.9737701416015625, 0.189544677734375, -0.0989990234375, 0.0776824951171875, , -0.7216339111328125, 0.083953857421875, -0.2602386474609375, 0.635955810546875
39060, 39.389015197753906, 1000.0, 49.0, 235.0, 111.0, 248.0, 139.0, 130.0, 0.0, 0.0, 1000.0, 0.0, 1000.0, 0.0, 1000.0, 907.0, 999.0, 999.0, 999.0, 999.0, 316.0, 330.0, 0.0, 0.0, , -0.9737701416015625, 0.189544677734375, -0.0989990234375, 0.0776824951171875, , -0.721649169921875, 0.083648681640625, -0.2601776123046875, 0.636016845703125
39070, 39.39897918701172, 1000.0, 49.0, 235.0, 111.0, 248.0, 139.0, 130.0, 0.0, 0.0, 1000.0, 0.0, 1000.0, 0.0, 1000.0, 907.0, 999.0, 999.0, 999.0, 999.0, 316.0, 330.0, 0.0, 0.0, , -0.9737701416015625, 0.189544677734375, -0.0989990234375, 0.0776824951171875, , -0.721923828125, 0.0821990966796875, -0.260223388671875, 0.6358642578125
39080, 39.40904998779297, 1000.0, 49.0, 235.0, 111.0, 248.0, 139.0, 130.0, 0.0, 0.0, 1000.0, 0.0, 1000.0, 0.0, 1000.0, 907.0, 999.0, 999.0, 999.0, 999.0, 316.0, 330.0, 0.0, 0.0, , -0.9737701416015625, 0.189544677734375, -0.0989990234375, 0.0776824951171875, , -0.7221527099609375, 0.0814971923828125, -0.2595062255859375, 0.635986328125
39090, 39.41914367675781, 1000.0, 49.0, 235.0, 111.0, 248.0, 139.0, 130.0, 0.0, 0.0, 1000.0, 0.0, 1000.0, 0.0, 1000.0, 907.0, 999.0, 999.0, 999.0, 999.0, 316.0, 330.0, 0.0, 0.0, , -0.9737701416015625, 0.189544677734375, -0.0989990234375, 0.0776824951171875, , -0.7227935791015625, 0.0804595947265625, -0.25677490234375, 0.636505126953125
39100, 39.42938232421875, 1000.0, 49.0, 235.0, 111.0, 248.0, 139.0, 130.0, 0.0, 0.0, 1000.0, 0.0, 1000.0, 0.0, 1000.0, 907.0, 999.0, 999.0, 999.0, 999.0, 316.0, 330.0, 0.0, 0.0, , -0.9737701416015625, 0.189544677734375, -0.0989990234375, 0.0776824951171875, , -0.7227325439453125, 0.0809478759765625, -0.256256103515625, 0.63671875
39110, 39.4393196105957, 1000.0, 49.0, 235.0, 111.0, 248.0, 139.0, 130.0, 0.0, 0.0, 1000.0, 0.0, 1000.0, 0.0, 1000.0, 907.0, 999.0, 999.0, 999.0, 999.0, 316.0, 330.0, 0.0, 0.0, , -0.9737701416015625, 0.189544677734375, -0.0989990234375, 0.0776824951171875, , -0.72259521484375, 0.080780029296875, -0.2575531005859375, 0.6363677978515625
39120, 39.44955825805664, 1000.0, 49.0, 235.0, 111.0, 248.0, 139.0, 130.0, 0.0, 0.0, 1000.0, 0.0, 1000.0, 0.0, 1000.0, 907.0, 999.0, 999.0, 999.0, 999.0, 316.0, 330.0, 0.0, 0.0, , -0.9737701416015625, 0.189544677734375, -0.0989990234375, 0.0776824951171875, , -0.72265625, 0.080108642578125, -0.2586669921875, 0.6359405517578125
39130, 39.459468841552734, 1000.0, 49.0, 235.0, 111.0, 248.0, 139.0, 130.0, 0.0, 0.0, 1000.0, 0.0, 1000.0, 0.0, 1000.0, 907.0, 999.0, 999.0, 999.0, 999.0, 316.0, 330.0, 0.0, 0.0, , -0.9737701416015625, 0.189544677734375, -0.0989990234375, 0.0776824951171875, , -0.7224578857421875, 0.0807647705078125, -0.259185791015625, 0.6358642578125
39140, 39.469303131103516, 1000.0, 49.0, 235.0, 111.0, 248.0, 139.0, 130.0, 0.0, 0.0, 1000.0, 0.0, 1000.0, 0.0, 1000.0, 907.0, 999.0, 999.0, 999.0, 999.0, 316.0, 330.0, 0.0, 0.0, , -0.9737701416015625, 0.189544677734375, -0.0989990234375, 0.0776824951171875, , -0.7220611572265625, 0.0818328857421875, -0.2602081298828125, 0.6357574462890625
39150, 39.47942352294922, 1000.0, 49.0, 235.0, 111.0, 248.0, 139.0, 130.0, 0.0, 0.0, 1000.0, 0.0, 1000.0, 0.0, 1000.0, 907.0, 999.0, 999.0, 999.0, 999.0, 316.0, 330.0, 0.0, 0.0, , -0.9737701416015625, 0.189544677734375, -0.0989990234375, 0.0776824951171875, , -0.7222442626953125, 0.0812225341796875, -0.260040283203125, 0.6356964111328125
39160, 39.489315032958984, 1000.0, 49.0, 235.0, 111.0, 248.0, 139.0, 130.0, 0.0, 0.0, 1000.0, 0.0, 1000.0, 0.0, 1000.0, 907.0, 999.0, 999.0, 999.0, 999.0, 316.0, 330.0, 0.0, 0.0, , -0.9737701416015625, 0.189544677734375, -0.0989990234375, 0.0776824951171875, , -0.72210693359375, 0.08160400390625, -0.2603607177734375, 0.6356658935546875
39170, 39.49925231933594, 1000.0, 49.0, 235.0, 111.0, 248.0, 139.0, 130.0, 0.0, 0.0, 1000.0, 0.0, 1000.0, 0.0, 1000.0, 907.0, 999.0, 999.0, 999.0, 999.0, 316.0, 330.0, 0.0, 0.0, , -0.9737701416015625, 0.189544677734375, -0.0989990234375, 0.0776824951171875, , -0.7214508056640625, 0.0829620361328125, -0.26275634765625, 0.6352691650390625
39180, 39.509300231933594, 1000.0, 49.0, 235.0, 111.0, 248.0, 139.0, 130.0, 0.0, 0.0, 1000.0, 0.0, 1000.0, 0.0, 1000.0, 907.0, 999.0, 999.0, 999.0, 999.0, 316.0, 330.0, 0.0, 0.0, , -0.9737701416015625, 0.189544677734375, -0.0989990234375, 0.0776824951171875, , -0.7216033935546875, 0.082061767578125, -0.2633514404296875, 0.6349639892578125
39190, 39.5191535949707, 1000.0, 49.0, 235.0, 111.0, 248.0, 139.0, 130.0, 0.0, 0.0, 1000.0, 0.0, 1000.0, 0.0, 1000.0, 907.0, 999.0, 999.0, 999.0, 999.0, 316.0, 330.0, 0.0, 0.0, , -0.9737701416015625, 0.189544677734375, -0.0989990234375, 0.0776824951171875, , -0.721099853515625, 0.08294677734375, -0.265380859375, 0.6345672607421875
39200, 39.52911376953125, 1000.0, 49.0, 235.0, 111.0, 248.0, 139.0, 130.0, 0.0, 0.0, 1000.0, 0.0, 1000.0, 0.0, 1000.0, 907.0, 999.0, 999.0, 999.0, 999.0, 316.0, 330.0, 0.0, 0.0, , -0.9737701416015625, 0.189544677734375, -0.0989990234375, 0.0776824951171875, , -0.7210540771484375, 0.0829010009765625, -0.2658233642578125, 0.6344451904296875
39210, 39.5390739440918, 1000.0, 49.0, 235.0, 111.0, 248.0, 139.0, 130.0, 0.0, 0.0, 1000.0, 0.0, 1000.0, 0.0, 1000.0, 907.0, 999.0, 999.0, 999.0, 999.0, 316.0, 330.0, 0.0, 0.0, , -0.9737701416015625, 0.189544677734375, -0.0989990234375, 0.0776824951171875, , -0.72100830078125, 0.083587646484375, -0.264862060546875, 0.6348114013671875
39220, 39.549102783203125, 1000.0, 49.0, 235.0, 111.0, 248.0, 139.0, 130.0, 0.0, 0.0, 1000.0, 0.0, 1000.0, 0.0, 1000.0, 907.0, 999.0, 999.0, 999.0, 999.0, 316.0, 330.0, 0.0, 0.0, , -0.9737701416015625, 0.189544677734375, -0.0989990234375, 0.0776824951171875, , -0.7214202880859375, 0.0821380615234375, -0.2643280029296875, 0.6347503662109375
39230, 39.56034469604492, 1000.0, 49.0, 235.0, 111.0, 248.0, 139.0, 130.0, 0.0, 0.0, 1000.0, 0.0, 1000.0, 0.0, 1000.0, 907.0, 999.0, 999.0, 999.0, 999.0, 316.0, 330.0, 0.0, 0.0, , -0.9737701416015625, 0.189544677734375, -0.0989990234375, 0.0776824951171875, , -0.7216796875, 0.0816802978515625, -0.263336181640625, 0.6349334716796875
39240, 39.569129943847656, 1000.0, 49.0, 235.0, 111.0, 248.0, 139.0, 130.0, 0.0, 0.0, 1000.0, 0.0, 1000.0, 0.0, 1000.0, 907.0, 999.0, 999.0, 999.0, 999.0, 316.0, 330.0, 0.0, 0.0, , -0.9737701416015625, 0.189544677734375, -0.0989990234375, 0.0776824951171875, , -0.7218780517578125, 0.0815582275390625, -0.2621612548828125, 0.6352081298828125
39250, 39.57906723022461, 1000.0, 49.0, 235.0, 111.0, 248.0, 139.0, 130.0, 0.0, 0.0, 1000.0, 0.0, 1000.0, 0.0, 1000.0, 907.0, 999.0, 999.0, 999.0, 999.0, 316.0, 330.0, 0.0, 0.0, , -0.9737701416015625, 0.189544677734375, -0.0989990234375, 0.0776824951171875, , -0.7216644287109375, 0.0821990966796875, -0.262420654296875, 0.6352691650390625
39260, 39.58909606933594, 1000.0, 49.0, 235.0, 111.0, 248.0, 139.0, 130.0, 0.0, 0.0, 1000.0, 0.0, 1000.0, 0.0, 1000.0, 907.0, 999.0, 999.0, 999.0, 999.0, 316.0, 330.0, 0.0, 0.0, , -0.9737701416015625, 0.189544677734375, -0.0989990234375, 0.0776824951171875, , -0.721466064453125, 0.081939697265625, -0.2641754150390625, 0.6347808837890625
39270, 39.599124908447266, 1000.0, 49.0, 235.0, 111.0, 248.0, 139.0, 130.0, 0.0, 0.0, 1000.0, 0.0, 1000.0, 0.0, 1000.0, 907.0, 999.0, 999.0, 999.0, 999.0, 316.0, 330.0, 0.0, 0.0, , -0.9737701416015625, 0.189544677734375, -0.0989990234375, 0.0776824951171875, , -0.7209320068359375, 0.0838775634765625, -0.26446533203125, 0.6350250244140625
39280, 39.60913848876953, 1000.0, 49.0, 235.0, 111.0, 248.0, 139.0, 130.0, 0.0, 0.0, 1000.0, 0.0, 1000.0, 0.0, 1000.0, 907.0, 999.0, 999.0, 999.0, 999.0, 316.0, 330.0, 0.0, 0.0, , -0.9737701416015625, 0.189544677734375, -0.0989990234375, 0.0776824951171875, , -0.721038818359375, 0.0828704833984375, -0.265167236328125, 0.634735107421875
39290, 39.619110107421875, 1000.0, 49.0, 235.0, 111.0, 248.0, 139.0, 130.0, 0.0, 0.0, 1000.0, 0.0, 1000.0, 0.0, 1000.0, 907.0, 999.0, 999.0, 999.0, 999.0, 316.0, 330.0, 0.0, 0.0, , -0.9737701416015625, 0.189544677734375, -0.0989990234375, 0.0776824951171875, , -0.72119140625, 0.0817108154296875, -0.2660369873046875, 0.6343536376953125
39300, 39.62908172607422, 1000.0, 49.0, 235.0, 111.0, 248.0, 139.0, 130.0, 0.0, 0.0, 1000.0, 0.0, 1000.0, 0.0, 1000.0, 907.0, 999.0, 999.0, 999.0, 999.0, 316.0, 330.0, 0.0, 0.0, , -0.9737701416015625, 0.189544677734375, -0.0989990234375, 0.0776824951171875, , -0.7209625244140625, 0.083587646484375, -0.264373779296875, 0.63507080078125
39310, 39.63908004760742, 1000.0, 49.0, 235.0, 111.0, 248.0, 139.0, 130.0, 0.0, 0.0, 1000.0, 0.0, 1000.0, 0.0, 1000.0, 907.0, 999.0, 999.0, 999.0, 999.0, 316.0, 330.0, 0.0, 0.0, , -0.9737701416015625, 0.189544677734375, -0.0989990234375, 0.0776824951171875, , -0.7209014892578125, 0.08251953125, -0.266265869140625, 0.634490966796875
39320, 39.649131774902344, 1000.0, 49.0, 235.0, 111.0, 248.0, 139.0, 130.0, 0.0, 0.0, 1000.0, 0.0, 1000.0, 0.0, 1000.0, 907.0, 999.0, 999.0, 999.0, 999.0, 316.0, 330.0, 0.0, 0.0, , -0.9737701416015625, 0.189544677734375, -0.0989990234375, 0.0776824951171875, , -0.7208099365234375, 0.0829925537109375, -0.2658843994140625, 0.6346893310546875
39330, 39.65913772583008, 1000.0, 49.0, 235.0, 111.0, 248.0, 139.0, 130.0, 0.0, 0.0, 1000.0, 0.0, 1000.0, 0.0, 1000.0, 907.0, 999.0, 999.0, 999.0, 999.0, 316.0, 330.0, 0.0, 0.0, , -0.9737701416015625, 0.189544677734375, -0.0989990234375, 0.0776824951171875, , -0.720733642578125, 0.0835113525390625, -0.265350341796875, 0.6349334716796875
39340, 39.6705207824707, 1000.0, 49.0, 235.0, 111.0, 248.0, 139.0, 130.0, 0.0, 0.0, 1000.0, 0.0, 1000.0, 0.0, 1000.0, 907.0, 999.0, 999.0, 999.0, 999.0, 316.0, 330.0, 0.0, 0.0, , -0.9737701416015625, 0.189544677734375, -0.0989990234375, 0.0776824951171875, , -0.7206573486328125, 0.0848388671875, -0.263153076171875, 0.6357574462890625
39350, 39.67911148071289, 1000.0, 49.0, 235.0, 111.0, 248.0, 139.0, 130.0, 0.0, 0.0, 1000.0, 0.0, 1000.0, 0.0, 1000.0, 907.0, 999.0, 999.0, 999.0, 999.0, 316.0, 330.0, 0.0, 0.0, , -0.9737701416015625, 0.189544677734375, -0.0989990234375, 0.0776824951171875, , -0.7205657958984375, 0.0847625732421875, -0.263275146484375, 0.63580322265625
39360, 39.689090728759766, 1000.0, 49.0, 235.0, 111.0, 248.0, 139.0, 130.0, 0.0, 0.0, 1000.0, 0.0, 1000.0, 0.0, 1000.0, 907.0, 999.0, 999.0, 999.0, 999.0, 316.0, 330.0, 0.0, 0.0, , -0.9737701416015625, 0.189544677734375, -0.0989990234375, 0.0776824951171875, , -0.7204742431640625, 0.0847625732421875, -0.2635040283203125, 0.635833740234375
39370, 39.699119567871094, 1000.0, 49.0, 235.0, 111.0, 248.0, 139.0, 130.0, 0.0, 0.0, 1000.0, 0.0, 1000.0, 0.0, 1000.0, 907.0, 999.0, 999.0, 999.0, 999.0, 316.0, 330.0, 0.0, 0.0, , -0.9737701416015625, 0.189544677734375, -0.0989990234375, 0.0776824951171875, , -0.7204132080078125, 0.084869384765625, -0.263519287109375, 0.6358795166015625
39380, 39.7090950012207, 1000.0, 49.0, 235.0, 111.0, 248.0, 139.0, 130.0, 0.0, 0.0, 1000.0, 0.0, 1000.0, 0.0, 1000.0, 907.0, 999.0, 999.0, 999.0, 999.0, 316.0, 330.0, 0.0, 0.0, , -0.9737701416015625, 0.189544677734375, -0.0989990234375, 0.0776824951171875, , -0.720428466796875, 0.0848388671875, -0.2633514404296875, 0.63592529296875
39390, 39.719112396240234, 1000.0, 49.0, 235.0, 111.0, 248.0, 139.0, 130.0, 0.0, 0.0, 1000.0, 0.0, 1000.0, 0.0, 1000.0, 907.0, 999.0, 999.0, 999.0, 999.0, 316.0, 330.0, 0.0, 0.0, , -0.9737701416015625, 0.189544677734375, -0.0989990234375, 0.0776824951171875, , -0.7204437255859375, 0.0848236083984375, -0.263275146484375, 0.6359405517578125
39400, 39.729042053222656, 1000.0, 49.0, 235.0, 111.0, 248.0, 139.0, 130.0, 0.0, 0.0, 1000.0, 0.0, 1000.0, 0.0, 1000.0, 907.0, 999.0, 999.0, 999.0, 999.0, 316.0, 330.0, 0.0, 0.0, , -0.9737701416015625, 0.189544677734375, -0.0989990234375, 0.0776824951171875, , -0.720489501953125, 0.084747314453125, -0.2631683349609375, 0.6359405517578125
39410, 39.7390022277832, 1000.0, 49.0, 235.0, 111.0, 248.0, 139.0, 130.0, 0.0, 0.0, 1000.0, 0.0, 1000.0, 0.0, 1000.0, 907.0, 999.0, 999.0, 999.0, 999.0, 316.0, 330.0, 0.0, 0.0, , -0.9737701416015625, 0.189544677734375, -0.0989990234375, 0.0776824951171875, , -0.7205810546875, 0.0845947265625, -0.262939453125, 0.6359710693359375
39420, 39.749114990234375, 1000.0, 49.0, 235.0, 111.0, 248.0, 139.0, 130.0, 0.0, 0.0, 1000.0, 0.0, 1000.0, 0.0, 1000.0, 907.0, 999.0, 999.0, 999.0, 999.0, 316.0, 330.0, 0.0, 0.0, , -0.9737701416015625, 0.189544677734375, -0.0989990234375, 0.0776824951171875, , -0.720611572265625, 0.08453369140625, -0.2628936767578125, 0.635955810546875
39430, 39.75905990600586, 1000.0, 49.0, 235.0, 111.0, 248.0, 139.0, 130.0, 0.0, 0.0, 1000.0, 0.0, 1000.0, 0.0, 1000.0, 907.0, 999.0, 999.0, 999.0, 999.0, 316.0, 330.0, 0.0, 0.0, , -0.9737701416015625, 0.189544677734375, -0.0989990234375, 0.0776824951171875, , -0.720672607421875, 0.084503173828125, -0.262786865234375, 0.6359405517578125
39440, 39.76914596557617, 1000.0, 49.0, 235.0, 111.0, 248.0, 139.0, 130.0, 0.0, 0.0, 1000.0, 0.0, 1000.0, 0.0, 1000.0, 907.0, 999.0, 999.0, 999.0, 999.0, 316.0, 330.0, 0.0, 0.0, , -0.9737701416015625, 0.189544677734375, -0.0989990234375, 0.0776824951171875, , -0.7205963134765625, 0.084381103515625, -0.26348876953125, 0.6357269287109375
39450, 39.7790412902832, 1000.0, 49.0, 235.0, 111.0, 248.0, 139.0, 130.0, 0.0, 0.0, 1000.0, 0.0, 1000.0, 0.0, 1000.0, 907.0, 999.0, 999.0, 999.0, 999.0, 316.0, 330.0, 0.0, 0.0, , -0.9737701416015625, 0.189544677734375, -0.0989990234375, 0.0776824951171875, , -0.72052001953125, 0.0844879150390625, -0.26397705078125, 0.6356048583984375
39460, 39.78905487060547, 1000.0, 49.0, 235.0, 111.0, 248.0, 139.0, 130.0, 0.0, 0.0, 1000.0, 0.0, 1000.0, 0.0, 1000.0, 907.0, 999.0, 999.0, 999.0, 999.0, 316.0, 330.0, 0.0, 0.0, , -0.9737701416015625, 0.189544677734375, -0.0989990234375, 0.0776824951171875, , -0.720458984375, 0.0845489501953125, -0.2643585205078125, 0.635528564453125
39470, 39.79911804199219, 1000.0, 49.0, 235.0, 111.0, 248.0, 139.0, 130.0, 0.0, 0.0, 1000.0, 0.0, 1000.0, 0.0, 1000.0, 907.0, 999.0, 999.0, 999.0, 999.0, 316.0, 330.0, 0.0, 0.0, , -0.9737701416015625, 0.189544677734375, -0.0989990234375, 0.0776824951171875, , -0.7205352783203125, 0.084686279296875, -0.263519287109375, 0.635772705078125
39480, 39.8090934753418, 1000.0, 49.0, 235.0, 111.0, 248.0, 139.0, 130.0, 0.0, 0.0, 1000.0, 0.0, 1000.0, 0.0, 1000.0, 907.0, 999.0, 999.0, 999.0, 999.0, 316.0, 330.0, 0.0, 0.0, , -0.9737701416015625, 0.189544677734375, -0.0989990234375, 0.0776824951171875, , -0.7203521728515625, 0.0851593017578125, -0.2637786865234375, 0.63580322265625
39490, 39.81911849975586, 1000.0, 49.0, 235.0, 111.0, 248.0, 139.0, 130.0, 0.0, 0.0, 1000.0, 0.0, 1000.0, 0.0, 1000.0, 907.0, 999.0, 999.0, 999.0, 999.0, 316.0, 330.0, 0.0, 0.0, , -0.9737701416015625, 0.189544677734375, -0.0989990234375, 0.0776824951171875, , -0.7207183837890625, 0.0838165283203125, -0.26348876953125, 0.63568115234375
39500, 39.831722259521484, 1000.0, 49.0, 235.0, 111.0, 248.0, 139.0, 130.0, 0.0, 0.0, 1000.0, 0.0, 1000.0, 0.0, 1000.0, 907.0, 999.0, 999.0, 999.0, 999.0, 316.0, 330.0, 0.0, 0.0, , -0.9737701416015625, 0.189544677734375, -0.0989990234375, 0.0776824951171875, , -0.7207183837890625, 0.0833740234375, -0.2640838623046875, 0.6354827880859375
39510, 39.83893966674805, 1000.0, 49.0, 235.0, 111.0, 248.0, 139.0, 130.0, 0.0, 0.0, 1000.0, 0.0, 1000.0, 0.0, 1000.0, 907.0, 999.0, 999.0, 999.0, 999.0, 316.0, 330.0, 0.0, 0.0, , -0.9737701416015625, 0.189544677734375, -0.0989990234375, 0.0776824951171875, , -0.7205963134765625, 0.0836639404296875, -0.26434326171875, 0.6354827880859375
39520, 39.84907150268555, 1000.0, 49.0, 235.0, 111.0, 248.0, 139.0, 130.0, 0.0, 0.0, 1000.0, 0.0, 1000.0, 0.0, 1000.0, 907.0, 999.0, 999.0, 999.0, 999.0, 316.0, 330.0, 0.0, 0.0, , -0.9737701416015625, 0.189544677734375, -0.0989990234375, 0.0776824951171875, , -0.72088623046875, 0.0826263427734375, -0.264007568359375, 0.63543701171875
39530, 39.85908508300781, 1000.0, 49.0, 235.0, 111.0, 248.0, 139.0, 130.0, 0.0, 0.0, 1000.0, 0.0, 1000.0, 0.0, 1000.0, 907.0, 999.0, 999.0, 999.0, 999.0, 316.0, 330.0, 0.0, 0.0, , -0.9737701416015625, 0.189544677734375, -0.0989990234375, 0.0776824951171875, , -0.720916748046875, 0.0825653076171875, -0.2639312744140625, 0.63543701171875
39540, 39.86910629272461, 1000.0, 49.0, 235.0, 111.0, 248.0, 139.0, 130.0, 0.0, 0.0, 1000.0, 0.0, 1000.0, 0.0, 1000.0, 907.0, 999.0, 999.0, 999.0, 999.0, 316.0, 330.0, 0.0, 0.0, , -0.9737701416015625, 0.189544677734375, -0.0989990234375, 0.0776824951171875, , -0.7210845947265625, 0.082244873046875, -0.2632904052734375, 0.63555908203125
39550, 39.8790397644043, 1000.0, 49.0, 235.0, 111.0, 248.0, 139.0, 130.0, 0.0, 0.0, 1000.0, 0.0, 1000.0, 0.0, 1000.0, 907.0, 999.0, 999.0, 999.0, 999.0, 316.0, 330.0, 0.0, 0.0, , -0.9737701416015625, 0.189544677734375, -0.0989990234375, 0.0776824951171875, , -0.7209320068359375, 0.0826416015625, -0.2635955810546875, 0.6355438232421875
39560, 39.88895034790039, 1000.0, 49.0, 235.0, 111.0, 248.0, 139.0, 130.0, 0.0, 0.0, 1000.0, 0.0, 1000.0, 0.0, 1000.0, 907.0, 999.0, 999.0, 999.0, 999.0, 316.0, 330.0, 0.0, 0.0, , -0.9737701416015625, 0.189544677734375, -0.0989990234375, 0.0776824951171875, , -0.7205352783203125, 0.084075927734375, -0.263916015625, 0.6356658935546875
39570, 39.89910125732422, 1000.0, 49.0, 235.0, 111.0, 248.0, 139.0, 130.0, 0.0, 0.0, 1000.0, 0.0, 1000.0, 0.0, 1000.0, 907.0, 999.0, 999.0, 999.0, 999.0, 316.0, 330.0, 0.0, 0.0, , -0.9737701416015625, 0.189544677734375, -0.0989990234375, 0.0776824951171875, , -0.72052001953125, 0.0838775634765625, -0.26434326171875, 0.6355438232421875
39580, 39.90911102294922, 1000.0, 49.0, 235.0, 111.0, 248.0, 139.0, 130.0, 0.0, 0.0, 1000.0, 0.0, 1000.0, 0.0, 1000.0, 907.0, 999.0, 999.0, 999.0, 999.0, 316.0, 330.0, 0.0, 0.0, , -0.9737701416015625, 0.189544677734375, -0.0989990234375, 0.0776824951171875, , -0.72064208984375, 0.0834503173828125, -0.2642364501953125, 0.6355133056640625
39590, 39.91910934448242, 1000.0, 49.0, 235.0, 111.0, 248.0, 139.0, 130.0, 0.0, 0.0, 1000.0, 0.0, 1000.0, 0.0, 1000.0, 907.0, 999.0, 999.0, 999.0, 999.0, 316.0, 330.0, 0.0, 0.0, , -0.9737701416015625, 0.189544677734375, -0.0989990234375, 0.0776824951171875, , -0.720703125, 0.083404541015625, -0.263885498046875, 0.635589599609375
39600, 39.92904281616211, 1000.0, 49.0, 235.0, 111.0, 248.0, 139.0, 130.0, 0.0, 0.0, 1000.0, 0.0, 1000.0, 0.0, 1000.0, 907.0, 999.0, 999.0, 999.0, 999.0, 316.0, 330.0, 0.0, 0.0, , -0.9737701416015625, 0.189544677734375, -0.0989990234375, 0.0776824951171875, , -0.720855712890625, 0.08294677734375, -0.2635955810546875, 0.635589599609375
39610, 39.93894958496094, 1000.0, 49.0, 235.0, 111.0, 248.0, 139.0, 130.0, 0.0, 0.0, 1000.0, 0.0, 1000.0, 0.0, 1000.0, 907.0, 999.0, 999.0, 999.0, 999.0, 316.0, 330.0, 0.0, 0.0, , -0.9737701416015625, 0.189544677734375, -0.0989990234375, 0.0776824951171875, , -0.721099853515625, 0.08282470703125, -0.2621612548828125, 0.63592529296875
39620, 39.94911575317383, 1000.0, 49.0, 235.0, 111.0, 248.0, 139.0, 130.0, 0.0, 0.0, 1000.0, 0.0, 1000.0, 0.0, 1000.0, 907.0, 999.0, 999.0, 999.0, 999.0, 316.0, 330.0, 0.0, 0.0, , -0.9737701416015625, 0.189544677734375, -0.0989990234375, 0.0776824951171875, , -0.7212982177734375, 0.0826263427734375, -0.261199951171875, 0.6361236572265625
39630, 39.95912170410156, 1000.0, 49.0, 235.0, 111.0, 248.0, 139.0, 130.0, 0.0, 0.0, 1000.0, 0.0, 1000.0, 0.0, 1000.0, 907.0, 999.0, 999.0, 999.0, 999.0, 316.0, 330.0, 0.0, 0.0, , -0.9737701416015625, 0.189544677734375, -0.0989990234375, 0.0776824951171875, , -0.7214813232421875, 0.0824432373046875, -0.2604827880859375, 0.63623046875
39640, 39.96910858154297, 1000.0, 49.0, 235.0, 111.0, 248.0, 139.0, 130.0, 0.0, 0.0, 1000.0, 0.0, 1000.0, 0.0, 1000.0, 907.0, 999.0, 999.0, 999.0, 999.0, 316.0, 330.0, 0.0, 0.0, , -0.9737701416015625, 0.189544677734375, -0.0989990234375, 0.0776824951171875, , -0.7213592529296875, 0.0823974609375, -0.2615509033203125, 0.6359405517578125
39650, 39.97903823852539, 1000.0, 49.0, 235.0, 111.0, 248.0, 139.0, 130.0, 0.0, 0.0, 1000.0, 0.0, 1000.0, 0.0, 1000.0, 907.0, 999.0, 999.0, 999.0, 999.0, 316.0, 330.0, 0.0, 0.0, , -0.9737701416015625, 0.189544677734375, -0.0989990234375, 0.0776824951171875, , -0.72088623046875, 0.0831756591796875, -0.2635498046875, 0.6355438232421875
39660, 39.9936408996582, 1000.0, 49.0, 235.0, 111.0, 248.0, 139.0, 130.0, 0.0, 0.0, 1000.0, 0.0, 1000.0, 0.0, 1000.0, 907.0, 999.0, 999.0, 999.0, 999.0, 316.0, 330.0, 0.0, 0.0, , -0.9737701416015625, 0.189544677734375, -0.0989990234375, 0.0776824951171875, , -0.720916748046875, 0.08306884765625, -0.2636260986328125, 0.6354827880859375
39670, 39.9990234375, 1000.0, 49.0, 235.0, 111.0, 248.0, 139.0, 130.0, 0.0, 0.0, 1000.0, 0.0, 1000.0, 0.0, 1000.0, 907.0, 999.0, 999.0, 999.0, 999.0, 316.0, 330.0, 0.0, 0.0, , -0.9737701416015625, 0.189544677734375, -0.0989990234375, 0.0776824951171875, , -0.7213134765625, 0.082427978515625, -0.26220703125, 0.635711669921875
39680, 40.00912857055664, 1000.0, 49.0, 235.0, 111.0, 248.0, 139.0, 130.0, 0.0, 0.0, 1000.0, 0.0, 1000.0, 0.0, 1000.0, 907.0, 999.0, 999.0, 999.0, 999.0, 316.0, 330.0, 0.0, 0.0, , -0.9737701416015625, 0.189544677734375, -0.0989990234375, 0.0776824951171875, , -0.7214202880859375, 0.082794189453125, -0.2610015869140625, 0.63604736328125
39690, 40.019073486328125, 1000.0, 49.0, 235.0, 111.0, 248.0, 139.0, 130.0, 0.0, 0.0, 1000.0, 0.0, 1000.0, 0.0, 1000.0, 907.0, 999.0, 999.0, 999.0, 999.0, 316.0, 330.0, 0.0, 0.0, , -0.9737701416015625, 0.189544677734375, -0.0989990234375, 0.0776824951171875, , -0.720550537109375, 0.0850677490234375, -0.2631072998046875, 0.6358489990234375
39700, 40.02906799316406, 1000.0, 49.0, 235.0, 111.0, 248.0, 139.0, 130.0, 0.0, 0.0, 1000.0, 0.0, 1000.0, 0.0, 1000.0, 907.0, 999.0, 999.0, 999.0, 999.0, 316.0, 330.0, 0.0, 0.0, , -0.9737701416015625, 0.189544677734375, -0.0989990234375, 0.0776824951171875, , -0.7206878662109375, 0.08477783203125, -0.2626495361328125, 0.6359405517578125
39710, 40.03913116455078, 1000.0, 49.0, 235.0, 111.0, 248.0, 139.0, 130.0, 0.0, 0.0, 1000.0, 0.0, 1000.0, 0.0, 1000.0, 907.0, 999.0, 999.0, 999.0, 999.0, 316.0, 330.0, 0.0, 0.0, , -0.9737701416015625, 0.189544677734375, -0.0989990234375, 0.0776824951171875, , -0.72039794921875, 0.0858306884765625, -0.2627716064453125, 0.636077880859375
39720, 40.04911804199219, 1000.0, 49.0, 235.0, 111.0, 248.0, 139.0, 130.0, 0.0, 0.0, 1000.0, 0.0, 1000.0, 0.0, 1000.0, 907.0, 999.0, 999.0, 999.0, 999.0, 316.0, 330.0, 0.0, 0.0, , -0.9737701416015625, 0.189544677734375, -0.0989990234375, 0.0776824951171875, , -0.7200927734375, 0.0863037109375, -0.2639312744140625, 0.6358795166015625
39730, 40.059242248535156, 1000.0, 49.0, 235.0, 111.0, 248.0, 139.0, 130.0, 0.0, 0.0, 1000.0, 0.0, 1000.0, 0.0, 1000.0, 907.0, 999.0, 999.0, 999.0, 999.0, 316.0, 330.0, 0.0, 0.0, , -0.9737701416015625, 0.189544677734375, -0.0989990234375, 0.0776824951171875, , -0.7198638916015625, 0.0861663818359375, -0.26556396484375, 0.635467529296875
39740, 40.069122314453125, 1000.0, 49.0, 235.0, 111.0, 248.0, 139.0, 130.0, 0.0, 0.0, 1000.0, 0.0, 1000.0, 0.0, 1000.0, 907.0, 999.0, 999.0, 999.0, 999.0, 316.0, 330.0, 0.0, 0.0, , -0.9737701416015625, 0.189544677734375, -0.0989990234375, 0.0776824951171875, , -0.7203521728515625, 0.0845947265625, -0.2648468017578125, 0.63543701171875
39750, 40.079078674316406, 1000.0, 49.0, 235.0, 111.0, 248.0, 139.0, 130.0, 0.0, 0.0, 1000.0, 0.0, 1000.0, 0.0, 1000.0, 907.0, 999.0, 999.0, 999.0, 999.0, 316.0, 330.0, 0.0, 0.0, , -0.9737701416015625, 0.189544677734375, -0.0989990234375, 0.0776824951171875, , -0.7202301025390625, 0.084716796875, -0.265350341796875, 0.635345458984375
39760, 40.08912658691406, 1000.0, 49.0, 235.0, 111.0, 248.0, 139.0, 130.0, 0.0, 0.0, 1000.0, 0.0, 1000.0, 0.0, 1000.0, 907.0, 999.0, 999.0, 999.0, 999.0, 316.0, 330.0, 0.0, 0.0, , -0.9737701416015625, 0.189544677734375, -0.0989990234375, 0.0776824951171875, , -0.7208251953125, 0.0833282470703125, -0.2635040283203125, 0.6356201171875
39770, 40.10338592529297, 1000.0, 49.0, 235.0, 111.0, 248.0, 139.0, 130.0, 0.0, 0.0, 1000.0, 0.0, 1000.0, 0.0, 1000.0, 907.0, 999.0, 999.0, 999.0, 999.0, 316.0, 330.0, 0.0, 0.0, , -0.9737701416015625, 0.189544677734375, -0.0989990234375, 0.0776824951171875, , -0.7210235595703125, 0.0833587646484375, -0.2621002197265625, 0.6359710693359375
39780, 40.10920715332031, 1000.0, 49.0, 235.0, 111.0, 248.0, 139.0, 130.0, 0.0, 0.0, 1000.0, 0.0, 1000.0, 0.0, 1000.0, 907.0, 999.0, 999.0, 999.0, 999.0, 316.0, 330.0, 0.0, 0.0, , -0.9737701416015625, 0.189544677734375, -0.0989990234375, 0.0776824951171875, , -0.7207794189453125, 0.084991455078125, -0.26104736328125, 0.6364593505859375
39790, 40.11912536621094, 1000.0, 49.0, 235.0, 111.0, 248.0, 139.0, 130.0, 0.0, 0.0, 1000.0, 0.0, 1000.0, 0.0, 1000.0, 907.0, 999.0, 999.0, 999.0, 999.0, 316.0, 330.0, 0.0, 0.0, , -0.9737701416015625, 0.189544677734375, -0.0989990234375, 0.0776824951171875, , -0.7210235595703125, 0.0834197998046875, -0.2620391845703125, 0.635986328125
39800, 40.12907028198242, 1000.0, 49.0, 235.0, 111.0, 248.0, 139.0, 130.0, 0.0, 0.0, 1000.0, 0.0, 1000.0, 0.0, 1000.0, 907.0, 999.0, 999.0, 999.0, 999.0, 316.0, 330.0, 0.0, 0.0, , -0.9737701416015625, 0.189544677734375, -0.0989990234375, 0.0776824951171875, , -0.720794677734375, 0.0832061767578125, -0.2639312744140625, 0.6354827880859375
39810, 40.13912582397461, 1000.0, 49.0, 235.0, 111.0, 248.0, 139.0, 130.0, 0.0, 0.0, 1000.0, 0.0, 1000.0, 0.0, 1000.0, 907.0, 999.0, 999.0, 999.0, 999.0, 316.0, 330.0, 0.0, 0.0, , -0.9737701416015625, 0.189544677734375, -0.0989990234375, 0.0776824951171875, , -0.72088623046875, 0.0834197998046875, -0.2629241943359375, 0.635772705078125
39820, 40.149070739746094, 1000.0, 49.0, 235.0, 111.0, 248.0, 139.0, 130.0, 0.0, 0.0, 1000.0, 0.0, 1000.0, 0.0, 1000.0, 907.0, 999.0, 999.0, 999.0, 999.0, 316.0, 330.0, 0.0, 0.0, , -0.9737701416015625, 0.189544677734375, -0.0989990234375, 0.0776824951171875, , -0.720977783203125, 0.08282470703125, -0.2633514404296875, 0.6355743408203125
39830, 40.159202575683594, 1000.0, 49.0, 235.0, 111.0, 248.0, 139.0, 130.0, 0.0, 0.0, 1000.0, 0.0, 1000.0, 0.0, 1000.0, 907.0, 999.0, 999.0, 999.0, 999.0, 316.0, 330.0, 0.0, 0.0, , -0.9737701416015625, 0.189544677734375, -0.0989990234375, 0.0776824951171875, , -0.7206573486328125, 0.081939697265625, -0.2669830322265625, 0.6345367431640625
39840, 40.16912841796875, 1000.0, 49.0, 235.0, 111.0, 248.0, 139.0, 130.0, 0.0, 0.0, 1000.0, 0.0, 1000.0, 0.0, 1000.0, 907.0, 999.0, 999.0, 999.0, 999.0, 316.0, 330.0, 0.0, 0.0, , -0.9737701416015625, 0.189544677734375, -0.0989990234375, 0.0776824951171875, , -0.7205047607421875, 0.0835723876953125, -0.2653045654296875, 0.6352081298828125
39850, 40.1790657043457, 1000.0, 49.0, 235.0, 111.0, 248.0, 139.0, 130.0, 0.0, 0.0, 1000.0, 0.0, 1000.0, 0.0, 1000.0, 907.0, 999.0, 999.0, 999.0, 999.0, 316.0, 330.0, 0.0, 0.0, , -0.9737701416015625, 0.189544677734375, -0.0989990234375, 0.0776824951171875, , -0.7205047607421875, 0.0836029052734375, -0.2653045654296875, 0.6352081298828125
39860, 40.189117431640625, 1000.0, 49.0, 235.0, 111.0, 248.0, 139.0, 130.0, 0.0, 0.0, 1000.0, 0.0, 1000.0, 0.0, 1000.0, 907.0, 999.0, 999.0, 999.0, 999.0, 316.0, 330.0, 0.0, 0.0, , -0.9737701416015625, 0.189544677734375, -0.0989990234375, 0.0776824951171875, , -0.7205047607421875, 0.0836029052734375, -0.265228271484375, 0.635223388671875
39870, 40.1990852355957, 1000.0, 49.0, 235.0, 111.0, 248.0, 139.0, 130.0, 0.0, 0.0, 1000.0, 0.0, 1000.0, 0.0, 1000.0, 907.0, 999.0, 999.0, 999.0, 999.0, 316.0, 330.0, 0.0, 0.0, , -0.9737701416015625, 0.189544677734375, -0.0989990234375, 0.0776824951171875, , -0.7205047607421875, 0.0835723876953125, -0.2652435302734375, 0.635223388671875
39880, 40.20922088623047, 1000.0, 49.0, 235.0, 111.0, 248.0, 139.0, 130.0, 0.0, 0.0, 1000.0, 0.0, 1000.0, 0.0, 1000.0, 907.0, 999.0, 999.0, 999.0, 999.0, 316.0, 330.0, 0.0, 0.0, , -0.9737701416015625, 0.189544677734375, -0.0989990234375, 0.0776824951171875, , -0.7205352783203125, 0.0835723876953125, -0.2649993896484375, 0.635284423828125
39890, 40.21913528442383, 1000.0, 49.0, 235.0, 111.0, 248.0, 139.0, 130.0, 0.0, 0.0, 1000.0, 0.0, 1000.0, 0.0, 1000.0, 907.0, 999.0, 999.0, 999.0, 999.0, 316.0, 330.0, 0.0, 0.0, , -0.9737701416015625, 0.189544677734375, -0.0989990234375, 0.0776824951171875, , -0.7205352783203125, 0.083587646484375, -0.26495361328125, 0.6352996826171875
39900, 40.22907257080078, 1000.0, 49.0, 235.0, 111.0, 248.0, 139.0, 130.0, 0.0, 0.0, 1000.0, 0.0, 1000.0, 0.0, 1000.0, 907.0, 999.0, 999.0, 999.0, 999.0, 316.0, 330.0, 0.0, 0.0, , -0.9737701416015625, 0.189544677734375, -0.0989990234375, 0.0776824951171875, , -0.720611572265625, 0.08355712890625, -0.2645721435546875, 0.6353759765625
39910, 40.23912048339844, 1000.0, 49.0, 235.0, 111.0, 248.0, 139.0, 130.0, 0.0, 0.0, 1000.0, 0.0, 1000.0, 0.0, 1000.0, 907.0, 999.0, 999.0, 999.0, 999.0, 316.0, 330.0, 0.0, 0.0, , -0.9737701416015625, 0.189544677734375, -0.0989990234375, 0.0776824951171875, , -0.7205963134765625, 0.083648681640625, -0.2646636962890625, 0.6353607177734375
39920, 40.249088287353516, 1000.0, 49.0, 235.0, 111.0, 248.0, 139.0, 130.0, 0.0, 0.0, 1000.0, 0.0, 1000.0, 0.0, 1000.0, 907.0, 999.0, 999.0, 999.0, 999.0, 316.0, 330.0, 0.0, 0.0, , -0.9737701416015625, 0.189544677734375, -0.0989990234375, 0.0776824951171875, , -0.7206573486328125, 0.0835418701171875, -0.2644805908203125, 0.6353759765625
39930, 40.26515197753906, 1000.0, 49.0, 235.0, 111.0, 248.0, 139.0, 130.0, 0.0, 0.0, 1000.0, 0.0, 1000.0, 0.0, 1000.0, 907.0, 999.0, 999.0, 999.0, 999.0, 316.0, 330.0, 0.0, 0.0, , -0.9737701416015625, 0.189544677734375, -0.0989990234375, 0.0776824951171875, , -0.720611572265625, 0.0837860107421875, -0.2644195556640625, 0.6354217529296875
39940, 40.2690544128418, 1000.0, 49.0, 235.0, 111.0, 248.0, 139.0, 130.0, 0.0, 0.0, 1000.0, 0.0, 1000.0, 0.0, 1000.0, 907.0, 999.0, 999.0, 999.0, 999.0, 316.0, 330.0, 0.0, 0.0, , -0.9737701416015625, 0.189544677734375, -0.0989990234375, 0.0776824951171875, , -0.7205657958984375, 0.0840301513671875, -0.2643280029296875, 0.6354827880859375
39950, 40.2790641784668, 1000.0, 49.0, 235.0, 111.0, 248.0, 139.0, 130.0, 0.0, 0.0, 1000.0, 0.0, 1000.0, 0.0, 1000.0, 907.0, 999.0, 999.0, 999.0, 999.0, 316.0, 330.0, 0.0, 0.0, , -0.9737701416015625, 0.189544677734375, -0.0989990234375, 0.0776824951171875, , -0.720611572265625, 0.0841064453125, -0.263763427734375, 0.6356353759765625
39960, 40.28935623168945, 1000.0, 49.0, 235.0, 111.0, 248.0, 139.0, 130.0, 0.0, 0.0, 1000.0, 0.0, 1000.0, 0.0, 1000.0, 907.0, 999.0, 999.0, 999.0, 999.0, 316.0, 330.0, 0.0, 0.0, , -0.9737701416015625, 0.189544677734375, -0.0989990234375, 0.0776824951171875, , -0.7206268310546875, 0.083984375, -0.2639007568359375, 0.635589599609375
39970, 40.29939651489258, 1000.0, 49.0, 235.0, 111.0, 248.0, 139.0, 130.0, 0.0, 0.0, 1000.0, 0.0, 1000.0, 0.0, 1000.0, 907.0, 999.0, 999.0, 999.0, 999.0, 316.0, 330.0, 0.0, 0.0, , -0.9737701416015625, 0.189544677734375, -0.0989990234375, 0.0776824951171875, , -0.7205810546875, 0.0843353271484375, -0.263580322265625, 0.6357269287109375
39980, 40.30929946899414, 1000.0, 49.0, 235.0, 111.0, 248.0, 139.0, 130.0, 0.0, 0.0, 1000.0, 0.0, 1000.0, 0.0, 1000.0, 907.0, 999.0, 999.0, 999.0, 999.0, 316.0, 330.0, 0.0, 0.0, , -0.9737701416015625, 0.189544677734375, -0.0989990234375, 0.0776824951171875, , -0.720611572265625, 0.0843658447265625, -0.26324462890625, 0.6358184814453125
39990, 40.31911087036133, 1000.0, 49.0, 235.0, 111.0, 248.0, 139.0, 130.0, 0.0, 0.0, 1000.0, 0.0, 1000.0, 0.0, 1000.0, 907.0, 999.0, 999.0, 999.0, 999.0, 316.0, 330.0, 0.0, 0.0, , -0.9737701416015625, 0.189544677734375, -0.0989990234375, 0.0776824951171875, , -0.72064208984375, 0.084442138671875, -0.26287841796875, 0.63592529296875
40000, 40.32938766479492, 1000.0, 49.0, 235.0, 111.0, 248.0, 139.0, 130.0, 0.0, 0.0, 1000.0, 0.0, 1000.0, 0.0, 1000.0, 907.0, 999.0, 999.0, 999.0, 999.0, 316.0, 330.0, 0.0, 0.0, , -0.9737701416015625, 0.189544677734375, -0.0989990234375, 0.0776824951171875, , -0.7206268310546875, 0.0846405029296875, -0.2627410888671875, 0.6359710693359375
40010, 40.33934020996094, 1000.0, 49.0, 235.0, 111.0, 248.0, 139.0, 130.0, 0.0, 0.0, 1000.0, 0.0, 1000.0, 0.0, 1000.0, 907.0, 999.0, 999.0, 999.0, 999.0, 316.0, 330.0, 0.0, 0.0, , -0.9737701416015625, 0.189544677734375, -0.0989990234375, 0.0776824951171875, , -0.7205810546875, 0.0844573974609375, -0.263458251953125, 0.6357574462890625
40020, 40.34930419921875, 1000.0, 49.0, 235.0, 111.0, 248.0, 139.0, 130.0, 0.0, 0.0, 1000.0, 0.0, 1000.0, 0.0, 1000.0, 907.0, 999.0, 999.0, 999.0, 999.0, 316.0, 330.0, 0.0, 0.0, , -0.9737701416015625, 0.189544677734375, -0.0989990234375, 0.0776824951171875, , -0.720428466796875, 0.0849761962890625, -0.2634429931640625, 0.6358642578125
40030, 40.35944366455078, 1000.0, 49.0, 235.0, 111.0, 248.0, 139.0, 130.0, 0.0, 0.0, 1000.0, 0.0, 1000.0, 0.0, 1000.0, 907.0, 999.0, 999.0, 999.0, 999.0, 316.0, 330.0, 0.0, 0.0, , -0.9737701416015625, 0.189544677734375, -0.0989990234375, 0.0776824951171875, , -0.7206268310546875, 0.08453369140625, -0.262847900390625, 0.635955810546875
40040, 40.37666702270508, 1000.0, 49.0, 235.0, 111.0, 248.0, 139.0, 130.0, 0.0, 0.0, 1000.0, 0.0, 1000.0, 0.0, 1000.0, 907.0, 999.0, 999.0, 999.0, 999.0, 316.0, 330.0, 0.0, 0.0, , -0.9737701416015625, 0.189544677734375, -0.0989990234375, 0.0776824951171875, , -0.720703125, 0.0843353271484375, -0.262481689453125, 0.6360321044921875
40050, 40.379356384277344, 1000.0, 49.0, 235.0, 111.0, 248.0, 139.0, 130.0, 0.0, 0.0, 1000.0, 0.0, 1000.0, 0.0, 1000.0, 907.0, 999.0, 999.0, 999.0, 999.0, 316.0, 330.0, 0.0, 0.0, , -0.9737701416015625, 0.189544677734375, -0.0989990234375, 0.0776824951171875, , -0.7205810546875, 0.084930419921875, -0.2623138427734375, 0.63616943359375
40060, 40.38944625854492, 1000.0, 49.0, 235.0, 111.0, 248.0, 139.0, 130.0, 0.0, 0.0, 1000.0, 0.0, 1000.0, 0.0, 1000.0, 907.0, 999.0, 999.0, 999.0, 999.0, 316.0, 330.0, 0.0, 0.0, , -0.9737701416015625, 0.189544677734375, -0.0989990234375, 0.0776824951171875, , -0.720611572265625, 0.0841827392578125, -0.2632293701171875, 0.6358642578125
40070, 40.39930725097656, 1000.0, 49.0, 235.0, 111.0, 248.0, 139.0, 130.0, 0.0, 0.0, 1000.0, 0.0, 1000.0, 0.0, 1000.0, 907.0, 999.0, 999.0, 999.0, 999.0, 316.0, 330.0, 0.0, 0.0, , -0.9737701416015625, 0.189544677734375, -0.0989990234375, 0.0776824951171875, , -0.7207489013671875, 0.08367919921875, -0.263092041015625, 0.6358184814453125
40080, 40.40922546386719, 1000.0, 49.0, 235.0, 111.0, 248.0, 139.0, 130.0, 0.0, 0.0, 1000.0, 0.0, 1000.0, 0.0, 1000.0, 907.0, 999.0, 999.0, 999.0, 999.0, 316.0, 330.0, 0.0, 0.0, , -0.9737701416015625, 0.189544677734375, -0.0989990234375, 0.0776824951171875, , -0.72076416015625, 0.083465576171875, -0.263336181640625, 0.6357421875
40090, 40.41912841796875, 1000.0, 49.0, 235.0, 111.0, 248.0, 139.0, 130.0, 0.0, 0.0, 1000.0, 0.0, 1000.0, 0.0, 1000.0, 907.0, 999.0, 999.0, 999.0, 999.0, 316.0, 330.0, 0.0, 0.0, , -0.9737701416015625, 0.189544677734375, -0.0989990234375, 0.0776824951171875, , -0.72052001953125, 0.0837249755859375, -0.264495849609375, 0.635498046875
40100, 40.42915725708008, 1000.0, 49.0, 235.0, 111.0, 248.0, 139.0, 130.0, 0.0, 0.0, 1000.0, 0.0, 1000.0, 0.0, 1000.0, 907.0, 999.0, 999.0, 999.0, 999.0, 316.0, 330.0, 0.0, 0.0, , -0.9737701416015625, 0.189544677734375, -0.0989990234375, 0.0776824951171875, , -0.72027587890625, 0.084197998046875, -0.26519775390625, 0.635406494140625
40110, 40.43916320800781, 1000.0, 49.0, 235.0, 111.0, 248.0, 139.0, 130.0, 0.0, 0.0, 1000.0, 0.0, 1000.0, 0.0, 1000.0, 907.0, 999.0, 999.0, 999.0, 999.0, 316.0, 330.0, 0.0, 0.0, , -0.9737701416015625, 0.189544677734375, -0.0989990234375, 0.0776824951171875, , -0.72021484375, 0.084197998046875, -0.2657318115234375, 0.6352691650390625
40120, 40.448970794677734, 1000.0, 49.0, 235.0, 111.0, 248.0, 139.0, 130.0, 0.0, 0.0, 1000.0, 0.0, 1000.0, 0.0, 1000.0, 907.0, 999.0, 999.0, 999.0, 999.0, 316.0, 330.0, 0.0, 0.0, , -0.9737701416015625, 0.189544677734375, -0.0989990234375, 0.0776824951171875, , -0.7206878662109375, 0.083251953125, -0.2639923095703125, 0.6355743408203125
40130, 40.45903015136719, 1000.0, 49.0, 235.0, 111.0, 248.0, 139.0, 130.0, 0.0, 0.0, 1000.0, 0.0, 1000.0, 0.0, 1000.0, 907.0, 999.0, 999.0, 999.0, 999.0, 316.0, 330.0, 0.0, 0.0, , -0.9737701416015625, 0.189544677734375, -0.0989990234375, 0.0776824951171875, , -0.7208709716796875, 0.082733154296875, -0.2635955810546875, 0.6356048583984375
40140, 40.46904373168945, 1000.0, 49.0, 235.0, 111.0, 248.0, 139.0, 130.0, 0.0, 0.0, 1000.0, 0.0, 1000.0, 0.0, 1000.0, 907.0, 999.0, 999.0, 999.0, 999.0, 316.0, 330.0, 0.0, 0.0, , -0.9737701416015625, 0.189544677734375, -0.0989990234375, 0.0776824951171875, , -0.7207183837890625, 0.083099365234375, -0.26416015625, 0.635498046875
40150, 40.47901153564453, 1000.0, 49.0, 235.0, 111.0, 248.0, 139.0, 130.0, 0.0, 0.0, 1000.0, 0.0, 1000.0, 0.0, 1000.0, 907.0, 999.0, 999.0, 999.0, 999.0, 316.0, 330.0, 0.0, 0.0, , -0.9737701416015625, 0.189544677734375, -0.0989990234375, 0.0776824951171875, , -0.7206573486328125, 0.0836181640625, -0.26373291015625, 0.6356658935546875
40160, 40.48926544189453, 1000.0, 49.0, 235.0, 111.0, 248.0, 139.0, 130.0, 0.0, 0.0, 1000.0, 0.0, 1000.0, 0.0, 1000.0, 907.0, 999.0, 999.0, 999.0, 999.0, 316.0, 330.0, 0.0, 0.0, , -0.9737701416015625, 0.189544677734375, -0.0989990234375, 0.0776824951171875, , -0.7206573486328125, 0.083831787109375, -0.2635650634765625, 0.6357269287109375
40170, 40.499149322509766, 1000.0, 49.0, 235.0, 111.0, 248.0, 139.0, 130.0, 0.0, 0.0, 1000.0, 0.0, 1000.0, 0.0, 1000.0, 907.0, 999.0, 999.0, 999.0, 999.0, 316.0, 330.0, 0.0, 0.0, , -0.9737701416015625, 0.189544677734375, -0.0989990234375, 0.0776824951171875, , -0.7205352783203125, 0.0835723876953125, -0.264923095703125, 0.6353302001953125
40180, 40.509117126464844, 1000.0, 49.0, 235.0, 111.0, 248.0, 139.0, 130.0, 0.0, 0.0, 1000.0, 0.0, 1000.0, 0.0, 1000.0, 907.0, 999.0, 999.0, 999.0, 999.0, 316.0, 330.0, 0.0, 0.0, , -0.9737701416015625, 0.189544677734375, -0.0989990234375, 0.0776824951171875, , -0.720794677734375, 0.0831756591796875, -0.263824462890625, 0.635528564453125
40190, 40.51911163330078, 1000.0, 49.0, 235.0, 111.0, 248.0, 139.0, 130.0, 0.0, 0.0, 1000.0, 0.0, 1000.0, 0.0, 1000.0, 907.0, 999.0, 999.0, 999.0, 999.0, 316.0, 330.0, 0.0, 0.0, , -0.9737701416015625, 0.189544677734375, -0.0989990234375, 0.0776824951171875, , -0.7205047607421875, 0.083343505859375, -0.2654266357421875, 0.6351776123046875
40200, 40.538604736328125, 1000.0, 49.0, 235.0, 111.0, 248.0, 139.0, 130.0, 0.0, 0.0, 1000.0, 0.0, 1000.0, 0.0, 1000.0, 907.0, 999.0, 999.0, 999.0, 999.0, 316.0, 330.0, 0.0, 0.0, , -0.9737701416015625, 0.189544677734375, -0.0989990234375, 0.0776824951171875, , -0.720733642578125, 0.08251953125, -0.2651824951171875, 0.6351318359375
40210, 40.541664123535156, 1000.0, 49.0, 235.0, 111.0, 248.0, 139.0, 130.0, 0.0, 0.0, 1000.0, 0.0, 1000.0, 0.0, 1000.0, 907.0, 999.0, 999.0, 999.0, 999.0, 316.0, 330.0, 0.0, 0.0, , -0.9737701416015625, 0.189544677734375, -0.0989990234375, 0.0776824951171875, , -0.720733642578125, 0.082427978515625, -0.265167236328125, 0.6351470947265625
40220, 40.55939865112305, 1000.0, 49.0, 235.0, 111.0, 248.0, 139.0, 130.0, 0.0, 0.0, 1000.0, 0.0, 1000.0, 0.0, 1000.0, 907.0, 999.0, 999.0, 999.0, 999.0, 316.0, 330.0, 0.0, 0.0, , -0.9737701416015625, 0.189544677734375, -0.0989990234375, 0.0776824951171875, , -0.7205657958984375, 0.08306884765625, -0.265167236328125, 0.63525390625
40230, 40.569297790527344, 1000.0, 49.0, 235.0, 111.0, 248.0, 139.0, 130.0, 0.0, 0.0, 1000.0, 0.0, 1000.0, 0.0, 1000.0, 907.0, 999.0, 999.0, 999.0, 999.0, 316.0, 330.0, 0.0, 0.0, , -0.9737701416015625, 0.189544677734375, -0.0989990234375, 0.0776824951171875, , -0.720703125, 0.0822906494140625, -0.265380859375, 0.635101318359375
40240, 40.57936477661133, 1000.0, 49.0, 235.0, 111.0, 248.0, 139.0, 130.0, 0.0, 0.0, 1000.0, 0.0, 1000.0, 0.0, 1000.0, 907.0, 999.0, 999.0, 999.0, 999.0, 316.0, 330.0, 0.0, 0.0, , -0.9737701416015625, 0.189544677734375, -0.0989990234375, 0.0776824951171875, , -0.7204132080078125, 0.083221435546875, -0.2657623291015625, 0.635162353515625
40250, 40.58938980102539, 1000.0, 49.0, 235.0, 111.0, 248.0, 139.0, 130.0, 0.0, 0.0, 1000.0, 0.0, 1000.0, 0.0, 1000.0, 907.0, 999.0, 999.0, 999.0, 999.0, 316.0, 330.0, 0.0, 0.0, , -0.9737701416015625, 0.189544677734375, -0.0989990234375, 0.0776824951171875, , -0.7207489013671875, 0.082427978515625, -0.2647552490234375, 0.6352996826171875
40260, 40.59929656982422, 1000.0, 49.0, 235.0, 111.0, 248.0, 139.0, 130.0, 0.0, 0.0, 1000.0, 0.0, 1000.0, 0.0, 1000.0, 907.0, 999.0, 999.0, 999.0, 999.0, 316.0, 330.0, 0.0, 0.0, , -0.9737701416015625, 0.189544677734375, -0.0989990234375, 0.0776824951171875, , -0.7208251953125, 0.0829620361328125, -0.2632598876953125, 0.635772705078125
40270, 40.60932159423828, 1000.0, 49.0, 235.0, 111.0, 248.0, 139.0, 130.0, 0.0, 0.0, 1000.0, 0.0, 1000.0, 0.0, 1000.0, 907.0, 999.0, 999.0, 999.0, 999.0, 316.0, 330.0, 0.0, 0.0, , -0.9737701416015625, 0.189544677734375, -0.0989990234375, 0.0776824951171875, , -0.7208099365234375, 0.0836639404296875, -0.2620391845703125, 0.6361846923828125
40280, 40.61940002441406, 1000.0, 49.0, 235.0, 111.0, 248.0, 139.0, 130.0, 0.0, 0.0, 1000.0, 0.0, 1000.0, 0.0, 1000.0, 907.0, 999.0, 999.0, 999.0, 999.0, 316.0, 330.0, 0.0, 0.0, , -0.9737701416015625, 0.189544677734375, -0.0989990234375, 0.0776824951171875, , -0.7211151123046875, 0.082855224609375, -0.2612762451171875, 0.6362762451171875
40290, 40.62940979003906, 1000.0, 49.0, 235.0, 111.0, 248.0, 139.0, 130.0, 0.0, 0.0, 1000.0, 0.0, 1000.0, 0.0, 1000.0, 907.0, 999.0, 999.0, 999.0, 999.0, 316.0, 330.0, 0.0, 0.0, , -0.9737701416015625, 0.189544677734375, -0.0989990234375, 0.0776824951171875, , -0.72088623046875, 0.0835418701171875, -0.261566162109375, 0.6363067626953125
40300, 40.639286041259766, 1000.0, 49.0, 235.0, 111.0, 248.0, 139.0, 130.0, 0.0, 0.0, 1000.0, 0.0, 1000.0, 0.0, 1000.0, 907.0, 999.0, 999.0, 999.0, 999.0, 316.0, 330.0, 0.0, 0.0, , -0.9737701416015625, 0.189544677734375, -0.0989990234375, 0.0776824951171875, , -0.7204437255859375, 0.0848236083984375, -0.2624359130859375, 0.6362762451171875
40310, 40.649253845214844, 1000.0, 49.0, 235.0, 111.0, 248.0, 139.0, 130.0, 0.0, 0.0, 1000.0, 0.0, 1000.0, 0.0, 1000.0, 907.0, 999.0, 999.0, 999.0, 999.0, 316.0, 330.0, 0.0, 0.0, , -0.9737701416015625, 0.189544677734375, -0.0989990234375, 0.0776824951171875, , -0.720672607421875, 0.0844879150390625, -0.2613983154296875, 0.6364898681640625
40320, 40.65937805175781, 1000.0, 49.0, 235.0, 111.0, 248.0, 139.0, 130.0, 0.0, 0.0, 1000.0, 0.0, 1000.0, 0.0, 1000.0, 907.0, 999.0, 999.0, 999.0, 999.0, 316.0, 330.0, 0.0, 0.0, , -0.9737701416015625, 0.189544677734375, -0.0989990234375, 0.0776824951171875, , -0.7209625244140625, 0.081878662109375, -0.263763427734375, 0.635528564453125
40330, 40.6691780090332, 1000.0, 49.0, 235.0, 111.0, 248.0, 139.0, 130.0, 0.0, 0.0, 1000.0, 0.0, 1000.0, 0.0, 1000.0, 907.0, 999.0, 999.0, 999.0, 999.0, 316.0, 330.0, 0.0, 0.0, , -0.9737701416015625, 0.189544677734375, -0.0989990234375, 0.0776824951171875, , -0.721282958984375, 0.0807647705078125, -0.263427734375, 0.6354522705078125
40340, 40.679141998291016, 1000.0, 49.0, 235.0, 111.0, 248.0, 139.0, 130.0, 0.0, 0.0, 1000.0, 0.0, 1000.0, 0.0, 1000.0, 907.0, 999.0, 999.0, 999.0, 999.0, 316.0, 330.0, 0.0, 0.0, , -0.9737701416015625, 0.189544677734375, -0.0989990234375, 0.0776824951171875, , -0.7208709716796875, 0.0816650390625, -0.2646636962890625, 0.635284423828125
40350, 40.68927764892578, 1000.0, 49.0, 235.0, 111.0, 248.0, 139.0, 130.0, 0.0, 0.0, 1000.0, 0.0, 1000.0, 0.0, 1000.0, 907.0, 999.0, 999.0, 999.0, 999.0, 316.0, 330.0, 0.0, 0.0, , -0.9737701416015625, 0.189544677734375, -0.0989990234375, 0.0776824951171875, , -0.7208709716796875, 0.081695556640625, -0.264678955078125, 0.635284423828125
40360, 40.699214935302734, 1000.0, 49.0, 235.0, 111.0, 248.0, 139.0, 130.0, 0.0, 0.0, 1000.0, 0.0, 1000.0, 0.0, 1000.0, 907.0, 999.0, 999.0, 999.0, 999.0, 316.0, 330.0, 0.0, 0.0, , -0.9737701416015625, 0.189544677734375, -0.0989990234375, 0.0776824951171875, , -0.720855712890625, 0.0817413330078125, -0.2647247314453125, 0.635284423828125
40370, 40.70922088623047, 1000.0, 49.0, 235.0, 111.0, 248.0, 139.0, 130.0, 0.0, 0.0, 1000.0, 0.0, 1000.0, 0.0, 1000.0, 907.0, 999.0, 999.0, 999.0, 999.0, 316.0, 330.0, 0.0, 0.0, , -0.9737701416015625, 0.189544677734375, -0.0989990234375, 0.0776824951171875, , -0.7208709716796875, 0.081817626953125, -0.2646331787109375, 0.635284423828125
40380, 40.71932601928711, 1000.0, 49.0, 235.0, 111.0, 248.0, 139.0, 130.0, 0.0, 0.0, 1000.0, 0.0, 1000.0, 0.0, 1000.0, 907.0, 999.0, 999.0, 999.0, 999.0, 316.0, 330.0, 0.0, 0.0, , -0.9737701416015625, 0.189544677734375, -0.0989990234375, 0.0776824951171875, , -0.720855712890625, 0.0820465087890625, -0.2644500732421875, 0.635345458984375
40390, 40.72922897338867, 1000.0, 49.0, 235.0, 111.0, 248.0, 139.0, 130.0, 0.0, 0.0, 1000.0, 0.0, 1000.0, 0.0, 1000.0, 907.0, 999.0, 999.0, 999.0, 999.0, 316.0, 330.0, 0.0, 0.0, , -0.9737701416015625, 0.189544677734375, -0.0989990234375, 0.0776824951171875, , -0.7208709716796875, 0.0819854736328125, -0.264434814453125, 0.635345458984375
40400, 40.739219665527344, 1000.0, 49.0, 235.0, 111.0, 248.0, 139.0, 130.0, 0.0, 0.0, 1000.0, 0.0, 1000.0, 0.0, 1000.0, 907.0, 999.0, 999.0, 999.0, 999.0, 316.0, 330.0, 0.0, 0.0, , -0.9737701416015625, 0.189544677734375, -0.0989990234375, 0.0776824951171875, , -0.72088623046875, 0.0821685791015625, -0.26409912109375, 0.6354522705078125
40410, 40.74913024902344, 1000.0, 49.0, 235.0, 111.0, 248.0, 139.0, 130.0, 0.0, 0.0, 1000.0, 0.0, 1000.0, 0.0, 1000.0, 907.0, 999.0, 999.0, 999.0, 999.0, 316.0, 330.0, 0.0, 0.0, , -0.9737701416015625, 0.189544677734375, -0.0989990234375, 0.0776824951171875, , -0.7208709716796875, 0.0821075439453125, -0.264251708984375, 0.6354217529296875
40420, 40.75926971435547, 1000.0, 49.0, 235.0, 111.0, 248.0, 139.0, 130.0, 0.0, 0.0, 1000.0, 0.0, 1000.0, 0.0, 1000.0, 907.0, 999.0, 999.0, 999.0, 999.0, 316.0, 330.0, 0.0, 0.0, , -0.9737701416015625, 0.189544677734375, -0.0989990234375, 0.0776824951171875, , -0.7208251953125, 0.0820770263671875, -0.264495849609375, 0.6353607177734375
40430, 40.769134521484375, 1000.0, 49.0, 235.0, 111.0, 248.0, 139.0, 130.0, 0.0, 0.0, 1000.0, 0.0, 1000.0, 0.0, 1000.0, 907.0, 999.0, 999.0, 999.0, 999.0, 316.0, 330.0, 0.0, 0.0, , -0.9737701416015625, 0.189544677734375, -0.0989990234375, 0.0776824951171875, , -0.7208404541015625, 0.082183837890625, -0.264190673828125, 0.6354522705078125
40440, 40.779258728027344, 1000.0, 49.0, 235.0, 111.0, 248.0, 139.0, 130.0, 0.0, 0.0, 1000.0, 0.0, 1000.0, 0.0, 1000.0, 907.0, 999.0, 999.0, 999.0, 999.0, 316.0, 330.0, 0.0, 0.0, , -0.9737701416015625, 0.189544677734375, -0.0989990234375, 0.0776824951171875, , -0.7208251953125, 0.0821685791015625, -0.2642059326171875, 0.635467529296875
40450, 40.789276123046875, 1000.0, 49.0, 235.0, 111.0, 248.0, 139.0, 130.0, 0.0, 0.0, 1000.0, 0.0, 1000.0, 0.0, 1000.0, 907.0, 999.0, 999.0, 999.0, 999.0, 316.0, 330.0, 0.0, 0.0, , -0.9737701416015625, 0.189544677734375, -0.0989990234375, 0.0776824951171875, , -0.7208099365234375, 0.0821380615234375, -0.2643280029296875, 0.6354522705078125
40460, 40.79924774169922, 1000.0, 49.0, 235.0, 111.0, 248.0, 139.0, 130.0, 0.0, 0.0, 1000.0, 0.0, 1000.0, 0.0, 1000.0, 907.0, 999.0, 999.0, 999.0, 999.0, 316.0, 330.0, 0.0, 0.0, , -0.9737701416015625, 0.189544677734375, -0.0989990234375, 0.0776824951171875, , -0.720794677734375, 0.082275390625, -0.2641143798828125, 0.6355438232421875
40470, 40.80912399291992, 1000.0, 49.0, 235.0, 111.0, 248.0, 139.0, 130.0, 0.0, 0.0, 1000.0, 0.0, 1000.0, 0.0, 1000.0, 907.0, 999.0, 999.0, 999.0, 999.0, 316.0, 330.0, 0.0, 0.0, , -0.9737701416015625, 0.189544677734375, -0.0989990234375, 0.0776824951171875, , -0.7207794189453125, 0.08233642578125, -0.2640228271484375, 0.635589599609375
40480, 40.81914520263672, 1000.0, 49.0, 235.0, 111.0, 248.0, 139.0, 130.0, 0.0, 0.0, 1000.0, 0.0, 1000.0, 0.0, 1000.0, 907.0, 999.0, 999.0, 999.0, 999.0, 316.0, 330.0, 0.0, 0.0, , -0.9737701416015625, 0.189544677734375, -0.0989990234375, 0.0776824951171875, , -0.7206573486328125, 0.082733154296875, -0.2640838623046875, 0.6356353759765625
40490, 40.8292121887207, 1000.0, 49.0, 235.0, 111.0, 248.0, 139.0, 130.0, 0.0, 0.0, 1000.0, 0.0, 1000.0, 0.0, 1000.0, 907.0, 999.0, 999.0, 999.0, 999.0, 316.0, 330.0, 0.0, 0.0, , -0.9737701416015625, 0.189544677734375, -0.0989990234375, 0.0776824951171875, , -0.720611572265625, 0.0832061767578125, -0.2637481689453125, 0.635772705078125
40500, 40.83921813964844, 1000.0, 49.0, 235.0, 111.0, 248.0, 139.0, 130.0, 0.0, 0.0, 1000.0, 0.0, 1000.0, 0.0, 1000.0, 907.0, 999.0, 999.0, 999.0, 999.0, 316.0, 330.0, 0.0, 0.0, , -0.9737701416015625, 0.189544677734375, -0.0989990234375, 0.0776824951171875, , -0.7205047607421875, 0.0836181640625, -0.26373291015625, 0.635833740234375
40510, 40.84938049316406, 1000.0, 49.0, 235.0, 111.0, 248.0, 139.0, 130.0, 0.0, 0.0, 1000.0, 0.0, 1000.0, 0.0, 1000.0, 907.0, 999.0, 999.0, 999.0, 999.0, 316.0, 330.0, 0.0, 0.0, , -0.9737701416015625, 0.189544677734375, -0.0989990234375, 0.0776824951171875, , -0.720245361328125, 0.084442138671875, -0.2641754150390625, 0.6358489990234375
40520, 40.85927963256836, 1000.0, 49.0, 235.0, 111.0, 248.0, 139.0, 130.0, 0.0, 0.0, 1000.0, 0.0, 1000.0, 0.0, 1000.0, 907.0, 999.0, 999.0, 999.0, 999.0, 316.0, 330.0, 0.0, 0.0, , -0.9737701416015625, 0.189544677734375, -0.0989990234375, 0.0776824951171875, , -0.7205810546875, 0.0835113525390625, -0.2636871337890625, 0.6357879638671875
40530, 40.86917495727539, 1000.0, 49.0, 235.0, 111.0, 248.0, 139.0, 130.0, 0.0, 0.0, 1000.0, 0.0, 1000.0, 0.0, 1000.0, 907.0, 999.0, 999.0, 999.0, 999.0, 316.0, 330.0, 0.0, 0.0, , -0.9737701416015625, 0.189544677734375, -0.0989990234375, 0.0776824951171875, , -0.720489501953125, 0.083892822265625, -0.2637481689453125, 0.6358184814453125
40540, 40.879356384277344, 1000.0, 49.0, 235.0, 111.0, 248.0, 139.0, 130.0, 0.0, 0.0, 1000.0, 0.0, 1000.0, 0.0, 1000.0, 907.0, 999.0, 999.0, 999.0, 999.0, 316.0, 330.0, 0.0, 0.0, , -0.9737701416015625, 0.189544677734375, -0.0989990234375, 0.0776824951171875, , -0.72064208984375, 0.0836181640625, -0.26318359375, 0.6359100341796875
40550, 40.88927459716797, 1000.0, 49.0, 235.0, 111.0, 248.0, 139.0, 130.0, 0.0, 0.0, 1000.0, 0.0, 1000.0, 0.0, 1000.0, 907.0, 999.0, 999.0, 999.0, 999.0, 316.0, 330.0, 0.0, 0.0, , -0.9737701416015625, 0.189544677734375, -0.0989990234375, 0.0776824951171875, , -0.72064208984375, 0.083465576171875, -0.2634124755859375, 0.635833740234375
40560, 40.89921569824219, 1000.0, 49.0, 235.0, 111.0, 248.0, 139.0, 130.0, 0.0, 0.0, 1000.0, 0.0, 1000.0, 0.0, 1000.0, 907.0, 999.0, 999.0, 999.0, 999.0, 316.0, 330.0, 0.0, 0.0, , -0.9737701416015625, 0.189544677734375, -0.0989990234375, 0.0776824951171875, , -0.7207794189453125, 0.0826873779296875, -0.26385498046875, 0.6356048583984375
40570, 40.909175872802734, 1000.0, 49.0, 235.0, 111.0, 248.0, 139.0, 130.0, 0.0, 0.0, 1000.0, 0.0, 1000.0, 0.0, 1000.0, 907.0, 999.0, 999.0, 999.0, 999.0, 316.0, 330.0, 0.0, 0.0, , -0.9737701416015625, 0.189544677734375, -0.0989990234375, 0.0776824951171875, , -0.7208099365234375, 0.0826568603515625, -0.263580322265625, 0.63568115234375
40580, 40.9189453125, 1000.0, 49.0, 235.0, 111.0, 248.0, 139.0, 130.0, 0.0, 0.0, 1000.0, 0.0, 1000.0, 0.0, 1000.0, 907.0, 999.0, 999.0, 999.0, 999.0, 316.0, 330.0, 0.0, 0.0, , -0.9737701416015625, 0.189544677734375, -0.0989990234375, 0.0776824951171875, , -0.72088623046875, 0.082611083984375, -0.26312255859375, 0.63580322265625
40590, 40.92921829223633, 1000.0, 49.0, 235.0, 111.0, 248.0, 139.0, 130.0, 0.0, 0.0, 1000.0, 0.0, 1000.0, 0.0, 1000.0, 907.0, 999.0, 999.0, 999.0, 999.0, 316.0, 330.0, 0.0, 0.0, , -0.9737701416015625, 0.189544677734375, -0.0989990234375, 0.0776824951171875, , -0.720703125, 0.08355712890625, -0.2625274658203125, 0.6361236572265625
40600, 40.9392204284668, 1000.0, 49.0, 235.0, 111.0, 248.0, 139.0, 130.0, 0.0, 0.0, 1000.0, 0.0, 1000.0, 0.0, 1000.0, 907.0, 999.0, 999.0, 999.0, 999.0, 316.0, 330.0, 0.0, 0.0, , -0.9737701416015625, 0.189544677734375, -0.0989990234375, 0.0776824951171875, , -0.7205810546875, 0.0834808349609375, -0.263458251953125, 0.6358795166015625
40610, 40.94927215576172, 1000.0, 49.0, 235.0, 111.0, 248.0, 139.0, 130.0, 0.0, 0.0, 1000.0, 0.0, 1000.0, 0.0, 1000.0, 907.0, 999.0, 999.0, 999.0, 999.0, 316.0, 330.0, 0.0, 0.0, , -0.9737701416015625, 0.189544677734375, -0.0989990234375, 0.0776824951171875, , -0.7208099365234375, 0.0827484130859375, -0.263214111328125, 0.635833740234375
40620, 40.959415435791016, 1000.0, 49.0, 235.0, 111.0, 248.0, 139.0, 130.0, 0.0, 0.0, 1000.0, 0.0, 1000.0, 0.0, 1000.0, 907.0, 999.0, 999.0, 999.0, 999.0, 316.0, 330.0, 0.0, 0.0, , -0.9737701416015625, 0.189544677734375, -0.0989990234375, 0.0776824951171875, , -0.720916748046875, 0.083038330078125, -0.2620086669921875, 0.63616943359375
40630, 40.969154357910156, 1000.0, 49.0, 235.0, 111.0, 248.0, 139.0, 130.0, 0.0, 0.0, 1000.0, 0.0, 1000.0, 0.0, 1000.0, 907.0, 999.0, 999.0, 999.0, 999.0, 316.0, 330.0, 0.0, 0.0, , -0.9737701416015625, 0.189544677734375, -0.0989990234375, 0.0776824951171875, , -0.7209320068359375, 0.0832672119140625, -0.261749267578125, 0.63623046875
40640, 40.97914505004883, 1000.0, 49.0, 235.0, 111.0, 248.0, 139.0, 130.0, 0.0, 0.0, 1000.0, 0.0, 1000.0, 0.0, 1000.0, 907.0, 999.0, 999.0, 999.0, 999.0, 316.0, 330.0, 0.0, 0.0, , -0.9737701416015625, 0.189544677734375, -0.0989990234375, 0.0776824951171875, , -0.7208404541015625, 0.0831298828125, -0.2624664306640625, 0.63604736328125
40650, 40.98924255371094, 1000.0, 49.0, 235.0, 111.0, 248.0, 139.0, 130.0, 0.0, 0.0, 1000.0, 0.0, 1000.0, 0.0, 1000.0, 907.0, 999.0, 999.0, 999.0, 999.0, 316.0, 330.0, 0.0, 0.0, , -0.9737701416015625, 0.189544677734375, -0.0989990234375, 0.0776824951171875, , -0.7204437255859375, 0.0837554931640625, -0.2642059326171875, 0.635711669921875
40660, 40.99922561645508, 1000.0, 49.0, 235.0, 111.0, 248.0, 139.0, 130.0, 0.0, 0.0, 1000.0, 0.0, 1000.0, 0.0, 1000.0, 907.0, 999.0, 999.0, 999.0, 999.0, 316.0, 330.0, 0.0, 0.0, , -0.9737701416015625, 0.189544677734375, -0.0989990234375, 0.0776824951171875, , -0.720245361328125, 0.0843353271484375, -0.2646331787109375, 0.6356658935546875
40670, 41.00923156738281, 1000.0, 49.0, 235.0, 111.0, 248.0, 139.0, 130.0, 0.0, 0.0, 1000.0, 0.0, 1000.0, 0.0, 1000.0, 907.0, 999.0, 999.0, 999.0, 999.0, 316.0, 330.0, 0.0, 0.0, , -0.9737701416015625, 0.189544677734375, -0.0989990234375, 0.0776824951171875, , -0.7203216552734375, 0.084259033203125, -0.264404296875, 0.6356964111328125
40680, 41.01927947998047, 1000.0, 49.0, 235.0, 111.0, 248.0, 139.0, 130.0, 0.0, 0.0, 1000.0, 0.0, 1000.0, 0.0, 1000.0, 907.0, 999.0, 999.0, 999.0, 999.0, 316.0, 330.0, 0.0, 0.0, , -0.9737701416015625, 0.189544677734375, -0.0989990234375, 0.0776824951171875, , -0.7206573486328125, 0.0833587646484375, -0.2635498046875, 0.6357879638671875
40690, 41.02920150756836, 1000.0, 49.0, 235.0, 111.0, 248.0, 139.0, 130.0, 0.0, 0.0, 1000.0, 0.0, 1000.0, 0.0, 1000.0, 907.0, 999.0, 999.0, 999.0, 999.0, 316.0, 330.0, 0.0, 0.0, , -0.9737701416015625, 0.189544677734375, -0.0989990234375, 0.0776824951171875, , -0.7206573486328125, 0.08392333984375, -0.2625732421875, 0.6361083984375
40700, 41.03929138183594, 1000.0, 49.0, 235.0, 111.0, 248.0, 139.0, 130.0, 0.0, 0.0, 1000.0, 0.0, 1000.0, 0.0, 1000.0, 907.0, 999.0, 999.0, 999.0, 999.0, 316.0, 330.0, 0.0, 0.0, , -0.9737701416015625, 0.189544677734375, -0.0989990234375, 0.0776824951171875, , -0.720916748046875, 0.083343505859375, -0.2615966796875, 0.63629150390625
40710, 41.049232482910156, 1000.0, 49.0, 235.0, 111.0, 248.0, 139.0, 130.0, 0.0, 0.0, 1000.0, 0.0, 1000.0, 0.0, 1000.0, 907.0, 999.0, 999.0, 999.0, 999.0, 316.0, 330.0, 0.0, 0.0, , -0.9737701416015625, 0.189544677734375, -0.0989990234375, 0.0776824951171875, , -0.720703125, 0.0833892822265625, -0.263031005859375, 0.6359405517578125
40720, 41.05927658081055, 1000.0, 49.0, 235.0, 111.0, 248.0, 139.0, 130.0, 0.0, 0.0, 1000.0, 0.0, 1000.0, 0.0, 1000.0, 907.0, 999.0, 999.0, 999.0, 999.0, 316.0, 330.0, 0.0, 0.0, , -0.9737701416015625, 0.189544677734375, -0.0989990234375, 0.0776824951171875, , -0.7207794189453125, 0.08319091796875, -0.26263427734375, 0.63604736328125
40730, 41.06920623779297, 1000.0, 49.0, 235.0, 111.0, 248.0, 139.0, 130.0, 0.0, 0.0, 1000.0, 0.0, 1000.0, 0.0, 1000.0, 907.0, 999.0, 999.0, 999.0, 999.0, 316.0, 330.0, 0.0, 0.0, , -0.9737701416015625, 0.189544677734375, -0.0989990234375, 0.0776824951171875, , -0.72119140625, 0.082366943359375, -0.26123046875, 0.636260986328125
40740, 41.081233978271484, 1000.0, 49.0, 235.0, 111.0, 248.0, 139.0, 130.0, 0.0, 0.0, 1000.0, 0.0, 1000.0, 0.0, 1000.0, 907.0, 999.0, 999.0, 999.0, 999.0, 316.0, 330.0, 0.0, 0.0, , -0.9737701416015625, 0.189544677734375, -0.0989990234375, 0.0776824951171875, , -0.721588134765625, 0.080291748046875, -0.26202392578125, 0.6357574462890625
40750, 41.089271545410156, 1000.0, 49.0, 235.0, 111.0, 248.0, 139.0, 130.0, 0.0, 0.0, 1000.0, 0.0, 1000.0, 0.0, 1000.0, 907.0, 999.0, 999.0, 999.0, 999.0, 316.0, 330.0, 0.0, 0.0, , -0.9737701416015625, 0.189544677734375, -0.0989990234375, 0.0776824951171875, , -0.721221923828125, 0.0818328857421875, -0.2621002197265625, 0.6359405517578125
40760, 41.099220275878906, 1000.0, 49.0, 235.0, 111.0, 248.0, 139.0, 130.0, 0.0, 0.0, 1000.0, 0.0, 1000.0, 0.0, 1000.0, 907.0, 999.0, 999.0, 999.0, 999.0, 316.0, 330.0, 0.0, 0.0, , -0.9737701416015625, 0.189544677734375, -0.0989990234375, 0.0776824951171875, , -0.720458984375, 0.0857391357421875, -0.260833740234375, 0.636810302734375
40770, 41.10923385620117, 1000.0, 49.0, 235.0, 111.0, 248.0, 139.0, 130.0, 0.0, 0.0, 1000.0, 0.0, 1000.0, 0.0, 1000.0, 907.0, 999.0, 999.0, 999.0, 999.0, 316.0, 330.0, 0.0, 0.0, , -0.9737701416015625, 0.189544677734375, -0.0989990234375, 0.0776824951171875, , -0.720550537109375, 0.085601806640625, -0.260284423828125, 0.6369476318359375
40780, 41.119110107421875, 1000.0, 49.0, 235.0, 111.0, 248.0, 139.0, 130.0, 0.0, 0.0, 1000.0, 0.0, 1000.0, 0.0, 1000.0, 907.0, 999.0, 999.0, 999.0, 999.0, 316.0, 330.0, 0.0, 0.0, , -0.9737701416015625, 0.189544677734375, -0.0989990234375, 0.0776824951171875, , -0.721282958984375, 0.0833282470703125, -0.2590789794921875, 0.6369171142578125
40790, 41.12915802001953, 1000.0, 49.0, 235.0, 111.0, 248.0, 139.0, 130.0, 0.0, 0.0, 1000.0, 0.0, 1000.0, 0.0, 1000.0, 907.0, 999.0, 999.0, 999.0, 999.0, 316.0, 330.0, 0.0, 0.0, , -0.9737701416015625, 0.189544677734375, -0.0989990234375, 0.0776824951171875, , -0.720916748046875, 0.0835113525390625, -0.2613067626953125, 0.6363983154296875
