1024920, 1029.19921875, 1000.0, 142.0, 383.0, 127.0, 162.0, 189.0, 138.0, 174.0, 70.0, 1000.0, 94.0, 750.0, 0.0, 1000.0, 866.0, 999.0, 999.0, 999.0, 999.0, 530.0, 715.0, 0.0, 195.0, -16.609413146972656, -3.0072927474975586, 21.732887268066406, 0.972137451171875, -0.13690185546875, -0.0527191162109375, 0.1827545166015625, -23.724620819091797, 10.33804702758789, -64.42855072021484, 0.8344879150390625, -0.1262054443359375, 0.1837310791015625, -0.50390625
1024970, 1029.24951171875, 1000.0, 142.0, 382.0, 127.0, 161.0, 189.0, 138.0, 173.0, 70.0, 1000.0, 93.0, 750.0, 0.0, 1000.0, 866.0, 999.0, 999.0, 999.0, 999.0, 530.0, 715.0, 0.0, 193.0, -16.608966827392578, -3.092268943786621, 21.84649658203125, 0.971954345703125, -0.1367034912109375, -0.0535736083984375, 0.1836090087890625, -23.789369583129883, 10.14793586730957, -64.42875671386719, 0.8343505859375, -0.1275634765625, 0.1826629638671875, -0.5041656494140625
1025030, 1029.3095703125, 1000.0, 142.0, 382.0, 126.0, 161.0, 188.0, 138.0, 172.0, 70.0, 1000.0, 93.0, 750.0, 0.0, 1000.0, 869.0, 999.0, 999.0, 999.0, 999.0, 530.0, 714.0, 0.0, 192.0, -16.5750732421875, -3.165586233139038, 21.947458267211914, 0.971832275390625, -0.1362457275390625, -0.05426025390625, 0.18438720703125, -24.12102699279785, 10.046294212341309, -64.51815795898438, 0.83355712890625, -0.13031005859375, 0.183502197265625, -0.504486083984375
1025080, 1029.3594970703125, 1000.0, 142.0, 380.0, 126.0, 160.0, 188.0, 137.0, 172.0, 69.0, 1000.0, 92.0, 750.0, 0.0, 1000.0, 870.0, 999.0, 999.0, 999.0, 999.0, 530.0, 714.0, 0.0, 191.0, -16.6320858001709, -3.0939502716064453, 22.033184051513672, 0.9716339111328125, -0.136810302734375, -0.0538482666015625, 0.1851806640625, -23.743268966674805, 10.156800270080566, -64.47061920166016, 0.834228515625, -0.1271209716796875, 0.1825714111328125, -0.5045318603515625
1025130, 1029.4097900390625, 1000.0, 142.0, 381.0, 126.0, 160.0, 187.0, 136.0, 171.0, 69.0, 1000.0, 91.0, 750.0, 0.0, 1000.0, 870.0, 999.0, 999.0, 999.0, 999.0, 530.0, 714.0, 0.0, 190.0, -16.6304988861084, -3.070185899734497, 22.08895492553711, 0.9715423583984375, -0.136810302734375, -0.0537109375, 0.1856842041015625, -23.805261611938477, 10.19472885131836, -64.48971557617188, 0.8340911865234375, -0.1273651123046875, 0.183135986328125, -0.5045013427734375
1025190, 1029.469482421875, 1000.0, 142.0, 381.0, 126.0, 159.0, 187.0, 136.0, 170.0, 69.0, 1000.0, 91.0, 750.0, 0.0, 1000.0, 870.0, 999.0, 999.0, 999.0, 999.0, 531.0, 714.0, 0.0, 188.0, -16.54497718811035, -3.0529587268829346, 22.135528564453125, 0.9715728759765625, -0.1360931396484375, -0.0534820556640625, 0.1861419677734375, -23.809547424316406, 10.038877487182617, -64.496337890625, 0.8339996337890625, -0.12811279296875, 0.1820526123046875, -0.5048370361328125
1025240, 1029.51953125, 1000.0, 141.0, 380.0, 125.0, 159.0, 186.0, 135.0, 170.0, 69.0, 1000.0, 91.0, 750.0, 0.0, 1000.0, 871.0, 999.0, 999.0, 999.0, 999.0, 530.0, 713.0, 0.0, 188.0, -16.533357620239258, -3.0722532272338867, 22.18100929260254, 0.9715118408203125, -0.1359405517578125, -0.053680419921875, 0.1865081787109375, -23.1968936920166, 9.70920181274414, -64.38375854492188, 0.8350677490234375, -0.1253662109375, 0.1768798828125, -0.5055999755859375
1025290, 1029.5694580078125, 1000.0, 142.0, 379.0, 125.0, 158.0, 186.0, 135.0, 170.0, 69.0, 1000.0, 90.0, 1000.0, 0.0, 1000.0, 864.0, 999.0, 999.0, 999.0, 999.0, 530.0, 713.0, 0.0, 186.0, -16.558914184570312, -3.088867664337158, 22.258634567260742, 0.9713592529296875, -0.1360931396484375, -0.053955078125, 0.1871337890625, -23.242128372192383, 9.753166198730469, -64.37541198730469, 0.8350677490234375, -0.1255035400390625, 0.1773834228515625, -0.5053863525390625
1025350, 1029.62939453125, 1000.0, 141.0, 379.0, 125.0, 158.0, 186.0, 134.0, 169.0, 68.0, 1000.0, 89.0, 750.0, 0.0, 1000.0, 868.0, 999.0, 999.0, 999.0, 999.0, 530.0, 713.0, 0.0, 185.0, -16.475635528564453, -3.0811057090759277, 22.339523315429688, 0.9713134765625, -0.1353607177734375, -0.0538482666015625, 0.1878662109375, -23.33616828918457, 9.812070846557617, -64.39396667480469, 0.83489990234375, -0.125885009765625, 0.1782379150390625, -0.5052642822265625
1025400, 1029.6795654296875, 1000.0, 141.0, 379.0, 124.0, 157.0, 185.0, 134.0, 169.0, 68.0, 1000.0, 89.0, 750.0, 0.0, 1000.0, 868.0, 999.0, 999.0, 999.0, 999.0, 530.0, 712.0, 0.0, 184.0, -16.584461212158203, -3.0625786781311035, 22.423612594604492, 0.9710540771484375, -0.1362762451171875, -0.0539703369140625, 0.1885528564453125, -23.516216278076172, 9.930362701416016, -64.43136596679688, 0.8345794677734375, -0.1265869140625, 0.1799163818359375, -0.505035400390625
1025460, 1029.739501953125, 1000.0, 141.0, 378.0, 124.0, 157.0, 185.0, 133.0, 168.0, 68.0, 1000.0, 88.0, 1000.0, 0.0, 1000.0, 868.0, 999.0, 999.0, 999.0, 999.0, 530.0, 712.0, 0.0, 183.0, -16.641538619995117, -3.004831552505493, 22.52449607849121, 0.9708099365234375, -0.136810302734375, -0.0536956787109375, 0.189453125, -23.772056579589844, 10.05693531036377, -64.4736328125, 0.8341522216796875, -0.1277923583984375, 0.1819915771484375, -0.50469970703125
1025510, 1029.7894287109375, 1000.0, 141.0, 377.0, 124.0, 157.0, 185.0, 133.0, 168.0, 67.0, 1000.0, 87.0, 750.0, 0.0, 1000.0, 869.0, 999.0, 999.0, 999.0, 999.0, 530.0, 712.0, 0.0, 182.0, -16.511837005615234, -2.964308261871338, 22.608476638793945, 0.9708251953125, -0.1357421875, -0.0532379150390625, 0.190277099609375, -23.585094451904297, 9.93528938293457, -64.44392395019531, 0.834442138671875, -0.127044677734375, 0.180267333984375, -0.5050048828125
1025560, 1029.83935546875, 1000.0, 141.0, 378.0, 124.0, 156.0, 185.0, 132.0, 167.0, 67.0, 1000.0, 87.0, 1000.0, 0.0, 1000.0, 870.0, 999.0, 999.0, 999.0, 999.0, 531.0, 712.0, 0.0, 181.0, -16.56745719909668, -2.9324333667755127, 22.692977905273438, 0.9706268310546875, -0.13623046875, -0.05316162109375, 0.191009521484375, -23.52739715576172, 10.003549575805664, -64.44038391113281, 0.8345489501953125, -0.126312255859375, 0.1804962158203125, -0.50494384765625
1025620, 1029.8995361328125, 1000.0, 141.0, 377.0, 123.0, 156.0, 184.0, 132.0, 167.0, 67.0, 1000.0, 86.0, 750.0, 0.0, 1000.0, 868.0, 999.0, 999.0, 999.0, 999.0, 531.0, 712.0, 0.0, 180.0, -16.5682315826416, -2.9575610160827637, 22.808622360229492, 0.970428466796875, -0.136138916015625, -0.0535125732421875, 0.19195556640625, -23.83443260192871, 10.03102970123291, -64.4892807006836, 0.8339996337890625, -0.1283416748046875, 0.182098388671875, -0.5047607421875
1025670, 1029.949462890625, 1000.0, 141.0, 376.0, 123.0, 155.0, 184.0, 131.0, 166.0, 67.0, 1000.0, 86.0, 1000.0, 0.0, 1000.0, 870.0, 999.0, 999.0, 999.0, 999.0, 531.0, 711.0, 0.0, 179.0, -16.53319549560547, -3.025190830230713, 22.903160095214844, 0.9703216552734375, -0.13568115234375, -0.05413818359375, 0.19268798828125, -23.558549880981445, 9.775421142578125, -64.44660186767578, 0.83441162109375, -0.127593994140625, 0.17901611328125, -0.50537109375
1025730, 1030.009521484375, 1000.0, 141.0, 377.0, 123.0, 155.0, 184.0, 131.0, 166.0, 66.0, 1000.0, 85.0, 750.0, 0.0, 1000.0, 867.0, 999.0, 999.0, 999.0, 999.0, 531.0, 711.0, 0.0, 178.0, -16.449630737304688, -3.115107774734497, 23.038354873657227, 0.970184326171875, -0.1347503662109375, -0.0549163818359375, 0.193756103515625, -21.812885284423828, 10.48237133026123, -64.2425308227539, 0.8373260498046875, -0.11187744140625, 0.1761474609375, -0.505279541015625
1025780, 1030.0594482421875, 1000.0, 140.0, 376.0, 123.0, 155.0, 184.0, 130.0, 165.0, 66.0, 1000.0, 84.0, 750.0, 0.0, 1000.0, 874.0, 999.0, 999.0, 999.0, 999.0, 530.0, 711.0, 0.0, 178.0, -17.06157112121582, -2.221014976501465, 23.115367889404297, 0.969268798828125, -0.1414642333984375, -0.048492431640625, 0.195281982421875, -22.807920455932617, 11.670876502990723, -64.3220443725586, 0.8362274169921875, -0.11346435546875, 0.1890716552734375, -0.5020599365234375
1025830, 1030.109375, 1000.0, 139.0, 374.0, 123.0, 155.0, 192.0, 130.0, 165.0, 68.0, 1000.0, 78.0, 750.0, 0.0, 1000.0, 927.0, 999.0, 999.0, 999.0, 999.0, 531.0, 717.0, 0.0, 177.0, -15.855772972106934, -1.242724895477295, 22.713640213012695, 0.971282958984375, -0.1331024169921875, -0.037689208984375, 0.1935577392578125, -21.506465911865234, 12.940791130065918, -63.34092330932617, 0.8418426513671875, -0.0996551513671875, 0.191558837890625, -0.49462890625
1025890, 1030.16943359375, 1000.0, 138.0, 373.0, 123.0, 150.0, 208.0, 123.0, 166.0, 68.0, 1000.0, 71.0, 750.0, 0.0, 1000.0, 927.0, 999.0, 999.0, 999.0, 999.0, 522.0, 720.0, 0.0, 177.0, -13.444907188415527, 1.3918132781982422, 21.64603042602539, 0.9751129150390625, -0.1172332763671875, -0.0101318359375, 0.1878662109375, -19.48133087158203, 15.482453346252441, -61.6025276184082, 0.8505096435546875, -0.076019287109375, 0.1998748779296875, -0.480499267578125
1025940, 1030.2193603515625, 1000.0, 139.0, 391.0, 129.0, 149.0, 255.0, 131.0, 166.0, 73.0, 1000.0, 68.0, 750.0, 0.0, 1000.0, 927.0, 999.0, 999.0, 999.0, 999.0, 514.0, 718.0, 0.0, 182.0, -11.703216552734375, 5.839095592498779, 19.94227409362793, 0.9775848388671875, -0.1090545654296875, 0.0322723388671875, 0.1771392822265625, -17.886518478393555, 18.321775436401367, -60.13126754760742, 0.856414794921875, -0.0540313720703125, 0.2129974365234375, -0.4671630859375
1026000, 1030.2794189453125, 1000.0, 138.0, 402.0, 135.0, 151.0, 266.0, 194.0, 167.0, 83.0, 1000.0, 67.0, 750.0, 0.0, 1000.0, 924.0, 999.0, 999.0, 999.0, 999.0, 505.0, 720.0, 0.0, 201.0, -7.888022422790527, 6.0340800285339355, 16.352140426635742, 0.985595703125, -0.0754547119140625, 0.042205810546875, 0.145263671875, -14.226411819458008, 20.760543823242188, -58.34034729003906, 0.8631439208984375, -0.0192108154296875, 0.215484619140625, -0.4562530517578125
1026050, 1030.3294677734375, 1000.0, 137.0, 401.0, 141.0, 154.0, 288.0, 348.0, 171.0, 130.0, 1000.0, 68.0, 1000.0, 0.0, 1000.0, 911.0, 999.0, 999.0, 999.0, 999.0, 501.0, 722.0, 0.0, 220.0, -9.103232383728027, 9.967345237731934, 14.851184844970703, 0.9838409423828125, -0.0895843505859375, 0.075653076171875, 0.1351776123046875, -11.797027587890625, 22.51047134399414, -56.694305419921875, 0.86810302734375, 0.00347900390625, 0.218719482421875, -0.445556640625
1026100, 1030.3895263671875, 1000.0, 135.0, 400.0, 142.0, 160.0, 279.0, 508.0, 174.0, 213.0, 1000.0, 66.0, 750.0, 0.0, 1000.0, 910.0, 999.0, 999.0, 999.0, 999.0, 496.0, 719.0, 0.0, 237.0, -6.771968364715576, 7.353211879730225, 12.517256736755371, 0.989837646484375, -0.0655670166015625, 0.0572052001953125, 0.11236572265625, -8.346267700195312, 23.940881729125977, -55.21438980102539, 0.8715667724609375, 0.03277587890625, 0.2162933349609375, -0.438751220703125
1026160, 1030.439453125, 1000.0, 134.0, 391.0, 138.0, 202.0, 269.0, 623.0, 180.0, 287.0, 1000.0, 62.0, 1000.0, 0.0, 1000.0, 922.0, 999.0, 999.0, 999.0, 999.0, 495.0, 705.0, 0.0, 253.0, -4.911627292633057, 1.8792970180511475, 9.362947463989258, 0.99554443359375, -0.044036865234375, 0.0128326416015625, 0.0822296142578125, -7.431241512298584, 24.049049377441406, -54.946632385253906, 0.8721466064453125, 0.0396728515625, 0.21368408203125, -0.4382781982421875
1026210, 1030.49951171875, 1000.0, 133.0, 388.0, 138.0, 273.0, 271.0, 699.0, 192.0, 364.0, 1000.0, 59.0, 750.0, 0.0, 1000.0, 918.0, 999.0, 999.0, 999.0, 999.0, 496.0, 699.0, 0.0, 274.0, -2.1490375995635986, -2.1469974517822266, 6.869541168212891, 0.99786376953125, -0.0175933837890625, -0.0198211669921875, 0.059539794921875, -4.461500644683838, 23.356855392456055, -54.26528549194336, 0.87445068359375, 0.058319091796875, 0.1973876953125, -0.4392547607421875
1026270, 1030.5494384765625, 1000.0, 131.0, 385.0, 137.0, 342.0, 262.0, 705.0, 207.0, 390.0, 1000.0, 50.0, 750.0, 0.0, 1000.0, 916.0, 999.0, 999.0, 999.0, 999.0, 505.0, 699.0, 0.0, 285.0, 2.3319787979125977, -8.906289100646973, 1.9515869617462158, 0.9965972900390625, 0.0216064453125, -0.0772705078125, 0.0185546875, -1.9480706453323364, 22.475873947143555, -54.40707778930664, 0.87371826171875, 0.074249267578125, 0.1809234619140625, -0.44537353515625
1026290, 1030.5994873046875, 1000.0, 131.0, 384.0, 137.0, 351.0, 259.0, 707.0, 212.0, 394.0, 1000.0, 47.0, 1000.0, 0.0, 1000.0, 918.0, 999.0, 999.0, 999.0, 999.0, 506.0, 698.0, 0.0, 288.0, 3.5558576583862305, -10.074056625366211, 0.6295557022094727, 0.9956207275390625, 0.0313873291015625, -0.08758544921875, 0.0081939697265625, -1.0044499635696411, 22.095726013183594, -54.44252014160156, 0.8734893798828125, 0.0800018310546875, 0.1743316650390625, -0.4474334716796875
1026320, 1030.6094970703125, 1000.0, 129.0, 382.0, 136.0, 380.0, 256.0, 716.0, 233.0, 419.0, 1000.0, 42.0, 750.0, 0.0, 1000.0, 920.0, 999.0, 999.0, 999.0, 999.0, 500.0, 699.0, 0.0, 298.0, 7.081811428070068, -15.327668190002441, -1.915734887123108, 0.989166259765625, 0.0589752197265625, -0.1341094970703125, -0.00830078125, -0.2307928055524826, 21.845073699951172, -54.74281692504883, 0.8721160888671875, 0.085357666015625, 0.1691741943359375, -0.451080322265625
1026370, 1030.65966796875, 1000.0, 128.0, 384.0, 134.0, 388.0, 259.0, 681.0, 280.0, 409.0, 1000.0, 37.0, 750.0, 0.0, 1000.0, 920.0, 999.0, 999.0, 999.0, 999.0, 494.0, 695.0, 0.0, 311.0, 9.834145545959473, -19.344623565673828, -5.721801280975342, 0.9816436767578125, 0.0760345458984375, -0.1714019775390625, -0.034637451171875, 0.2678195536136627, 21.692293167114258, -55.2358283996582, 0.8700103759765625, 0.089263916015625, 0.1656646728515625, -0.4556732177734375
1026430, 1030.7093505859375, 1000.0, 126.0, 385.0, 133.0, 357.0, 290.0, 595.0, 373.0, 361.0, 1000.0, 36.0, 1000.0, 0.0, 1000.0, 929.0, 999.0, 999.0, 999.0, 999.0, 480.0, 698.0, 0.0, 336.0, 12.252748489379883, -23.636232376098633, -9.674622535705566, 0.9715728759765625, 0.0869140625, -0.2117156982421875, -0.0602874755859375, 0.4569031596183777, 21.323055267333984, -56.16529846191406, 0.866668701171875, 0.090545654296875, 0.161376953125, -0.4632568359375
1026480, 1030.7696533203125, 1000.0, 125.0, 376.0, 134.0, 317.0, 386.0, 472.0, 500.0, 268.0, 1000.0, 41.0, 1000.0, 0.0, 1000.0, 752.0, 999.0, 999.0, 999.0, 999.0, 466.0, 717.0, 0.0, 460.0, 13.370013236999512, -26.31068992614746, -12.18959903717041, 0.9644775390625, 0.088714599609375, -0.2368011474609375, -0.0763397216796875, -0.34082409739494324, 21.285383224487305, -57.386634826660156, 0.86236572265625, 0.0861053466796875, 0.1634063720703125, -0.47137451171875
1026530, 1030.819580078125, 1000.0, 124.0, 370.0, 136.0, 284.0, 466.0, 382.0, 589.0, 214.0, 1000.0, 59.0, 750.0, 0.0, 1000.0, 572.0, 999.0, 999.0, 999.0, 999.0, 458.0, 731.0, 0.0, 616.0, 12.69930362701416, -28.218168258666992, -13.57819938659668, 0.960296630859375, 0.0778656005859375, -0.2532501220703125, -0.0871734619140625, -1.8020719289779663, 22.057641983032227, -59.076175689697266, 0.8553314208984375, 0.08087158203125, 0.1740264892578125, -0.4812164306640625
1026590, 1030.879638671875, 1000.0, 126.0, 357.0, 143.0, 244.0, 633.0, 331.0, 813.0, 160.0, 1000.0, 234.0, 750.0, 0.0, 1000.0, 395.0, 999.0, 999.0, 999.0, 999.0, 450.0, 763.0, 0.0, 758.0, 11.68497085571289, -30.27887725830078, -15.53647518157959, 0.955047607421875, 0.0622406005859375, -0.2707061767578125, -0.10345458984375, -3.5283894538879395, 22.507678985595703, -60.71240234375, 0.84893798828125, 0.0725250244140625, 0.1835784912109375, -0.490234375
1026640, 1030.9295654296875, 1000.0, 128.0, 345.0, 146.0, 274.0, 622.0, 397.0, 874.0, 127.0, 1000.0, 364.0, 1000.0, 0.0, 1000.0, 223.0, 999.0, 693.0, 999.0, 999.0, 443.0, 785.0, 0.0, 798.0, 14.11240005493164, -31.400218963623047, -18.20073699951172, 0.9486236572265625, 0.0742950439453125, -0.28387451171875, -0.1182861328125, -4.012797832489014, 22.12489891052246, -62.19843292236328, 0.8433074951171875, 0.0696258544921875, 0.18194580078125, -0.5008544921875
1026700, 1030.989501953125, 1000.0, 128.0, 337.0, 147.0, 432.0, 566.0, 394.0, 836.0, 110.0, 1000.0, 385.0, 1000.0, 0.0, 1000.0, 179.0, 999.0, 388.0, 999.0, 999.0, 435.0, 797.0, 0.0, 788.0, 13.109299659729004, -33.47626876831055, -19.942537307739258, 0.94268798828125, 0.0581207275390625, -0.30072021484375, -0.132354736328125, -7.312696933746338, 22.00775146484375, -66.23957824707031, 0.8271026611328125, 0.0516510009765625, 0.1937408447265625, -0.525054931640625
1026750, 1031.0399169921875, 1000.0, 127.0, 348.0, 147.0, 709.0, 481.0, 551.0, 729.0, 102.0, 1000.0, 337.0, 1000.0, 0.0, 1000.0, 155.0, 999.0, 480.0, 999.0, 999.0, 428.0, 812.0, 0.0, 745.0, 10.661478042602539, -35.76079177856445, -21.289669036865234, 0.9365386962890625, 0.030426025390625, -0.3167724609375, -0.147003173828125, -11.012396812438965, 21.913908004760742, -70.305419921875, 0.8094940185546875, 0.0319061279296875, 0.20892333984375, -0.5477294921875
1026800, 1031.089599609375, 1000.0, 125.0, 644.0, 146.0, 899.0, 361.0, 860.0, 559.0, 97.0, 1000.0, 274.0, 750.0, 0.0, 1000.0, 112.0, 999.0, 543.0, 999.0, 999.0, 421.0, 823.0, 0.0, 651.0, 8.464829444885254, -38.70823287963867, -22.194988250732422, 0.9280242919921875, 0.0047149658203125, -0.3377227783203125, -0.1571044921875, -14.712596893310547, 21.40856170654297, -73.8940200805664, 0.7931060791015625, 0.0101776123046875, 0.22283935546875, -0.566741943359375
1026860, 1031.1492919921875, 1000.0, 122.0, 919.0, 130.0, 964.0, 244.0, 934.0, 388.0, 107.0, 1000.0, 228.0, 1000.0, 0.0, 1000.0, 94.0, 999.0, 843.0, 999.0, 999.0, 413.0, 823.0, 0.0, 575.0, 5.258528709411621, -41.58998489379883, -22.751060485839844, 0.918731689453125, -0.0279083251953125, -0.35614013671875, -0.1682281494140625, -18.327503204345703, 20.715248107910156, -77.18218231201172, 0.77691650390625, -0.0117340087890625, 0.2364501953125, -0.5833740234375
1026910, 1031.19970703125, 1000.0, 120.0, 961.0, 117.0, 993.0, 214.0, 970.0, 333.0, 288.0, 1000.0, 205.0, 750.0, 0.0, 1000.0, 87.0, 999.0, 999.0, 999.0, 999.0, 407.0, 816.0, 0.0, 542.0, 3.8523764610290527, -42.50843811035156, -22.6226863861084, 0.915740966796875, -0.04034423828125, -0.3614044189453125, -0.170745849609375, -20.40064811706543, 19.513187408447266, -78.25708770751953, 0.7713623046875, -0.0301361083984375, 0.2395172119140625, -0.5888214111328125
1026970, 1031.2596435546875, 1000.0, 117.0, 967.0, 108.0, 1000.0, 186.0, 992.0, 292.0, 787.0, 1000.0, 182.0, 1000.0, 0.0, 1000.0, 123.0, 999.0, 999.0, 999.0, 999.0, 399.0, 828.0, 0.0, 542.0, 1.4545294046401978, -41.864830017089844, -20.913232803344727, 0.9192352294921875, -0.0531768798828125, -0.35345458984375, -0.1650390625, -20.317895889282227, 19.38861846923828, -77.7047119140625, 0.77423095703125, -0.0314178466796875, 0.2381439208984375, -0.5855255126953125
1027020, 1031.3095703125, 1000.0, 115.0, 983.0, 106.0, 1000.0, 178.0, 1000.0, 300.0, 913.0, 1000.0, 168.0, 1000.0, 0.0, 1000.0, 157.0, 999.0, 838.0, 997.0, 999.0, 394.0, 834.0, 0.0, 576.0, -1.8049827814102173, -40.02906799316406, -18.493228912353516, 0.9264068603515625, -0.0695953369140625, -0.33538818359375, -0.156280517578125, -22.523967742919922, 19.8482723236084, -77.22769927978516, 0.775848388671875, -0.044830322265625, 0.2521209716796875, -0.5765838623046875
1027070, 1031.359619140625, 1000.0, 117.0, 1000.0, 110.0, 1000.0, 205.0, 1000.0, 332.0, 962.0, 1000.0, 157.0, 1000.0, 0.0, 1000.0, 187.0, 999.0, 999.0, 999.0, 999.0, 386.0, 824.0, 0.0, 702.0, -4.617127418518066, -35.29738235473633, -15.548820495605469, 0.941741943359375, -0.079010009765625, -0.294952392578125, -0.140899658203125, -21.0760498046875, 20.728858947753906, -74.97362518310547, 0.7873992919921875, -0.0351104736328125, 0.2498321533203125, -0.56243896484375
1027130, 1031.419921875, 1000.0, 125.0, 1000.0, 115.0, 1000.0, 228.0, 996.0, 751.0, 881.0, 1000.0, 444.0, 1000.0, 0.0, 1000.0, 344.0, 999.0, 999.0, 999.0, 999.0, 378.0, 820.0, 0.0, 778.0, -7.175281524658203, -27.519880294799805, -12.849137306213379, 0.961639404296875, -0.0869598388671875, -0.229095458984375, -0.123260498046875, -21.120607376098633, 21.49749183654785, -73.02315521240234, 0.7965850830078125, -0.0356292724609375, 0.254486083984375, -0.5471649169921875
1027180, 1031.469482421875, 1000.0, 133.0, 1000.0, 119.0, 934.0, 513.0, 942.0, 940.0, 653.0, 1000.0, 832.0, 1000.0, 0.0, 1000.0, 277.0, 999.0, 999.0, 999.0, 999.0, 373.0, 800.0, 0.0, 853.0, -10.370837211608887, -23.661922454833984, -11.035245895385742, 0.96844482421875, -0.1076812744140625, -0.194732666015625, -0.1121673583984375, -22.52133560180664, 22.167728424072266, -72.92398071289062, 0.796356201171875, -0.0420684814453125, 0.2655181884765625, -0.541778564453125
1027240, 1031.52978515625, 1000.0, 139.0, 1000.0, 127.0, 694.0, 800.0, 648.0, 985.0, 370.0, 1000.0, 915.0, 750.0, 0.0, 1000.0, 350.0, 999.0, 999.0, 999.0, 999.0, 369.0, 758.0, 0.0, 901.0, -8.165579795837402, -19.08603286743164, -10.702169418334961, 0.9782562255859375, -0.0853271484375, -0.1580963134765625, -0.103485107421875, -30.518085479736328, 23.48019790649414, -75.10004425048828, 0.781494140625, -0.08465576171875, 0.3126678466796875, -0.533203125
1027290, 1031.5797119140625, 1000.0, 141.0, 1000.0, 146.0, 649.0, 847.0, 616.0, 1000.0, 268.0, 1000.0, 920.0, 1000.0, 0.0, 1000.0, 265.0, 999.0, 999.0, 999.0, 999.0, 370.0, 730.0, 0.0, 900.0, -13.235422134399414, -20.541208267211914, -8.268288612365723, 0.973388671875, -0.1258697509765625, -0.1684722900390625, -0.0909576416015625, -37.349639892578125, 23.277252197265625, -77.6219253540039, 0.76348876953125, -0.1245880126953125, 0.3454742431640625, -0.5312042236328125
1027340, 1031.6295166015625, 1000.0, 142.0, 991.0, 181.0, 641.0, 832.0, 592.0, 1000.0, 241.0, 1000.0, 899.0, 1000.0, 0.0, 1000.0, 179.0, 999.0, 875.0, 999.0, 999.0, 370.0, 719.0, 0.0, 883.0, -22.172502517700195, -22.893869400024414, -5.386506080627441, 0.958953857421875, -0.1974029541015625, -0.1856842041015625, -0.08331298828125, -48.87730407714844, 22.5319766998291, -82.16642761230469, 0.726104736328125, -0.1889495849609375, 0.40069580078125, -0.52581787109375
1027400, 1031.6898193359375, 1000.0, 142.0, 976.0, 248.0, 610.0, 864.0, 562.0, 1000.0, 216.0, 1000.0, 894.0, 1000.0, 0.0, 1000.0, 143.0, 999.0, 513.0, 999.0, 999.0, 371.0, 718.0, 0.0, 887.0, -38.67481994628906, -26.985687255859375, 0.3625998795032501, 0.9177703857421875, -0.3212890625, -0.2211761474609375, -0.0743560791015625, -65.75141143798828, 20.65156364440918, -87.88241577148438, 0.662445068359375, -0.280059814453125, 0.4789581298828125, -0.5032806396484375
1027450, 1031.7398681640625, 1000.0, 142.0, 972.0, 270.0, 595.0, 842.0, 540.0, 1000.0, 204.0, 1000.0, 888.0, 1000.0, 0.0, 1000.0, 146.0, 999.0, 500.0, 999.0, 999.0, 371.0, 718.0, 0.0, 877.0, -51.62657928466797, -29.277606964111328, 6.594295501708984, 0.8758697509765625, -0.4075164794921875, -0.2513580322265625, -0.0597686767578125, -78.556640625, 19.58954429626465, -91.63021850585938, 0.6088714599609375, -0.3403778076171875, 0.5391387939453125, -0.471923828125
1027510, 1031.7998046875, 1000.0, 142.0, 968.0, 273.0, 545.0, 832.0, 450.0, 976.0, 176.0, 1000.0, 909.0, 1000.0, 0.0, 1000.0, 166.0, 999.0, 749.0, 999.0, 999.0, 371.0, 712.0, 0.0, 876.0, -73.99131774902344, -28.363479614257812, 15.454069137573242, 0.7871246337890625, -0.5518035888671875, -0.2723388671875, -0.0419769287109375, -93.1554183959961, 18.456968307495117, -95.77517700195312, 0.5413818359375, -0.3989715576171875, 0.605743408203125, -0.425201416015625
1027560, 1031.849853515625, 1000.0, 142.0, 960.0, 269.0, 502.0, 820.0, 361.0, 940.0, 157.0, 1000.0, 923.0, 1000.0, 0.0, 1000.0, 200.0, 999.0, 987.0, 999.0, 999.0, 372.0, 705.0, 0.0, 871.0, -85.16438293457031, -24.50640296936035, 18.359539031982422, 0.73321533203125, -0.6278228759765625, -0.2597503662109375, -0.0269775390625, -101.32402038574219, 17.94756317138672, -97.9876937866211, 0.501861572265625, -0.4266357421875, 0.6413726806640625, -0.393341064453125
1027610, 1031.8994140625, 1000.0, 145.0, 946.0, 260.0, 437.0, 807.0, 295.0, 907.0, 129.0, 1000.0, 937.0, 750.0, 0.0, 1000.0, 324.0, 999.0, 999.0, 999.0, 999.0, 371.0, 695.0, 0.0, 857.0, -95.78950500488281, -20.529579162597656, 20.305299758911133, 0.6727294921875, -0.697540283203125, -0.2462921142578125, -0.0138397216796875, -110.37300109863281, 17.50015640258789, -99.93000793457031, 0.458587646484375, -0.455474853515625, 0.677154541015625, -0.3516845703125
1027670, 1031.9595947265625, 1000.0, 147.0, 896.0, 243.0, 362.0, 790.0, 248.0, 888.0, 94.0, 1000.0, 948.0, 1000.0, 0.0, 1000.0, 346.0, 999.0, 999.0, 999.0, 999.0, 376.0, 681.0, 0.0, 842.0, -105.37937927246094, -16.362825393676758, 22.375362396240234, 0.6105194091796875, -0.7555694580078125, -0.23736572265625, 0.00537109375, -116.95789337158203, 16.991783142089844, -101.25153350830078, 0.4253692626953125, -0.475128173828125, 0.700714111328125, -0.3198089599609375
1027720, 1032.0096435546875, 1000.0, 148.0, 875.0, 228.0, 343.0, 766.0, 232.0, 871.0, 81.0, 1000.0, 953.0, 750.0, 0.0, 1000.0, 336.0, 999.0, 999.0, 999.0, 999.0, 378.0, 675.0, 0.0, 833.0, -107.36064910888672, -13.231184005737305, 22.756404876708984, 0.5950927734375, -0.7711639404296875, -0.22479248046875, 0.0250701904296875, -118.09773254394531, 17.26869010925293, -101.91265869140625, 0.4202880859375, -0.47412109375, 0.7071533203125, -0.313812255859375
1027760, 1032.0665283203125, 1000.0, 149.0, 843.0, 215.0, 315.0, 743.0, 215.0, 852.0, 69.0, 1000.0, 955.0, 1000.0, 0.0, 1000.0, 369.0, 999.0, 999.0, 999.0, 999.0, 380.0, 665.0, 0.0, 819.0, -108.23013305664062, -9.951105117797852, 24.277070999145508, 0.585662841796875, -0.7783966064453125, -0.21942138671875, 0.0540924072265625, -118.90320587158203, 18.083398818969727, -101.5782241821289, 0.42218017578125, -0.47576904296875, 0.70947265625, -0.3033599853515625
1027770, 1032.0736083984375, 1000.0, 149.0, 837.0, 213.0, 309.0, 735.0, 212.0, 845.0, 67.0, 1000.0, 956.0, 750.0, 0.0, 1000.0, 373.0, 999.0, 999.0, 999.0, 999.0, 380.0, 663.0, 0.0, 815.0, -108.42898559570312, -9.327056884765625, 24.631309509277344, 0.583465576171875, -0.7797698974609375, -0.218902587890625, 0.05987548828125, -119.05426025390625, 18.535663604736328, -101.32905578613281, 0.4246063232421875, -0.4759979248046875, 0.7096710205078125, -0.29913330078125
1027830, 1032.1248779296875, 1000.0, 150.0, 804.0, 206.0, 288.0, 704.0, 199.0, 818.0, 59.0, 1000.0, 947.0, 750.0, 0.0, 1000.0, 346.0, 999.0, 999.0, 999.0, 999.0, 382.0, 656.0, 0.0, 799.0, -108.78145599365234, -5.2364654541015625, 25.798498153686523, 0.57525634765625, -0.7857208251953125, -0.2072296142578125, 0.0936431884765625, -116.1136474609375, 22.61695671081543, -99.6214370727539, 0.4618988037109375, -0.45770263671875, 0.7025909423828125, -0.2889404296875
1027880, 1032.169677734375, 1000.0, 150.0, 794.0, 205.0, 279.0, 699.0, 192.0, 814.0, 56.0, 1000.0, 938.0, 1000.0, 0.0, 1000.0, 327.0, 999.0, 999.0, 999.0, 999.0, 382.0, 649.0, 0.0, 792.0, -106.69267272949219, -2.8517117500305176, 27.316429138183594, 0.584625244140625, -0.77581787109375, -0.2038116455078125, 0.12152099609375, -115.16393280029297, 25.459392547607422, -97.6716079711914, 0.484222412109375, -0.4530487060546875, 0.6976318359375, -0.2712249755859375
1027940, 1032.2293701171875, 1000.0, 150.0, 786.0, 204.0, 271.0, 696.0, 186.0, 813.0, 52.0, 1000.0, 935.0, 1000.0, 0.0, 1000.0, 271.0, 999.0, 999.0, 999.0, 999.0, 383.0, 641.0, 0.0, 786.0, -106.0059814453125, -1.386425256729126, 28.395217895507812, 0.5857086181640625, -0.7724151611328125, -0.2029266357421875, 0.138214111328125, -114.52507019042969, 27.353408813476562, -95.21566772460938, 0.5011444091796875, -0.4565887451171875, 0.6898193359375, -0.2539825439453125
1027990, 1032.279541015625, 1000.0, 151.0, 777.0, 205.0, 267.0, 698.0, 182.0, 817.0, 48.0, 1000.0, 931.0, 750.0, 0.0, 1000.0, 262.0, 999.0, 977.0, 999.0, 999.0, 382.0, 639.0, 0.0, 783.0, -105.15467071533203, -1.2374403476715088, 28.769866943359375, 0.590728759765625, -0.7675933837890625, -0.203643798828125, 0.1426544189453125, -113.91106414794922, 27.96957778930664, -93.78487396240234, 0.5094757080078125, -0.4596405029296875, 0.6838836669921875, -0.24786376953125
1028020, 1032.32958984375, 1000.0, 151.0, 773.0, 205.0, 264.0, 700.0, 179.0, 820.0, 47.0, 1000.0, 929.0, 750.0, 0.0, 1000.0, 254.0, 999.0, 982.0, 999.0, 999.0, 381.0, 637.0, 0.0, 783.0, -105.02332305908203, -1.3538274765014648, 29.31700897216797, 0.5911102294921875, -0.7657623291015625, -0.207733154296875, 0.144927978515625, -113.79842376708984, 28.21681785583496, -93.05741882324219, 0.5125732421875, -0.46234130859375, 0.681182861328125, -0.2438812255859375
1028040, 1032.33935546875, 1000.0, 152.0, 771.0, 205.0, 263.0, 698.0, 178.0, 819.0, 46.0, 1000.0, 927.0, 1000.0, 0.0, 1000.0, 256.0, 999.0, 991.0, 999.0, 999.0, 381.0, 636.0, 0.0, 780.0, -104.7318115234375, -1.4728672504425049, 29.495784759521484, 0.5930328369140625, -0.763763427734375, -0.20916748046875, 0.1455841064453125, -113.3778076171875, 28.4744815826416, -92.51123809814453, 0.51654052734375, -0.4625091552734375, 0.6785736083984375, -0.2424468994140625
1028100, 1032.389404296875, 1000.0, 153.0, 767.0, 204.0, 258.0, 687.0, 173.0, 812.0, 43.0, 1000.0, 923.0, 750.0, 0.0, 1000.0, 265.0, 999.0, 903.0, 999.0, 999.0, 381.0, 632.0, 0.0, 772.0, -103.61752319335938, -1.6669752597808838, 29.858768463134766, 0.6002960205078125, -0.75701904296875, -0.211151123046875, 0.148223876953125, -112.85635375976562, 28.870418548583984, -91.55697631835938, 0.5223388671875, -0.463958740234375, 0.6743927001953125, -0.238922119140625
1028150, 1032.4393310546875, 1000.0, 154.0, 765.0, 205.0, 255.0, 688.0, 169.0, 813.0, 41.0, 1000.0, 921.0, 1000.0, 0.0, 1000.0, 270.0, 999.0, 842.0, 999.0, 999.0, 379.0, 631.0, 0.0, 771.0, -104.7294692993164, 0.12343470752239227, 30.117595672607422, 0.5894317626953125, -0.7648773193359375, -0.205108642578125, 0.1594696044921875, -112.23861694335938, 29.584917068481445, -90.48631286621094, 0.5300140380859375, -0.4640960693359375, 0.670196533203125, -0.233489990234375
1028210, 1032.49951171875, 1000.0, 155.0, 765.0, 204.0, 251.0, 683.0, 166.0, 811.0, 38.0, 1000.0, 919.0, 1000.0, 0.0, 1000.0, 268.0, 999.0, 782.0, 999.0, 999.0, 379.0, 628.0, 0.0, 769.0, -103.94429016113281, 0.8924770951271057, 30.5122013092041, 0.5926971435546875, -0.7611846923828125, -0.20263671875, 0.1680145263671875, -112.48200988769531, 29.67319679260254, -90.50943756103516, 0.5293426513671875, -0.4646759033203125, 0.67095947265625, -0.231658935546875
1028260, 1032.5496826171875, 1000.0, 156.0, 764.0, 204.0, 250.0, 681.0, 163.0, 808.0, 37.0, 1000.0, 915.0, 1000.0, 0.0, 1000.0, 292.0, 999.0, 861.0, 999.0, 999.0, 378.0, 629.0, 0.0, 766.0, -103.32594299316406, 1.565026879310608, 30.68892478942871, 0.59527587890625, -0.758575439453125, -0.199371337890625, 0.1744537353515625, -113.99456787109375, 28.946439743041992, -91.02001190185547, 0.51910400390625, -0.4719390869140625, 0.6746673583984375, -0.229339599609375
1028310, 1032.6097412109375, 1000.0, 157.0, 764.0, 204.0, 247.0, 678.0, 161.0, 806.0, 36.0, 1000.0, 912.0, 1000.0, 0.0, 1000.0, 297.0, 999.0, 798.0, 999.0, 999.0, 378.0, 626.0, 0.0, 762.0, -104.29637908935547, 1.6738250255584717, 30.617280960083008, 0.5887298583984375, -0.76385498046875, -0.199798583984375, 0.1731109619140625, -115.95338439941406, 31.536823272705078, -92.0091781616211, 0.52020263671875, -0.46307373046875, 0.6870574951171875, -0.2070770263671875
1028370, 1032.6595458984375, 1000.0, 158.0, 766.0, 204.0, 245.0, 676.0, 158.0, 805.0, 34.0, 1000.0, 909.0, 750.0, 0.0, 1000.0, 290.0, 999.0, 762.0, 999.0, 999.0, 377.0, 625.0, 0.0, 758.0, -103.82273864746094, 2.7518999576568604, 30.620223999023438, 0.589813232421875, -0.7628021240234375, -0.1934661865234375, 0.181060791015625, -115.20194244384766, 30.311546325683594, -91.708740234375, 0.5186004638671875, -0.4670867919921875, 0.6823577880859375, -0.2173614501953125
1028420, 1032.7197265625, 1000.0, 159.0, 766.0, 203.0, 243.0, 671.0, 156.0, 803.0, 33.0, 1000.0, 907.0, 1000.0, 0.0, 1000.0, 304.0, 999.0, 759.0, 999.0, 999.0, 376.0, 625.0, 0.0, 755.0, -104.23656463623047, 2.963426351547241, 30.847267150878906, 0.5862884521484375, -0.7648162841796875, -0.1945343017578125, 0.18292236328125, -116.94709014892578, 30.066762924194336, -92.28050231933594, 0.5093231201171875, -0.4726104736328125, 0.6875457763671875, -0.2109222412109375
1028480, 1032.76953125, 1000.0, 160.0, 768.0, 203.0, 241.0, 668.0, 154.0, 801.0, 32.0, 1000.0, 906.0, 750.0, 0.0, 1000.0, 310.0, 999.0, 758.0, 999.0, 999.0, 376.0, 623.0, 0.0, 754.0, -105.07862091064453, 2.9502289295196533, 31.03325653076172, 0.58038330078125, -0.768768310546875, -0.1971893310546875, 0.182342529296875, -116.44277954101562, 28.510414123535156, -91.5716323852539, 0.5059661865234375, -0.481597900390625, 0.6809539794921875, -0.2198638916015625
1028530, 1032.82958984375, 1000.0, 160.0, 767.0, 203.0, 240.0, 667.0, 152.0, 800.0, 31.0, 1000.0, 905.0, 750.0, 0.0, 1000.0, 312.0, 999.0, 755.0, 999.0, 999.0, 375.0, 622.0, 0.0, 753.0, -104.82919311523438, 2.4763965606689453, 31.116567611694336, 0.582855224609375, -0.766754150390625, -0.199798583984375, 0.1800537109375, -114.8506851196289, 28.80104637145996, -90.61713409423828, 0.5157318115234375, -0.4788360595703125, 0.674407958984375, -0.22332763671875
1028580, 1032.87939453125, 1000.0, 161.0, 767.0, 203.0, 239.0, 666.0, 151.0, 800.0, 30.0, 1000.0, 904.0, 750.0, 0.0, 1000.0, 319.0, 999.0, 752.0, 999.0, 999.0, 374.0, 622.0, 0.0, 751.0, -104.8102798461914, 1.9614955186843872, 31.366912841796875, 0.5836029052734375, -0.7655487060546875, -0.2041015625, 0.177947998046875, -114.7778091430664, 27.36220359802246, -90.20731353759766, 0.5107269287109375, -0.4873809814453125, 0.66973876953125, -0.230316162109375
1028610, 1032.929443359375, 1000.0, 162.0, 768.0, 203.0, 238.0, 666.0, 150.0, 800.0, 30.0, 1000.0, 903.0, 750.0, 0.0, 1000.0, 320.0, 999.0, 760.0, 999.0, 999.0, 374.0, 621.0, 0.0, 752.0, -104.60538482666016, 1.6025649309158325, 31.45937156677246, 0.5855255126953125, -0.76385498046875, -0.2062530517578125, 0.1764068603515625, -113.29591369628906, 27.23035430908203, -89.4114761352539, 0.5180816650390625, -0.4859466552734375, 0.6630706787109375, -0.2361297607421875
1028640, 1032.939453125, 1000.0, 162.0, 767.0, 203.0, 237.0, 666.0, 149.0, 799.0, 29.0, 1000.0, 902.0, 1000.0, 0.0, 1000.0, 326.0, 999.0, 768.0, 999.0, 999.0, 373.0, 621.0, 0.0, 751.0, -104.17853546142578, 1.3675590753555298, 31.437273025512695, 0.5888519287109375, -0.761383056640625, -0.2066650390625, 0.175506591796875, -112.9455337524414, 27.25099754333496, -89.33759307861328, 0.519805908203125, -0.4846954345703125, 0.662078857421875, -0.237701416015625
1028690, 1032.989501953125, 1000.0, 162.0, 766.0, 203.0, 237.0, 665.0, 147.0, 798.0, 28.0, 1000.0, 902.0, 1000.0, 0.0, 1000.0, 335.0, 999.0, 779.0, 999.0, 999.0, 372.0, 621.0, 0.0, 750.0, -103.66687774658203, 0.7338756918907166, 31.4145565032959, 0.5934906005859375, -0.757904052734375, -0.2090301513671875, 0.1721343994140625, -112.91203308105469, 27.57724380493164, -89.31430053710938, 0.5213470458984375, -0.4832000732421875, 0.66259765625, -0.2358856201171875
1028750, 1033.0399169921875, 1000.0, 163.0, 770.0, 204.0, 235.0, 665.0, 146.0, 797.0, 27.0, 1000.0, 901.0, 1000.0, 0.0, 1000.0, 317.0, 999.0, 772.0, 999.0, 999.0, 371.0, 621.0, 0.0, 751.0, -103.59697723388672, 1.0856983661651611, 31.481355667114258, 0.5931854248046875, -0.7579193115234375, -0.2075347900390625, 0.1749267578125, -113.62103271484375, 28.007030487060547, -89.78421020507812, 0.519195556640625, -0.48175048828125, 0.6669158935546875, -0.2313995361328125
1028800, 1033.0994873046875, 1000.0, 164.0, 768.0, 203.0, 234.0, 664.0, 144.0, 797.0, 26.0, 1000.0, 901.0, 750.0, 0.0, 1000.0, 309.0, 999.0, 768.0, 999.0, 999.0, 370.0, 620.0, 0.0, 749.0, -103.47088623046875, 0.9296044707298279, 31.361833572387695, 0.5944976806640625, -0.75726318359375, -0.207366943359375, 0.1735076904296875, -113.98823547363281, 28.231307983398438, -90.11497497558594, 0.5179290771484375, -0.48046875, 0.66949462890625, -0.2294464111328125
1028850, 1033.1495361328125, 1000.0, 164.0, 768.0, 203.0, 233.0, 663.0, 143.0, 797.0, 26.0, 1000.0, 901.0, 750.0, 0.0, 1000.0, 308.0, 999.0, 765.0, 999.0, 999.0, 370.0, 619.0, 0.0, 749.0, -104.01573181152344, 0.9420191645622253, 31.247772216796875, 0.591033935546875, -0.7602996826171875, -0.207366943359375, 0.1720123291015625, -114.49549865722656, 28.254680633544922, -90.40740203857422, 0.51531982421875, -0.4809417724609375, 0.671783447265625, -0.2276611328125
1028860, 1033.19970703125, 1000.0, 164.0, 768.0, 202.0, 233.0, 664.0, 142.0, 797.0, 26.0, 1000.0, 901.0, 1000.0, 0.0, 1000.0, 309.0, 999.0, 768.0, 999.0, 999.0, 370.0, 619.0, 0.0, 749.0, -104.09058380126953, 0.9544826149940491, 31.23102569580078, 0.590545654296875, -0.7607421875, -0.207305908203125, 0.171875, -114.62960815429688, 28.22795867919922, -90.47320556640625, 0.5145111083984375, -0.4812774658203125, 0.672271728515625, -0.227325439453125
1028910, 1033.2093505859375, 1000.0, 165.0, 770.0, 202.0, 232.0, 664.0, 141.0, 796.0, 25.0, 1000.0, 900.0, 1000.0, 0.0, 1000.0, 312.0, 999.0, 770.0, 999.0, 999.0, 369.0, 619.0, 0.0, 749.0, -104.09951782226562, 1.1318410634994507, 31.13079261779785, 0.590301513671875, -0.7612152099609375, -0.2057342529296875, 0.172515869140625, -114.36320495605469, 28.555273056030273, -90.50277709960938, 0.5169525146484375, -0.478424072265625, 0.6725006103515625, -0.22711181640625
