817080, 820.4591064453125, [1000.0, 191.0, 484.0, 178.0, 195.0, 201.0, 151.0, 114.0, 100.0, 1000.0, 0.0, 1000.0, 92.0, 1000.0, 914.0, 999.0, 999.0, 999.0, 999.0, 415.0, 719.0, 0.0, 0.0], [-20.238821029663086, 1.6998710632324219, 106.1347885131836], [-0.5893707275390625, 0.1172332763671875, 0.13165283203125, -0.7883758544921875], [-36.979671478271484, 11.689615249633789, -97.56806182861328], [0.6459197998046875, -0.135223388671875, 0.3009490966796875, -0.6884002685546875]
817140, 820.5195922851562, [1000.0, 184.0, 481.0, 177.0, 193.0, 200.0, 149.0, 113.0, 99.0, 1000.0, 0.0, 1000.0, 91.0, 1000.0, 914.0, 999.0, 999.0, 999.0, 999.0, 414.0, 719.0, 0.0, 0.0], [-20.287399291992188, 1.7508283853530884, 106.23046875], [-0.588592529296875, 0.1177215576171875, 0.1318206787109375, -0.788848876953125], [-36.89107131958008, 11.27579402923584, -97.53448486328125], [0.645599365234375, -0.137451171875, 0.2982177734375, -0.689453125]
817190, 820.5697021484375, [1000.0, 186.0, 481.0, 176.0, 191.0, 199.0, 148.0, 112.0, 99.0, 1000.0, 0.0, 1000.0, 88.0, 1000.0, 915.0, 999.0, 999.0, 999.0, 999.0, 414.0, 718.0, 0.0, 0.0], [-20.266183853149414, 1.7940629720687866, 106.36731719970703], [-0.587615966796875, 0.1177520751953125, 0.131591796875, -0.78961181640625], [-36.918006896972656, 11.616684913635254, -97.55524444580078], [0.645965576171875, -0.1353759765625, 0.3001861572265625, -0.6886749267578125]
817240, 820.6198120117188, [1000.0, 187.0, 479.0, 175.0, 190.0, 197.0, 147.0, 111.0, 98.0, 1000.0, 0.0, 750.0, 86.0, 1000.0, 914.0, 999.0, 999.0, 999.0, 999.0, 414.0, 718.0, 0.0, 0.0], [-20.23356056213379, 1.7056958675384521, 106.43830108642578], [-0.5872802734375, 0.1168975830078125, 0.13189697265625, -0.789947509765625], [-36.953983306884766, 11.619967460632324, -97.56607055664062], [0.6458587646484375, -0.135528564453125, 0.3004302978515625, -0.688629150390625]
817300, 820.6795043945312, [1000.0, 184.0, 481.0, 174.0, 189.0, 196.0, 146.0, 111.0, 97.0, 1000.0, 0.0, 750.0, 86.0, 1000.0, 914.0, 999.0, 999.0, 999.0, 999.0, 414.0, 717.0, 0.0, 0.0], [-20.144336700439453, 1.5125631093978882, 106.5449447631836], [-0.586883544921875, 0.114990234375, 0.13238525390625, -0.790435791015625], [-36.90165328979492, 11.603354454040527, -97.5696792602539], [0.6458740234375, -0.1353302001953125, 0.3000335693359375, -0.6888275146484375]
817350, 820.7296142578125, [1000.0, 185.0, 481.0, 173.0, 187.0, 195.0, 145.0, 110.0, 97.0, 1000.0, 0.0, 1000.0, 84.0, 1000.0, 914.0, 999.0, 999.0, 999.0, 999.0, 414.0, 716.0, 0.0, 0.0], [-20.055076599121094, 1.5572410821914673, 106.62732696533203], [-0.5863494873046875, 0.11474609375, 0.131622314453125, -0.7910003662109375], [-36.781951904296875, 11.580718040466309, -97.54200744628906], [0.646148681640625, -0.1348724365234375, 0.299163818359375, -0.6890411376953125]
817410, 820.7894287109375, [1000.0, 185.0, 481.0, 172.0, 187.0, 194.0, 144.0, 110.0, 96.0, 1000.0, 0.0, 750.0, 82.0, 1000.0, 914.0, 999.0, 999.0, 999.0, 999.0, 414.0, 716.0, 0.0, 0.0], [-20.100610733032227, 1.442720651626587, 106.71522521972656], [-0.585845947265625, 0.1140899658203125, 0.1326141357421875, -0.7913055419921875], [-36.94357681274414, 11.502914428710938, -97.5904541015625], [0.6455535888671875, -0.1361541748046875, 0.2997894287109375, -0.6890869140625]
817460, 820.8395385742188, [1000.0, 185.0, 479.0, 171.0, 185.0, 193.0, 143.0, 110.0, 96.0, 1000.0, 0.0, 1000.0, 79.0, 1000.0, 915.0, 999.0, 999.0, 999.0, 999.0, 414.0, 716.0, 0.0, 0.0], [-20.105703353881836, 1.3899602890014648, 106.79200744628906], [-0.5853729248046875, 0.1136627197265625, 0.13299560546875, -0.7916412353515625], [-36.737945556640625, 11.442315101623535, -97.55136108398438], [0.64593505859375, -0.1354827880859375, 0.298187255859375, -0.689544677734375]
817510, 820.8896484375, [1000.0, 186.0, 476.0, 170.0, 184.0, 193.0, 142.0, 109.0, 95.0, 1000.0, 0.0, 750.0, 74.0, 1000.0, 917.0, 999.0, 999.0, 999.0, 999.0, 414.0, 715.0, 0.0, 0.0], [-20.12380599975586, 1.3694807291030884, 106.8821029663086], [-0.5847625732421875, 0.1135101318359375, 0.1333160400390625, -0.7920684814453125], [-36.887672424316406, 11.369892120361328, -97.57252502441406], [0.6455230712890625, -0.1367340087890625, 0.298736572265625, -0.689453125]
817570, 820.9497680664062, [1000.0, 185.0, 476.0, 169.0, 183.0, 192.0, 142.0, 109.0, 95.0, 1000.0, 0.0, 750.0, 69.0, 1000.0, 917.0, 999.0, 999.0, 999.0, 999.0, 414.0, 715.0, 0.0, 0.0], [-20.12284278869629, 1.34608793258667, 107.01449584960938], [-0.5838775634765625, 0.113189697265625, 0.1335601806640625, -0.792724609375], [-36.695831298828125, 11.090251922607422, -97.53087615966797], [0.64556884765625, -0.137542724609375, 0.2960662841796875, -0.6903839111328125]
817620, 820.9998168945312, [1000.0, 185.0, 481.0, 169.0, 183.0, 191.0, 141.0, 108.0, 94.0, 1000.0, 0.0, 750.0, 65.0, 1000.0, 916.0, 999.0, 999.0, 999.0, 999.0, 414.0, 715.0, 0.0, 0.0], [-20.128772735595703, 1.3187065124511719, 107.14006042480469], [-0.583038330078125, 0.112884521484375, 0.1338653564453125, -0.7933349609375], [-36.91851043701172, 11.119763374328613, -97.56598663330078], [0.6451416015625, -0.138519287109375, 0.297607421875, -0.68994140625]
817680, 821.0594482421875, [1000.0, 186.0, 473.0, 168.0, 181.0, 190.0, 140.0, 107.0, 93.0, 1000.0, 0.0, 1000.0, 60.0, 1000.0, 916.0, 999.0, 999.0, 999.0, 999.0, 414.0, 715.0, 0.0, 0.0], [-20.128273010253906, 1.2783253192901611, 107.29074096679688], [-0.5820465087890625, 0.1124267578125, 0.13421630859375, -0.7940673828125], [-36.008094787597656, 11.260540008544922, -97.36207580566406], [0.6476593017578125, -0.1330108642578125, 0.2926177978515625, -0.6907958984375]
817730, 821.109375, [1000.0, 186.0, 472.0, 167.0, 181.0, 190.0, 139.0, 107.0, 93.0, 1000.0, 0.0, 1000.0, 57.0, 1000.0, 915.0, 999.0, 999.0, 999.0, 999.0, 414.0, 715.0, 0.0, 0.0], [-20.020000457763672, 1.3270844221115112, 107.42274475097656], [-0.5811767578125, 0.112060546875, 0.1333465576171875, -0.7949066162109375], [-36.062068939208984, 11.229991912841797, -97.36625671386719], [0.64752197265625, -0.1334991455078125, 0.29278564453125, -0.6907501220703125]
817780, 821.1594848632812, [1000.0, 186.0, 471.0, 167.0, 180.0, 189.0, 138.0, 106.0, 92.0, 1000.0, 0.0, 750.0, 55.0, 1000.0, 915.0, 999.0, 999.0, 999.0, 999.0, 414.0, 714.0, 0.0, 0.0], [-19.790924072265625, 1.3909555673599243, 107.54024505615234], [-0.58050537109375, 0.1112060546875, 0.1315460205078125, -0.7958221435546875], [-36.25321960449219, 11.136293411254883, -97.42576599121094], [0.6468048095703125, -0.1350250244140625, 0.29351806640625, -0.690826416015625]
817840, 821.219482421875, [1000.0, 183.0, 471.0, 166.0, 178.0, 188.0, 137.0, 106.0, 91.0, 1000.0, 0.0, 750.0, 55.0, 1000.0, 915.0, 999.0, 999.0, 999.0, 999.0, 414.0, 714.0, 0.0, 0.0], [-19.78973388671875, 1.2553116083145142, 107.59302520751953], [-0.5803070068359375, 0.110198974609375, 0.1322784423828125, -0.7959747314453125], [-36.51808547973633, 10.96596622467041, -97.5151596069336], [0.64569091796875, -0.1373748779296875, 0.2943267822265625, -0.6910552978515625]
817890, 821.269775390625, [1000.0, 183.0, 470.0, 166.0, 178.0, 188.0, 136.0, 105.0, 91.0, 1000.0, 0.0, 1000.0, 53.0, 1000.0, 915.0, 999.0, 999.0, 999.0, 999.0, 414.0, 713.0, 0.0, 0.0], [-19.869525909423828, 1.148159146308899, 107.65617370605469], [-0.579925537109375, 0.1097869873046875, 0.1334381103515625, -0.796112060546875], [-36.2828369140625, 10.907181739807129, -97.4535903930664], [0.6462554931640625, -0.1365814208984375, 0.2925262451171875, -0.6914520263671875]
817950, 821.3294677734375, [1000.0, 183.0, 469.0, 165.0, 177.0, 187.0, 136.0, 105.0, 91.0, 1000.0, 0.0, 1000.0, 51.0, 1000.0, 916.0, 999.0, 999.0, 998.0, 999.0, 415.0, 713.0, 0.0, 0.0], [-19.68338966369629, 1.265864610671997, 107.79911041259766], [-0.5789642333984375, 0.1094970703125, 0.131683349609375, -0.797149658203125], [-36.74617385864258, 11.000816345214844, -97.50137329101562], [0.6455535888671875, -0.1384735107421875, 0.295867919921875, -0.6903076171875]
818000, 821.3794555664062, [1000.0, 184.0, 468.0, 164.0, 176.0, 187.0, 135.0, 105.0, 90.0, 1000.0, 0.0, 750.0, 50.0, 1000.0, 915.0, 999.0, 999.0, 998.0, 999.0, 415.0, 712.0, 0.0, 0.0], [-19.695728302001953, 1.216179609298706, 107.92476654052734], [-0.5781402587890625, 0.10906982421875, 0.13214111328125, -0.7977294921875], [-36.31124496459961, 10.726290702819824, -97.3521499633789], [0.6465606689453125, -0.138153076171875, 0.2916259765625, -0.6912384033203125]
818050, 821.4295043945312, [1000.0, 183.0, 467.0, 164.0, 175.0, 186.0, 135.0, 105.0, 90.0, 1000.0, 0.0, 750.0, 38.0, 1000.0, 917.0, 999.0, 999.0, 998.0, 999.0, 416.0, 712.0, 0.0, 0.0], [-19.427492141723633, 0.7584102749824524, 108.38318634033203], [-0.5757598876953125, 0.10400390625, 0.1330108642578125, -0.7999725341796875], [-35.80728530883789, 10.99763011932373, -97.0755386352539], [0.64923095703125, -0.13427734375, 0.2896881103515625, -0.6903076171875]
818110, 821.4895629882812, [1000.0, 183.0, 468.0, 162.0, 174.0, 183.0, 135.0, 104.0, 89.0, 1000.0, 0.0, 750.0, 33.0, 1000.0, 922.0, 999.0, 999.0, 999.0, 999.0, 418.0, 717.0, 0.0, 0.0], [-17.92280387878418, -1.1080294847488403, 109.49037170410156], [-0.5713653564453125, 0.0821075439453125, 0.1327056884765625, -0.8057098388671875], [-34.53020477294922, 12.025263786315918, -95.82672882080078], [0.6595916748046875, -0.12359619140625, 0.2860870361328125, -0.6839447021484375]
818160, 821.5394897460938, [1000.0, 182.0, 462.0, 163.0, 172.0, 187.0, 135.0, 101.0, 99.0, 1000.0, 0.0, 750.0, 12.0, 1000.0, 934.0, 999.0, 999.0, 999.0, 999.0, 424.0, 717.0, 0.0, 7.0], [-16.224327087402344, 1.1157234907150269, 109.92840576171875], [-0.5671844482421875, 0.088897705078125, 0.1100006103515625, -0.81134033203125], [-32.37583923339844, 14.6094970703125, -93.82125854492188], [0.676605224609375, -0.0997314453125, 0.2853546142578125, -0.671417236328125]
818210, 821.5894165039062, [1000.0, 181.0, 471.0, 179.0, 173.0, 214.0, 150.0, 101.0, 107.0, 1000.0, 0.0, 750.0, 0.0, 1000.0, 930.0, 999.0, 999.0, 999.0, 999.0, 419.0, 717.0, 0.0, 36.0], [-15.81148910522461, 3.795637369155884, 111.26667022705078], [-0.5550537109375, 0.10467529296875, 0.0949554443359375, -0.8197174072265625], [-30.148500442504883, 18.194747924804688, -91.2862319946289], [0.6959686279296875, -0.07037353515625, 0.29034423828125, -0.6529541015625]
818270, 821.6494750976562, [1000.0, 181.0, 473.0, 184.0, 183.0, 210.0, 231.0, 100.0, 119.0, 1000.0, 0.0, 1000.0, 0.0, 1000.0, 938.0, 999.0, 999.0, 999.0, 999.0, 412.0, 728.0, 0.0, 96.0], [-9.680954933166504, 5.3957929611206055, 112.80087280273438], [-0.5474853515625, 0.0857086181640625, 0.04425048828125, -0.8312225341796875], [-21.694562911987305, 22.11040687561035, -86.71090698242188], [0.7256317138671875, -0.0050048828125, 0.26373291015625, -0.635498046875]
818320, 821.699462890625, [1000.0, 181.0, 482.0, 181.0, 196.0, 203.0, 488.0, 99.0, 166.0, 1000.0, 0.0, 1000.0, 0.0, 1000.0, 933.0, 999.0, 999.0, 999.0, 999.0, 408.0, 739.0, 0.0, 135.0], [-6.998898983001709, 4.223260879516602, 113.18607330322266], [-0.54730224609375, 0.0642852783203125, 0.030670166015625, -0.833892822265625], [-18.97962188720703, 24.448070526123047, -84.23757934570312], [0.7384185791015625, 0.020538330078125, 0.262969970703125, -0.6205902099609375]
818380, 821.759521484375, [1000.0, 181.0, 466.0, 178.0, 361.0, 197.0, 843.0, 98.0, 476.0, 1000.0, 0.0, 750.0, 0.0, 1000.0, 929.0, 999.0, 999.0, 999.0, 999.0, 405.0, 737.0, 0.0, 199.0], [-4.1839470863342285, 2.9676907062530518, 113.87362670898438], [-0.544219970703125, 0.041595458984375, 0.0164642333984375, -0.837738037109375], [-14.152118682861328, 25.547813415527344, -81.49982452392578], [0.7509613037109375, 0.052215576171875, 0.2446441650390625, -0.611114501953125]
818430, 821.8094482421875, [1000.0, 183.0, 451.0, 179.0, 555.0, 195.0, 890.0, 97.0, 598.0, 1000.0, 0.0, 750.0, 0.0, 1000.0, 936.0, 999.0, 999.0, 999.0, 999.0, 401.0, 727.0, 0.0, 220.0], [-0.38395509123802185, -3.613186836242676, 112.59413146972656], [-0.5546875, -0.0243682861328125, 0.0202789306640625, -0.8314361572265625], [-10.989991188049316, 25.371562957763672, -79.75907135009766], [0.758697509765625, 0.0684661865234375, 0.2276458740234375, -0.60650634765625]
818480, 821.8594360351562, [1000.0, 183.0, 432.0, 185.0, 701.0, 185.0, 910.0, 96.0, 634.0, 1000.0, 0.0, 1000.0, 0.0, 1000.0, 934.0, 999.0, 999.0, 999.0, 999.0, 399.0, 721.0, 0.0, 219.0], [2.178842306137085, -9.556533813476562, 112.03810119628906], [-0.5555572509765625, -0.07965087890625, 0.0308380126953125, -0.8270721435546875], [-9.762365341186523, 24.292877197265625, -78.59536743164062], [0.7651214599609375, 0.0684051513671875, 0.2149200439453125, -0.603057861328125]
818540, 821.91943359375, [1000.0, 183.0, 428.0, 187.0, 820.0, 192.0, 911.0, 95.0, 628.0, 1000.0, 0.0, 750.0, 0.0, 1000.0, 928.0, 999.0, 999.0, 999.0, 999.0, 399.0, 729.0, 0.0, 221.0], [9.27347183227539, -18.160058975219727, 109.12290954589844], [-0.5602874755859375, -0.1744384765625, 0.0261688232421875, -0.8092803955078125], [-5.017061233520508, 22.50511932373047, -76.49742126464844], [0.7747802734375, 0.08697509765625, 0.1796722412109375, -0.599884033203125]
818590, 821.9694213867188, [1000.0, 183.0, 434.0, 190.0, 859.0, 179.0, 917.0, 95.0, 634.0, 1000.0, 0.0, 750.0, 0.0, 1000.0, 924.0, 999.0, 999.0, 999.0, 999.0, 398.0, 722.0, 0.0, 197.0], [14.57845687866211, -24.185379028320312, 106.19902801513672], [-0.56109619140625, -0.24066162109375, 0.0255584716796875, -0.79156494140625], [-3.713717460632324, 21.25368881225586, -75.47065734863281], [0.780517578125, 0.087615966796875, 0.165252685546875, -0.596466064453125]
818650, 822.0294799804688, [1000.0, 184.0, 475.0, 205.0, 874.0, 196.0, 915.0, 104.0, 645.0, 1000.0, 0.0, 1000.0, 0.0, 1000.0, 924.0, 999.0, 999.0, 999.0, 999.0, 396.0, 708.0, 0.0, 169.0], [17.512475967407227, -31.961227416992188, 104.33834838867188], [-0.549652099609375, -0.3046722412109375, 0.051300048828125, -0.776153564453125], [-4.723186016082764, 19.674211502075195, -74.85441589355469], [0.7860565185546875, 0.071502685546875, 0.1602325439453125, -0.59271240234375]
818700, 822.0794677734375, [1000.0, 182.0, 525.0, 232.0, 870.0, 301.0, 917.0, 198.0, 674.0, 1000.0, 8.0, 750.0, 0.0, 1000.0, 943.0, 999.0, 999.0, 999.0, 999.0, 397.0, 709.0, 0.0, 157.0], [23.64549446105957, -36.34772872924805, 98.35955047607422], [-0.559539794921875, -0.3582763671875, 0.05224609375, -0.7455291748046875], [-2.492314577102661, 18.353952407836914, -74.37564086914062], [0.788360595703125, 0.0792694091796875, 0.1399993896484375, -0.593780517578125]
818750, 822.1398315429688, [1000.0, 182.0, 521.0, 284.0, 889.0, 523.0, 924.0, 474.0, 723.0, 1000.0, 65.0, 1000.0, 0.0, 1000.0, 955.0, 999.0, 999.0, 999.0, 999.0, 398.0, 705.0, 0.0, 155.0], [28.41602897644043, -38.77893829345703, 93.61991882324219], [-0.566436767578125, -0.393096923828125, 0.0514678955078125, -0.7224578857421875], [-2.2392807006835938, 17.60980796813965, -75.41189575195312], [0.78350830078125, 0.0783233642578125, 0.1328887939453125, -0.6019134521484375]
818810, 822.1895141601562, [1000.0, 183.0, 583.0, 481.0, 894.0, 845.0, 952.0, 965.0, 770.0, 1000.0, 429.0, 1000.0, 0.0, 1000.0, 983.0, 999.0, 999.0, 999.0, 999.0, 401.0, 782.0, 0.0, 437.0], [31.491966247558594, -42.484344482421875, 88.18701171875], [-0.57586669921875, -0.4243011474609375, 0.0744476318359375, -0.69482421875], [-4.875324249267578, 16.18164825439453, -77.91370391845703], [0.7729339599609375, 0.0556640625, 0.1358184814453125, -0.61724853515625]
818820, 822.2396850585938, [1000.0, 184.0, 620.0, 511.0, 895.0, 868.0, 950.0, 974.0, 776.0, 1000.0, 477.0, 750.0, 0.0, 1000.0, 982.0, 999.0, 999.0, 999.0, 999.0, 402.0, 806.0, 0.0, 503.0], [32.02766418457031, -42.77291488647461, 87.45489501953125], [-0.5772247314453125, -0.4279022216796875, 0.0757293701171875, -0.69134521484375], [-5.080209732055664, 15.979146957397461, -78.2641372680664], [0.7712860107421875, 0.0535888671875, 0.135406494140625, -0.6195831298828125]
818860, 822.24951171875, [1000.0, 186.0, 754.0, 605.0, 905.0, 929.0, 951.0, 1000.0, 797.0, 1000.0, 571.0, 1000.0, 0.0, 1000.0, 943.0, 999.0, 999.0, 999.0, 999.0, 402.0, 855.0, 0.0, 646.0], [33.05398941040039, -44.057132720947266, 84.98970794677734], [-0.58319091796875, -0.4373321533203125, 0.0869903564453125, -0.6790008544921875], [-8.052640914916992, 14.988448143005371, -80.1839370727539], [0.7624969482421875, 0.0305328369140625, 0.1443634033203125, -0.6299285888671875]
818920, 822.2994995117188, [1000.0, 185.0, 808.0, 711.0, 925.0, 976.0, 948.0, 1000.0, 822.0, 1000.0, 609.0, 1000.0, 0.0, 1000.0, 552.0, 999.0, 999.0, 999.0, 999.0, 399.0, 902.0, 0.0, 745.0], [31.68465805053711, -46.40538787841797, 83.51624298095703], [-0.58795166015625, -0.4395904541015625, 0.115631103515625, -0.669097900390625], [-12.887741088867188, 13.991634368896484, -83.16962432861328], [0.7467803955078125, -0.00299072265625, 0.164459228515625, -0.6443939208984375]
818940, 822.35009765625, [1000.0, 185.0, 813.0, 748.0, 935.0, 992.0, 947.0, 1000.0, 837.0, 1000.0, 613.0, 1000.0, 0.0, 1000.0, 453.0, 999.0, 999.0, 999.0, 999.0, 397.0, 916.0, 0.0, 771.0], [30.7514705657959, -47.9165153503418, 82.72962951660156], [-0.59014892578125, -0.4405975341796875, 0.13372802734375, -0.6631011962890625], [-14.343398094177246, 13.68455982208252, -84.21871948242188], [0.74078369140625, -0.0126953125, 0.170806884765625, -0.6495208740234375]
818970, 822.359619140625, [1000.0, 186.0, 844.0, 772.0, 941.0, 1000.0, 947.0, 1000.0, 848.0, 1000.0, 605.0, 1000.0, 0.0, 1000.0, 335.0, 999.0, 999.0, 999.0, 999.0, 393.0, 924.0, 0.0, 796.0], [29.331998825073242, -49.58877182006836, 81.91938781738281], [-0.5936126708984375, -0.43951416015625, 0.15570068359375, -0.6558837890625], [-16.444110870361328, 13.217004776000977, -85.8255386352539], [0.7312469482421875, -0.0264892578125, 0.180145263671875, -0.6573486328125]
819020, 822.4095458984375, [1000.0, 185.0, 913.0, 790.0, 950.0, 1000.0, 951.0, 1000.0, 856.0, 1000.0, 548.0, 1000.0, 0.0, 1000.0, 345.0, 999.0, 999.0, 999.0, 999.0, 390.0, 920.0, 0.0, 814.0], [29.597566604614258, -49.86015701293945, 80.54423522949219], [-0.599334716796875, -0.440155029296875, 0.1612091064453125, -0.6488800048828125], [-19.082120895385742, 11.818788528442383, -87.66712188720703], [0.7194061279296875, -0.048614501953125, 0.1874237060546875, -0.6670379638671875]
819050, 822.4595947265625, [1000.0, 186.0, 948.0, 795.0, 952.0, 1000.0, 954.0, 1000.0, 860.0, 1000.0, 520.0, 1000.0, 0.0, 1000.0, 276.0, 999.0, 999.0, 999.0, 999.0, 392.0, 919.0, 0.0, 823.0], [27.261857986450195, -49.85322952270508, 81.6969223022461], [-0.6016845703125, -0.4295501708984375, 0.1700439453125, -0.65155029296875], [-20.653318405151367, 11.42454719543457, -88.80836486816406], [0.7118377685546875, -0.0589141845703125, 0.19476318359375, -0.672210693359375]
819080, 822.4694213867188, [1000.0, 185.0, 975.0, 773.0, 951.0, 1000.0, 957.0, 1000.0, 860.0, 1000.0, 501.0, 1000.0, 0.0, 1000.0, 235.0, 999.0, 999.0, 999.0, 999.0, 392.0, 910.0, 0.0, 826.0], [23.3852596282959, -50.57732009887695, 83.5938949584961], [-0.6023712158203125, -0.4154052734375, 0.189727783203125, -0.6546478271484375], [-23.523988723754883, 11.45167064666748, -90.34508514404297], [0.701141357421875, -0.0737152099609375, 0.21270751953125, -0.6765289306640625]
819130, 822.51953125, [1000.0, 183.0, 998.0, 757.0, 961.0, 1000.0, 977.0, 1000.0, 871.0, 1000.0, 471.0, 1000.0, 0.0, 1000.0, 261.0, 999.0, 999.0, 999.0, 999.0, 387.0, 882.0, 0.0, 828.0], [8.618151664733887, -51.03564453125, 92.47850036621094], [-0.599029541015625, -0.357147216796875, 0.248138427734375, -0.6723175048828125], [-32.03900146484375, 12.816851615905762, -94.07828521728516], [0.6734771728515625, -0.1083831787109375, 0.2738037109375, -0.678009033203125]
819190, 822.5695190429688, [1000.0, 182.0, 981.0, 763.0, 951.0, 1000.0, 980.0, 1000.0, 866.0, 1000.0, 457.0, 1000.0, 0.0, 1000.0, 309.0, 999.0, 999.0, 999.0, 999.0, 381.0, 864.0, 0.0, 830.0], [-10.776727676391602, -46.38525390625, 104.7909164428711], [-0.58770751953125, -0.2579498291015625, 0.3076324462890625, -0.702423095703125], [-41.35620880126953, 16.829248428344727, -97.95198059082031], [0.646453857421875, -0.1259918212890625, 0.3533935546875, -0.664306640625]
819240, 822.6295166015625, [1000.0, 182.0, 938.0, 735.0, 902.0, 974.0, 931.0, 982.0, 796.0, 1000.0, 454.0, 750.0, 0.0, 1000.0, 319.0, 999.0, 999.0, 999.0, 999.0, 368.0, 843.0, 0.0, 827.0], [-30.880264282226562, -36.53071594238281, 116.07821655273438], [-0.5553131103515625, -0.1224822998046875, 0.3744049072265625, -0.7324066162109375], [-52.1192512512207, 21.34886932373047, -101.70153045654297], [0.6204376220703125, -0.1435089111328125, 0.4398345947265625, -0.6332244873046875]
819290, 822.6795043945312, [1000.0, 181.0, 891.0, 695.0, 810.0, 946.0, 829.0, 950.0, 691.0, 1000.0, 464.0, 1000.0, 0.0, 1000.0, 502.0, 999.0, 999.0, 999.0, 999.0, 362.0, 835.0, 0.0, 819.0], [-43.41780090332031, -28.15382957458496, 119.69590759277344], [-0.5304412841796875, -0.0151824951171875, 0.423736572265625, -0.734039306640625], [-61.49653244018555, 24.781810760498047, -103.86272430419922], [0.60394287109375, -0.1627197265625, 0.5068359375, -0.5931854248046875]
819350, 822.7396850585938, [1000.0, 181.0, 824.0, 655.0, 726.0, 900.0, 755.0, 890.0, 627.0, 1000.0, 477.0, 750.0, 0.0, 1000.0, 556.0, 999.0, 999.0, 999.0, 999.0, 358.0, 842.0, 0.0, 803.0], [-50.670257568359375, -14.1195068359375, 118.41781616210938], [-0.50433349609375, 0.1219635009765625, 0.421661376953125, -0.74359130859375], [-66.85646057128906, 28.253244400024414, -105.55770111083984], [0.59661865234375, -0.16094970703125, 0.548614501953125, -0.563140869140625]
819400, 822.78955078125, [1000.0, 183.0, 866.0, 596.0, 716.0, 859.0, 759.0, 834.0, 614.0, 1000.0, 494.0, 750.0, 0.0, 1000.0, 654.0, 999.0, 999.0, 999.0, 999.0, 358.0, 842.0, 0.0, 784.0], [-56.449642181396484, -3.218747615814209, 116.2886734008789], [-0.4761199951171875, 0.228485107421875, 0.4145965576171875, -0.7410736083984375], [-70.83316040039062, 31.028831481933594, -106.6847915649414], [0.593170166015625, -0.15850830078125, 0.578094482421875, -0.5373992919921875]
819450, 822.83984375, [1000.0, 182.0, 924.0, 534.0, 730.0, 830.0, 788.0, 795.0, 607.0, 1000.0, 534.0, 750.0, 0.0, 1000.0, 334.0, 999.0, 999.0, 999.0, 999.0, 352.0, 828.0, 0.0, 772.0], [-62.548824310302734, 4.4965643882751465, 113.36540985107422], [-0.4520721435546875, 0.3129425048828125, 0.4150543212890625, -0.7248382568359375], [-74.89612579345703, 33.43631362915039, -107.8545913696289], [0.5890655517578125, -0.158294677734375, 0.6051483154296875, -0.511566162109375]
819510, 822.8992919921875, [1000.0, 181.0, 946.0, 508.0, 720.0, 827.0, 807.0, 841.0, 604.0, 1000.0, 526.0, 1000.0, 0.0, 1000.0, 420.0, 999.0, 999.0, 999.0, 999.0, 341.0, 818.0, 0.0, 765.0], [-65.87560272216797, 12.610702514648438, 108.3270492553711], [-0.439971923828125, 0.3911285400390625, 0.3841552734375, -0.711212158203125], [-75.58025360107422, 35.38004684448242, -108.36310577392578], [0.591583251953125, -0.1469268798828125, 0.6139068603515625, -0.50152587890625]
819560, 822.9497680664062, [1000.0, 180.0, 950.0, 492.0, 662.0, 823.0, 727.0, 783.0, 593.0, 1000.0, 522.0, 1000.0, 0.0, 1000.0, 599.0, 999.0, 999.0, 999.0, 999.0, 338.0, 813.0, 0.0, 762.0], [-66.4278335571289, 16.44025230407715, 105.9700927734375], [-0.4359588623046875, 0.4218902587890625, 0.360870361328125, -0.70831298828125], [-71.87164306640625, 42.2908935546875, -106.37339782714844], [0.621978759765625, -0.094146728515625, 0.61322021484375, -0.4777069091796875]
819620, 823.009521484375, [1000.0, 179.0, 946.0, 481.0, 635.0, 816.0, 703.0, 764.0, 588.0, 1000.0, 523.0, 750.0, 0.0, 1000.0, 655.0, 999.0, 999.0, 999.0, 999.0, 332.0, 808.0, 0.0, 758.0], [-66.26921844482422, 21.284921646118164, 102.64237213134766], [-0.435516357421875, 0.456451416015625, 0.322723388671875, -0.7055511474609375], [-69.3302230834961, 41.37498474121094, -105.31629180908203], [0.62646484375, -0.0917510986328125, 0.599273681640625, -0.4898529052734375]
819670, 823.0598754882812, [1000.0, 178.0, 921.0, 482.0, 625.0, 805.0, 709.0, 762.0, 584.0, 1000.0, 524.0, 750.0, 0.0, 1000.0, 739.0, 999.0, 999.0, 999.0, 999.0, 326.0, 809.0, 0.0, 759.0], [-66.2264633178711, 22.325847625732422, 100.65475463867188], [-0.4431915283203125, 0.4669647216796875, 0.3090057373046875, -0.70001220703125], [-68.0008773803711, 40.21753692626953, -103.35739135742188], [0.633544921875, -0.10198974609375, 0.5886993408203125, -0.491546630859375]
819720, 823.1095581054688, [1000.0, 177.0, 890.0, 487.0, 618.0, 785.0, 692.0, 726.0, 579.0, 1000.0, 525.0, 1000.0, 0.0, 1000.0, 854.0, 999.0, 999.0, 999.0, 999.0, 322.0, 818.0, 0.0, 754.0], [-65.58170318603516, 23.133289337158203, 100.2750244140625], [-0.44451904296875, 0.469451904296875, 0.299224853515625, -0.7017669677734375], [-71.69926452636719, 39.12575912475586, -104.73934936523438], [0.6216278076171875, -0.1219940185546875, 0.602752685546875, -0.485137939453125]
819780, 823.1695556640625, [1000.0, 178.0, 792.0, 502.0, 566.0, 769.0, 654.0, 696.0, 562.0, 1000.0, 542.0, 1000.0, 0.0, 1000.0, 925.0, 999.0, 999.0, 999.0, 999.0, 321.0, 826.0, 0.0, 747.0], [-69.27136993408203, 21.92522430419922, 99.40498352050781], [-0.4399871826171875, 0.4802093505859375, 0.324371337890625, -0.68597412109375], [-75.21145629882812, 38.26318359375, -106.58809661865234], [0.607696533203125, -0.1364288330078125, 0.6173858642578125, -0.4805145263671875]
819830, 823.2198486328125, [1000.0, 178.0, 726.0, 487.0, 553.0, 736.0, 654.0, 678.0, 556.0, 1000.0, 560.0, 750.0, 0.0, 1000.0, 899.0, 999.0, 999.0, 999.0, 999.0, 322.0, 826.0, 0.0, 739.0], [-71.28312683105469, 21.716896057128906, 97.8055419921875], [-0.4419097900390625, 0.491546630859375, 0.33062744140625, -0.673614501953125], [-77.88432312011719, 37.9343376159668, -107.14592742919922], [0.60113525390625, -0.1495513916015625, 0.6283721923828125, -0.47052001953125]
819890, 823.279541015625, [1000.0, 179.0, 676.0, 484.0, 513.0, 728.0, 619.0, 649.0, 552.0, 1000.0, 585.0, 1000.0, 0.0, 1000.0, 987.0, 999.0, 999.0, 999.0, 999.0, 322.0, 820.0, 0.0, 731.0], [-74.20643615722656, 19.588058471679688, 96.66690063476562], [-0.4458160400390625, 0.4965362548828125, 0.3538818359375, -0.6553192138671875], [-79.22181701660156, 38.1953010559082, -106.09550476074219], [0.6043243408203125, -0.1607513427734375, 0.6329803466796875, -0.45635986328125]
819940, 823.3297729492188, [1000.0, 177.0, 646.0, 482.0, 483.0, 725.0, 599.0, 649.0, 550.0, 1000.0, 605.0, 750.0, 0.0, 1000.0, 988.0, 999.0, 999.0, 999.0, 999.0, 322.0, 819.0, 0.0, 728.0], [-73.8128433227539, 20.593523025512695, 97.13460540771484], [-0.4401397705078125, 0.498138427734375, 0.348388671875, -0.6608734130859375], [-77.92994689941406, 39.01531219482422, -105.94329833984375], [0.6089935302734375, -0.1496734619140625, 0.6295623779296875, -0.4586334228515625]
819990, 823.3798217773438, [1000.0, 179.0, 630.0, 473.0, 466.0, 720.0, 587.0, 648.0, 548.0, 1000.0, 612.0, 1000.0, 0.0, 1000.0, 949.0, 999.0, 999.0, 999.0, 999.0, 321.0, 814.0, 0.0, 727.0], [-73.13516998291016, 21.47945213317871, 97.05715942382812], [-0.4393768310546875, 0.4997711181640625, 0.3394622802734375, -0.664764404296875], [-76.79322052001953, 39.575077056884766, -105.75831604003906], [0.612701416015625, -0.141143798828125, 0.6261138916015625, -0.46112060546875]
820050, 823.4395141601562, [1000.0, 179.0, 621.0, 467.0, 455.0, 722.0, 581.0, 653.0, 546.0, 1000.0, 616.0, 1000.0, 0.0, 1000.0, 990.0, 999.0, 999.0, 999.0, 999.0, 320.0, 812.0, 0.0, 725.0], [-73.38540649414062, 22.776020050048828, 97.23749542236328], [-0.4311065673828125, 0.506011962890625, 0.3348388671875, -0.66778564453125], [-78.36824035644531, 32.128238677978516, -106.68812561035156], [0.584930419921875, -0.190399169921875, 0.6151123046875, -0.4931640625]
820100, 823.4898071289062, [1000.0, 178.0, 615.0, 464.0, 446.0, 722.0, 577.0, 653.0, 546.0, 1000.0, 623.0, 1000.0, 0.0, 1000.0, 999.0, 999.0, 999.0, 999.0, 999.0, 320.0, 810.0, 0.0, 723.0], [-73.2071304321289, 23.815258026123047, 97.28372192382812], [-0.4266815185546875, 0.5098419189453125, 0.3284759521484375, -0.6708831787109375], [-77.56183624267578, 30.119136810302734, -106.18698120117188], [0.5821685791015625, -0.2012481689453125, 0.605255126953125, -0.5041961669921875]
820160, 823.54931640625, [1000.0, 178.0, 610.0, 461.0, 441.0, 721.0, 572.0, 659.0, 546.0, 1000.0, 632.0, 1000.0, 0.0, 1000.0, 972.0, 999.0, 999.0, 999.0, 999.0, 319.0, 809.0, 0.0, 721.0], [-72.04695129394531, 23.48121452331543, 97.69095611572266], [-0.430999755859375, 0.502838134765625, 0.3252410888671875, -0.674957275390625], [-78.52469635009766, 30.193035125732422, -106.76219177246094], [0.57818603515625, -0.2026214599609375, 0.6107025146484375, -0.5016632080078125]
820210, 823.5994873046875, [1000.0, 179.0, 609.0, 457.0, 434.0, 721.0, 567.0, 664.0, 545.0, 1000.0, 635.0, 1000.0, 0.0, 1000.0, 988.0, 999.0, 999.0, 999.0, 999.0, 318.0, 807.0, 0.0, 720.0], [-72.73441314697266, 22.699766159057617, 97.3358154296875], [-0.4337615966796875, 0.5029296875, 0.331878662109375, -0.6698760986328125], [-78.73442840576172, 30.03156089782715, -107.01013946533203], [0.576202392578125, -0.203338623046875, 0.6116180419921875, -0.502532958984375]
820260, 823.6495361328125, [1000.0, 178.0, 605.0, 456.0, 428.0, 725.0, 563.0, 667.0, 545.0, 1000.0, 637.0, 750.0, 0.0, 1000.0, 999.0, 999.0, 999.0, 999.0, 999.0, 317.0, 806.0, 0.0, 719.0], [-73.52132415771484, 22.487043380737305, 97.09774780273438], [-0.4326934814453125, 0.505645751953125, 0.3365478515625, -0.6661834716796875], [-79.572265625, 30.156591415405273, -107.64302062988281], [0.572357177734375, -0.2033843994140625, 0.6167449951171875, -0.500640869140625]
820320, 823.7095947265625, [1000.0, 178.0, 605.0, 455.0, 425.0, 724.0, 561.0, 664.0, 546.0, 1000.0, 640.0, 1000.0, 0.0, 1000.0, 994.0, 999.0, 999.0, 999.0, 999.0, 316.0, 805.0, 0.0, 717.0], [-73.3978500366211, 22.294607162475586, 97.0254135131836], [-0.4345703125, 0.5045318603515625, 0.3365325927734375, -0.6658172607421875], [-78.72313690185547, 30.16301918029785, -107.53187561035156], [0.5743560791015625, -0.1996917724609375, 0.6128387451171875, -0.504608154296875]
820370, 823.7595825195312, [1000.0, 178.0, 604.0, 454.0, 422.0, 724.0, 562.0, 663.0, 545.0, 1000.0, 638.0, 1000.0, 0.0, 1000.0, 997.0, 999.0, 999.0, 999.0, 999.0, 316.0, 804.0, 0.0, 716.0], [-72.94013977050781, 22.69631004333496, 97.12700653076172], [-0.4340972900390625, 0.504302978515625, 0.332183837890625, -0.668487548828125], [-78.05131530761719, 30.59189796447754, -107.60009765625], [0.57659912109375, -0.193328857421875, 0.61114501953125, -0.5065765380859375]
820430, 823.8195190429688, [1000.0, 178.0, 602.0, 454.0, 420.0, 725.0, 563.0, 660.0, 544.0, 1000.0, 635.0, 1000.0, 0.0, 1000.0, 999.0, 999.0, 999.0, 999.0, 999.0, 315.0, 804.0, 0.0, 715.0], [-72.1736068725586, 23.531068801879883, 97.2659683227539], [-0.432708740234375, 0.5047454833984375, 0.3238525390625, -0.6731109619140625], [-76.81258392333984, 31.408222198486328, -107.4005355834961], [0.5821075439453125, -0.18310546875, 0.6075439453125, -0.5084228515625]
820480, 823.869384765625, [1000.0, 178.0, 601.0, 455.0, 418.0, 729.0, 565.0, 661.0, 546.0, 1000.0, 632.0, 1000.0, 0.0, 1000.0, 999.0, 999.0, 999.0, 999.0, 999.0, 315.0, 804.0, 0.0, 714.0], [-72.31515502929688, 23.908647537231445, 97.2065200805664], [-0.4306488037109375, 0.50714111328125, 0.3224029541015625, -0.67333984375], [-76.49103546142578, 32.37691879272461, -107.2938461303711], [0.5860595703125, -0.1760406494140625, 0.6085662841796875, -0.505126953125]
820530, 823.9195556640625, [1000.0, 178.0, 599.0, 454.0, 416.0, 728.0, 564.0, 662.0, 546.0, 1000.0, 632.0, 1000.0, 0.0, 1000.0, 999.0, 999.0, 999.0, 999.0, 999.0, 314.0, 803.0, 0.0, 714.0], [-72.20392608642578, 24.3404598236084, 97.27093505859375], [-0.4287109375, 0.5084686279296875, 0.3197174072265625, -0.6748504638671875], [-75.93598937988281, 32.59035873413086, -107.08653259277344], [0.588470458984375, -0.1729736328125, 0.60638427734375, -0.5060272216796875]
820590, 823.9795532226562, [1000.0, 178.0, 596.0, 455.0, 414.0, 729.0, 565.0, 662.0, 545.0, 1000.0, 627.0, 1000.0, 0.0, 1000.0, 999.0, 999.0, 999.0, 999.0, 999.0, 314.0, 802.0, 0.0, 714.0], [-72.24556732177734, 24.8232364654541, 97.42868041992188], [-0.42529296875, 0.5103302001953125, 0.3180694580078125, -0.6763763427734375], [-76.20384979248047, 32.310768127441406, -107.28727722167969], [0.586334228515625, -0.175018310546875, 0.60711669921875, -0.506927490234375]
820640, 824.0294799804688, [1000.0, 177.0, 594.0, 455.0, 413.0, 729.0, 564.0, 662.0, 546.0, 1000.0, 630.0, 1000.0, 0.0, 1000.0, 990.0, 999.0, 999.0, 999.0, 999.0, 313.0, 802.0, 0.0, 714.0], [-71.70911407470703, 25.076541900634766, 97.65898132324219], [-0.42510986328125, 0.5088348388671875, 0.3145599365234375, -0.67926025390625], [-75.4996337890625, 32.56440353393555, -107.21536254882812], [0.588470458984375, -0.1702117919921875, 0.6045684814453125, -0.5091094970703125]
820670, 824.079833984375, [1000.0, 177.0, 594.0, 456.0, 412.0, 730.0, 564.0, 661.0, 546.0, 1000.0, 628.0, 750.0, 0.0, 1000.0, 966.0, 999.0, 999.0, 999.0, 999.0, 313.0, 802.0, 0.0, 713.0], [-71.45497131347656, 25.199020385742188, 97.79979705810547], [-0.4248199462890625, 0.508056640625, 0.313018798828125, -0.6807403564453125], [-75.03273010253906, 32.86606216430664, -107.11863708496094], [0.590484619140625, -0.16644287109375, 0.603179931640625, -0.5096893310546875]
820690, 824.0894165039062, [1000.0, 178.0, 593.0, 456.0, 411.0, 731.0, 564.0, 662.0, 545.0, 1000.0, 628.0, 1000.0, 0.0, 1000.0, 931.0, 999.0, 999.0, 999.0, 999.0, 313.0, 802.0, 0.0, 713.0], [-71.3766098022461, 25.322282791137695, 97.90013122558594], [-0.423980712890625, 0.5080413818359375, 0.3123321533203125, -0.68157958984375], [-74.96406555175781, 32.73768997192383, -107.20352935791016], [0.5898284912109375, -0.16644287109375, 0.6026458740234375, -0.511077880859375]
820750, 824.1395263671875, [1000.0, 177.0, 593.0, 456.0, 409.0, 732.0, 564.0, 664.0, 545.0, 1000.0, 628.0, 750.0, 0.0, 1000.0, 890.0, 999.0, 999.0, 999.0, 999.0, 312.0, 802.0, 0.0, 713.0], [-70.81201934814453, 25.58519172668457, 98.24254608154297], [-0.423187255859375, 0.5062103271484375, 0.3090667724609375, -0.6849212646484375], [-75.62120819091797, 32.657379150390625, -107.97172546386719], [0.585205078125, -0.166259765625, 0.606475830078125, -0.5119171142578125]
820800, 824.189453125, [1000.0, 177.0, 593.0, 457.0, 405.0, 733.0, 564.0, 665.0, 544.0, 1000.0, 629.0, 1000.0, 0.0, 1000.0, 841.0, 999.0, 999.0, 999.0, 999.0, 312.0, 802.0, 0.0, 713.0], [-69.77339172363281, 25.567386627197266, 98.67949676513672], [-0.4252166748046875, 0.5011138916015625, 0.3048553466796875, -0.6892852783203125], [-75.35321807861328, 32.925209045410156, -108.12054443359375], [0.585723876953125, -0.1624298095703125, 0.606201171875, -0.5128631591796875]
820860, 824.24951171875, [1000.0, 177.0, 594.0, 458.0, 402.0, 734.0, 565.0, 665.0, 543.0, 1000.0, 630.0, 750.0, 0.0, 1000.0, 821.0, 999.0, 999.0, 999.0, 999.0, 311.0, 801.0, 0.0, 713.0], [-70.78248596191406, 26.06999397277832, 98.56608581542969], [-0.4190673828125, 0.507415771484375, 0.307708740234375, -0.687164306640625], [-75.96328735351562, 33.56480026245117, -108.88372039794922], [0.5833892822265625, -0.1574859619140625, 0.611663818359375, -0.5105743408203125]
820910, 824.2994995117188, [1000.0, 177.0, 593.0, 458.0, 400.0, 735.0, 563.0, 667.0, 543.0, 1000.0, 631.0, 1000.0, 0.0, 1000.0, 799.0, 999.0, 999.0, 999.0, 999.0, 311.0, 800.0, 0.0, 712.0], [-71.4041519165039, 25.869770050048828, 98.5406494140625], [-0.41741943359375, 0.50885009765625, 0.3123931884765625, -0.6849822998046875], [-76.3169174194336, 33.839115142822266, -109.4774169921875], [0.5811004638671875, -0.154388427734375, 0.61474609375, -0.51043701171875]
820960, 824.3594970703125, [1000.0, 177.0, 594.0, 459.0, 398.0, 738.0, 564.0, 668.0, 542.0, 1000.0, 630.0, 750.0, 0.0, 1000.0, 751.0, 999.0, 999.0, 999.0, 999.0, 311.0, 798.0, 0.0, 712.0], [-70.9731674194336, 26.140625, 99.0932846069336], [-0.4147186279296875, 0.5070037841796875, 0.3108062744140625, -0.6887054443359375], [-75.93611907958984, 34.731510162353516, -109.56266021728516], [0.58392333984375, -0.146392822265625, 0.615386962890625, -0.5087890625]
821020, 824.4094848632812, [1000.0, 178.0, 596.0, 460.0, 396.0, 738.0, 565.0, 670.0, 541.0, 1000.0, 630.0, 1000.0, 0.0, 1000.0, 815.0, 999.0, 999.0, 999.0, 999.0, 311.0, 798.0, 0.0, 712.0], [-70.43842315673828, 26.607254028320312, 99.60503387451172], [-0.4117584228515625, 0.5058135986328125, 0.307342529296875, -0.692901611328125], [-74.6785659790039, 34.958824157714844, -109.15391540527344], [0.5879974365234375, -0.140716552734375, 0.6098480224609375, -0.5123748779296875]
821070, 824.4695434570312, [1000.0, 178.0, 597.0, 461.0, 396.0, 737.0, 566.0, 669.0, 540.0, 1000.0, 625.0, 1000.0, 0.0, 1000.0, 982.0, 999.0, 999.0, 999.0, 999.0, 310.0, 797.0, 0.0, 712.0], [-70.12067413330078, 26.67276954650879, 100.20184326171875], [-0.4092254638671875, 0.5033721923828125, 0.3076934814453125, -0.696014404296875], [-75.00505065917969, 33.89542770385742, -109.29981231689453], [0.58380126953125, -0.1483154296875, 0.6087799072265625, -0.5162811279296875]
821130, 824.51953125, [1000.0, 177.0, 604.0, 462.0, 403.0, 733.0, 572.0, 665.0, 538.0, 1000.0, 622.0, 1000.0, 0.0, 1000.0, 971.0, 999.0, 999.0, 999.0, 999.0, 310.0, 795.0, 0.0, 711.0], [-69.13611602783203, 26.832677841186523, 100.64848327636719], [-0.4100494384765625, 0.4994049072265625, 0.30279541015625, -0.700531005859375], [-74.46196746826172, 33.29770278930664, -109.31920623779297], [0.5826416015625, -0.1492156982421875, 0.60479736328125, -0.5219879150390625]
