1261540, 1266.859375, [1000.0, 118.0, 401.0, 155.0, 178.0, 212.0, 126.0, 145.0, 120.0, 1000.0, 65.0, 750.0, 0.0, 666.0, 895.0, 999.0, 999.0, 974.0, 999.0, 612.0, 785.0, 0.0, 320.0], [-17.61083984375, -7.435467720031738, 67.58688354492188], [-0.825042724609375, 0.09130859375, 0.138214111328125, -0.5402374267578125], [-29.624454498291016, 16.27350616455078, -130.14706420898438], [0.4361572265625, 0.017425537109375, 0.28717041015625, -0.852630615234375]
1261600, 1266.909423828125, [1000.0, 118.0, 401.0, 155.0, 177.0, 210.0, 125.0, 143.0, 120.0, 1000.0, 64.0, 750.0, 0.0, 666.0, 895.0, 999.0, 999.0, 973.0, 999.0, 613.0, 785.0, 0.0, 319.0], [-17.581626892089844, -7.4622039794921875, 67.73416900634766], [-0.824371337890625, 0.090789794921875, 0.1383819580078125, -0.541290283203125], [-30.450536727905273, 16.01784324645996, -130.3325958251953], [0.4344940185546875, 0.012786865234375, 0.2924652099609375, -0.8517608642578125]
1261630, 1266.95947265625, [1000.0, 117.0, 400.0, 154.0, 176.0, 210.0, 125.0, 143.0, 119.0, 1000.0, 63.0, 750.0, 0.0, 666.0, 895.0, 999.0, 999.0, 973.0, 999.0, 614.0, 783.0, 0.0, 318.0], [-17.583812713623047, -7.484925746917725, 67.84503173828125], [-0.8238525390625, 0.0905609130859375, 0.138641357421875, -0.54205322265625], [-30.090877532958984, 16.342761993408203, -130.23370361328125], [0.4356842041015625, 0.0164031982421875, 0.2908477783203125, -0.8516387939453125]
1261650, 1266.9693603515625, [1000.0, 118.0, 400.0, 154.0, 176.0, 209.0, 124.0, 142.0, 119.0, 1000.0, 63.0, 750.0, 0.0, 666.0, 895.0, 999.0, 999.0, 973.0, 999.0, 614.0, 782.0, 0.0, 317.0], [-17.59947967529297, -7.477945804595947, 67.8907241821289], [-0.8236236572265625, 0.0906524658203125, 0.138702392578125, -0.5423736572265625], [-30.09686851501465, 16.315229415893555, -130.236083984375], [0.4356231689453125, 0.01617431640625, 0.290802001953125, -0.8516845703125]
1261700, 1267.01953125, [1000.0, 117.0, 397.0, 153.0, 175.0, 208.0, 123.0, 141.0, 118.0, 1000.0, 62.0, 750.0, 0.0, 666.0, 890.0, 999.0, 999.0, 975.0, 999.0, 615.0, 783.0, 0.0, 315.0], [-17.631196975708008, -7.499373435974121, 67.9920425415039], [-0.8231201171875, 0.0906524658203125, 0.1390838623046875, -0.54302978515625], [-30.0952091217041, 16.35565185546875, -130.237060546875], [0.4356842041015625, 0.0164947509765625, 0.290924072265625, -0.85162353515625]
1261760, 1267.0694580078125, [1000.0, 117.0, 390.0, 152.0, 174.0, 207.0, 123.0, 140.0, 117.0, 1000.0, 61.0, 750.0, 0.0, 1000.0, 901.0, 999.0, 999.0, 978.0, 999.0, 616.0, 782.0, 0.0, 314.0], [-17.5900936126709, -7.524734020233154, 68.04930877685547], [-0.8228912353515625, 0.0901641845703125, 0.1391143798828125, -0.54345703125], [-30.151226043701172, 16.438100814819336, -130.28115844726562], [0.43548583984375, 0.01702880859375, 0.291595458984375, -0.851470947265625]
1261810, 1267.1295166015625, [1000.0, 117.0, 387.0, 152.0, 173.0, 206.0, 122.0, 140.0, 117.0, 1000.0, 60.0, 750.0, 0.0, 666.0, 893.0, 999.0, 999.0, 977.0, 999.0, 617.0, 781.0, 0.0, 313.0], [-17.589183807373047, -7.539231777191162, 68.09870147705078], [-0.822662353515625, 0.09002685546875, 0.139251708984375, -0.543792724609375], [-29.86865234375, 16.357704162597656, -130.22210693359375], [0.435760498046875, 0.017333984375, 0.28924560546875, -0.8521270751953125]
1261840, 1267.179443359375, [1000.0, 117.0, 384.0, 151.0, 173.0, 205.0, 121.0, 139.0, 116.0, 1000.0, 59.0, 750.0, 0.0, 666.0, 896.0, 999.0, 999.0, 978.0, 999.0, 617.0, 781.0, 0.0, 312.0], [-17.606292724609375, -7.520718574523926, 68.12353515625], [-0.8225250244140625, 0.0902099609375, 0.13922119140625, -0.543975830078125], [-29.98078727722168, 16.417512893676758, -130.2447052001953], [0.435699462890625, 0.017425537109375, 0.2902679443359375, -0.851806640625]
1261870, 1267.1893310546875, [1000.0, 117.0, 382.0, 151.0, 172.0, 205.0, 121.0, 138.0, 116.0, 1000.0, 59.0, 750.0, 0.0, 666.0, 893.0, 999.0, 999.0, 977.0, 999.0, 618.0, 780.0, 0.0, 311.0], [-17.58730697631836, -7.497740268707275, 68.15411376953125], [-0.8223876953125, 0.09014892578125, 0.1389923095703125, -0.54425048828125], [-29.672943115234375, 16.32797622680664, -130.15673828125], [0.4361724853515625, 0.0176849365234375, 0.2877044677734375, -0.8524322509765625]
1261920, 1267.239501953125, [1000.0, 117.0, 382.0, 150.0, 172.0, 203.0, 121.0, 138.0, 115.0, 1000.0, 58.0, 750.0, 0.0, 666.0, 892.0, 999.0, 999.0, 977.0, 999.0, 618.0, 780.0, 0.0, 310.0], [-17.562612533569336, -7.459951400756836, 68.2361068725586], [-0.8220062255859375, 0.090057373046875, 0.138671875, -0.544921875], [-29.856592178344727, 16.18145179748535, -130.19793701171875], [0.4356689453125, 0.015960693359375, 0.2885894775390625, -0.8524169921875]
1261970, 1267.28955078125, [1000.0, 116.0, 381.0, 149.0, 171.0, 202.0, 120.0, 137.0, 115.0, 1000.0, 57.0, 750.0, 0.0, 1000.0, 892.0, 999.0, 999.0, 982.0, 999.0, 619.0, 779.0, 0.0, 308.0], [-17.567073822021484, -7.4132399559021, 68.33832550048828], [-0.821502685546875, 0.0901947021484375, 0.1384429931640625, -0.54571533203125], [-29.766033172607422, 16.053220748901367, -130.18084716796875], [0.4355926513671875, 0.0152740478515625, 0.287506103515625, -0.85284423828125]
1262030, 1267.349853515625, [1000.0, 117.0, 380.0, 149.0, 170.0, 201.0, 119.0, 136.0, 114.0, 1000.0, 56.0, 750.0, 0.0, 666.0, 894.0, 999.0, 999.0, 977.0, 999.0, 619.0, 778.0, 0.0, 307.0], [-17.555103302001953, -7.457143306732178, 68.44268035888672], [-0.8210296630859375, 0.0897674560546875, 0.1387786865234375, -0.546417236328125], [-29.122453689575195, 15.753881454467773, -129.9576416015625], [0.4367218017578125, 0.014862060546875, 0.281768798828125, -0.85418701171875]
1262080, 1267.39990234375, [1000.0, 117.0, 380.0, 148.0, 169.0, 200.0, 119.0, 135.0, 113.0, 1000.0, 55.0, 750.0, 0.0, 666.0, 894.0, 999.0, 999.0, 976.0, 999.0, 620.0, 778.0, 0.0, 305.0], [-17.44426918029785, -7.654378890991211, 68.54828643798828], [-0.8206634521484375, 0.0878753662109375, 0.1397247314453125, -0.547027587890625], [-29.61894989013672, 16.131196975708008, -130.0525665283203], [0.4366455078125, 0.01611328125, 0.28668212890625, -0.852569580078125]
1262130, 1267.4493408203125, [1000.0, 116.0, 379.0, 147.0, 169.0, 200.0, 118.0, 135.0, 113.0, 1000.0, 54.0, 750.0, 0.0, 1000.0, 897.0, 999.0, 999.0, 975.0, 999.0, 620.0, 778.0, 0.0, 303.0], [-17.494495391845703, -7.697237491607666, 68.65718841552734], [-0.8201141357421875, 0.087890625, 0.140350341796875, -0.5476837158203125], [-29.442699432373047, 16.106426239013672, -130.0066680908203], [0.436920166015625, 0.0164794921875, 0.2852935791015625, -0.852874755859375]
1262190, 1267.50927734375, [1000.0, 116.0, 379.0, 147.0, 168.0, 199.0, 118.0, 134.0, 112.0, 1000.0, 53.0, 750.0, 0.0, 666.0, 900.0, 999.0, 999.0, 979.0, 999.0, 621.0, 778.0, 0.0, 302.0], [-17.472505569458008, -7.6412858963012695, 68.7916030883789], [-0.8194732666015625, 0.0878448486328125, 0.13995361328125, -0.5487518310546875], [-29.45187759399414, 16.08441162109375, -130.00299072265625], [0.436920166015625, 0.016265869140625, 0.2852935791015625, -0.8528900146484375]
1262240, 1267.5594482421875, [1000.0, 116.0, 378.0, 147.0, 168.0, 198.0, 117.0, 133.0, 112.0, 1000.0, 53.0, 750.0, 0.0, 666.0, 894.0, 999.0, 999.0, 976.0, 999.0, 621.0, 777.0, 0.0, 299.0], [-17.438209533691406, -7.610884666442871, 68.9266586303711], [-0.81884765625, 0.08758544921875, 0.139678955078125, -0.5498046875], [-29.517162322998047, 16.12743377685547, -130.00048828125], [0.43701171875, 0.0163421630859375, 0.285919189453125, -0.852630615234375]
1262300, 1267.6195068359375, [1000.0, 116.0, 377.0, 146.0, 167.0, 197.0, 116.0, 132.0, 111.0, 1000.0, 52.0, 750.0, 0.0, 1000.0, 885.0, 999.0, 999.0, 975.0, 999.0, 625.0, 776.0, 0.0, 295.0], [-17.361085891723633, -7.864954948425293, 69.29278564453125], [-0.8172149658203125, 0.0853271484375, 0.1413726806640625, -0.552154541015625], [-28.146240234375, 16.483211517333984, -129.51063537597656], [0.4409332275390625, 0.02313232421875, 0.2769622802734375, -0.8534088134765625]
1262350, 1267.6695556640625, [1000.0, 116.0, 376.0, 145.0, 166.0, 196.0, 116.0, 131.0, 110.0, 1000.0, 51.0, 750.0, 0.0, 666.0, 872.0, 999.0, 999.0, 972.0, 999.0, 630.0, 776.0, 0.0, 293.0], [-17.002328872680664, -8.481901168823242, 69.75794219970703], [-0.81536865234375, 0.0791168212890625, 0.1443023681640625, -0.5550384521484375], [-27.749998092651367, 16.526866912841797, -129.07717895507812], [0.4441375732421875, 0.023956298828125, 0.2742462158203125, -0.85260009765625]
1262400, 1267.7197265625, [1000.0, 115.0, 376.0, 143.0, 166.0, 194.0, 115.0, 130.0, 109.0, 1000.0, 50.0, 750.0, 0.0, 1000.0, 875.0, 999.0, 999.0, 974.0, 999.0, 639.0, 776.0, 0.0, 284.0], [-15.837077140808105, -10.968295097351074, 70.32044982910156], [-0.8136138916015625, 0.0576019287109375, 0.1563568115234375, -0.5569915771484375], [-25.87285804748535, 16.831140518188477, -127.89673614501953], [0.452850341796875, 0.0308837890625, 0.2615966796875, -0.8517608642578125]
1262460, 1267.7796630859375, [1000.0, 114.0, 377.0, 140.0, 165.0, 188.0, 115.0, 125.0, 104.0, 1000.0, 48.0, 750.0, 0.0, 1000.0, 911.0, 999.0, 999.0, 992.0, 999.0, 639.0, 778.0, 0.0, 272.0], [-11.693231582641602, -15.115092277526855, 70.0727310180664], [-0.8151397705078125, 0.007568359375, 0.16510009765625, -0.55517578125], [-21.438297271728516, 18.909893035888672, -125.12776947021484], [0.4736785888671875, 0.0587158203125, 0.2371978759765625, -0.846099853515625]
1262510, 1267.8297119140625, [1000.0, 114.0, 373.0, 142.0, 164.0, 185.0, 114.0, 124.0, 110.0, 1000.0, 47.0, 750.0, 0.0, 666.0, 895.0, 999.0, 999.0, 999.0, 999.0, 632.0, 782.0, 0.0, 271.0], [-7.598031520843506, -15.527420997619629, 69.14495086669922], [-0.8191375732421875, -0.022430419921875, 0.1482391357421875, -0.5536346435546875], [-17.91986083984375, 21.529109954833984, -122.3709716796875], [0.493194580078125, 0.0879058837890625, 0.2229766845703125, -0.8362274169921875]
1262570, 1267.8896484375, [1000.0, 114.0, 431.0, 149.0, 163.0, 200.0, 110.0, 123.0, 115.0, 1000.0, 48.0, 750.0, 0.0, 666.0, 884.0, 999.0, 999.0, 999.0, 999.0, 609.0, 778.0, 0.0, 261.0], [-5.570462226867676, -12.184083938598633, 68.43508911132812], [-0.82415771484375, -0.0196533203125, 0.1148223876953125, -0.554229736328125], [-15.403578758239746, 24.105751037597656, -119.43031311035156], [0.5128936767578125, 0.1125946044921875, 0.217529296875, -0.82275390625]
1262620, 1267.9395751953125, [1000.0, 114.0, 438.0, 154.0, 163.0, 214.0, 132.0, 123.0, 127.0, 1000.0, 49.0, 750.0, 0.0, 666.0, 879.0, 999.0, 999.0, 999.0, 999.0, 597.0, 777.0, 0.0, 278.0], [-3.625256299972534, -8.604997634887695, 67.99454498291016], [-0.82763671875, -0.015777587890625, 0.079803466796875, -0.555328369140625], [-11.580170631408691, 25.59930992126465, -116.36370086669922], [0.530487060546875, 0.1354217529296875, 0.199798583984375, -0.812591552734375]
1262670, 1267.9893798828125, [1000.0, 114.0, 438.0, 159.0, 165.0, 229.0, 448.0, 124.0, 231.0, 1000.0, 52.0, 750.0, 0.0, 666.0, 878.0, 999.0, 999.0, 999.0, 999.0, 589.0, 781.0, 0.0, 277.0], [-0.19026459753513336, -8.506096839904785, 66.72123718261719], [-0.832977294921875, -0.039398193359375, 0.0628509521484375, -0.54827880859375], [-7.749803066253662, 26.722898483276367, -113.56909942626953], [0.5447998046875, 0.1568756103515625, 0.181304931640625, -0.8035430908203125]
1262730, 1268.0498046875, [1000.0, 115.0, 408.0, 169.0, 382.0, 312.0, 799.0, 129.0, 524.0, 1000.0, 58.0, 750.0, 0.0, 1000.0, 881.0, 999.0, 999.0, 999.0, 999.0, 580.0, 756.0, 0.0, 265.0], [0.0767827033996582, -6.126112461090088, 66.35370635986328], [-0.83575439453125, -0.0298004150390625, 0.0443572998046875, -0.5464630126953125], [-6.374370574951172, 26.928743362426758, -111.62635803222656], [0.556304931640625, 0.16192626953125, 0.17535400390625, -0.7959442138671875]
1262780, 1268.099609375, [1000.0, 115.0, 420.0, 197.0, 705.0, 528.0, 886.0, 205.0, 738.0, 1000.0, 66.0, 1000.0, 0.0, 1000.0, 882.0, 999.0, 999.0, 999.0, 999.0, 572.0, 736.0, 0.0, 256.0], [2.9462196826934814, -9.145880699157715, 64.12623596191406], [-0.8433837890625, -0.06402587890625, 0.0539398193359375, -0.5307159423828125], [-4.271970272064209, 26.460660934448242, -110.43677520751953], [0.561920166015625, 0.167144775390625, 0.1602630615234375, -0.794097900390625]
1262840, 1268.1595458984375, [1000.0, 114.0, 409.0, 275.0, 763.0, 748.0, 894.0, 658.0, 771.0, 1000.0, 91.0, 750.0, 0.0, 666.0, 881.0, 999.0, 999.0, 999.0, 999.0, 563.0, 710.0, 0.0, 274.0], [7.782525539398193, -16.25139617919922, 60.00312805175781], [-0.8505401611328125, -0.128692626953125, 0.088531494140625, -0.502166748046875], [-3.331390619277954, 24.209259033203125, -110.54814910888672], [0.5617523193359375, 0.1560821533203125, 0.14276123046875, -0.7997894287109375]
1262890, 1268.209716796875, [1000.0, 114.0, 452.0, 397.0, 788.0, 869.0, 901.0, 881.0, 791.0, 1000.0, 186.0, 750.0, 0.0, 666.0, 893.0, 999.0, 999.0, 999.0, 999.0, 552.0, 697.0, 0.0, 395.0], [12.93521499633789, -22.409040451049805, 56.16282272338867], [-0.849639892578125, -0.1883697509765625, 0.1183319091796875, -0.478118896484375], [-3.437448024749756, 21.313243865966797, -111.4638442993164], [0.55767822265625, 0.1361541748046875, 0.1284332275390625, -0.80865478515625]
1262940, 1268.259765625, [1000.0, 113.0, 557.0, 445.0, 814.0, 904.0, 906.0, 935.0, 827.0, 1000.0, 266.0, 750.0, 0.0, 666.0, 904.0, 999.0, 999.0, 999.0, 999.0, 544.0, 725.0, 0.0, 523.0], [15.488202095031738, -25.95890235900879, 53.04020690917969], [-0.850433349609375, -0.21685791015625, 0.1405029296875, -0.4582061767578125], [-3.2722115516662598, 18.59309959411621, -112.775634765625], [0.5499114990234375, 0.1188812255859375, 0.11285400390625, -0.8189697265625]
1263000, 1268.31982421875, [1000.0, 113.0, 723.0, 503.0, 818.0, 937.0, 884.0, 970.0, 832.0, 1000.0, 328.0, 750.0, 0.0, 666.0, 906.0, 999.0, 999.0, 999.0, 999.0, 533.0, 744.0, 0.0, 641.0], [20.461933135986328, -33.66527557373047, 45.72438430786133], [-0.8479461669921875, -0.267364501953125, 0.196533203125, -0.4133453369140625], [-3.9531822204589844, 15.909895896911621, -115.306884765625], [0.533599853515625, 0.09857177734375, 0.1028594970703125, -0.8336334228515625]
1263050, 1268.369873046875, [1000.0, 114.0, 869.0, 561.0, 814.0, 961.0, 864.0, 996.0, 827.0, 1000.0, 381.0, 750.0, 0.0, 666.0, 911.0, 999.0, 999.0, 999.0, 999.0, 522.0, 766.0, 0.0, 710.0], [24.11827850341797, -39.657894134521484, 40.2382926940918], [-0.8394317626953125, -0.29864501953125, 0.2438812255859375, -0.3829803466796875], [-5.455337047576904, 14.172996520996094, -117.35714721679688], [0.520294189453125, 0.080718994140625, 0.104400634765625, -0.843719482421875]
1263110, 1268.4296875, [1000.0, 116.0, 912.0, 663.0, 818.0, 984.0, 844.0, 1000.0, 843.0, 1000.0, 440.0, 750.0, 0.0, 1000.0, 926.0, 999.0, 999.0, 999.0, 999.0, 508.0, 793.0, 0.0, 764.0], [27.040666580200195, -46.63518524169922, 33.94533920288086], [-0.82696533203125, -0.31768798828125, 0.305419921875, -0.349151611328125], [-8.794804573059082, 13.298839569091797, -119.92878723144531], [0.503387451171875, 0.06182861328125, 0.12371826171875, -0.8529052734375]
1263160, 1268.4796142578125, [1000.0, 121.0, 922.0, 722.0, 823.0, 993.0, 836.0, 1000.0, 851.0, 1000.0, 492.0, 750.0, 0.0, 666.0, 804.0, 999.0, 999.0, 999.0, 999.0, 500.0, 807.0, 0.0, 789.0], [27.51590347290039, -52.053558349609375, 30.866714477539062], [-0.8135528564453125, -0.3194122314453125, 0.3539581298828125, -0.332855224609375], [-13.867535591125488, 12.333898544311523, -122.13346862792969], [0.4888153076171875, 0.0352630615234375, 0.1566314697265625, -0.8574676513671875]
1263210, 1268.5296630859375, [1000.0, 125.0, 922.0, 757.0, 862.0, 999.0, 857.0, 1000.0, 882.0, 1000.0, 514.0, 750.0, 0.0, 666.0, 331.0, 999.0, 999.0, 999.0, 999.0, 489.0, 832.0, 0.0, 809.0], [31.353513717651367, -55.17354965209961, 25.70751953125], [-0.804107666015625, -0.332672119140625, 0.38140869140625, -0.31182861328125], [-16.804302215576172, 11.894765853881836, -124.02204132080078], [0.475128173828125, 0.022308349609375, 0.1764373779296875, -0.8617401123046875]
1263270, 1268.58984375, [1000.0, 125.0, 906.0, 791.0, 900.0, 1000.0, 912.0, 1000.0, 911.0, 1000.0, 461.0, 750.0, 0.0, 666.0, 320.0, 999.0, 999.0, 999.0, 999.0, 474.0, 832.0, 0.0, 817.0], [25.38336944580078, -55.7044677734375, 29.372257232666016], [-0.8083343505859375, -0.3034515380859375, 0.391632080078125, -0.317962646484375], [-21.205411911010742, 10.584278106689453, -126.25862121582031], [0.4575042724609375, -0.0019378662109375, 0.20440673828125, -0.865386962890625]
1263320, 1268.6395263671875, [1000.0, 125.0, 974.0, 774.0, 916.0, 1000.0, 934.0, 1000.0, 929.0, 1000.0, 392.0, 750.0, 0.0, 666.0, 261.0, 999.0, 999.0, 999.0, 999.0, 470.0, 822.0, 0.0, 816.0], [18.252290725708008, -55.022586822509766, 33.40813446044922], [-0.8176727294921875, -0.2658233642578125, 0.396392822265625, -0.321868896484375], [-25.613428115844727, 9.918825149536133, -128.55535888671875], [0.4388885498046875, -0.0198974609375, 0.23553466796875, -0.86688232421875]
1263370, 1268.689453125, [1000.0, 123.0, 983.0, 777.0, 925.0, 1000.0, 947.0, 1000.0, 939.0, 1000.0, 366.0, 750.0, 0.0, 666.0, 260.0, 999.0, 999.0, 999.0, 999.0, 463.0, 809.0, 13.0, 815.0], [3.8421409130096436, -53.60515594482422, 42.24828338623047], [-0.82666015625, -0.1903228759765625, 0.4095916748046875, -0.3355865478515625], [-32.920528411865234, 11.605488777160645, -131.6302032470703], [0.4170074462890625, -0.02703857421875, 0.296875, -0.858612060546875]
1263430, 1268.7496337890625, [1000.0, 119.0, 975.0, 748.0, 903.0, 991.0, 936.0, 995.0, 930.0, 1000.0, 349.0, 750.0, 0.0, 666.0, 356.0, 999.0, 999.0, 999.0, 999.0, 449.0, 778.0, 0.0, 818.0], [-22.552690505981445, -49.102195739746094, 59.20226287841797], [-0.81573486328125, -0.046630859375, 0.4421539306640625, -0.3699798583984375], [-45.70695495605469, 16.014230728149414, -136.05613708496094], [0.3915863037109375, -0.0248565673828125, 0.4046783447265625, -0.82598876953125]
1263480, 1268.8095703125, [1000.0, 118.0, 944.0, 735.0, 855.0, 978.0, 896.0, 981.0, 875.0, 1000.0, 359.0, 750.0, 0.0, 666.0, 422.0, 999.0, 999.0, 999.0, 999.0, 438.0, 772.0, 0.0, 825.0], [-41.97734069824219, -39.48152542114258, 69.85816955566406], [-0.78973388671875, 0.0958404541015625, 0.451568603515625, -0.403961181640625], [-55.76182556152344, 20.002044677734375, -138.30264282226562], [0.3856964111328125, -0.02044677734375, 0.4850006103515625, -0.784576416015625]
1263540, 1268.8594970703125, [1000.0, 118.0, 888.0, 676.0, 738.0, 941.0, 685.0, 948.0, 699.0, 1000.0, 389.0, 750.0, 0.0, 666.0, 401.0, 999.0, 999.0, 999.0, 999.0, 428.0, 780.0, 0.0, 821.0], [-53.24366760253906, -30.27781105041504, 72.51566314697266], [-0.7650604248046875, 0.2107086181640625, 0.4440765380859375, -0.4160003662109375], [-65.60769653320312, 24.00472068786621, -140.820556640625], [0.3817901611328125, -0.01300048828125, 0.5578460693359375, -0.736785888671875]
1263590, 1268.9095458984375, [1000.0, 119.0, 860.0, 622.0, 633.0, 904.0, 584.0, 915.0, 603.0, 1000.0, 470.0, 1000.0, 0.0, 666.0, 509.0, 999.0, 999.0, 999.0, 999.0, 422.0, 778.0, 0.0, 815.0], [-60.253501892089844, -19.433364868164062, 72.37203979492188], [-0.738067626953125, 0.3130950927734375, 0.4098968505859375, -0.4349517822265625], [-71.60062408447266, 26.69789695739746, -142.23411560058594], [0.3831787109375, -0.00701904296875, 0.59912109375, -0.7029571533203125]
1263640, 1268.9696044921875, [1000.0, 119.0, 867.0, 580.0, 589.0, 874.0, 551.0, 880.0, 564.0, 1000.0, 502.0, 750.0, 0.0, 666.0, 419.0, 999.0, 999.0, 999.0, 999.0, 419.0, 775.0, 0.0, 800.0], [-63.38066864013672, -9.986087799072266, 71.94223022460938], [-0.7128753662109375, 0.380035400390625, 0.3673248291015625, -0.4608917236328125], [-73.46784210205078, 29.184886932373047, -141.8006591796875], [0.3961639404296875, 0.00140380859375, 0.613006591796875, -0.683563232421875]
1263700, 1269.01953125, [1000.0, 119.0, 907.0, 528.0, 555.0, 852.0, 547.0, 851.0, 550.0, 1000.0, 583.0, 750.0, 0.0, 1000.0, 535.0, 999.0, 999.0, 999.0, 999.0, 417.0, 762.0, 0.0, 784.0], [-66.2390365600586, -2.5661685466766357, 69.13722229003906], [-0.6964263916015625, 0.4391632080078125, 0.32537841796875, -0.4650115966796875], [-74.25379943847656, 31.733346939086914, -141.67083740234375], [0.4076385498046875, 0.0153045654296875, 0.619964599609375, -0.6702423095703125]
1263750, 1269.07958984375, [1000.0, 120.0, 919.0, 506.0, 531.0, 844.0, 533.0, 836.0, 541.0, 1000.0, 620.0, 750.0, 0.0, 666.0, 478.0, 999.0, 999.0, 999.0, 999.0, 412.0, 751.0, 0.0, 777.0], [-67.58612060546875, 3.597745180130005, 66.63607788085938], [-0.68450927734375, 0.4788665771484375, 0.2835540771484375, -0.4708404541015625], [-74.43592071533203, 33.53213119506836, -140.93055725097656], [0.4193878173828125, 0.0228424072265625, 0.6226043701171875, -0.660247802734375]
1263810, 1269.1297607421875, [1000.0, 119.0, 926.0, 498.0, 506.0, 840.0, 527.0, 827.0, 534.0, 1000.0, 628.0, 750.0, 0.0, 666.0, 570.0, 999.0, 999.0, 999.0, 999.0, 400.0, 746.0, 0.0, 772.0], [-68.76995849609375, 11.13820743560791, 63.04825973510742], [-0.671478271484375, 0.52099609375, 0.225616455078125, -0.476165771484375], [-73.93521881103516, 35.05957794189453, -140.32127380371094], [0.4289398193359375, 0.0317535400390625, 0.621063232421875, -0.6551666259765625]
1263820, 1269.179931640625, [1000.0, 118.0, 928.0, 495.0, 500.0, 839.0, 523.0, 826.0, 532.0, 1000.0, 634.0, 750.0, 0.0, 666.0, 563.0, 999.0, 999.0, 999.0, 999.0, 399.0, 745.0, 0.0, 771.0], [-68.83937072753906, 11.629037857055664, 62.69582748413086], [-0.67108154296875, 0.5237274169921875, 0.2211761474609375, -0.4758453369140625], [-74.0401611328125, 35.22284698486328, -140.4199981689453], [0.4290618896484375, 0.0330047607421875, 0.62176513671875, -0.6543731689453125]
1263860, 1269.1893310546875, [1000.0, 118.0, 932.0, 487.0, 481.0, 840.0, 508.0, 821.0, 528.0, 1000.0, 649.0, 750.0, 0.0, 1000.0, 522.0, 999.0, 999.0, 999.0, 999.0, 396.0, 742.0, 0.0, 771.0], [-68.93143463134766, 14.141164779663086, 60.786285400390625], [-0.670501708984375, 0.5357666015625, 0.19659423828125, -0.474029541015625], [-75.69205474853516, 38.4676399230957, -141.33615112304688], [0.437530517578125, 0.0536956787109375, 0.6327362060546875, -0.636627197265625]
1263910, 1269.2396240234375, [1000.0, 118.0, 933.0, 482.0, 470.0, 837.0, 502.0, 814.0, 524.0, 1000.0, 664.0, 750.0, 0.0, 666.0, 454.0, 999.0, 999.0, 999.0, 999.0, 392.0, 736.0, 0.0, 771.0], [-66.52049255371094, 17.045331954956055, 58.990562438964844], [-0.67974853515625, 0.5330963134765625, 0.1591796875, -0.4778900146484375], [-71.67044830322266, 39.14554214477539, -139.65431213378906], [0.447509765625, 0.064697265625, 0.6114349365234375, -0.64935302734375]
1263930, 1269.2896728515625, [1000.0, 117.0, 935.0, 480.0, 463.0, 837.0, 499.0, 811.0, 523.0, 1000.0, 659.0, 750.0, 0.0, 1000.0, 440.0, 999.0, 999.0, 999.0, 999.0, 390.0, 734.0, 0.0, 771.0], [-65.62228393554688, 18.007625579833984, 58.542972564697266], [-0.6826324462890625, 0.531158447265625, 0.146942138671875, -0.4798431396484375], [-70.41767883300781, 39.51361083984375, -138.46205139160156], [0.45489501953125, 0.065826416015625, 0.60528564453125, -0.649871826171875]
1263970, 1269.2994384765625, [1000.0, 116.0, 933.0, 479.0, 452.0, 839.0, 494.0, 810.0, 526.0, 1000.0, 641.0, 750.0, 0.0, 666.0, 425.0, 999.0, 999.0, 999.0, 999.0, 385.0, 731.0, 0.0, 770.0], [-66.14823913574219, 19.36625099182129, 57.00815200805664], [-0.6820831298828125, 0.5399932861328125, 0.1328582763671875, -0.474853515625], [-68.55404663085938, 38.68075180053711, -133.6038360595703], [0.4785614013671875, 0.042205810546875, 0.5962371826171875, -0.6431732177734375]
1264020, 1269.349609375, [1000.0, 116.0, 938.0, 479.0, 443.0, 836.0, 495.0, 805.0, 524.0, 1000.0, 628.0, 750.0, 0.0, 1000.0, 395.0, 999.0, 999.0, 999.0, 999.0, 380.0, 726.0, 0.0, 767.0], [-69.06317901611328, 17.934614181518555, 55.67530822753906], [-0.6782989501953125, 0.555084228515625, 0.147918701171875, -0.4581146240234375], [-73.03630828857422, 37.072608947753906, -131.1648406982422], [0.48724365234375, -0.0005950927734375, 0.619354248046875, -0.6156158447265625]
1264060, 1269.39990234375, [1000.0, 116.0, 938.0, 474.0, 437.0, 827.0, 494.0, 794.0, 518.0, 1000.0, 622.0, 750.0, 0.0, 666.0, 381.0, 999.0, 999.0, 999.0, 999.0, 377.0, 721.0, 0.0, 767.0], [-73.475830078125, 15.623507499694824, 55.39796829223633], [-0.6651611328125, 0.5753173828125, 0.17901611328125, -0.4410247802734375], [-76.14967346191406, 36.756961822509766, -131.03207397460938], [0.4865570068359375, -0.01666259765625, 0.635467529296875, -0.5992889404296875]
1264080, 1269.4093017578125, [1000.0, 116.0, 936.0, 469.0, 434.0, 821.0, 492.0, 785.0, 516.0, 1000.0, 629.0, 750.0, 0.0, 1000.0, 347.0, 999.0, 999.0, 999.0, 999.0, 375.0, 718.0, 0.0, 765.0], [-73.98544311523438, 15.787178039550781, 55.59077835083008], [-0.66131591796875, 0.5783843994140625, 0.1808929443359375, -0.4420166015625], [-76.4503402709961, 36.75450897216797, -131.1905059814453], [0.4856719970703125, -0.0170745849609375, 0.637054443359375, -0.598297119140625]
1264130, 1269.4595947265625, [1000.0, 115.0, 929.0, 461.0, 428.0, 813.0, 490.0, 777.0, 514.0, 1000.0, 645.0, 750.0, 0.0, 666.0, 331.0, 999.0, 999.0, 999.0, 999.0, 374.0, 713.0, 0.0, 762.0], [-73.68295288085938, 16.819137573242188, 56.1540412902832], [-0.6572418212890625, 0.57843017578125, 0.1759033203125, -0.449981689453125], [-78.26261138916016, 33.177982330322266, -132.62049865722656], [0.46368408203125, -0.0402069091796875, 0.6428375244140625, -0.608367919921875]
1264180, 1269.509521484375, [1000.0, 115.0, 926.0, 451.0, 427.0, 807.0, 492.0, 772.0, 519.0, 1000.0, 657.0, 750.0, 0.0, 666.0, 314.0, 999.0, 999.0, 999.0, 999.0, 372.0, 709.0, 0.0, 759.0], [-74.37265014648438, 17.23950958251953, 56.2471809387207], [-0.6519622802734375, 0.5832977294921875, 0.1763763427734375, -0.451171875], [-78.95071411132812, 31.57379913330078, -132.9202423095703], [0.4552154541015625, -0.0518035888671875, 0.64471435546875, -0.61187744140625]
1264240, 1269.5694580078125, [1000.0, 115.0, 919.0, 446.0, 425.0, 805.0, 493.0, 770.0, 519.0, 1000.0, 653.0, 750.0, 0.0, 666.0, 313.0, 999.0, 999.0, 999.0, 999.0, 370.0, 705.0, 0.0, 756.0], [-73.14738464355469, 17.821422576904297, 57.32295608520508], [-0.6519012451171875, 0.5761871337890625, 0.173187255859375, -0.461517333984375], [-77.33663177490234, 33.680870056152344, -132.27996826171875], [0.4678192138671875, -0.0350341796875, 0.638397216796875, -0.610198974609375]
1264290, 1269.619873046875, [1000.0, 115.0, 914.0, 440.0, 423.0, 800.0, 493.0, 768.0, 517.0, 1000.0, 657.0, 750.0, 0.0, 666.0, 303.0, 999.0, 999.0, 999.0, 999.0, 370.0, 702.0, 0.0, 751.0], [-74.51582336425781, 19.26740074157715, 57.00822830200195], [-0.6412200927734375, 0.58807373046875, 0.16778564453125, -0.4635009765625], [-76.74652099609375, 32.08745574951172, -131.74282836914062], [0.464569091796875, -0.046142578125, 0.6330413818359375, -0.6174774169921875]
1264350, 1269.6795654296875, [1000.0, 115.0, 910.0, 436.0, 421.0, 797.0, 490.0, 765.0, 517.0, 1000.0, 662.0, 750.0, 0.0, 666.0, 292.0, 999.0, 999.0, 999.0, 999.0, 369.0, 700.0, 0.0, 749.0], [-73.50735473632812, 19.35162353515625, 57.150978088378906], [-0.6454925537109375, 0.5824127197265625, 0.16387939453125, -0.466094970703125], [-79.5806655883789, 31.712488174438477, -133.28623962402344], [0.4535675048828125, -0.05133056640625, 0.648406982421875, -0.6092529296875]
1264400, 1269.7294921875, [1000.0, 115.0, 908.0, 430.0, 418.0, 792.0, 486.0, 764.0, 518.0, 1000.0, 671.0, 750.0, 0.0, 666.0, 265.0, 999.0, 999.0, 999.0, 999.0, 368.0, 698.0, 0.0, 745.0], [-74.09459686279297, 18.676183700561523, 56.42442321777344], [-0.6477813720703125, 0.5850830078125, 0.1669158935546875, -0.4584503173828125], [-78.23526000976562, 30.1525821685791, -132.60691833496094], [0.4513397216796875, -0.0600433349609375, 0.6389312744140625, -0.620025634765625]
1264450, 1269.779541015625, [1000.0, 115.0, 908.0, 427.0, 414.0, 788.0, 480.0, 767.0, 518.0, 1000.0, 674.0, 750.0, 0.0, 666.0, 238.0, 999.0, 999.0, 999.0, 999.0, 366.0, 697.0, 0.0, 743.0], [-74.70935821533203, 18.31533432006836, 55.974937438964844], [-0.6476593017578125, 0.58831787109375, 0.1693878173828125, -0.4535369873046875], [-78.52143859863281, 30.71381950378418, -132.85462951660156], [0.4521942138671875, -0.0561065673828125, 0.641326904296875, -0.6172943115234375]
1264510, 1269.839599609375, [1000.0, 115.0, 907.0, 422.0, 410.0, 784.0, 474.0, 766.0, 516.0, 1000.0, 680.0, 750.0, 0.0, 666.0, 224.0, 999.0, 999.0, 999.0, 999.0, 366.0, 696.0, 0.0, 741.0], [-74.86428833007812, 18.518474578857422, 55.570430755615234], [-0.64776611328125, 0.5902862548828125, 0.1666107177734375, -0.4518585205078125], [-77.91751098632812, 31.18242835998535, -132.6046600341797], [0.4557647705078125, -0.052032470703125, 0.6385498046875, -0.6179046630859375]
1264560, 1269.889404296875, [1000.0, 114.0, 907.0, 418.0, 406.0, 781.0, 470.0, 770.0, 516.0, 1000.0, 685.0, 750.0, 0.0, 666.0, 209.0, 999.0, 999.0, 999.0, 999.0, 365.0, 695.0, 0.0, 739.0], [-75.04828643798828, 18.74131202697754, 55.6993408203125], [-0.645538330078125, 0.5916748046875, 0.16656494140625, -0.4532318115234375], [-77.92245483398438, 32.22783279418945, -132.52403259277344], [0.4604644775390625, -0.045623779296875, 0.6398468017578125, -0.613555908203125]
1264610, 1269.9395751953125, [1000.0, 114.0, 906.0, 416.0, 400.0, 780.0, 465.0, 772.0, 515.0, 1000.0, 684.0, 750.0, 0.0, 1000.0, 202.0, 999.0, 999.0, 999.0, 999.0, 365.0, 696.0, 0.0, 737.0], [-75.3438491821289, 19.030071258544922, 55.55849838256836], [-0.6435699462890625, 0.59423828125, 0.1651458740234375, -0.4532012939453125], [-76.9278335571289, 31.688283920288086, -131.9220733642578], [0.4619293212890625, -0.04852294921875, 0.6335601806640625, -0.6187286376953125]
1264670, 1269.99951171875, [1000.0, 114.0, 904.0, 414.0, 385.0, 777.0, 452.0, 774.0, 511.0, 1000.0, 697.0, 750.0, 0.0, 666.0, 184.0, 999.0, 999.0, 999.0, 999.0, 365.0, 697.0, 0.0, 734.0], [-74.15411376953125, 19.593473434448242, 56.0260009765625], [-0.6458892822265625, 0.5882415771484375, 0.1591796875, -0.459808349609375], [-76.3974380493164, 32.56822967529297, -131.73309326171875], [0.4666595458984375, -0.041595458984375, 0.6317901611328125, -0.6175079345703125]
1264720, 1270.0496826171875, [1000.0, 114.0, 903.0, 413.0, 377.0, 776.0, 449.0, 773.0, 512.0, 1000.0, 696.0, 750.0, 0.0, 666.0, 189.0, 999.0, 999.0, 999.0, 999.0, 365.0, 696.0, 0.0, 732.0], [-73.84346008300781, 19.78687858581543, 56.148128509521484], [-0.6463165283203125, 0.5867919921875, 0.1573028564453125, -0.461700439453125], [-75.93663787841797, 32.221221923828125, -131.57473754882812], [0.4663238525390625, -0.0428924560546875, 0.6287841796875, -0.6207427978515625]
1264780, 1270.109619140625, [1000.0, 114.0, 903.0, 412.0, 373.0, 776.0, 445.0, 773.0, 514.0, 1000.0, 691.0, 750.0, 0.0, 1000.0, 193.0, 999.0, 999.0, 999.0, 999.0, 363.0, 694.0, 0.0, 732.0], [-74.16677856445312, 19.724674224853516, 56.15474319458008], [-0.6448516845703125, 0.5884552001953125, 0.1590423583984375, -0.4610443115234375], [-77.02469635009766, 32.29010772705078, -132.2831268310547], [0.4623565673828125, -0.042938232421875, 0.635009765625, -0.617340087890625]
1264830, 1270.1595458984375, [1000.0, 114.0, 902.0, 411.0, 372.0, 776.0, 444.0, 772.0, 515.0, 1000.0, 687.0, 750.0, 0.0, 1000.0, 205.0, 999.0, 999.0, 999.0, 999.0, 362.0, 694.0, 0.0, 729.0], [-74.6832504272461, 19.524982452392578, 56.04961013793945], [-0.643310546875, 0.5910186767578125, 0.161865234375, -0.45892333984375], [-77.4417724609375, 31.699167251586914, -132.67776489257812], [0.4576873779296875, -0.04632568359375, 0.6366729736328125, -0.6188812255859375]
1264880, 1270.209716796875, [1000.0, 114.0, 902.0, 411.0, 371.0, 775.0, 444.0, 772.0, 515.0, 1000.0, 686.0, 750.0, 0.0, 666.0, 219.0, 999.0, 999.0, 999.0, 999.0, 362.0, 693.0, 0.0, 728.0], [-74.97651672363281, 18.957054138183594, 56.01198959350586], [-0.6439208984375, 0.591339111328125, 0.16650390625, -0.4559783935546875], [-77.76260375976562, 32.32135009765625, -132.97964477539062], [0.458465576171875, -0.0418243408203125, 0.6392822265625, -0.6159210205078125]
1264940, 1270.269775390625, [1000.0, 114.0, 901.0, 409.0, 371.0, 774.0, 446.0, 768.0, 513.0, 1000.0, 684.0, 750.0, 0.0, 1000.0, 242.0, 999.0, 999.0, 999.0, 999.0, 361.0, 691.0, 0.0, 725.0], [-75.10340881347656, 18.943387985229492, 56.094810485839844], [-0.6429901123046875, 0.5919036865234375, 0.1675262451171875, -0.456207275390625], [-77.76068878173828, 32.185794830322266, -133.00437927246094], [0.4577789306640625, -0.042572021484375, 0.6391143798828125, -0.616546630859375]
1264990, 1270.319580078125, [1000.0, 114.0, 901.0, 408.0, 372.0, 773.0, 449.0, 765.0, 514.0, 1000.0, 687.0, 750.0, 0.0, 666.0, 245.0, 999.0, 999.0, 999.0, 999.0, 361.0, 690.0, 0.0, 724.0], [-74.92669677734375, 19.099050521850586, 56.2897834777832], [-0.642578125, 0.59100341796875, 0.1668243408203125, -0.45819091796875], [-77.42045593261719, 32.33784866333008, -132.87030029296875], [0.4592437744140625, -0.04095458984375, 0.637420654296875, -0.6173248291015625]
1265050, 1270.3795166015625, [1000.0, 114.0, 898.0, 407.0, 374.0, 772.0, 452.0, 762.0, 514.0, 1000.0, 689.0, 750.0, 0.0, 666.0, 261.0, 999.0, 999.0, 999.0, 999.0, 361.0, 689.0, 0.0, 723.0], [-74.73101043701172, 19.3341121673584, 56.460105895996094], [-0.64208984375, 0.590240478515625, 0.1654052734375, -0.46038818359375], [-76.87831115722656, 32.11338806152344, -132.58346557617188], [0.4600830078125, -0.0418548583984375, 0.6341094970703125, -0.6200408935546875]
1265100, 1270.4298095703125, [1000.0, 114.0, 895.0, 406.0, 376.0, 771.0, 451.0, 760.0, 512.0, 1000.0, 691.0, 750.0, 0.0, 1000.0, 268.0, 999.0, 999.0, 999.0, 999.0, 361.0, 688.0, 0.0, 721.0], [-74.4329833984375, 19.524417877197266, 56.55257034301758], [-0.642578125, 0.588897705078125, 0.1634521484375, -0.46209716796875], [-76.51486206054688, 32.31991195678711, -132.4441375732422], [0.4617919921875, -0.039794921875, 0.632354736328125, -0.620697021484375]
1265150, 1270.479736328125, [1000.0, 113.0, 893.0, 405.0, 377.0, 769.0, 449.0, 760.0, 511.0, 1000.0, 693.0, 750.0, 0.0, 666.0, 268.0, 999.0, 999.0, 999.0, 999.0, 361.0, 688.0, 0.0, 720.0], [-74.28604125976562, 19.546716690063477, 56.615596771240234], [-0.64300537109375, 0.588043212890625, 0.1630401611328125, -0.4627532958984375], [-76.78202819824219, 32.21312713623047, -132.58450317382812], [0.46051025390625, -0.040802001953125, 0.6337127685546875, -0.6201934814453125]
