724080, 727.0594482421875, [1000.0, 363.0, 246.0, 143.0, 145.0, 160.0, 115.0, 129.0, 63.0, 1000.0, 0.0, 1000.0, 0.0, 1000.0, 858.0, 999.0, 999.0, 959.0, 999.0, 534.0, 662.0, 0.0, 186.0], [-18.575843811035156, -8.039566993713379, 6.748226642608643], [-0.9834136962890625, 0.156646728515625, 0.0785369873046875, -0.0466461181640625], [-33.71320724487305, 16.9655704498291, -71.62860870361328], [0.7926025390625, -0.14996337890625, 0.2823028564453125, -0.519195556640625]
724140, 727.1196899414062, [1000.0, 361.0, 246.0, 142.0, 144.0, 159.0, 114.0, 128.0, 63.0, 1000.0, 0.0, 750.0, 0.0, 1000.0, 858.0, 999.0, 999.0, 959.0, 999.0, 535.0, 660.0, 0.0, 184.0], [-18.581871032714844, -8.050127983093262, 6.90338659286499], [-0.98333740234375, 0.156585693359375, 0.0788421630859375, -0.0479583740234375], [-34.436431884765625, 17.484907150268555, -71.83338928222656], [0.7909698486328125, -0.1517791748046875, 0.2891998291015625, -0.517364501953125]
724190, 727.169677734375, [1000.0, 360.0, 246.0, 142.0, 143.0, 158.0, 114.0, 128.0, 63.0, 1000.0, 0.0, 750.0, 0.0, 1000.0, 858.0, 999.0, 999.0, 959.0, 999.0, 536.0, 660.0, 0.0, 183.0], [-18.64457893371582, -8.16037654876709, 7.03013277053833], [-0.9831390380859375, 0.1569671630859375, 0.079986572265625, -0.0488433837890625], [-34.53794860839844, 17.413293838500977, -71.87014770507812], [0.7906341552734375, -0.1527557373046875, 0.28924560546875, -0.5175628662109375]
724240, 727.2196655273438, [1000.0, 362.0, 245.0, 142.0, 143.0, 157.0, 114.0, 127.0, 62.0, 1000.0, 0.0, 1000.0, 0.0, 1000.0, 857.0, 999.0, 999.0, 961.0, 999.0, 536.0, 660.0, 0.0, 182.0], [-18.636661529541016, -8.142328262329102, 7.145617961883545], [-0.9831085205078125, 0.156829833984375, 0.079986572265625, -0.04986572265625], [-34.303218841552734, 17.11285972595215, -71.81710815429688], [0.791046142578125, -0.1528167724609375, 0.2861785888671875, -0.5186309814453125]
724300, 727.279296875, [1000.0, 361.0, 244.0, 141.0, 142.0, 156.0, 113.0, 126.0, 62.0, 1000.0, 0.0, 1000.0, 0.0, 1000.0, 858.0, 999.0, 999.0, 964.0, 999.0, 536.0, 662.0, 0.0, 182.0], [-18.803983688354492, -8.189087867736816, 7.256155014038086], [-0.9828033447265625, 0.1581573486328125, 0.0806121826171875, -0.050628662109375], [-34.500118255615234, 16.86702537536621, -71.89041137695312], [0.7903289794921875, -0.1552581787109375, 0.28558349609375, -0.5193328857421875]
724350, 727.3294677734375, [1000.0, 360.0, 244.0, 140.0, 142.0, 155.0, 113.0, 125.0, 61.0, 1000.0, 0.0, 1000.0, 0.0, 1000.0, 855.0, 999.0, 999.0, 962.0, 999.0, 537.0, 660.0, 0.0, 181.0], [-18.6581974029541, -8.24424934387207, 7.292659282684326], [-0.9829559326171875, 0.1568450927734375, 0.0810699462890625, -0.05096435546875], [-34.38467788696289, 16.885635375976562, -71.87469482421875], [0.790557861328125, -0.1544036865234375, 0.28515625, -0.5194549560546875]
724410, 727.3895263671875, [1000.0, 360.0, 243.0, 140.0, 142.0, 155.0, 112.0, 125.0, 61.0, 1000.0, 0.0, 1000.0, 0.0, 1000.0, 857.0, 999.0, 999.0, 961.0, 999.0, 538.0, 662.0, 0.0, 180.0], [-18.64223289489746, -8.2093505859375, 7.3707804679870605], [-0.98297119140625, 0.15667724609375, 0.08087158203125, -0.05169677734375], [-34.35966110229492, 16.91223907470703, -71.85444641113281], [0.7906951904296875, -0.154144287109375, 0.285186767578125, -0.5193023681640625]
724460, 727.4395141601562, [1000.0, 360.0, 243.0, 140.0, 142.0, 154.0, 112.0, 125.0, 61.0, 1000.0, 0.0, 750.0, 0.0, 1000.0, 854.0, 999.0, 999.0, 962.0, 999.0, 538.0, 660.0, 0.0, 179.0], [-18.593460083007812, -8.134706497192383, 7.430710315704346], [-0.9830474853515625, 0.1562652587890625, 0.080291748046875, -0.0523529052734375], [-34.45527648925781, 16.90142250061035, -71.86638641357422], [0.7905120849609375, -0.1548309326171875, 0.2855682373046875, -0.5191802978515625]
724510, 727.489501953125, [1000.0, 361.0, 243.0, 139.0, 141.0, 153.0, 111.0, 124.0, 60.0, 1000.0, 0.0, 750.0, 0.0, 1000.0, 853.0, 999.0, 999.0, 962.0, 999.0, 538.0, 660.0, 0.0, 178.0], [-18.53500747680664, -8.106990814208984, 7.56890869140625], [-0.9830780029296875, 0.1556854248046875, 0.0802154541015625, -0.053619384765625], [-33.84487533569336, 16.802522659301758, -71.6878433227539], [0.792083740234375, -0.1515655517578125, 0.28192138671875, -0.5197296142578125]
724570, 727.5494995117188, [1000.0, 362.0, 242.0, 138.0, 141.0, 153.0, 111.0, 123.0, 60.0, 1000.0, 0.0, 1000.0, 0.0, 1000.0, 851.0, 999.0, 999.0, 960.0, 999.0, 539.0, 660.0, 0.0, 177.0], [-18.595169067382812, -8.210801124572754, 7.724740505218506], [-0.9828643798828125, 0.1560211181640625, 0.0813446044921875, -0.0547637939453125], [-34.28376770019531, 16.434907913208008, -71.82735443115234], [0.790679931640625, -0.1561431884765625, 0.2817230224609375, -0.5206298828125]
724620, 727.5994873046875, [1000.0, 362.0, 242.0, 138.0, 140.0, 152.0, 110.0, 123.0, 59.0, 1000.0, 0.0, 750.0, 0.0, 1000.0, 854.0, 999.0, 999.0, 960.0, 999.0, 539.0, 660.0, 0.0, 176.0], [-18.536230087280273, -8.21819019317627, 7.822493076324463], [-0.9828948974609375, 0.1554412841796875, 0.081512451171875, -0.055633544921875], [-34.396236419677734, 16.63279151916504, -71.85900115966797], [0.7904815673828125, -0.15582275390625, 0.2835540771484375, -0.52001953125]
724680, 727.6594848632812, [1000.0, 364.0, 242.0, 137.0, 140.0, 151.0, 110.0, 122.0, 59.0, 1000.0, 0.0, 1000.0, 0.0, 1000.0, 855.0, 999.0, 999.0, 960.0, 999.0, 540.0, 660.0, 0.0, 175.0], [-18.429847717285156, -8.26639175415039, 7.928492069244385], [-0.9829559326171875, 0.1544189453125, 0.0820159912109375, -0.056549072265625], [-34.361751556396484, 16.646127700805664, -71.86492156982422], [0.7905120849609375, -0.1555023193359375, 0.2834930419921875, -0.520111083984375]
724730, 727.7093505859375, [1000.0, 363.0, 241.0, 137.0, 139.0, 150.0, 110.0, 121.0, 59.0, 1000.0, 0.0, 750.0, 0.0, 1000.0, 851.0, 999.0, 999.0, 960.0, 999.0, 540.0, 660.0, 0.0, 174.0], [-18.531713485717773, -8.25726318359375, 8.027981758117676], [-0.9827728271484375, 0.1552276611328125, 0.082122802734375, -0.057342529296875], [-34.448543548583984, 16.645174026489258, -71.89321899414062], [0.7902679443359375, -0.156036376953125, 0.2839202880859375, -0.5200958251953125]
724780, 727.759521484375, [1000.0, 363.0, 241.0, 137.0, 139.0, 150.0, 109.0, 121.0, 59.0, 1000.0, 0.0, 750.0, 0.0, 1000.0, 852.0, 999.0, 999.0, 960.0, 999.0, 540.0, 660.0, 0.0, 173.0], [-18.485429763793945, -8.257048606872559, 8.091686248779297], [-0.9828033447265625, 0.15478515625, 0.082183837890625, -0.05792236328125], [-34.32509994506836, 16.666915893554688, -71.8671875], [0.790557861328125, -0.1551361083984375, 0.2834625244140625, -0.5201568603515625]
724840, 727.8194580078125, [1000.0, 362.0, 241.0, 136.0, 139.0, 149.0, 109.0, 120.0, 58.0, 1000.0, 0.0, 750.0, 0.0, 1000.0, 851.0, 999.0, 999.0, 960.0, 999.0, 540.0, 660.0, 0.0, 172.0], [-18.456745147705078, -8.260369300842285, 8.171656608581543], [-0.9828033447265625, 0.15447998046875, 0.082305908203125, -0.058624267578125], [-34.50652313232422, 16.394081115722656, -71.92870330810547], [0.789886474609375, -0.1576385498046875, 0.2826080322265625, -0.5208892822265625]
724890, 727.8694458007812, [1000.0, 363.0, 240.0, 136.0, 139.0, 148.0, 108.0, 120.0, 58.0, 1000.0, 0.0, 750.0, 0.0, 1000.0, 851.0, 999.0, 999.0, 959.0, 999.0, 541.0, 660.0, 0.0, 171.0], [-18.462398529052734, -8.298455238342285, 8.244315147399902], [-0.9827423095703125, 0.154449462890625, 0.082733154296875, -0.0591888427734375], [-34.26285934448242, 16.678234100341797, -71.8619155883789], [0.790679931640625, -0.1546630859375, 0.2832489013671875, -0.5202484130859375]
724950, 727.9296264648438, [1000.0, 360.0, 240.0, 135.0, 138.0, 148.0, 108.0, 119.0, 58.0, 1000.0, 0.0, 1000.0, 0.0, 1000.0, 851.0, 999.0, 999.0, 960.0, 999.0, 541.0, 660.0, 0.0, 170.0], [-18.43515968322754, -8.245234489440918, 8.332770347595215], [-0.982757568359375, 0.1541900634765625, 0.0823822021484375, -0.0600433349609375], [-34.482566833496094, 16.440027236938477, -71.91433715820312], [0.790008544921875, -0.1572723388671875, 0.28277587890625, -0.520721435546875]
725000, 727.9796142578125, [1000.0, 358.0, 240.0, 135.0, 138.0, 148.0, 108.0, 119.0, 57.0, 1000.0, 0.0, 750.0, 0.0, 1000.0, 850.0, 999.0, 999.0, 960.0, 999.0, 541.0, 660.0, 0.0, 170.0], [-18.44425392150879, -8.230012893676758, 8.414596557617188], [-0.9827117919921875, 0.1542205810546875, 0.082366943359375, -0.060760498046875], [-34.14244842529297, 16.361125946044922, -71.82067108154297], [0.790863037109375, -0.1555633544921875, 0.2805938720703125, -0.5211334228515625]
725050, 728.0294189453125, [1000.0, 362.0, 240.0, 134.0, 137.0, 147.0, 107.0, 119.0, 57.0, 1000.0, 0.0, 750.0, 0.0, 1000.0, 853.0, 999.0, 999.0, 961.0, 999.0, 541.0, 660.0, 0.0, 169.0], [-18.50469398498535, -8.228599548339844, 8.501246452331543], [-0.9825897216796875, 0.1546783447265625, 0.0825042724609375, -0.06146240234375], [-34.296531677246094, 16.479671478271484, -71.86285400390625], [0.79052734375, -0.155914306640625, 0.2821197509765625, -0.520721435546875]
725110, 728.0897216796875, [1000.0, 362.0, 239.0, 134.0, 137.0, 146.0, 107.0, 118.0, 57.0, 1000.0, 0.0, 1000.0, 0.0, 1000.0, 852.0, 999.0, 999.0, 960.0, 999.0, 542.0, 660.0, 0.0, 168.0], [-18.444791793823242, -8.25954818725586, 8.601133346557617], [-0.9825897216796875, 0.1540679931640625, 0.0828704833984375, -0.06231689453125], [-34.10734176635742, 16.419626235961914, -71.80477905273438], [0.791015625, -0.155059814453125, 0.280792236328125, -0.5209503173828125]
725140, 728.1400146484375, [1000.0, 363.0, 238.0, 133.0, 137.0, 146.0, 107.0, 118.0, 57.0, 1000.0, 0.0, 750.0, 0.0, 1000.0, 851.0, 999.0, 999.0, 961.0, 999.0, 543.0, 660.0, 0.0, 167.0], [-18.375381469726562, -8.241661071777344, 8.663408279418945], [-0.982666015625, 0.1534423828125, 0.082763671875, -0.06292724609375], [-34.25981903076172, 16.4544677734375, -71.84920501708984], [0.790618896484375, -0.15582275390625, 0.281768798828125, -0.520782470703125]
725160, 728.1493530273438, [1000.0, 362.0, 239.0, 133.0, 136.0, 146.0, 106.0, 117.0, 56.0, 1000.0, 0.0, 750.0, 0.0, 1000.0, 850.0, 999.0, 999.0, 960.0, 999.0, 543.0, 660.0, 0.0, 167.0], [-18.37400245666504, -8.248295783996582, 8.701826095581055], [-0.982635498046875, 0.1533966064453125, 0.0828704833984375, -0.0632476806640625], [-34.212284088134766, 16.460193634033203, -71.83434295654297], [0.7907562255859375, -0.1555023193359375, 0.2815704345703125, -0.520782470703125]
725180, 728.1897583007812, [1000.0, 363.0, 238.0, 133.0, 136.0, 145.0, 106.0, 117.0, 56.0, 1000.0, 0.0, 1000.0, 0.0, 1000.0, 851.0, 999.0, 999.0, 961.0, 999.0, 543.0, 660.0, 0.0, 166.0], [-18.403770446777344, -8.262724876403809, 8.722783088684082], [-0.982574462890625, 0.15362548828125, 0.083038330078125, -0.063385009765625], [-34.17239761352539, 16.452838897705078, -71.82427978515625], [0.7908477783203125, -0.1552886962890625, 0.2813262939453125, -0.5208282470703125]
725210, 728.1993408203125, [1000.0, 362.0, 238.0, 133.0, 136.0, 145.0, 106.0, 117.0, 56.0, 1000.0, 0.0, 1000.0, 0.0, 1000.0, 850.0, 999.0, 999.0, 960.0, 999.0, 543.0, 660.0, 0.0, 166.0], [-18.41922950744629, -8.261205673217773, 8.782506942749023], [-0.9825286865234375, 0.153717041015625, 0.0831146240234375, -0.0638885498046875], [-34.09743118286133, 16.468748092651367, -71.79754638671875], [0.79107666015625, -0.154754638671875, 0.2810516357421875, -0.520782470703125]
725270, 728.2493896484375, [1000.0, 361.0, 237.0, 132.0, 136.0, 144.0, 106.0, 116.0, 56.0, 1000.0, 0.0, 750.0, 0.0, 1000.0, 851.0, 999.0, 999.0, 960.0, 999.0, 544.0, 660.0, 0.0, 164.0], [-18.254854202270508, -8.369322776794434, 8.912897109985352], [-0.9826202392578125, 0.152130126953125, 0.0841217041015625, -0.064971923828125], [-34.075538635253906, 16.348331451416016, -71.77044677734375], [0.791168212890625, -0.1552886962890625, 0.2801361083984375, -0.5209808349609375]
725280, 728.2994995117188, [1000.0, 361.0, 237.0, 132.0, 136.0, 144.0, 106.0, 116.0, 55.0, 1000.0, 0.0, 750.0, 0.0, 1000.0, 851.0, 999.0, 999.0, 960.0, 999.0, 544.0, 660.0, 0.0, 164.0], [-18.226144790649414, -8.401413917541504, 8.937177658081055], [-0.9826202392578125, 0.1518402099609375, 0.08441162109375, -0.065155029296875], [-34.048763275146484, 16.42804718017578, -71.75885772705078], [0.7913055419921875, -0.15472412109375, 0.280517578125, -0.520751953125]
725320, 728.3093872070312, [1000.0, 362.0, 237.0, 132.0, 136.0, 144.0, 105.0, 116.0, 55.0, 1000.0, 0.0, 750.0, 0.0, 1000.0, 851.0, 999.0, 999.0, 961.0, 999.0, 545.0, 662.0, 0.0, 163.0], [-18.11845588684082, -8.45649242401123, 9.054459571838379], [-0.982666015625, 0.150787353515625, 0.0849761962890625, -0.066162109375], [-33.6966667175293, 16.158771514892578, -71.62783813476562], [0.792236328125, -0.15399169921875, 0.2769927978515625, -0.5214385986328125]
725380, 728.3595581054688, [1000.0, 364.0, 237.0, 131.0, 136.0, 143.0, 105.0, 115.0, 55.0, 1000.0, 0.0, 1000.0, 0.0, 1000.0, 859.0, 999.0, 999.0, 964.0, 999.0, 546.0, 660.0, 0.0, 161.0], [-17.953044891357422, -8.464399337768555, 9.274456977844238], [-0.982757568359375, 0.149200439453125, 0.085235595703125, -0.0681610107421875], [-33.71887969970703, 15.863624572753906, -71.53990173339844], [0.792449951171875, -0.1558685302734375, 0.275054931640625, -0.521575927734375]
725430, 728.4197998046875, [1000.0, 362.0, 236.0, 131.0, 135.0, 143.0, 105.0, 115.0, 54.0, 1000.0, 0.0, 750.0, 0.0, 1000.0, 868.0, 999.0, 999.0, 961.0, 999.0, 548.0, 660.0, 0.0, 159.0], [-18.024070739746094, -8.538399696350098, 9.59895133972168], [-0.982421875, 0.149505615234375, 0.086334228515625, -0.0707855224609375], [-34.11434555053711, 15.547080039978027, -71.6618881225586], [0.791168212890625, -0.1599273681640625, 0.27496337890625, -0.5223236083984375]
725480, 728.4699096679688, [1000.0, 362.0, 235.0, 131.0, 134.0, 142.0, 104.0, 115.0, 54.0, 1000.0, 0.0, 750.0, 0.0, 1000.0, 871.0, 999.0, 999.0, 961.0, 999.0, 549.0, 660.0, 0.0, 157.0], [-18.07452964782715, -8.62865161895752, 9.871000289916992], [-0.982147216796875, 0.149658203125, 0.087493896484375, -0.0729522705078125], [-33.598907470703125, 15.808758735656738, -71.56537628173828], [0.7924652099609375, -0.1552581787109375, 0.2741851806640625, -0.522186279296875]
725540, 728.5194702148438, [1000.0, 363.0, 234.0, 130.0, 134.0, 141.0, 104.0, 114.0, 54.0, 1000.0, 0.0, 750.0, 0.0, 1000.0, 870.0, 999.0, 999.0, 961.0, 999.0, 550.0, 660.0, 0.0, 155.0], [-18.05769157409668, -8.856324195861816, 10.08349323272705], [-0.981903076171875, 0.1491546630859375, 0.0897064208984375, -0.074462890625], [-32.950138092041016, 15.93136978149414, -71.33843231201172], [0.79443359375, -0.1506805419921875, 0.271728515625, -0.5218353271484375]
725590, 728.5795288085938, [1000.0, 365.0, 234.0, 129.0, 134.0, 140.0, 103.0, 113.0, 53.0, 1000.0, 0.0, 750.0, 0.0, 1000.0, 876.0, 999.0, 999.0, 958.0, 999.0, 553.0, 660.0, 0.0, 153.0], [-17.904592514038086, -8.840086936950684, 10.374876022338867], [-0.9819183349609375, 0.1476287841796875, 0.08984375, -0.0771026611328125], [-34.16566848754883, 15.099326133728027, -71.42759704589844], [0.7919158935546875, -0.1631317138671875, 0.2719573974609375, -0.5218048095703125]
725650, 728.6294555664062, [1000.0, 365.0, 234.0, 128.0, 133.0, 139.0, 103.0, 113.0, 53.0, 1000.0, 0.0, 750.0, 0.0, 1000.0, 874.0, 999.0, 999.0, 959.0, 999.0, 555.0, 660.0, 0.0, 151.0], [-17.921152114868164, -8.828485488891602, 10.703994750976562], [-0.9816741943359375, 0.14752197265625, 0.090179443359375, -0.079925537109375], [-32.601593017578125, 14.70058536529541, -70.59248352050781], [0.79766845703125, -0.15625, 0.2610626220703125, -0.5207061767578125]
725700, 728.6895751953125, [1000.0, 364.0, 233.0, 127.0, 133.0, 139.0, 102.0, 112.0, 53.0, 1000.0, 0.0, 1000.0, 0.0, 1000.0, 879.0, 999.0, 999.0, 957.0, 999.0, 561.0, 660.0, 0.0, 148.0], [-17.37755584716797, -9.568897247314453, 11.134294509887695], [-0.9816436767578125, 0.1418304443359375, 0.0966644287109375, -0.0830230712890625], [-32.183494567871094, 14.498744010925293, -69.78376770019531], [0.801788330078125, -0.1561737060546875, 0.2567291259765625, -0.5165252685546875]
725750, 728.7396850585938, [1000.0, 361.0, 230.0, 126.0, 133.0, 136.0, 102.0, 110.0, 50.0, 1000.0, 0.0, 1000.0, 0.0, 1000.0, 878.0, 999.0, 999.0, 961.0, 999.0, 566.0, 666.0, 0.0, 144.0], [-14.961287498474121, -11.054703712463379, 10.827937126159668], [-0.983642578125, 0.1199951171875, 0.1072998046875, -0.08062744140625], [-30.772449493408203, 15.047201156616211, -68.05471801757812], [0.811614990234375, -0.1473541259765625, 0.2518157958984375, -0.5060882568359375]
725780, 728.78955078125, [1000.0, 362.0, 228.0, 128.0, 130.0, 134.0, 100.0, 108.0, 51.0, 1000.0, 0.0, 750.0, 0.0, 1000.0, 970.0, 999.0, 999.0, 995.0, 999.0, 572.0, 672.0, 0.0, 147.0], [-14.348581314086914, -7.314553260803223, 10.94900131225586], [-0.98638916015625, 0.1180267333984375, 0.07489013671875, -0.0865325927734375], [-28.43951988220215, 16.058277130126953, -66.4115219116211], [0.8218994140625, -0.129364013671875, 0.246490478515625, -0.4969482421875]
725810, 728.7994384765625, [1000.0, 362.0, 231.0, 131.0, 129.0, 133.0, 99.0, 107.0, 59.0, 1000.0, 0.0, 1000.0, 0.0, 1000.0, 992.0, 999.0, 999.0, 999.0, 999.0, 576.0, 673.0, 0.0, 173.0], [-14.117607116699219, -4.372015953063965, 11.063139915466309], [-0.987518310546875, 0.1185760498046875, 0.0495147705078125, -0.0909271240234375], [-26.28462028503418, 17.490320205688477, -64.961669921875], [0.830474853515625, -0.1100616455078125, 0.245574951171875, -0.487701416015625]
725860, 728.8495483398438, [1000.0, 362.0, 239.0, 138.0, 130.0, 144.0, 103.0, 107.0, 69.0, 1000.0, 0.0, 1000.0, 0.0, 1000.0, 973.0, 999.0, 999.0, 999.0, 999.0, 568.0, 686.0, 0.0, 202.0], [-14.177010536193848, -0.3150946795940399, 11.454758644104004], [-0.9874267578125, 0.1225128173828125, 0.0150299072265625, -0.09869384765625], [-24.865135192871094, 20.836578369140625, -62.878116607666016], [0.839752197265625, -0.0885467529296875, 0.2611083984375, -0.467742919921875]
725920, 728.8993530273438, [1000.0, 361.0, 244.0, 147.0, 133.0, 160.0, 137.0, 106.0, 80.0, 1000.0, 0.0, 750.0, 0.0, 1000.0, 975.0, 999.0, 999.0, 999.0, 999.0, 560.0, 693.0, 0.0, 230.0], [-9.984353065490723, 4.30867338180542, 11.866251945495605], [-0.9898223876953125, 0.090362548828125, -0.02825927734375, -0.1061553955078125], [-17.8948974609375, 24.023651123046875, -58.9767951965332], [0.856964111328125, -0.031219482421875, 0.2538299560546875, -0.4474334716796875]
725970, 728.9595947265625, [1000.0, 360.0, 242.0, 148.0, 138.0, 156.0, 245.0, 103.0, 88.0, 1000.0, 0.0, 1000.0, 0.0, 1000.0, 969.0, 999.0, 999.0, 999.0, 999.0, 557.0, 695.0, 0.0, 244.0], [-6.836059093475342, 3.970458507537842, 11.544265747070312], [-0.992340087890625, 0.0627593994140625, -0.028411865234375, -0.102386474609375], [-14.276708602905273, 25.484272003173828, -57.258056640625], [0.86260986328125, -0.00152587890625, 0.2501678466796875, -0.4396514892578125]
726020, 729.0095825195312, [1000.0, 362.0, 240.0, 153.0, 168.0, 155.0, 510.0, 98.0, 107.0, 1000.0, 0.0, 1000.0, 0.0, 1000.0, 968.0, 999.0, 999.0, 999.0, 999.0, 550.0, 689.0, 0.0, 261.0], [-4.389488220214844, 4.230141639709473, 11.310395240783691], [-0.9935760498046875, 0.041717529296875, -0.032928466796875, -0.0998077392578125], [-11.424018859863281, 25.717979431152344, -55.62609100341797], [0.8683319091796875, 0.0175018310546875, 0.2411346435546875, -0.4330291748046875]
726080, 729.0695190429688, [1000.0, 363.0, 238.0, 156.0, 549.0, 153.0, 817.0, 93.0, 222.0, 1000.0, 0.0, 1000.0, 0.0, 1000.0, 958.0, 999.0, 999.0, 999.0, 999.0, 544.0, 695.0, 0.0, 270.0], [-1.966780424118042, -0.646939754486084, 9.3110990524292], [-0.9965362548828125, 0.0166473388671875, 0.00701904296875, -0.0810546875], [-7.464848518371582, 24.995132446289062, -54.12960433959961], [0.8739471435546875, 0.041656494140625, 0.2212066650390625, -0.43072509765625]
726130, 729.1195678710938, [1000.0, 360.0, 236.0, 160.0, 671.0, 152.0, 844.0, 91.0, 265.0, 1000.0, 0.0, 750.0, 0.0, 1000.0, 941.0, 999.0, 999.0, 999.0, 999.0, 539.0, 686.0, 0.0, 267.0], [1.8149296045303345, -8.19067668914795, 7.497025012969971], [-0.9951019287109375, -0.0204315185546875, 0.070220947265625, -0.0663299560546875], [-5.756346225738525, 23.194822311401367, -53.56989288330078], [0.8779144287109375, 0.04656982421875, 0.2014007568359375, -0.4318695068359375]
726190, 729.1795654296875, [1000.0, 361.0, 244.0, 164.0, 774.0, 154.0, 882.0, 86.0, 345.0, 1000.0, 0.0, 1000.0, 0.0, 1000.0, 933.0, 999.0, 999.0, 999.0, 999.0, 533.0, 685.0, 0.0, 264.0], [6.3419599533081055, -16.161651611328125, 3.950007915496826], [-0.9876861572265625, -0.0595703125, 0.1383819580078125, -0.041839599609375], [-3.4600751399993896, 20.740278244018555, -52.93395233154297], [0.8825836181640625, 0.0536041259765625, 0.1743011474609375, -0.4333343505859375]
726240, 729.2296752929688, [1000.0, 358.0, 263.0, 170.0, 840.0, 163.0, 900.0, 82.0, 424.0, 1000.0, 0.0, 1000.0, 0.0, 1000.0, 916.0, 999.0, 999.0, 999.0, 999.0, 527.0, 682.0, 0.0, 257.0], [12.688385009765625, -22.578899383544922, 0.11182036250829697], [-0.974609375, -0.108551025390625, 0.1944580078125, -0.0225830078125], [-1.415907859802246, 18.91691017150879, -52.482791900634766], [0.88555908203125, 0.0617218017578125, 0.15277099609375, -0.4342803955078125]
726290, 729.2798461914062, [1000.0, 359.0, 361.0, 180.0, 862.0, 196.0, 915.0, 107.0, 505.0, 1000.0, 0.0, 1000.0, 0.0, 1000.0, 915.0, 999.0, 999.0, 999.0, 999.0, 521.0, 681.0, 0.0, 249.0], [15.78100872039795, -27.74340057373047, -2.323025941848755], [-0.96209716796875, -0.1284332275390625, 0.2401275634765625, -0.0134124755859375], [-1.401750087738037, 17.757978439331055, -52.278953552246094], [0.887725830078125, 0.0571441650390625, 0.1438751220703125, -0.4335479736328125]
726350, 729.3395385742188, [1000.0, 361.0, 617.0, 198.0, 905.0, 355.0, 939.0, 146.0, 639.0, 1000.0, 22.0, 750.0, 0.0, 1000.0, 955.0, 999.0, 999.0, 999.0, 999.0, 514.0, 664.0, 0.0, 225.0], [19.30056381225586, -32.49722671508789, -4.73689079284668], [-0.9475860595703125, -0.1493988037109375, 0.282257080078125, -0.00775146484375], [-1.4731355905532837, 16.83329963684082, -51.94086456298828], [0.89007568359375, 0.0526580810546875, 0.13714599609375, -0.43145751953125]
726400, 729.3895263671875, [1000.0, 360.0, 640.0, 325.0, 905.0, 815.0, 934.0, 845.0, 732.0, 1000.0, 338.0, 1000.0, 0.0, 1000.0, 955.0, 999.0, 999.0, 999.0, 999.0, 508.0, 733.0, 0.0, 337.0], [25.520923614501953, -36.15325164794922, -9.861997604370117], [-0.9296112060546875, -0.1831817626953125, 0.319549560546875, 0.01141357421875], [-2.933539628982544, 16.022510528564453, -52.75074768066406], [0.8884429931640625, 0.0391845703125, 0.136077880859375, -0.4365692138671875]
726450, 729.4398193359375, [1000.0, 358.0, 806.0, 512.0, 910.0, 936.0, 933.0, 966.0, 763.0, 1000.0, 629.0, 750.0, 0.0, 1000.0, 926.0, 999.0, 999.0, 999.0, 999.0, 503.0, 825.0, 0.0, 617.0], [26.09355354309082, -38.65482711791992, -11.78805160522461], [-0.922088623046875, -0.1787872314453125, 0.34259033203125, 0.02008056640625], [-5.346372604370117, 14.725363731384277, -54.00375747680664], [0.8853912353515625, 0.01690673828125, 0.1350555419921875, -0.4444580078125]
726510, 729.49951171875, [1000.0, 364.0, 904.0, 659.0, 936.0, 981.0, 940.0, 1000.0, 793.0, 1000.0, 653.0, 1000.0, 0.0, 1000.0, 678.0, 999.0, 999.0, 999.0, 999.0, 496.0, 885.0, 0.0, 723.0], [28.196115493774414, -38.292232513427734, -14.524809837341309], [-0.918975830078125, -0.18804931640625, 0.344635009765625, 0.0365753173828125], [-6.552167892456055, 13.8099365234375, -55.31382369995117], [0.8810577392578125, 0.005462646484375, 0.1326446533203125, -0.4539642333984375]
726560, 729.549560546875, [1000.0, 359.0, 922.0, 738.0, 945.0, 999.0, 944.0, 1000.0, 806.0, 1000.0, 634.0, 1000.0, 0.0, 1000.0, 538.0, 999.0, 999.0, 999.0, 999.0, 485.0, 898.0, 0.0, 767.0], [26.537195205688477, -39.95486068725586, -16.844701766967773], [-0.916351318359375, -0.1646728515625, 0.36053466796875, 0.0564117431640625], [-10.55754280090332, 13.871858596801758, -57.99173355102539], [0.8699493408203125, -0.0215911865234375, 0.149444580078125, -0.4694366455078125]
726620, 729.6095581054688, [1000.0, 355.0, 969.0, 762.0, 955.0, 1000.0, 955.0, 1000.0, 820.0, 1000.0, 583.0, 1000.0, 0.0, 1000.0, 357.0, 999.0, 999.0, 999.0, 999.0, 476.0, 890.0, 11.0, 794.0], [23.019044876098633, -41.778499603271484, -17.412883758544922], [-0.9156951904296875, -0.131378173828125, 0.3735809326171875, 0.0682525634765625], [-14.684723854064941, 13.077672958374023, -61.18101119995117], [0.8556060791015625, -0.05181884765625, 0.161834716796875, -0.4889068603515625]
726670, 729.6596069335938, [1000.0, 355.0, 1000.0, 769.0, 963.0, 1000.0, 966.0, 1000.0, 838.0, 1000.0, 520.0, 1000.0, 0.0, 1000.0, 265.0, 999.0, 999.0, 999.0, 999.0, 467.0, 883.0, 29.0, 806.0], [16.26648712158203, -43.04859924316406, -15.747512817382812], [-0.9193267822265625, -0.0806121826171875, 0.3778076171875, 0.074737548828125], [-19.35013771057129, 13.3224515914917, -64.32115936279297], [0.8392486572265625, -0.0804443359375, 0.1856536865234375, -0.504669189453125]
726720, 729.7095947265625, [1000.0, 355.0, 1000.0, 757.0, 959.0, 998.0, 968.0, 1000.0, 833.0, 1000.0, 472.0, 1000.0, 0.0, 1000.0, 255.0, 999.0, 999.0, 999.0, 999.0, 461.0, 868.0, 23.0, 810.0], [17.792949676513672, -44.573280334472656, -18.161548614501953], [-0.911956787109375, -0.0821685791015625, 0.3925628662109375, 0.08636474609375], [-24.609668731689453, 15.95316219329834, -67.62065887451172], [0.8203887939453125, -0.09991455078125, 0.2300872802734375, -0.513824462890625]
726780, 729.76953125, [1000.0, 356.0, 1000.0, 776.0, 965.0, 1000.0, 974.0, 1000.0, 838.0, 1000.0, 436.0, 1000.0, 0.0, 1000.0, 250.0, 999.0, 999.0, 999.0, 999.0, 457.0, 865.0, 37.0, 813.0], [3.0133659839630127, -39.36850357055664, -9.197311401367188], [-0.93890380859375, 0.0023193359375, 0.337615966796875, 0.0666351318359375], [-31.07440185546875, 20.6578369140625, -71.28927612304688], [0.7982330322265625, -0.1134796142578125, 0.2939453125, -0.5133209228515625]
726830, 729.8195190429688, [1000.0, 356.0, 1000.0, 793.0, 968.0, 998.0, 979.0, 1000.0, 840.0, 1000.0, 411.0, 1000.0, 0.0, 1000.0, 275.0, 999.0, 999.0, 999.0, 999.0, 453.0, 859.0, 42.0, 815.0], [-10.948036193847656, -31.854257583618164, -0.7132930159568787], [-0.95703125, 0.0934295654296875, 0.2725830078125, 0.032135009765625], [-37.747901916503906, 25.111196517944336, -74.17395782470703], [0.7791748046875, -0.127838134765625, 0.3544921875, -0.5008544921875]
726890, 729.8793334960938, [1000.0, 355.0, 997.0, 788.0, 959.0, 992.0, 976.0, 990.0, 832.0, 1000.0, 408.0, 1000.0, 0.0, 1000.0, 208.0, 999.0, 999.0, 999.0, 999.0, 442.0, 850.0, 23.0, 817.0], [-27.026517868041992, -20.472442626953125, 6.525458812713623], [-0.9576416015625, 0.2197418212890625, 0.1855926513671875, -0.01300048828125], [-52.47283935546875, 29.63229751586914, -78.50227355957031], [0.7430267333984375, -0.185821533203125, 0.448028564453125, -0.46112060546875]
726940, 729.9295043945312, [1000.0, 354.0, 974.0, 756.0, 892.0, 979.0, 919.0, 969.0, 731.0, 1000.0, 456.0, 1000.0, 0.0, 1000.0, 312.0, 999.0, 999.0, 999.0, 999.0, 428.0, 822.0, 0.0, 824.0], [-41.69407653808594, -5.527314186096191, 6.564826965332031], [-0.932891845703125, 0.352294921875, 0.065338134765625, -0.03631591796875], [-58.8773193359375, 32.869140625, -80.9938735961914], [0.725494384765625, -0.1984710693359375, 0.493499755859375, -0.43670654296875]
726990, 729.9794921875, [1000.0, 359.0, 890.0, 708.0, 674.0, 954.0, 668.0, 934.0, 595.0, 1000.0, 517.0, 750.0, 0.0, 1000.0, 596.0, 999.0, 999.0, 999.0, 999.0, 417.0, 808.0, 0.0, 825.0], [-49.866519927978516, -2.5708539485931396, 5.396827697753906], [-0.906005859375, 0.4200286865234375, 0.0401611328125, -0.033233642578125], [-64.30809020996094, 35.01871109008789, -83.03178405761719], [0.7106781005859375, -0.2111968994140625, 0.527130126953125, -0.4152679443359375]
727050, 730.03955078125, [1000.0, 361.0, 863.0, 659.0, 559.0, 927.0, 564.0, 892.0, 521.0, 1000.0, 596.0, 1000.0, 0.0, 1000.0, 674.0, 999.0, 999.0, 999.0, 999.0, 412.0, 801.0, 0.0, 815.0], [-58.388427734375, 4.583125114440918, 2.00272536277771], [-0.871795654296875, 0.4879150390625, -0.0263824462890625, -0.0347442626953125], [-71.50460815429688, 36.121620178222656, -85.54047393798828], [0.68939208984375, -0.2369232177734375, 0.5619049072265625, -0.390960693359375]
727100, 730.0895385742188, [1000.0, 360.0, 886.0, 631.0, 544.0, 912.0, 554.0, 869.0, 506.0, 1000.0, 635.0, 1000.0, 0.0, 1000.0, 687.0, 999.0, 999.0, 999.0, 999.0, 405.0, 803.0, 0.0, 805.0], [-61.722198486328125, 9.453140258789062, -1.720481038093567], [-0.85601806640625, 0.5100860595703125, -0.078399658203125, -0.0294189453125], [-73.6885986328125, 36.772090911865234, -86.87357330322266], [0.6814727783203125, -0.2396392822265625, 0.57452392578125, -0.384796142578125]
727160, 730.1495361328125, [1000.0, 357.0, 928.0, 603.0, 538.0, 898.0, 575.0, 860.0, 498.0, 1000.0, 686.0, 1000.0, 0.0, 1000.0, 547.0, 999.0, 999.0, 999.0, 999.0, 397.0, 800.0, 0.0, 798.0], [-65.04107666015625, 14.317248344421387, -5.664336204528809], [-0.838897705078125, 0.527557373046875, -0.1313018798828125, -0.02557373046875], [-76.22708129882812, 37.57857131958008, -88.51314544677734], [0.672210693359375, -0.2416534423828125, 0.5892791748046875, -0.3774261474609375]
727210, 730.199462890625, [1000.0, 357.0, 914.0, 589.0, 519.0, 888.0, 576.0, 845.0, 485.0, 1000.0, 736.0, 750.0, 0.0, 1000.0, 509.0, 999.0, 999.0, 999.0, 999.0, 392.0, 795.0, 0.0, 794.0], [-67.37443542480469, 20.824146270751953, -8.337899208068848], [-0.823486328125, 0.53314208984375, -0.18963623046875, -0.0404815673828125], [-76.57670593261719, 38.66676712036133, -88.85140991210938], [0.672515869140625, -0.23565673828125, 0.5948333740234375, -0.3719329833984375]
727260, 730.2494506835938, [1000.0, 355.0, 902.0, 578.0, 521.0, 875.0, 587.0, 815.0, 483.0, 1000.0, 741.0, 1000.0, 0.0, 1000.0, 499.0, 999.0, 999.0, 999.0, 999.0, 388.0, 791.0, 0.0, 788.0], [-68.03328704833984, 22.60739517211914, -9.911087989807129], [-0.8192138671875, 0.5324859619140625, -0.2092437744140625, -0.039031982421875], [-75.74834442138672, 38.540164947509766, -88.52391052246094], [0.6750335693359375, -0.23321533203125, 0.591033935546875, -0.3749542236328125]
727320, 730.3095703125, [1000.0, 357.0, 867.0, 576.0, 523.0, 869.0, 587.0, 807.0, 487.0, 1000.0, 743.0, 750.0, 0.0, 1000.0, 584.0, 999.0, 999.0, 999.0, 999.0, 386.0, 791.0, 0.0, 782.0], [-68.11666870117188, 27.85879898071289, -11.328225135803223], [-0.8134765625, 0.5212249755859375, -0.252105712890625, -0.0547943115234375], [-72.14490509033203, 37.82185745239258, -85.7662124633789], [0.6901397705078125, -0.229888916015625, 0.5709991455078125, -0.3805084228515625]
727370, 730.3595581054688, [1000.0, 361.0, 855.0, 563.0, 547.0, 852.0, 602.0, 791.0, 492.0, 1000.0, 741.0, 1000.0, 0.0, 1000.0, 693.0, 999.0, 999.0, 999.0, 999.0, 384.0, 790.0, 0.0, 773.0], [-69.9135971069336, 28.826814651489258, -12.297104835510254], [-0.8044891357421875, 0.529876708984375, -0.26226806640625, -0.0567779541015625], [-71.61073303222656, 37.079620361328125, -84.57921600341797], [0.6939697265625, -0.2368011474609375, 0.5639801025390625, -0.3797760009765625]
727430, 730.4195556640625, [1000.0, 364.0, 842.0, 548.0, 557.0, 837.0, 609.0, 771.0, 497.0, 1000.0, 734.0, 750.0, 0.0, 1000.0, 781.0, 999.0, 999.0, 999.0, 999.0, 383.0, 790.0, 0.0, 760.0], [-69.61846923828125, 27.134597778320312, -11.628609657287598], [-0.8076019287109375, 0.5325469970703125, -0.247833251953125, -0.0523681640625], [-71.39673614501953, 36.754756927490234, -83.25265502929688], [0.698272705078125, -0.2438507080078125, 0.5592193603515625, -0.374420166015625]
727480, 730.469482421875, [1000.0, 365.0, 834.0, 539.0, 561.0, 828.0, 613.0, 761.0, 500.0, 1000.0, 736.0, 1000.0, 0.0, 1000.0, 783.0, 999.0, 999.0, 999.0, 999.0, 382.0, 789.0, 0.0, 754.0], [-69.01589965820312, 27.786460876464844, -10.868260383605957], [-0.8092193603515625, 0.5287322998046875, -0.249053955078125, -0.059661865234375], [-70.19662475585938, 36.954437255859375, -82.1324691772461], [0.7047576904296875, -0.240814208984375, 0.553741455078125, -0.37237548828125]
727490, 730.5195922851562, [1000.0, 364.0, 832.0, 536.0, 565.0, 825.0, 618.0, 758.0, 502.0, 1000.0, 733.0, 1000.0, 0.0, 1000.0, 759.0, 999.0, 999.0, 999.0, 999.0, 382.0, 788.0, 0.0, 752.0], [-68.7496109008789, 28.085723876953125, -10.522074699401855], [-0.80987548828125, 0.5270538330078125, -0.2496490478515625, -0.0630035400390625], [-70.01056671142578, 36.966644287109375, -81.88739776611328], [0.705963134765625, -0.24078369140625, 0.55267333984375, -0.3717041015625]
727530, 730.529541015625, [1000.0, 366.0, 830.0, 531.0, 574.0, 822.0, 629.0, 755.0, 507.0, 1000.0, 727.0, 750.0, 0.0, 1000.0, 745.0, 999.0, 999.0, 999.0, 999.0, 381.0, 786.0, 0.0, 746.0], [-68.39288330078125, 28.87987518310547, -10.189531326293945], [-0.8102569580078125, 0.5238037109375, -0.2537689208984375, -0.0684661865234375], [-68.96876525878906, 37.031681060791016, -80.9742660522461], [0.711181640625, -0.2383575439453125, 0.5476531982421875, -0.3707275390625]
727590, 730.5794677734375, [1000.0, 365.0, 825.0, 525.0, 575.0, 814.0, 630.0, 749.0, 508.0, 1000.0, 728.0, 1000.0, 0.0, 1000.0, 707.0, 999.0, 999.0, 999.0, 999.0, 380.0, 785.0, 0.0, 740.0], [-65.57997131347656, 30.246856689453125, -9.22018814086914], [-0.8202667236328125, 0.50347900390625, -0.2606353759765625, -0.0756072998046875], [-65.28491973876953, 35.3302001953125, -79.12838745117188], [0.7227783203125, -0.23345947265625, 0.5243377685546875, -0.384857177734375]
727640, 730.6294555664062, [1000.0, 359.0, 822.0, 524.0, 574.0, 813.0, 632.0, 748.0, 509.0, 1000.0, 724.0, 1000.0, 0.0, 1000.0, 685.0, 999.0, 999.0, 999.0, 999.0, 379.0, 782.0, 0.0, 736.0], [-63.9326286315918, 31.460500717163086, -8.380364418029785], [-0.82489013671875, 0.491424560546875, -0.2666168212890625, -0.0834808349609375], [-65.3919448852539, 33.60529708862305, -79.86488342285156], [0.7179718017578125, -0.2403717041015625, 0.518463134765625, -0.397369384765625]
727690, 730.6897583007812, [1000.0, 361.0, 820.0, 522.0, 569.0, 810.0, 629.0, 745.0, 508.0, 1000.0, 731.0, 750.0, 0.0, 1000.0, 605.0, 999.0, 999.0, 999.0, 999.0, 380.0, 781.0, 0.0, 734.0], [-63.4923095703125, 31.80352783203125, -8.27700138092041], [-0.82611083984375, 0.487884521484375, -0.2689056396484375, -0.0847625732421875], [-66.3393325805664, 31.398521423339844, -80.54240417480469], [0.7105255126953125, -0.255462646484375, 0.513275146484375, -0.407928466796875]
727740, 730.739501953125, [1000.0, 363.0, 819.0, 521.0, 569.0, 810.0, 632.0, 745.0, 507.0, 1000.0, 725.0, 1000.0, 0.0, 1000.0, 617.0, 999.0, 999.0, 999.0, 999.0, 379.0, 779.0, 0.0, 732.0], [-64.01193237304688, 31.425127029418945, -8.19667911529541], [-0.824462890625, 0.4924774169921875, -0.2655181884765625, -0.0848236083984375], [-67.80625915527344, 31.37744140625, -81.18376922607422], [0.7049102783203125, -0.261749267578125, 0.51983642578125, -0.4053802490234375]
727750, 730.7493896484375, [1000.0, 363.0, 819.0, 521.0, 571.0, 809.0, 633.0, 745.0, 508.0, 1000.0, 725.0, 1000.0, 0.0, 1000.0, 610.0, 999.0, 999.0, 999.0, 999.0, 378.0, 779.0, 0.0, 732.0], [-64.1079330444336, 31.314437866210938, -8.216350555419922], [-0.824249267578125, 0.493316650390625, -0.2647552490234375, -0.0843963623046875], [-67.73725128173828, 31.071109771728516, -81.11361694335938], [0.704833984375, -0.263336181640625, 0.51806640625, -0.40673828125]
727780, 730.7902221679688, [1000.0, 363.0, 817.0, 520.0, 571.0, 808.0, 634.0, 744.0, 508.0, 1000.0, 724.0, 1000.0, 0.0, 1000.0, 592.0, 999.0, 999.0, 999.0, 999.0, 378.0, 778.0, 0.0, 731.0], [-64.2963638305664, 30.7049617767334, -8.287633895874023], [-0.824493408203125, 0.495574951171875, -0.260650634765625, -0.081512451171875], [-66.32484436035156, 30.58371925354004, -80.31585693359375], [0.7101593017578125, -0.2608795166015625, 0.509002685546875, -0.4104766845703125]
727800, 730.7994384765625, [1000.0, 363.0, 816.0, 520.0, 570.0, 808.0, 633.0, 744.0, 507.0, 1000.0, 724.0, 1000.0, 0.0, 1000.0, 600.0, 999.0, 999.0, 999.0, 999.0, 378.0, 778.0, 0.0, 730.0], [-64.1763687133789, 30.53122901916504, -8.193803787231445], [-0.825225830078125, 0.4952239990234375, -0.2591094970703125, -0.08111572265625], [-66.85041809082031, 30.558849334716797, -80.58357238769531], [0.7079620361328125, -0.2630767822265625, 0.511383056640625, -0.409912109375]
727860, 730.849365234375, [1000.0, 365.0, 815.0, 519.0, 570.0, 807.0, 636.0, 742.0, 505.0, 1000.0, 721.0, 1000.0, 0.0, 1000.0, 659.0, 999.0, 999.0, 999.0, 999.0, 378.0, 776.0, 0.0, 729.0], [-64.16043853759766, 30.106048583984375, -8.000105857849121], [-0.8258514404296875, 0.49627685546875, -0.2552947998046875, -0.0805206298828125], [-68.85536193847656, 31.580032348632812, -81.65635681152344], [0.7011566162109375, -0.2649078369140625, 0.5255126953125, -0.4025115966796875]
727870, 730.8994750976562, [1000.0, 365.0, 815.0, 519.0, 571.0, 807.0, 637.0, 742.0, 505.0, 1000.0, 720.0, 1000.0, 0.0, 1000.0, 666.0, 999.0, 999.0, 999.0, 999.0, 378.0, 776.0, 0.0, 727.0], [-64.51738739013672, 30.017654418945312, -8.144932746887207], [-0.8245391845703125, 0.4986724853515625, -0.2550506591796875, -0.079864501953125], [-69.00137329101562, 31.805612564086914, -81.72425842285156], [0.7009429931640625, -0.2642364501953125, 0.52716064453125, -0.401153564453125]
727910, 730.9096069335938, [1000.0, 364.0, 816.0, 519.0, 574.0, 806.0, 638.0, 740.0, 505.0, 1000.0, 718.0, 1000.0, 0.0, 1000.0, 662.0, 999.0, 999.0, 999.0, 999.0, 377.0, 775.0, 0.0, 726.0], [-65.43914794921875, 29.900014877319336, -8.596938133239746], [-0.8209991455078125, 0.504486083984375, -0.2555694580078125, -0.078125], [-67.40284729003906, 31.723918914794922, -80.91878509521484], [0.7072906494140625, -0.258544921875, 0.51934814453125, -0.403900146484375]
727960, 730.9595947265625, [1000.0, 362.0, 816.0, 518.0, 576.0, 805.0, 638.0, 736.0, 505.0, 1000.0, 715.0, 1000.0, 0.0, 1000.0, 655.0, 999.0, 999.0, 999.0, 999.0, 377.0, 774.0, 0.0, 723.0], [-65.29769134521484, 29.959808349609375, -8.362030029296875], [-0.8213653564453125, 0.5038909912109375, -0.2550506591796875, -0.07977294921875], [-67.13086700439453, 30.735898971557617, -80.78014373779297], [0.7068939208984375, -0.2629547119140625, 0.513641357421875, -0.409027099609375]
727990, 731.0098266601562, [1000.0, 363.0, 815.0, 519.0, 575.0, 805.0, 639.0, 735.0, 505.0, 1000.0, 714.0, 1000.0, 0.0, 1000.0, 651.0, 999.0, 999.0, 999.0, 999.0, 376.0, 773.0, 0.0, 722.0], [-64.62139129638672, 30.014108657836914, -7.94997501373291], [-0.8239593505859375, 0.4998626708984375, -0.2541046142578125, -0.08148193359375], [-67.10177612304688, 31.2443790435791, -80.8724136352539], [0.7074127197265625, -0.259552001953125, 0.5160369873046875, -0.40728759765625]
728020, 731.01953125, [1000.0, 365.0, 815.0, 519.0, 576.0, 804.0, 640.0, 735.0, 507.0, 1000.0, 713.0, 1000.0, 0.0, 1000.0, 626.0, 999.0, 999.0, 999.0, 999.0, 376.0, 772.0, 0.0, 721.0], [-64.44193267822266, 29.999069213867188, -7.920970439910889], [-0.824737548828125, 0.4986572265625, -0.253997802734375, -0.0812225341796875], [-67.18276977539062, 31.203067779541016, -81.05064392089844], [0.7065277099609375, -0.2594757080078125, 0.51654052734375, -0.4082183837890625]
728070, 731.069580078125, [1000.0, 366.0, 816.0, 519.0, 580.0, 803.0, 643.0, 734.0, 507.0, 1000.0, 709.0, 750.0, 0.0, 1000.0, 628.0, 999.0, 999.0, 999.0, 999.0, 376.0, 772.0, 0.0, 719.0], [-64.14828491210938, 30.085725784301758, -7.900816440582275], [-0.82586669921875, 0.4964447021484375, -0.254730224609375, -0.08111572265625], [-67.37361145019531, 30.811391830444336, -81.42029571533203], [0.70416259765625, -0.2611541748046875, 0.5163116455078125, -0.4115142822265625]
728100, 731.1195068359375, [1000.0, 362.0, 816.0, 519.0, 581.0, 803.0, 643.0, 733.0, 507.0, 1000.0, 708.0, 1000.0, 0.0, 1000.0, 619.0, 999.0, 999.0, 999.0, 999.0, 376.0, 772.0, 0.0, 718.0], [-64.17463684082031, 30.035099029541016, -7.969791412353516], [-0.8258819580078125, 0.4965667724609375, -0.2546539306640625, -0.0804443359375], [-67.60720825195312, 30.462900161743164, -81.69275665283203], [0.70208740234375, -0.2632904052734375, 0.5162200927734375, -0.4138031005859375]
728130, 731.1295166015625, [1000.0, 363.0, 816.0, 519.0, 584.0, 803.0, 645.0, 732.0, 507.0, 1000.0, 705.0, 1000.0, 0.0, 1000.0, 618.0, 999.0, 999.0, 999.0, 999.0, 375.0, 771.0, 0.0, 717.0], [-64.20297241210938, 29.376850128173828, -8.178135871887207], [-0.826934814453125, 0.4974212646484375, -0.2509002685546875, -0.0759735107421875], [-68.14392852783203, 30.503143310546875, -82.0659408569336], [0.6995697021484375, -0.2646636962890625, 0.519195556640625, -0.4134674072265625]
728180, 731.1795654296875, [1000.0, 364.0, 815.0, 519.0, 589.0, 802.0, 649.0, 731.0, 508.0, 1000.0, 698.0, 1000.0, 0.0, 1000.0, 663.0, 999.0, 999.0, 999.0, 999.0, 375.0, 770.0, 0.0, 715.0], [-65.29219055175781, 28.8007755279541, -8.986337661743164], [-0.8235626220703125, 0.504486083984375, -0.24969482421875, -0.069854736328125], [-69.03477478027344, 30.68212890625, -82.65335845947266], [0.6956939697265625, -0.26641845703125, 0.5245513916015625, -0.4121246337890625]
728230, 731.2295532226562, [1000.0, 367.0, 815.0, 519.0, 589.0, 801.0, 651.0, 730.0, 509.0, 1000.0, 694.0, 750.0, 0.0, 1000.0, 662.0, 999.0, 999.0, 999.0, 999.0, 374.0, 768.0, 0.0, 713.0], [-65.56903839111328, 28.826274871826172, -9.244281768798828], [-0.82244873046875, 0.505859375, -0.2508392333984375, -0.0687255859375], [-68.77444458007812, 31.20515251159668, -82.60202026367188], [0.6973724365234375, -0.2621612548828125, 0.5257720947265625, -0.4104766845703125]
728290, 731.28955078125, [1000.0, 366.0, 813.0, 519.0, 589.0, 800.0, 651.0, 730.0, 508.0, 1000.0, 690.0, 1000.0, 0.0, 1000.0, 677.0, 999.0, 999.0, 999.0, 999.0, 374.0, 767.0, 0.0, 712.0], [-65.76365661621094, 28.88883399963379, -9.351284980773926], [-0.821563720703125, 0.5069122314453125, -0.2516326904296875, -0.0686798095703125], [-67.82997131347656, 30.65128517150879, -82.26939392089844], [0.699798583984375, -0.2610015869140625, 0.5191802978515625, -0.4154205322265625]
728340, 731.3395385742188, [1000.0, 365.0, 812.0, 518.0, 589.0, 799.0, 651.0, 729.0, 508.0, 1000.0, 687.0, 1000.0, 0.0, 1000.0, 668.0, 999.0, 999.0, 999.0, 999.0, 373.0, 767.0, 0.0, 710.0], [-65.63975524902344, 29.085634231567383, -9.25769329071045], [-0.82177734375, 0.505889892578125, -0.2526702880859375, -0.07000732421875], [-67.89500427246094, 30.4293270111084, -82.40072631835938], [0.6988067626953125, -0.2620391845703125, 0.51873779296875, -0.4169921875]
728400, 731.3995361328125, [1000.0, 367.0, 811.0, 518.0, 588.0, 798.0, 651.0, 729.0, 507.0, 1000.0, 685.0, 1000.0, 0.0, 1000.0, 660.0, 999.0, 999.0, 999.0, 999.0, 373.0, 766.0, 0.0, 709.0], [-65.28316497802734, 28.833189010620117, -9.110816955566406], [-0.8236236572265625, 0.50408935546875, -0.2504730224609375, -0.069091796875], [-68.5643310546875, 30.270584106445312, -82.72364044189453], [0.695831298828125, -0.265533447265625, 0.5212249755859375, -0.41668701171875]
728450, 731.4495239257812, [1000.0, 362.0, 816.0, 517.0, 591.0, 797.0, 649.0, 728.0, 506.0, 1000.0, 686.0, 1000.0, 0.0, 1000.0, 650.0, 999.0, 999.0, 999.0, 999.0, 373.0, 765.0, 0.0, 708.0], [-65.22712707519531, 28.70683479309082, -9.16854476928711], [-0.8240966796875, 0.5037841796875, -0.2498779296875, -0.067962646484375], [-68.22396087646484, 30.9119873046875, -82.51277160644531], [0.698455810546875, -0.2608489990234375, 0.522308349609375, -0.4138641357421875]
728500, 731.4994506835938, [1000.0, 366.0, 817.0, 516.0, 595.0, 796.0, 643.0, 728.0, 505.0, 1000.0, 685.0, 1000.0, 0.0, 1000.0, 676.0, 999.0, 999.0, 999.0, 999.0, 373.0, 763.0, 0.0, 707.0], [-65.71681213378906, 29.001962661743164, -9.373138427734375], [-0.821624755859375, 0.5063323974609375, -0.2525482177734375, -0.0689544677734375], [-67.89891052246094, 31.132251739501953, -82.29368591308594], [0.700347900390625, -0.258636474609375, 0.5216064453125, -0.4129486083984375]
728560, 731.5595703125, [1000.0, 366.0, 819.0, 514.0, 595.0, 793.0, 643.0, 727.0, 503.0, 1000.0, 684.0, 1000.0, 0.0, 1000.0, 672.0, 999.0, 999.0, 999.0, 999.0, 373.0, 762.0, 0.0, 706.0], [-65.90158081054688, 29.465473175048828, -9.48671817779541], [-0.8201904296875, 0.5065765380859375, -0.25616455078125, -0.07073974609375], [-67.77676391601562, 31.191761016845703, -82.19737243652344], [0.7010650634765625, -0.25799560546875, 0.521209716796875, -0.412628173828125]
