761610, 764.7492065429688, [1000.0, 160.0, 349.0, 112.0, 77.0, 111.0, 81.0, 68.0, 42.0, 1000.0, 0.0, 750.0, 0.0, 1000.0, 935.0, 999.0, 999.0, 947.0, 999.0, 616.0, 647.0, 0.0, 17.0], [-16.98622703552246, -9.167972564697266, 59.42408752441406], [-0.862091064453125, 0.08868408203125, 0.1416168212890625, -0.4783782958984375], [-28.89866828918457, 11.136213302612305, -53.410736083984375], [0.871856689453125, -0.17962646484375, 0.1955413818359375, -0.4114990234375]
761660, 764.7996215820312, [1000.0, 159.0, 349.0, 112.0, 76.0, 111.0, 80.0, 67.0, 41.0, 1000.0, 0.0, 750.0, 0.0, 1000.0, 934.0, 999.0, 999.0, 949.0, 999.0, 616.0, 647.0, 0.0, 17.0], [-16.888164520263672, -9.023149490356445, 59.448856353759766], [-0.862060546875, 0.0885467529296875, 0.1401519775390625, -0.4788970947265625], [-28.96483039855957, 11.333796501159668, -53.443172454833984], [0.8716888427734375, -0.179290771484375, 0.197296142578125, -0.4111785888671875]
761710, 764.8497314453125, [1000.0, 160.0, 348.0, 112.0, 75.0, 111.0, 80.0, 67.0, 41.0, 1000.0, 0.0, 750.0, 0.0, 1000.0, 934.0, 999.0, 999.0, 949.0, 999.0, 616.0, 647.0, 0.0, 16.0], [-16.876914978027344, -9.020682334899902, 59.51336669921875], [-0.8618011474609375, 0.0883941650390625, 0.14013671875, -0.479400634765625], [-28.475461959838867, 11.258363723754883, -53.332191467285156], [0.872833251953125, -0.176055908203125, 0.1948089599609375, -0.411346435546875]
761770, 764.9098510742188, [1000.0, 159.0, 348.0, 111.0, 74.0, 110.0, 80.0, 67.0, 41.0, 1000.0, 0.0, 750.0, 0.0, 1000.0, 935.0, 999.0, 999.0, 949.0, 999.0, 616.0, 645.0, 0.0, 16.0], [-16.888717651367188, -8.985285758972168, 59.6121826171875], [-0.8613739013671875, 0.0885162353515625, 0.1399993896484375, -0.4801788330078125], [-28.939298629760742, 11.273069381713867, -53.40871810913086], [0.8718414306640625, -0.1793975830078125, 0.1967010498046875, -0.411102294921875]
761820, 764.9594116210938, [1000.0, 160.0, 345.0, 111.0, 74.0, 110.0, 79.0, 67.0, 40.0, 1000.0, 0.0, 750.0, 0.0, 1000.0, 934.0, 999.0, 999.0, 948.0, 999.0, 616.0, 645.0, 0.0, 16.0], [-16.976844787597656, -8.969883918762207, 59.69688415527344], [-0.8609466552734375, 0.089141845703125, 0.14031982421875, -0.4807281494140625], [-28.921009063720703, 11.142288208007812, -53.416961669921875], [0.8718109130859375, -0.1797637939453125, 0.1956787109375, -0.4114990234375]
761880, 765.0194091796875, [1000.0, 159.0, 350.0, 111.0, 73.0, 109.0, 78.0, 67.0, 40.0, 1000.0, 0.0, 1000.0, 0.0, 1000.0, 934.0, 999.0, 999.0, 944.0, 999.0, 616.0, 645.0, 0.0, 17.0], [-17.07779312133789, -8.959168434143066, 59.78176498413086], [-0.8605194091796875, 0.08984375, 0.1407318115234375, -0.48126220703125], [-28.717397689819336, 11.289709091186523, -53.39986801147461], [0.872222900390625, -0.1776580810546875, 0.196014404296875, -0.411376953125]
761930, 765.0694580078125, [1000.0, 159.0, 349.0, 111.0, 73.0, 109.0, 78.0, 67.0, 40.0, 1000.0, 0.0, 750.0, 0.0, 1000.0, 934.0, 999.0, 999.0, 945.0, 999.0, 616.0, 645.0, 0.0, 16.0], [-16.988971710205078, -9.023027420043945, 59.830726623535156], [-0.860382080078125, 0.088836669921875, 0.140869140625, -0.4816436767578125], [-28.716337203979492, 11.303193092346191, -53.398319244384766], [0.872222900390625, -0.1775970458984375, 0.19610595703125, -0.4113311767578125]
761980, 765.1198120117188, [1000.0, 161.0, 350.0, 110.0, 72.0, 109.0, 78.0, 67.0, 39.0, 1000.0, 0.0, 1000.0, 0.0, 1000.0, 934.0, 999.0, 999.0, 944.0, 999.0, 616.0, 645.0, 0.0, 16.0], [-16.84701919555664, -9.097342491149902, 59.890750885009766], [-0.8602447509765625, 0.087371826171875, 0.140869140625, -0.4821624755859375], [-28.682586669921875, 11.212830543518066, -53.37751388549805], [0.8723297119140625, -0.177734375, 0.195281982421875, -0.41143798828125]
762040, 765.1797485351562, [1000.0, 160.0, 346.0, 110.0, 71.0, 108.0, 77.0, 66.0, 39.0, 1000.0, 0.0, 1000.0, 0.0, 1000.0, 937.0, 999.0, 999.0, 943.0, 999.0, 616.0, 644.0, 0.0, 16.0], [-16.928104400634766, -9.230972290039062, 60.007354736328125], [-0.8596954345703125, 0.087249755859375, 0.1422882080078125, -0.4827423095703125], [-28.704544067382812, 11.194070816040039, -53.37651824951172], [0.8722991943359375, -0.177978515625, 0.195220947265625, -0.41143798828125]
762090, 765.2296142578125, [1000.0, 160.0, 344.0, 110.0, 71.0, 108.0, 77.0, 66.0, 38.0, 1000.0, 0.0, 1000.0, 0.0, 1000.0, 937.0, 999.0, 999.0, 942.0, 999.0, 616.0, 644.0, 0.0, 16.0], [-16.960214614868164, -9.16511058807373, 60.089866638183594], [-0.85931396484375, 0.087677001953125, 0.141998291015625, -0.4834136962890625], [-29.02078628540039, 11.187772750854492, -53.4417610168457], [0.8715667724609375, -0.1802978515625, 0.1964111328125, -0.411407470703125]
762150, 765.2894897460938, [1000.0, 160.0, 344.0, 109.0, 71.0, 108.0, 76.0, 66.0, 38.0, 1000.0, 0.0, 1000.0, 0.0, 1000.0, 936.0, 999.0, 999.0, 942.0, 999.0, 616.0, 644.0, 0.0, 16.0], [-16.81591033935547, -9.126855850219727, 60.17831039428711], [-0.8590545654296875, 0.0866546630859375, 0.14117431640625, -0.48431396484375], [-28.36862564086914, 11.206438064575195, -53.29712677001953], [0.87310791015625, -0.175506591796875, 0.1939849853515625, -0.411376953125]
762200, 765.3394165039062, [1000.0, 161.0, 341.0, 109.0, 70.0, 107.0, 76.0, 66.0, 38.0, 1000.0, 0.0, 750.0, 0.0, 1000.0, 936.0, 999.0, 999.0, 942.0, 999.0, 616.0, 644.0, 0.0, 16.0], [-16.81923484802246, -9.193411827087402, 60.29512023925781], [-0.8585662841796875, 0.08624267578125, 0.1417694091796875, -0.4850921630859375], [-28.760499954223633, 11.28026008605957, -53.32707214355469], [0.872406005859375, -0.1781463623046875, 0.19598388671875, -0.4107666015625]
762250, 765.3892822265625, [1000.0, 160.0, 342.0, 109.0, 69.0, 107.0, 76.0, 65.0, 37.0, 1000.0, 0.0, 750.0, 0.0, 1000.0, 936.0, 999.0, 999.0, 945.0, 999.0, 616.0, 644.0, 0.0, 14.0], [-16.82059097290039, -9.2132568359375, 60.417381286621094], [-0.8580474853515625, 0.0860137939453125, 0.1420135498046875, -0.4859771728515625], [-28.116416931152344, 10.642383575439453, -53.13343048095703], [0.8739471435546875, -0.17608642578125, 0.188629150390625, -0.4118194580078125]
762310, 765.4494018554688, [1000.0, 159.0, 342.0, 108.0, 69.0, 106.0, 75.0, 65.0, 37.0, 1000.0, 0.0, 750.0, 0.0, 1000.0, 944.0, 999.0, 999.0, 941.0, 999.0, 616.0, 644.0, 0.0, 12.0], [-16.640335083007812, -9.17103099822998, 60.636985778808594], [-0.85723876953125, 0.0845794677734375, 0.1410980224609375, -0.4878997802734375], [-28.334110260009766, 10.616677284240723, -53.184505462646484], [0.8734283447265625, -0.177764892578125, 0.189300537109375, -0.4119110107421875]
762360, 765.4994506835938, [1000.0, 160.0, 337.0, 108.0, 68.0, 105.0, 75.0, 65.0, 37.0, 1000.0, 0.0, 750.0, 0.0, 1000.0, 944.0, 999.0, 999.0, 941.0, 999.0, 616.0, 643.0, 0.0, 11.0], [-16.625043869018555, -9.277033805847168, 60.71991729736328], [-0.856903076171875, 0.083892822265625, 0.141876220703125, -0.4883880615234375], [-28.4290828704834, 10.48438549041748, -53.2740478515625], [0.8729248046875, -0.178863525390625, 0.1887969970703125, -0.4127349853515625]
762410, 765.5494995117188, [1000.0, 160.0, 338.0, 107.0, 68.0, 105.0, 75.0, 65.0, 37.0, 1000.0, 0.0, 1000.0, 0.0, 1000.0, 964.0, 999.0, 999.0, 942.0, 999.0, 616.0, 643.0, 0.0, 11.0], [-16.55704116821289, -9.430153846740723, 60.78288269042969], [-0.856689453125, 0.0826263427734375, 0.14276123046875, -0.4887237548828125], [-28.127840042114258, 10.543899536132812, -53.294437408447266], [0.8733367919921875, -0.176300048828125, 0.1881866455078125, -0.4132537841796875]
762470, 765.6094970703125, [1000.0, 160.0, 337.0, 107.0, 68.0, 104.0, 74.0, 65.0, 36.0, 1000.0, 0.0, 750.0, 0.0, 1000.0, 961.0, 999.0, 999.0, 943.0, 999.0, 616.0, 644.0, 0.0, 10.0], [-16.45911979675293, -9.347955703735352, 61.041019439697266], [-0.85565185546875, 0.081939697265625, 0.1419219970703125, -0.4908905029296875], [-28.195079803466797, 10.836899757385254, -53.30785369873047], [0.8732452392578125, -0.175628662109375, 0.1906280517578125, -0.4125823974609375]
762520, 765.6597900390625, [1000.0, 160.0, 337.0, 107.0, 67.0, 104.0, 74.0, 65.0, 36.0, 1000.0, 0.0, 1000.0, 0.0, 1000.0, 959.0, 999.0, 999.0, 944.0, 999.0, 617.0, 644.0, 0.0, 9.0], [-16.112817764282227, -10.362854957580566, 61.4043083190918], [-0.8543243408203125, 0.0743560791015625, 0.1481475830078125, -0.492584228515625], [-28.257915496826172, 11.943453788757324, -52.94488525390625], [0.874664306640625, -0.1723480224609375, 0.1985321044921875, -0.407196044921875]
762580, 765.7197875976562, [1000.0, 158.0, 336.0, 106.0, 67.0, 102.0, 73.0, 65.0, 35.0, 1000.0, 0.0, 1000.0, 0.0, 1000.0, 962.0, 999.0, 999.0, 949.0, 999.0, 620.0, 648.0, 0.0, 3.0], [-15.326142311096191, -10.231929779052734, 61.65921401977539], [-0.8537139892578125, 0.068756103515625, 0.143951416015625, -0.49566650390625], [-27.385467529296875, 12.483329772949219, -52.113399505615234], [0.8789520263671875, -0.1649932861328125, 0.1982574462890625, -0.401123046875]
762630, 765.769775390625, [1000.0, 158.0, 333.0, 110.0, 66.0, 111.0, 73.0, 63.0, 36.0, 1000.0, 0.0, 1000.0, 0.0, 1000.0, 997.0, 999.0, 999.0, 999.0, 999.0, 621.0, 653.0, 0.0, 2.0], [-13.532218933105469, -8.011384963989258, 61.17826843261719], [-0.85693359375, 0.0658721923828125, 0.1195220947265625, -0.49700927734375], [-26.06493377685547, 14.166439056396484, -51.36308670043945], [0.8833465576171875, -0.1496124267578125, 0.2052459716796875, -0.3939208984375]
762680, 765.8195190429688, [1000.0, 158.0, 331.0, 118.0, 64.0, 125.0, 72.0, 64.0, 40.0, 1000.0, 0.0, 1000.0, 0.0, 1000.0, 975.0, 999.0, 999.0, 999.0, 999.0, 610.0, 651.0, 0.0, 36.0], [-13.714823722839355, -3.7712275981903076, 60.81879425048828], [-0.8577728271484375, 0.0863800048828125, 0.0885772705078125, -0.4988861083984375], [-25.157318115234375, 16.19187355041504, -50.51932907104492], [0.8869476318359375, -0.1363372802734375, 0.21630859375, -0.38458251953125]
762740, 765.8795776367188, [1000.0, 158.0, 349.0, 127.0, 67.0, 142.0, 77.0, 65.0, 43.0, 1000.0, 0.0, 1000.0, 0.0, 1000.0, 958.0, 999.0, 999.0, 999.0, 999.0, 598.0, 652.0, 0.0, 47.0], [-12.750293731689453, 3.2422823905944824, 60.37642288208008], [-0.8571014404296875, 0.110076904296875, 0.0315093994140625, -0.5022430419921875], [-22.296674728393555, 19.216962814331055, -49.29834747314453], [0.892669677734375, -0.1049652099609375, 0.2283477783203125, -0.374114990234375]
762790, 765.9295043945312, [1000.0, 159.0, 359.0, 134.0, 73.0, 154.0, 90.0, 65.0, 47.0, 1000.0, 0.0, 1000.0, 0.0, 1000.0, 961.0, 999.0, 999.0, 999.0, 999.0, 591.0, 652.0, 0.0, 51.0], [-10.33528995513916, 7.165764331817627, 60.12405776977539], [-0.857452392578125, 0.108978271484375, -0.0088348388671875, -0.5027923583984375], [-19.047840118408203, 21.42204475402832, -48.20629119873047], [0.8970947265625, -0.07354736328125, 0.23370361328125, -0.3676605224609375]
762850, 765.9898681640625, [1000.0, 158.0, 364.0, 141.0, 85.0, 161.0, 168.0, 64.0, 54.0, 1000.0, 0.0, 750.0, 0.0, 1000.0, 961.0, 999.0, 999.0, 999.0, 999.0, 581.0, 654.0, 0.0, 70.0], [-8.838238716125488, 9.379922866821289, 59.53304672241211], [-0.85943603515625, 0.1071319580078125, -0.0326385498046875, -0.4987945556640625], [-16.728063583374023, 23.46072769165039, -47.32856750488281], [0.89910888671875, -0.049713134765625, 0.24139404296875, -0.361724853515625]
762900, 766.0396728515625, [1000.0, 158.0, 362.0, 144.0, 103.0, 161.0, 330.0, 61.0, 63.0, 1000.0, 0.0, 1000.0, 0.0, 1000.0, 958.0, 999.0, 999.0, 999.0, 999.0, 576.0, 662.0, 0.0, 91.0], [-6.7301411628723145, 9.286334991455078, 59.044761657714844], [-0.86346435546875, 0.090728759765625, -0.0414886474609375, -0.4944305419921875], [-13.983282089233398, 23.666826248168945, -46.500797271728516], [0.9024200439453125, -0.02911376953125, 0.234039306640625, -0.3605499267578125]
762920, 766.0897216796875, [1000.0, 158.0, 362.0, 146.0, 117.0, 161.0, 416.0, 60.0, 68.0, 1000.0, 0.0, 750.0, 0.0, 1000.0, 955.0, 999.0, 999.0, 999.0, 999.0, 575.0, 664.0, 0.0, 102.0], [-5.557564735412598, 8.757627487182617, 58.62397003173828], [-0.8665771484375, 0.0794830322265625, -0.0428314208984375, -0.49078369140625], [-13.033624649047852, 23.490568161010742, -46.30791473388672], [0.9034576416015625, -0.02264404296875, 0.229644775390625, -0.361236572265625]
762950, 766.099365234375, [1000.0, 158.0, 362.0, 148.0, 209.0, 158.0, 639.0, 57.0, 100.0, 1000.0, 0.0, 1000.0, 0.0, 1000.0, 957.0, 999.0, 999.0, 999.0, 999.0, 571.0, 667.0, 0.0, 125.0], [-4.999814510345459, 9.57150650024414, 57.67687225341797], [-0.870330810546875, 0.078277587890625, -0.0520477294921875, -0.4833831787109375], [-12.220688819885254, 23.081226348876953, -46.29387283325195], [0.9041595458984375, -0.0177001953125, 0.223907470703125, -0.363372802734375]
763010, 766.1495971679688, [1000.0, 158.0, 362.0, 154.0, 502.0, 156.0, 829.0, 55.0, 250.0, 1000.0, 0.0, 1000.0, 0.0, 1000.0, 960.0, 999.0, 999.0, 999.0, 999.0, 566.0, 675.0, 0.0, 160.0], [-2.544428825378418, 4.673093795776367, 55.681060791015625], [-0.8828582763671875, 0.0386505126953125, -0.0256805419921875, -0.4673004150390625], [-10.22132682800293, 21.758224487304688, -46.130577087402344], [0.9065093994140625, -0.0068359375, 0.2072296142578125, -0.36773681640625]
763060, 766.199462890625, [1000.0, 158.0, 365.0, 160.0, 706.0, 160.0, 888.0, 55.0, 381.0, 1000.0, 0.0, 1000.0, 0.0, 1000.0, 959.0, 999.0, 999.0, 999.0, 999.0, 561.0, 675.0, 0.0, 170.0], [0.8346570134162903, -0.3992685377597809, 53.72777557373047], [-0.89202880859375, -0.0080718994140625, -0.00018310546875, -0.451873779296875], [-8.542119026184082, 20.049766540527344, -45.879638671875], [0.9093780517578125, 0.0001220703125, 0.188446044921875, -0.3708038330078125]
763120, 766.2595825195312, [1000.0, 158.0, 435.0, 168.0, 856.0, 164.0, 932.0, 55.0, 541.0, 1000.0, 0.0, 1000.0, 0.0, 1000.0, 952.0, 999.0, 999.0, 999.0, 999.0, 553.0, 667.0, 0.0, 191.0], [4.741671562194824, -4.841287136077881, 51.3173713684082], [-0.8990478515625, -0.0555267333984375, 0.0201416015625, -0.4338226318359375], [-5.961730480194092, 18.395986557006836, -45.05946350097656], [0.9137420654296875, 0.0137481689453125, 0.1671142578125, -0.3700408935546875]
763170, 766.3095703125, [1000.0, 158.0, 496.0, 175.0, 927.0, 159.0, 949.0, 55.0, 613.0, 1000.0, 0.0, 1000.0, 0.0, 1000.0, 938.0, 999.0, 999.0, 999.0, 999.0, 543.0, 682.0, 0.0, 209.0], [7.994025707244873, -10.864922523498535, 46.751461029052734], [-0.9089508056640625, -0.101165771484375, 0.0591583251953125, -0.4000701904296875], [-4.683995246887207, 18.04633903503418, -44.68989181518555], [0.915130615234375, 0.022247314453125, 0.1602783203125, -0.369232177734375]
763220, 766.3695678710938, [1000.0, 157.0, 587.0, 187.0, 972.0, 154.0, 964.0, 55.0, 688.0, 1000.0, 0.0, 1000.0, 0.0, 1000.0, 940.0, 999.0, 999.0, 993.0, 999.0, 532.0, 696.0, 0.0, 248.0], [10.97019100189209, -13.360467910766602, 44.231353759765625], [-0.9117279052734375, -0.1315460205078125, 0.071533203125, -0.38250732421875], [-2.7459397315979004, 17.90509033203125, -43.713592529296875], [0.9179229736328125, 0.03594970703125, 0.1531982421875, -0.3641815185546875]
763280, 766.4196166992188, [1000.0, 159.0, 773.0, 219.0, 1000.0, 174.0, 981.0, 60.0, 836.0, 1000.0, 0.0, 1000.0, 0.0, 1000.0, 915.0, 999.0, 999.0, 987.0, 999.0, 530.0, 685.0, 0.0, 273.0], [12.636637687683105, -20.025585174560547, 40.424625396728516], [-0.911895751953125, -0.161407470703125, 0.124725341796875, -0.3561248779296875], [-2.4929699897766113, 18.040386199951172, -43.81053161621094], [0.9173736572265625, 0.038543701171875, 0.1534423828125, -0.365203857421875]
763320, 766.469482421875, [1000.0, 163.0, 820.0, 274.0, 1000.0, 311.0, 991.0, 168.0, 890.0, 1000.0, 108.0, 750.0, 0.0, 1000.0, 786.0, 999.0, 999.0, 983.0, 999.0, 536.0, 706.0, 0.0, 360.0], [14.165265083312988, -21.024431228637695, 38.82664108276367], [-0.912750244140625, -0.1745147705078125, 0.130462646484375, -0.34552001953125], [-0.2058640867471695, 15.978623390197754, -43.23103713989258], [0.9207305908203125, 0.0495452880859375, 0.1298675537109375, -0.36456298828125]
763330, 766.4794921875, [1000.0, 165.0, 839.0, 289.0, 1000.0, 380.0, 995.0, 309.0, 899.0, 1000.0, 166.0, 750.0, 0.0, 1000.0, 711.0, 999.0, 978.0, 989.0, 999.0, 536.0, 712.0, 0.0, 413.0], [14.512945175170898, -21.299955368041992, 38.38810729980469], [-0.91302490234375, -0.1775054931640625, 0.13232421875, -0.342559814453125], [-0.44457271695137024, 15.921544075012207, -43.33319854736328], [0.9205780029296875, 0.0475616455078125, 0.130126953125, -0.365142822265625]
763390, 766.5294799804688, [1000.0, 169.0, 942.0, 346.0, 1000.0, 816.0, 1000.0, 889.0, 930.0, 1000.0, 646.0, 750.0, 0.0, 1000.0, 454.0, 999.0, 915.0, 999.0, 999.0, 535.0, 856.0, 0.0, 721.0], [13.62090015411377, -24.342769622802734, 35.597137451171875], [-0.9165191650390625, -0.1743621826171875, 0.1638946533203125, -0.32049560546875], [-5.025071144104004, 16.839834213256836, -46.02471160888672], [0.9121246337890625, 0.01727294921875, 0.1515960693359375, -0.38043212890625]
763410, 766.5795288085938, [1000.0, 170.0, 954.0, 369.0, 1000.0, 905.0, 1000.0, 949.0, 925.0, 1000.0, 694.0, 1000.0, 0.0, 1000.0, 651.0, 999.0, 998.0, 999.0, 999.0, 533.0, 897.0, 0.0, 754.0], [12.189188003540039, -25.338638305664062, 35.37580108642578], [-0.9171905517578125, -0.164947509765625, 0.176300048828125, -0.3169403076171875], [-6.475646495819092, 16.99934196472168, -46.644229888916016], [0.9100494384765625, 0.0071258544921875, 0.157623291015625, -0.3832550048828125]
763440, 766.5894165039062, [1000.0, 171.0, 966.0, 426.0, 1000.0, 956.0, 1000.0, 984.0, 919.0, 1000.0, 682.0, 750.0, 0.0, 1000.0, 757.0, 999.0, 999.0, 988.0, 999.0, 529.0, 915.0, 0.0, 792.0], [11.87147331237793, -25.80638885498047, 35.189552307128906], [-0.91717529296875, -0.1632232666015625, 0.181243896484375, -0.3150787353515625], [-7.241582870483398, 17.187746047973633, -47.408084869384766], [0.9073333740234375, 0.002777099609375, 0.161651611328125, -0.3880615234375]
763490, 766.6395263671875, [1000.0, 171.0, 970.0, 554.0, 1000.0, 989.0, 1000.0, 1000.0, 919.0, 1000.0, 634.0, 1000.0, 0.0, 1000.0, 548.0, 999.0, 740.0, 951.0, 999.0, 519.0, 906.0, 0.0, 825.0], [9.053412437438965, -27.191837310791016, 35.3515739440918], [-0.9175567626953125, -0.1442413330078125, 0.199981689453125, -0.3118743896484375], [-11.45655345916748, 17.25080680847168, -49.58710861206055], [0.8993377685546875, -0.027008056640625, 0.176849365234375, -0.3989410400390625]
763550, 766.689697265625, [1000.0, 172.0, 985.0, 653.0, 1000.0, 1000.0, 994.0, 1000.0, 908.0, 1000.0, 599.0, 1000.0, 0.0, 1000.0, 353.0, 999.0, 609.0, 915.0, 999.0, 504.0, 900.0, 60.0, 866.0], [2.060419797897339, -29.28870391845703, 37.27228546142578], [-0.9151763916015625, -0.097259521484375, 0.2339630126953125, -0.3134307861328125], [-17.569456100463867, 17.094003677368164, -52.36361312866211], [0.88702392578125, -0.0707244873046875, 0.1984405517578125, -0.41082763671875]
763600, 766.7496337890625, [1000.0, 174.0, 991.0, 687.0, 995.0, 1000.0, 989.0, 1000.0, 898.0, 1000.0, 586.0, 1000.0, 0.0, 1000.0, 279.0, 999.0, 559.0, 921.0, 999.0, 495.0, 896.0, 91.0, 888.0], [3.568655014038086, -30.567651748657227, 36.38587951660156], [-0.91339111328125, -0.1107940673828125, 0.2409210205078125, -0.3088226318359375], [-19.77012825012207, 17.08063507080078, -53.06583786010742], [0.88299560546875, -0.0865325927734375, 0.20672607421875, -0.412384033203125]
763650, 766.799560546875, [1000.0, 173.0, 989.0, 729.0, 991.0, 1000.0, 984.0, 1000.0, 894.0, 1000.0, 570.0, 750.0, 0.0, 1000.0, 338.0, 999.0, 622.0, 912.0, 999.0, 488.0, 889.0, 81.0, 902.0], [-2.065600872039795, -28.342710494995117, 38.842613220214844], [-0.91571044921875, -0.064910888671875, 0.236663818359375, -0.31817626953125], [-22.72735595703125, 18.80841064453125, -54.04189682006836], [0.876251220703125, -0.1003875732421875, 0.23101806640625, -0.410736083984375]
763670, 766.8493041992188, [1000.0, 173.0, 990.0, 741.0, 990.0, 1000.0, 983.0, 1000.0, 895.0, 1000.0, 560.0, 750.0, 0.0, 1000.0, 352.0, 999.0, 701.0, 913.0, 999.0, 486.0, 884.0, 60.0, 909.0], [-4.9177398681640625, -27.36166000366211, 40.13078689575195], [-0.915283203125, -0.0419158935546875, 0.2362518310546875, -0.323516845703125], [-24.331750869750977, 19.77619743347168, -54.562416076660156], [0.8724822998046875, -0.107574462890625, 0.244354248046875, -0.40924072265625]
763710, 766.859375, [1000.0, 171.0, 993.0, 741.0, 989.0, 1000.0, 982.0, 1000.0, 896.0, 1000.0, 548.0, 1000.0, 0.0, 1000.0, 374.0, 999.0, 882.0, 913.0, 999.0, 482.0, 871.0, 74.0, 920.0], [-11.293184280395508, -24.95111656188965, 43.07721710205078], [-0.911590576171875, 0.01043701171875, 0.2352294921875, -0.336944580078125], [-27.693941116333008, 22.199743270874023, -55.621551513671875], [0.8642120361328125, -0.120513916015625, 0.27490234375, -0.4037628173828125]
763760, 766.9093017578125, [1000.0, 168.0, 995.0, 708.0, 990.0, 1000.0, 980.0, 1000.0, 900.0, 1000.0, 531.0, 1000.0, 0.0, 1000.0, 444.0, 999.0, 999.0, 915.0, 999.0, 476.0, 848.0, 113.0, 930.0], [-20.769004821777344, -22.959123611450195, 47.36994934082031], [-0.89715576171875, 0.0831298828125, 0.2502288818359375, -0.3543701171875], [-34.69753646850586, 25.137195587158203, -57.72190475463867], [0.84722900390625, -0.154632568359375, 0.3223876953125, -0.392852783203125]
763770, 766.9600219726562, [1000.0, 168.0, 995.0, 708.0, 990.0, 1000.0, 980.0, 1000.0, 900.0, 1000.0, 531.0, 1000.0, 0.0, 1000.0, 444.0, 999.0, 999.0, 915.0, 999.0, 476.0, 848.0, 113.0, 930.0], [-20.769004821777344, -22.959123611450195, 47.36994934082031], [-0.89715576171875, 0.0831298828125, 0.2502288818359375, -0.3543701171875], [-35.91883850097656, 25.68097496032715, -58.030574798583984], [0.84429931640625, -0.1603546142578125, 0.3306884765625, -0.3899383544921875]
763820, 766.9694213867188, [1000.0, 168.0, 1000.0, 714.0, 989.0, 1000.0, 979.0, 1000.0, 899.0, 1000.0, 494.0, 750.0, 0.0, 1000.0, 497.0, 999.0, 999.0, 913.0, 999.0, 470.0, 827.0, 142.0, 935.0], [-32.41123580932617, -19.163015365600586, 52.97438049316406], [-0.868194580078125, 0.175018310546875, 0.2657928466796875, -0.3807220458984375], [-43.16520309448242, 27.955249786376953, -59.732486724853516], [0.826751708984375, -0.19769287109375, 0.372528076171875, -0.3722991943359375]
763870, 767.0198364257812, [1000.0, 176.0, 1000.0, 687.0, 988.0, 988.0, 982.0, 993.0, 895.0, 1000.0, 440.0, 1000.0, 0.0, 1000.0, 516.0, 990.0, 999.0, 958.0, 999.0, 463.0, 782.0, 152.0, 933.0], [-41.16115951538086, -18.414365768432617, 56.36635971069336], [-0.8411102294921875, 0.235107421875, 0.2959136962890625, -0.386871337890625], [-51.06159973144531, 29.3789119720459, -61.899356842041016], [0.804779052734375, -0.2398681640625, 0.41064453125, -0.35516357421875]
763920, 767.0694580078125, [1000.0, 176.0, 1000.0, 697.0, 988.0, 969.0, 986.0, 968.0, 886.0, 1000.0, 402.0, 1000.0, 0.0, 1000.0, 617.0, 980.0, 999.0, 999.0, 999.0, 459.0, 790.0, 107.0, 902.0], [-43.946807861328125, -14.805218696594238, 56.84656524658203], [-0.8317108154296875, 0.2694549560546875, 0.2816925048828125, -0.39532470703125], [-52.80475997924805, 30.601036071777344, -62.62685012817383], [0.799072265625, -0.24359130859375, 0.424835205078125, -0.3487548828125]
763980, 767.1294555664062, [1000.0, 174.0, 1000.0, 605.0, 987.0, 909.0, 984.0, 891.0, 851.0, 1000.0, 311.0, 1000.0, 0.0, 1000.0, 661.0, 999.0, 999.0, 999.0, 999.0, 459.0, 832.0, 48.0, 876.0], [-45.18014907836914, -12.342686653137207, 57.572914123535156], [-0.8243560791015625, 0.2869110107421875, 0.2708892822265625, -0.40582275390625], [-55.316280364990234, 31.724315643310547, -64.16938781738281], [0.7892608642578125, -0.249725341796875, 0.442291259765625, -0.345062255859375]
764030, 767.179443359375, [1000.0, 173.0, 1000.0, 484.0, 979.0, 783.0, 974.0, 677.0, 819.0, 1000.0, 249.0, 1000.0, 0.0, 1000.0, 807.0, 999.0, 999.0, 999.0, 999.0, 459.0, 878.0, 11.0, 849.0], [-49.08298873901367, -10.787115097045898, 58.513916015625], [-0.809173583984375, 0.3189697265625, 0.2766876220703125, -0.408538818359375], [-58.37771987915039, 32.38142776489258, -65.77825164794922], [0.7778472900390625, -0.2610931396484375, 0.4587249755859375, -0.341064453125]
764040, 767.2298583984375, [1000.0, 173.0, 1000.0, 474.0, 977.0, 762.0, 970.0, 640.0, 809.0, 1000.0, 241.0, 1000.0, 0.0, 1000.0, 816.0, 999.0, 999.0, 999.0, 999.0, 459.0, 886.0, 5.0, 845.0], [-49.5838737487793, -10.67877197265625, 58.490421295166016], [-0.8077392578125, 0.3230133056640625, 0.277679443359375, -0.4075469970703125], [-58.7065315246582, 32.40541458129883, -65.96621704101562], [0.77655029296875, -0.262451171875, 0.46026611328125, -0.340911865234375]
764090, 767.239501953125, [1000.0, 171.0, 1000.0, 446.0, 912.0, 707.0, 855.0, 520.0, 675.0, 1000.0, 226.0, 750.0, 0.0, 1000.0, 786.0, 999.0, 999.0, 999.0, 999.0, 458.0, 901.0, 0.0, 841.0], [-54.444637298583984, -6.892414093017578, 59.7303352355957], [-0.7834320068359375, 0.369354248046875, 0.2737274169921875, -0.41815185546875], [-62.781761169433594, 32.38080978393555, -67.36331939697266], [0.7626953125, -0.28424072265625, 0.4754638671875, -0.333770751953125]
764140, 767.2894287109375, [1000.0, 167.0, 1000.0, 435.0, 715.0, 740.0, 615.0, 525.0, 591.0, 1000.0, 226.0, 750.0, 0.0, 1000.0, 875.0, 999.0, 999.0, 999.0, 999.0, 445.0, 886.0, 0.0, 846.0], [-62.943153381347656, -4.124927997589111, 60.37247848510742], [-0.7462005615234375, 0.435546875, 0.2888641357421875, -0.412322998046875], [-68.95654296875, 31.992868423461914, -68.78407287597656], [0.74200439453125, -0.3207244873046875, 0.4948272705078125, -0.3188629150390625]
764190, 767.3391723632812, [1000.0, 166.0, 1000.0, 455.0, 807.0, 792.0, 771.0, 663.0, 725.0, 1000.0, 237.0, 750.0, 0.0, 1000.0, 848.0, 999.0, 999.0, 999.0, 999.0, 435.0, 873.0, 0.0, 854.0], [-71.77513122558594, -1.1851950883865356, 61.167842864990234], [-0.70050048828125, 0.5003509521484375, 0.305450439453125, -0.4069671630859375], [-79.0414810180664, 31.804170608520508, -71.2488021850586], [0.70458984375, -0.374359130859375, 0.5282745361328125, -0.2903900146484375]
764250, 767.3992309570312, [1000.0, 168.0, 1000.0, 470.0, 809.0, 893.0, 949.0, 889.0, 884.0, 1000.0, 326.0, 1000.0, 0.0, 1000.0, 911.0, 999.0, 977.0, 999.0, 999.0, 426.0, 843.0, 226.0, 900.0], [-84.33518981933594, 1.0332669019699097, 61.53745651245117], [-0.63372802734375, 0.5802001953125, 0.3376617431640625, -0.3843536376953125], [-91.32233428955078, 31.371248245239258, -73.94213104248047], [0.65386962890625, -0.436492919921875, 0.5650787353515625, -0.25018310546875]
764300, 767.4491577148438, [1000.0, 169.0, 1000.0, 421.0, 759.0, 923.0, 984.0, 922.0, 981.0, 1000.0, 456.0, 1000.0, 0.0, 1000.0, 882.0, 954.0, 476.0, 999.0, 999.0, 418.0, 807.0, 366.0, 939.0], [-94.55016326904297, 1.383612871170044, 62.75881576538086], [-0.5745697021484375, 0.631378173828125, 0.37548828125, -0.3608245849609375], [-100.70984649658203, 30.600820541381836, -76.58475494384766], [0.608917236328125, -0.4785919189453125, 0.592376708984375, -0.2218780517578125]
764360, 767.5093383789062, [1000.0, 173.0, 1000.0, 336.0, 847.0, 871.0, 990.0, 875.0, 996.0, 1000.0, 582.0, 1000.0, 0.0, 1000.0, 659.0, 950.0, 998.0, 999.0, 999.0, 417.0, 771.0, 276.0, 933.0], [-99.97384643554688, 2.1230225563049316, 65.06776428222656], [-0.534332275390625, 0.6519927978515625, 0.4017791748046875, -0.3576812744140625], [-106.14421081542969, 30.16425132751465, -78.18762969970703], [0.581390380859375, -0.500457763671875, 0.6080474853515625, -0.204376220703125]
764410, 767.5596313476562, [1000.0, 175.0, 906.0, 288.0, 876.0, 774.0, 958.0, 829.0, 945.0, 1000.0, 785.0, 1000.0, 0.0, 1000.0, 284.0, 999.0, 958.0, 999.0, 999.0, 418.0, 731.0, 169.0, 915.0], [-104.43441009521484, 2.9388797283172607, 66.39449310302734], [-0.50140380859375, 0.6697235107421875, 0.41943359375, -0.352294921875], [-109.72992706298828, 29.54642105102539, -79.35210418701172], [0.561431884765625, -0.514923095703125, 0.6177978515625, -0.1947784423828125]
764460, 767.6099243164062, [1000.0, 181.0, 882.0, 491.0, 823.0, 803.0, 932.0, 795.0, 887.0, 1000.0, 866.0, 1000.0, 0.0, 1000.0, 451.0, 999.0, 908.0, 999.0, 999.0, 428.0, 842.0, 93.0, 903.0], [-105.75978088378906, 2.6556484699249268, 66.82310485839844], [-0.493438720703125, 0.6731109619140625, 0.427276611328125, -0.3476409912109375], [-111.60167694091797, 30.003633499145508, -79.46221923828125], [0.5543670654296875, -0.521392822265625, 0.622528076171875, -0.182373046875]
764520, 767.6697998046875, [1000.0, 181.0, 890.0, 566.0, 787.0, 745.0, 838.0, 774.0, 719.0, 1000.0, 899.0, 1000.0, 0.0, 1000.0, 866.0, 999.0, 833.0, 999.0, 999.0, 432.0, 877.0, 1.0, 899.0], [-108.27422332763672, 4.898457050323486, 64.93283081054688], [-0.4752349853515625, 0.696563720703125, 0.41351318359375, -0.343414306640625], [-112.22654724121094, 31.71555519104004, -78.97029876708984], [0.55816650390625, -0.5194244384765625, 0.6253509521484375, -0.1659698486328125]
764570, 767.7194213867188, [1000.0, 187.0, 922.0, 554.0, 883.0, 638.0, 818.0, 791.0, 607.0, 1000.0, 915.0, 1000.0, 0.0, 1000.0, 892.0, 999.0, 590.0, 999.0, 999.0, 424.0, 878.0, 0.0, 909.0], [-105.58867645263672, 6.488321304321289, 61.30081558227539], [-0.4963836669921875, 0.7015380859375, 0.375946044921875, -0.3465423583984375], [-108.25288391113281, 32.95374298095703, -79.15238952636719], [0.5795440673828125, -0.4930267333984375, 0.6231536865234375, -0.1808624267578125]
764630, 767.7796630859375, [1000.0, 190.0, 845.0, 652.0, 970.0, 548.0, 843.0, 839.0, 526.0, 1000.0, 927.0, 750.0, 0.0, 1000.0, 846.0, 999.0, 973.0, 999.0, 999.0, 419.0, 867.0, 0.0, 926.0], [-101.78466033935547, 8.454384803771973, 57.53846740722656], [-0.5238800048828125, 0.7006988525390625, 0.3316802978515625, -0.3528900146484375], [-104.30928039550781, 34.266563415527344, -79.01622772216797], [0.600341796875, -0.46722412109375, 0.6195220947265625, -0.193511962890625]
764680, 767.829345703125, [1000.0, 189.0, 773.0, 698.0, 996.0, 481.0, 913.0, 775.0, 488.0, 1000.0, 926.0, 1000.0, 0.0, 1000.0, 913.0, 999.0, 999.0, 999.0, 999.0, 424.0, 863.0, 0.0, 913.0], [-96.80615997314453, 10.945448875427246, 55.740684509277344], [-0.5508575439453125, 0.6876678466796875, 0.292022705078125, -0.371978759765625], [-98.0836181640625, 35.80195236206055, -78.06958770751953], [0.630706787109375, -0.431304931640625, 0.6090850830078125, -0.2125396728515625]
764730, 767.8793334960938, [1000.0, 187.0, 737.0, 690.0, 1000.0, 404.0, 967.0, 659.0, 552.0, 1000.0, 900.0, 1000.0, 0.0, 1000.0, 953.0, 999.0, 999.0, 999.0, 999.0, 427.0, 834.0, 0.0, 864.0], [-92.66277313232422, 13.490580558776855, 54.365684509277344], [-0.5711517333984375, 0.6760406494140625, 0.256011962890625, -0.388824462890625], [-93.73968505859375, 37.13248062133789, -76.7198715209961], [0.652374267578125, -0.407379150390625, 0.6000213623046875, -0.2199859619140625]
764790, 767.9396362304688, [1000.0, 184.0, 716.0, 749.0, 1000.0, 387.0, 994.0, 648.0, 834.0, 1000.0, 873.0, 1000.0, 0.0, 1000.0, 971.0, 999.0, 983.0, 949.0, 999.0, 415.0, 797.0, 0.0, 857.0], [-86.17057800292969, 16.092540740966797, 51.701412200927734], [-0.6090850830078125, 0.6532440185546875, 0.202911376953125, -0.4013519287109375], [-83.18573760986328, 38.11991500854492, -75.3025131225586], [0.69207763671875, -0.3475799560546875, 0.576629638671875, -0.260162353515625]
764840, 767.9898071289062, [1000.0, 182.0, 741.0, 757.0, 1000.0, 725.0, 996.0, 845.0, 930.0, 1000.0, 765.0, 1000.0, 0.0, 1000.0, 947.0, 999.0, 958.0, 967.0, 999.0, 409.0, 810.0, 0.0, 873.0], [-81.35540008544922, 17.810983657836914, 51.39995574951172], [-0.6313629150390625, 0.6311492919921875, 0.1734619140625, -0.41583251953125], [-80.24891662597656, 38.62004089355469, -73.60728454589844], [0.7054595947265625, -0.3354949951171875, 0.566802978515625, -0.2616729736328125]
764890, 768.03955078125, [1000.0, 179.0, 979.0, 738.0, 1000.0, 888.0, 988.0, 919.0, 874.0, 1000.0, 677.0, 1000.0, 0.0, 1000.0, 946.0, 999.0, 967.0, 999.0, 999.0, 398.0, 841.0, 0.0, 891.0], [-77.18351745605469, 18.887313842773438, 49.67210388183594], [-0.656707763671875, 0.6122589111328125, 0.142059326171875, -0.416717529296875], [-74.35582733154297, 39.28728485107422, -70.54463195800781], [0.7299346923828125, -0.309967041015625, 0.5473175048828125, -0.2674713134765625]
764950, 768.099853515625, [1000.0, 179.0, 1000.0, 672.0, 999.0, 964.0, 964.0, 961.0, 786.0, 1000.0, 636.0, 1000.0, 0.0, 1000.0, 974.0, 999.0, 999.0, 999.0, 999.0, 379.0, 935.0, 60.0, 917.0], [-76.57601165771484, 20.027042388916016, 48.98049545288086], [-0.6587371826171875, 0.611846923828125, 0.1287384033203125, -0.41845703125], [-73.19709014892578, 39.301048278808594, -67.740234375], [0.739501953125, -0.31573486328125, 0.537078857421875, -0.2548980712890625]
765000, 768.1497802734375, [1000.0, 180.0, 1000.0, 690.0, 985.0, 986.0, 956.0, 978.0, 754.0, 1000.0, 596.0, 750.0, 0.0, 1000.0, 967.0, 999.0, 999.0, 999.0, 999.0, 375.0, 944.0, 115.0, 933.0], [-78.2129135131836, 20.45307731628418, 47.831016540527344], [-0.652679443359375, 0.623291015625, 0.125701904296875, -0.4119415283203125], [-72.9146728515625, 38.72758865356445, -66.83785247802734], [0.741851806640625, -0.321044921875, 0.531341552734375, -0.2534637451171875]
765060, 768.2095336914062, [1000.0, 182.0, 1000.0, 701.0, 957.0, 982.0, 936.0, 963.0, 684.0, 1000.0, 554.0, 1000.0, 0.0, 1000.0, 979.0, 967.0, 999.0, 999.0, 999.0, 370.0, 935.0, 134.0, 933.0], [-79.75611114501953, 20.641237258911133, 46.34388732910156], [-0.6488800048828125, 0.6339874267578125, 0.1218109130859375, -0.402679443359375], [-75.76799011230469, 39.28725051879883, -67.5419692993164], [0.732635498046875, -0.333251953125, 0.542022705078125, -0.2415924072265625]
765110, 768.259521484375, [1000.0, 182.0, 1000.0, 762.0, 912.0, 969.0, 875.0, 941.0, 591.0, 1000.0, 516.0, 1000.0, 0.0, 1000.0, 906.0, 999.0, 999.0, 999.0, 999.0, 360.0, 899.0, 113.0, 931.0], [-81.24918365478516, 20.428565979003906, 45.140689849853516], [-0.6454315185546875, 0.6433563232421875, 0.1216583251953125, -0.393310546875], [-78.80480194091797, 38.19858169555664, -67.22032165527344], [0.7230682373046875, -0.359588623046875, 0.5425872802734375, -0.231201171875]
765160, 768.3096923828125, [1000.0, 180.0, 861.0, 826.0, 825.0, 966.0, 729.0, 925.0, 501.0, 1000.0, 502.0, 750.0, 0.0, 1000.0, 882.0, 999.0, 999.0, 999.0, 999.0, 376.0, 883.0, 95.0, 930.0], [-83.70975494384766, 18.188901901245117, 43.86602020263672], [-0.6428375244140625, 0.6551361083984375, 0.1368865966796875, -0.3725433349609375], [-80.9681625366211, 36.733097076416016, -67.12627410888672], [0.7145843505859375, -0.3809356689453125, 0.54034423828125, -0.228607177734375]
765220, 768.3696899414062, [1000.0, 178.0, 660.0, 776.0, 607.0, 904.0, 572.0, 865.0, 413.0, 1000.0, 536.0, 1000.0, 0.0, 1000.0, 921.0, 999.0, 999.0, 999.0, 999.0, 400.0, 879.0, 31.0, 906.0], [-83.7986831665039, 16.285871505737305, 43.55633544921875], [-0.6491241455078125, 0.65301513671875, 0.147369384765625, -0.3612060546875], [-82.47969818115234, 34.45140838623047, -67.4212646484375], [0.7057952880859375, -0.400177001953125, 0.5346832275390625, -0.2362213134765625]
765270, 768.419677734375, [1000.0, 177.0, 606.0, 726.0, 582.0, 845.0, 551.0, 800.0, 391.0, 1000.0, 546.0, 1000.0, 0.0, 1000.0, 920.0, 999.0, 999.0, 999.0, 999.0, 397.0, 867.0, 0.0, 890.0], [-83.77226257324219, 14.436727523803711, 44.16175079345703], [-0.652862548828125, 0.6489410400390625, 0.1623077392578125, -0.355377197265625], [-83.957763671875, 32.60193634033203, -67.9678726196289], [0.696563720703125, -0.415679931640625, 0.5318450927734375, -0.2431488037109375]
765330, 768.4795532226562, [1000.0, 175.0, 569.0, 701.0, 548.0, 827.0, 533.0, 785.0, 374.0, 1000.0, 558.0, 1000.0, 0.0, 1000.0, 921.0, 999.0, 999.0, 999.0, 999.0, 387.0, 845.0, 0.0, 882.0], [-86.06647491455078, 11.444178581237793, 43.59954071044922], [-0.6500244140625, 0.6575164794921875, 0.1844940185546875, -0.3332672119140625], [-88.7780532836914, 27.904903411865234, -70.63090515136719], [0.66339111328125, -0.454345703125, 0.5330352783203125, -0.263275146484375]
765380, 768.52978515625, [1000.0, 174.0, 550.0, 694.0, 542.0, 825.0, 529.0, 782.0, 373.0, 1000.0, 547.0, 1000.0, 0.0, 1000.0, 927.0, 999.0, 999.0, 999.0, 999.0, 384.0, 840.0, 0.0, 878.0], [-86.13162231445312, 10.42200756072998, 43.61480712890625], [-0.652435302734375, 0.6559906005859375, 0.191009521484375, -0.327850341796875], [-88.99854278564453, 28.848243713378906, -71.1781234741211], [0.6633453369140625, -0.4486083984375, 0.539520263671875, -0.2600250244140625]
765420, 768.57958984375, [1000.0, 174.0, 545.0, 690.0, 543.0, 821.0, 530.0, 782.0, 374.0, 1000.0, 543.0, 1000.0, 0.0, 1000.0, 935.0, 999.0, 999.0, 999.0, 999.0, 383.0, 838.0, 0.0, 877.0], [-86.33514404296875, 10.88584041595459, 43.577392578125], [-0.6501007080078125, 0.6580657958984375, 0.1885528564453125, -0.3297576904296875], [-87.46675872802734, 29.915142059326172, -70.19477081298828], [0.673736572265625, -0.439208984375, 0.536590576171875, -0.2553863525390625]
765430, 768.5894165039062, [1000.0, 174.0, 543.0, 688.0, 544.0, 819.0, 532.0, 782.0, 375.0, 1000.0, 542.0, 750.0, 0.0, 1000.0, 934.0, 999.0, 999.0, 999.0, 999.0, 383.0, 838.0, 0.0, 876.0], [-86.37767028808594, 10.997782707214355, 43.571109771728516], [-0.649566650390625, 0.6585235595703125, 0.187957763671875, -0.3302459716796875], [-86.73869323730469, 30.551206588745117, -69.75382232666016], [0.678741455078125, -0.433929443359375, 0.5359039306640625, -0.2525634765625]
765490, 768.6395874023438, [1000.0, 172.0, 532.0, 685.0, 551.0, 825.0, 534.0, 790.0, 377.0, 1000.0, 527.0, 750.0, 0.0, 1000.0, 939.0, 999.0, 999.0, 999.0, 999.0, 381.0, 835.0, 0.0, 875.0], [-85.90363311767578, 11.907912254333496, 43.8257942199707], [-0.6490020751953125, 0.657073974609375, 0.1824798583984375, -0.337249755859375], [-87.28936767578125, 30.63919448852539, -69.83123016357422], [0.6766510009765625, -0.4364013671875, 0.5377655029296875, -0.24993896484375]
765540, 768.689453125, [1000.0, 173.0, 527.0, 681.0, 562.0, 818.0, 541.0, 788.0, 381.0, 1000.0, 516.0, 1000.0, 0.0, 1000.0, 936.0, 999.0, 999.0, 999.0, 999.0, 379.0, 835.0, 0.0, 873.0], [-85.05136108398438, 13.16049861907959, 44.03544998168945], [-0.6496734619140625, 0.654144287109375, 0.173431396484375, -0.3462677001953125], [-86.49951934814453, 30.892929077148438, -69.31970977783203], [0.6812591552734375, -0.4329071044921875, 0.53515625, -0.2491607666015625]
765600, 768.7496948242188, [1000.0, 171.0, 521.0, 676.0, 571.0, 808.0, 544.0, 781.0, 382.0, 1000.0, 510.0, 750.0, 0.0, 1000.0, 957.0, 999.0, 999.0, 999.0, 999.0, 377.0, 833.0, 0.0, 871.0], [-84.71627807617188, 13.982300758361816, 44.19099807739258], [-0.6487274169921875, 0.6534576416015625, 0.168212890625, -0.35186767578125], [-87.06411743164062, 30.629581451416016, -69.53749084472656], [0.678131103515625, -0.436492919921875, 0.5361175537109375, -0.2493133544921875]
765620, 768.7997436523438, [1000.0, 172.0, 518.0, 674.0, 574.0, 807.0, 545.0, 782.0, 381.0, 1000.0, 508.0, 1000.0, 0.0, 1000.0, 961.0, 999.0, 999.0, 999.0, 999.0, 377.0, 833.0, 0.0, 870.0], [-84.59103393554688, 14.05904483795166, 44.245723724365234], [-0.6490478515625, 0.652801513671875, 0.16766357421875, -0.352752685546875], [-87.1587905883789, 30.60802459716797, -69.54244995117188], [0.6777191162109375, -0.4371337890625, 0.5362548828125, -0.2490234375]
765650, 768.8094482421875, [1000.0, 172.0, 518.0, 673.0, 579.0, 807.0, 548.0, 784.0, 381.0, 1000.0, 501.0, 750.0, 0.0, 1000.0, 955.0, 999.0, 999.0, 999.0, 999.0, 376.0, 832.0, 0.0, 869.0], [-84.62024688720703, 14.089743614196777, 44.282020568847656], [-0.648681640625, 0.6529693603515625, 0.1677703857421875, -0.3530731201171875], [-87.24272918701172, 30.453311920166016, -69.56510162353516], [0.6770477294921875, -0.438262939453125, 0.535888671875, -0.2496490478515625]
765670, 768.8494873046875, [1000.0, 172.0, 516.0, 672.0, 589.0, 807.0, 559.0, 784.0, 385.0, 1000.0, 489.0, 1000.0, 0.0, 1000.0, 959.0, 999.0, 999.0, 999.0, 999.0, 376.0, 833.0, 0.0, 867.0], [-84.70237731933594, 14.092154502868652, 44.40605545043945], [-0.6478271484375, 0.65325927734375, 0.1687164306640625, -0.353668212890625], [-87.39134979248047, 30.471145629882812, -69.69229888916016], [0.676239013671875, -0.4384613037109375, 0.536773681640625, -0.249603271484375]
765700, 768.8594360351562, [1000.0, 170.0, 512.0, 671.0, 599.0, 806.0, 575.0, 780.0, 392.0, 1000.0, 476.0, 1000.0, 0.0, 1000.0, 962.0, 999.0, 999.0, 999.0, 999.0, 376.0, 833.0, 0.0, 865.0], [-85.11990356445312, 14.116450309753418, 44.452396392822266], [-0.645233154296875, 0.6555938720703125, 0.1701202392578125, -0.3534393310546875], [-87.9911117553711, 30.433013916015625, -70.12858581542969], [0.67291259765625, -0.44012451171875, 0.5395965576171875, -0.24957275390625]
765760, 768.9095458984375, [1000.0, 169.0, 507.0, 665.0, 610.0, 800.0, 590.0, 767.0, 401.0, 1000.0, 460.0, 750.0, 0.0, 1000.0, 950.0, 999.0, 999.0, 999.0, 999.0, 374.0, 831.0, 0.0, 857.0], [-85.3393783569336, 13.559405326843262, 44.510074615478516], [-0.6454315185546875, 0.65576171875, 0.174560546875, -0.3505706787109375], [-88.62763214111328, 30.620954513549805, -70.58160400390625], [0.66986083984375, -0.4408111572265625, 0.5434722900390625, -0.248138427734375]
765780, 768.95947265625, [1000.0, 169.0, 504.0, 664.0, 610.0, 799.0, 589.0, 766.0, 400.0, 1000.0, 457.0, 750.0, 0.0, 1000.0, 947.0, 999.0, 999.0, 999.0, 999.0, 374.0, 829.0, 0.0, 856.0], [-85.19925689697266, 13.340889930725098, 44.515106201171875], [-0.6468505859375, 0.654571533203125, 0.175506591796875, -0.3496856689453125], [-88.56263732910156, 30.856130599975586, -70.60111999511719], [0.6705474853515625, -0.439208984375, 0.544342041015625, -0.2472076416015625]
765810, 768.9694213867188, [1000.0, 169.0, 500.0, 664.0, 610.0, 799.0, 589.0, 765.0, 399.0, 1000.0, 454.0, 1000.0, 0.0, 1000.0, 947.0, 999.0, 999.0, 999.0, 999.0, 374.0, 829.0, 0.0, 855.0], [-84.76554870605469, 13.243539810180664, 44.54292297363281], [-0.6495208740234375, 0.6519012451171875, 0.1749420166015625, -0.350006103515625], [-88.1014633178711, 31.284866333007812, -70.50430297851562], [0.6733856201171875, -0.434906005859375, 0.5446929931640625, -0.246368408203125]
765870, 769.0195922851562, [1000.0, 172.0, 500.0, 662.0, 612.0, 798.0, 592.0, 760.0, 406.0, 1000.0, 449.0, 750.0, 0.0, 1000.0, 942.0, 999.0, 999.0, 999.0, 999.0, 373.0, 828.0, 0.0, 853.0], [-84.44026947021484, 14.217933654785156, 44.605289459228516], [-0.6483306884765625, 0.651702880859375, 0.1682586669921875, -0.3558197021484375], [-87.35987854003906, 32.04640579223633, -70.37312316894531], [0.677947998046875, -0.4274749755859375, 0.545654296875, -0.2447509765625]
765890, 769.0695190429688, [1000.0, 171.0, 499.0, 662.0, 612.0, 798.0, 593.0, 760.0, 407.0, 1000.0, 449.0, 1000.0, 0.0, 1000.0, 942.0, 999.0, 999.0, 999.0, 999.0, 373.0, 828.0, 0.0, 852.0], [-84.44798278808594, 14.368633270263672, 44.658363342285156], [-0.647674560546875, 0.6519317626953125, 0.1676483154296875, -0.35687255859375], [-88.01815032958984, 32.05244064331055, -70.72858428955078], [0.6747283935546875, -0.42962646484375, 0.54840087890625, -0.2436676025390625]
765920, 769.0794067382812, [1000.0, 171.0, 496.0, 660.0, 613.0, 797.0, 595.0, 758.0, 407.0, 1000.0, 445.0, 1000.0, 0.0, 1000.0, 941.0, 999.0, 999.0, 999.0, 999.0, 373.0, 827.0, 0.0, 850.0], [-84.29774475097656, 14.622119903564453, 44.85160827636719], [-0.6471710205078125, 0.6512451171875, 0.1667022705078125, -0.359466552734375], [-87.91818237304688, 31.66676902770996, -70.71080780029297], [0.6743927001953125, -0.430999755859375, 0.546600341796875, -0.2462615966796875]
765970, 769.1295166015625, [1000.0, 171.0, 492.0, 658.0, 619.0, 794.0, 601.0, 756.0, 408.0, 1000.0, 440.0, 1000.0, 0.0, 1000.0, 940.0, 999.0, 999.0, 999.0, 999.0, 372.0, 826.0, 0.0, 849.0], [-84.31591796875, 14.513927459716797, 44.73366928100586], [-0.64776611328125, 0.651336669921875, 0.1667633056640625, -0.3582305908203125], [-87.2339859008789, 31.321401596069336, -70.3930892944336], [0.676971435546875, -0.430145263671875, 0.54254150390625, -0.2496185302734375]
766030, 769.1795043945312, [1000.0, 172.0, 493.0, 654.0, 632.0, 791.0, 608.0, 753.0, 409.0, 1000.0, 432.0, 1000.0, 0.0, 1000.0, 939.0, 999.0, 999.0, 999.0, 999.0, 371.0, 825.0, 0.0, 847.0], [-84.10740661621094, 14.181751251220703, 44.81532287597656], [-0.6496734619140625, 0.649444580078125, 0.16864013671875, -0.3573150634765625], [-88.83390808105469, 31.205381393432617, -71.27576446533203], [0.6687774658203125, -0.4358978271484375, 0.54888916015625, -0.2478485107421875]
766080, 769.239501953125, [1000.0, 172.0, 490.0, 652.0, 634.0, 789.0, 609.0, 752.0, 409.0, 1000.0, 429.0, 750.0, 0.0, 1000.0, 940.0, 999.0, 999.0, 999.0, 999.0, 371.0, 823.0, 0.0, 845.0], [-84.28902435302734, 13.811918258666992, 44.7274055480957], [-0.6500091552734375, 0.6499481201171875, 0.1710052490234375, -0.35467529296875], [-89.0428466796875, 30.914371490478516, -71.48504638671875], [0.6669158935546875, -0.4375152587890625, 0.5489959716796875, -0.2497406005859375]
766130, 769.28955078125, [1000.0, 172.0, 486.0, 651.0, 636.0, 788.0, 611.0, 750.0, 412.0, 1000.0, 424.0, 1000.0, 0.0, 1000.0, 949.0, 999.0, 999.0, 999.0, 999.0, 370.0, 823.0, 0.0, 843.0], [-84.78848266601562, 13.441829681396484, 44.561038970947266], [-0.6487579345703125, 0.6523590087890625, 0.17388916015625, -0.3510894775390625], [-89.39372253417969, 31.29526138305664, -71.70111846923828], [0.6659088134765625, -0.436676025390625, 0.55206298828125, -0.2471160888671875]
766190, 769.3495483398438, [1000.0, 172.0, 487.0, 648.0, 636.0, 786.0, 615.0, 748.0, 415.0, 1000.0, 416.0, 1000.0, 0.0, 1000.0, 943.0, 999.0, 999.0, 999.0, 999.0, 370.0, 822.0, 0.0, 841.0], [-85.18888092041016, 13.377729415893555, 44.378849029541016], [-0.647216796875, 0.65478515625, 0.174468994140625, -0.34912109375], [-89.45905303955078, 31.952497482299805, -71.7076416015625], [0.667022705078125, -0.433837890625, 0.5547637939453125, -0.2430419921875]
766240, 769.3997802734375, [1000.0, 170.0, 484.0, 644.0, 637.0, 784.0, 617.0, 746.0, 416.0, 1000.0, 411.0, 750.0, 0.0, 1000.0, 938.0, 999.0, 999.0, 999.0, 999.0, 370.0, 821.0, 0.0, 840.0], [-84.98463439941406, 13.55828857421875, 44.40513229370117], [-0.6477813720703125, 0.6539154052734375, 0.172882080078125, -0.3505096435546875], [-89.0320053100586, 32.21656036376953, -71.50779724121094], [0.6696014404296875, -0.4310302734375, 0.5541229248046875, -0.2424163818359375]
