1297880, 1303.3492431640625, [1000.0, 144.0, 390.0, 144.0, 114.0, 166.0, 89.0, 145.0, 91.0, 1000.0, 104.0, 750.0, 0.0, 666.0, 925.0, 999.0, 999.0, 984.0, 999.0, 544.0, 746.0, 0.0, 198.0], [-17.974084854125977, -2.3981854915618896, 153.3701629638672], [-0.2306060791015625, 0.0158538818359375, 0.15673828125, -0.960205078125], [-30.79104232788086, 16.09642219543457, -137.36965942382812], [0.381622314453125, 0.0301971435546875, 0.2939453125, -0.87579345703125]
1297930, 1303.3995361328125, [1000.0, 144.0, 391.0, 144.0, 114.0, 166.0, 89.0, 145.0, 90.0, 1000.0, 103.0, 750.0, 0.0, 666.0, 927.0, 999.0, 999.0, 982.0, 999.0, 544.0, 746.0, 0.0, 196.0], [-17.973360061645508, -2.4805233478546143, 153.47726440429688], [-0.2298126220703125, 0.0150146484375, 0.1569061279296875, -0.9603729248046875], [-30.975311279296875, 16.229412078857422, -137.43214416503906], [0.3814239501953125, 0.030792236328125, 0.2957000732421875, -0.875274658203125]
1297990, 1303.4595947265625, [1000.0, 144.0, 389.0, 143.0, 113.0, 165.0, 88.0, 144.0, 89.0, 1000.0, 102.0, 750.0, 0.0, 1000.0, 919.0, 999.0, 999.0, 984.0, 999.0, 544.0, 745.0, 0.0, 194.0], [-18.016611099243164, -2.322734832763672, 153.61642456054688], [-0.2284393310546875, 0.0162353515625, 0.156982421875, -0.9606781005859375], [-30.144161224365234, 15.915779113769531, -137.28607177734375], [0.3817901611328125, 0.0307159423828125, 0.2885284423828125, -0.8775177001953125]
1298040, 1303.509521484375, [1000.0, 144.0, 389.0, 143.0, 113.0, 165.0, 88.0, 143.0, 89.0, 1000.0, 102.0, 750.0, 0.0, 1000.0, 919.0, 999.0, 999.0, 987.0, 999.0, 544.0, 745.0, 0.0, 193.0], [-18.045677185058594, -2.2929093837738037, 153.7076873779297], [-0.227630615234375, 0.01641845703125, 0.1571807861328125, -0.9608306884765625], [-30.991567611694336, 15.858654022216797, -137.55642700195312], [0.3798370361328125, 0.02813720703125, 0.2947845458984375, -0.8763580322265625]
1298050, 1303.559814453125, [1000.0, 144.0, 388.0, 143.0, 113.0, 165.0, 87.0, 143.0, 89.0, 1000.0, 102.0, 750.0, 0.0, 1000.0, 919.0, 999.0, 999.0, 986.0, 999.0, 544.0, 745.0, 0.0, 193.0], [-18.04207420349121, -2.29181170463562, 153.72032165527344], [-0.2275238037109375, 0.0164031982421875, 0.1571502685546875, -0.9608612060546875], [-30.980815887451172, 15.860403060913086, -137.56085205078125], [0.3798065185546875, 0.0281982421875, 0.294708251953125, -0.87640380859375]
1298090, 1303.5693359375, [1000.0, 144.0, 388.0, 143.0, 113.0, 164.0, 87.0, 143.0, 88.0, 1000.0, 101.0, 750.0, 0.0, 666.0, 925.0, 999.0, 999.0, 984.0, 999.0, 544.0, 744.0, 0.0, 192.0], [-18.03692626953125, -2.263347625732422, 153.77581787109375], [-0.227020263671875, 0.0165557861328125, 0.1570587158203125, -0.9609832763671875], [-30.829349517822266, 15.908516883850098, -137.5325927734375], [0.38006591796875, 0.0290069580078125, 0.2936859130859375, -0.8766021728515625]
1298150, 1303.619384765625, [1000.0, 144.0, 388.0, 142.0, 112.0, 164.0, 86.0, 142.0, 87.0, 1000.0, 100.0, 750.0, 0.0, 1000.0, 928.0, 999.0, 999.0, 984.0, 999.0, 544.0, 744.0, 0.0, 190.0], [-17.938846588134766, -2.317078113555908, 153.8843231201172], [-0.2261962890625, 0.0157623291015625, 0.1563568115234375, -0.9613189697265625], [-30.543855667114258, 16.070920944213867, -137.45492553710938], [0.380859375, 0.031036376953125, 0.291961669921875, -0.8767547607421875]
1298170, 1303.66943359375, [1000.0, 144.0, 388.0, 142.0, 112.0, 164.0, 86.0, 142.0, 87.0, 1000.0, 100.0, 1000.0, 0.0, 666.0, 928.0, 999.0, 999.0, 985.0, 999.0, 545.0, 743.0, 0.0, 190.0], [-17.888193130493164, -2.3451039791107178, 153.9292449951172], [-0.225860595703125, 0.0153656005859375, 0.1559906005859375, -0.961456298828125], [-30.342348098754883, 16.075437545776367, -137.39328002929688], [0.38128662109375, 0.031585693359375, 0.2904510498046875, -0.8770599365234375]
1298200, 1303.6793212890625, [1000.0, 144.0, 388.0, 142.0, 112.0, 163.0, 86.0, 141.0, 87.0, 1000.0, 99.0, 750.0, 0.0, 1000.0, 927.0, 999.0, 999.0, 985.0, 999.0, 545.0, 743.0, 0.0, 189.0], [-17.846067428588867, -2.389683485031128, 153.99668884277344], [-0.2253570556640625, 0.0148162841796875, 0.155731201171875, -0.9616241455078125], [-30.326663970947266, 16.089136123657227, -137.3781280517578], [0.3814239501953125, 0.031707763671875, 0.290374755859375, -0.8770294189453125]
1298260, 1303.7294921875, [1000.0, 143.0, 387.0, 142.0, 111.0, 163.0, 85.0, 141.0, 86.0, 1000.0, 99.0, 1000.0, 0.0, 666.0, 927.0, 999.0, 999.0, 982.0, 999.0, 546.0, 743.0, 0.0, 187.0], [-17.84261703491211, -2.4484946727752686, 154.18923950195312], [-0.22381591796875, 0.0140533447265625, 0.1558380126953125, -0.96197509765625], [-30.185035705566406, 15.984902381896973, -137.32376098632812], [0.381622314453125, 0.031219482421875, 0.2890167236328125, -0.8773956298828125]
1298270, 1303.779296875, [1000.0, 143.0, 387.0, 142.0, 111.0, 163.0, 85.0, 141.0, 86.0, 1000.0, 99.0, 750.0, 0.0, 666.0, 927.0, 999.0, 999.0, 982.0, 999.0, 546.0, 743.0, 0.0, 187.0], [-17.852502822875977, -2.4594244956970215, 154.21438598632812], [-0.2236175537109375, 0.013946533203125, 0.15594482421875, -0.962005615234375], [-30.060148239135742, 15.939657211303711, -137.28802490234375], [0.3817901611328125, 0.03118896484375, 0.2879486083984375, -0.877685546875]
1298310, 1303.7894287109375, [1000.0, 143.0, 387.0, 141.0, 111.0, 162.0, 85.0, 140.0, 86.0, 1000.0, 98.0, 750.0, 0.0, 666.0, 926.0, 999.0, 999.0, 981.0, 999.0, 546.0, 743.0, 0.0, 186.0], [-17.827388763427734, -2.547703266143799, 154.32814025878906], [-0.2227783203125, 0.01300048828125, 0.155914306640625, -0.96221923828125], [-29.53639793395996, 15.753437042236328, -137.13392639160156], [0.3825225830078125, 0.0310821533203125, 0.2834625244140625, -0.8788299560546875]
1298360, 1303.83935546875, [1000.0, 143.0, 387.0, 141.0, 111.0, 162.0, 84.0, 140.0, 86.0, 1000.0, 98.0, 750.0, 0.0, 666.0, 925.0, 999.0, 999.0, 984.0, 999.0, 547.0, 742.0, 0.0, 184.0], [-17.815988540649414, -2.582026243209839, 154.4698028564453], [-0.2216339111328125, 0.0124969482421875, 0.1558990478515625, -0.962493896484375], [-30.512155532836914, 15.808835983276367, -137.4159698486328], [0.380706787109375, 0.0289764404296875, 0.291015625, -0.8772125244140625]
1298420, 1303.8895263671875, [1000.0, 143.0, 387.0, 141.0, 110.0, 162.0, 84.0, 139.0, 85.0, 1000.0, 98.0, 750.0, 0.0, 666.0, 925.0, 999.0, 999.0, 984.0, 999.0, 548.0, 742.0, 0.0, 182.0], [-17.748516082763672, -2.6410694122314453, 154.59237670898438], [-0.2206878662109375, 0.0117034912109375, 0.15545654296875, -0.962799072265625], [-29.689035415649414, 15.531510353088379, -137.2149200439453], [0.3815765380859375, 0.029022216796875, 0.28399658203125, -0.8791351318359375]
1298430, 1303.939453125, [1000.0, 143.0, 387.0, 140.0, 110.0, 162.0, 84.0, 139.0, 85.0, 1000.0, 98.0, 750.0, 0.0, 666.0, 925.0, 999.0, 999.0, 983.0, 999.0, 548.0, 742.0, 0.0, 182.0], [-17.725399017333984, -2.663419008255005, 154.61203002929688], [-0.220550537109375, 0.011444091796875, 0.155303955078125, -0.9628448486328125], [-30.032958984375, 15.65782642364502, -137.31106567382812], [0.381134033203125, 0.02911376953125, 0.286956787109375, -0.87835693359375]
1298470, 1303.949462890625, [1000.0, 143.0, 387.0, 140.0, 110.0, 161.0, 83.0, 139.0, 84.0, 1000.0, 98.0, 750.0, 0.0, 666.0, 925.0, 999.0, 999.0, 981.0, 999.0, 548.0, 742.0, 0.0, 182.0], [-17.7409725189209, -2.5956881046295166, 154.69456481933594], [-0.2197723388671875, 0.011932373046875, 0.1553192138671875, -0.9630279541015625], [-29.74558448791504, 15.635368347167969, -137.2249755859375], [0.381683349609375, 0.0296783447265625, 0.2847137451171875, -0.8788299560546875]
1298530, 1303.9993896484375, [1000.0, 143.0, 387.0, 140.0, 110.0, 161.0, 83.0, 138.0, 84.0, 1000.0, 98.0, 750.0, 0.0, 1000.0, 925.0, 999.0, 999.0, 982.0, 999.0, 549.0, 742.0, 0.0, 179.0], [-17.69475555419922, -2.6715824604034424, 154.8898468017578], [-0.218231201171875, 0.0109405517578125, 0.15509033203125, -0.9634246826171875], [-28.534381866455078, 14.999021530151367, -136.8515625], [0.3832244873046875, 0.0277862548828125, 0.2737274169921875, -0.8817138671875]
1298570, 1304.0499267578125, [1000.0, 143.0, 387.0, 139.0, 110.0, 160.0, 82.0, 137.0, 83.0, 1000.0, 98.0, 750.0, 0.0, 1000.0, 924.0, 999.0, 999.0, 983.0, 999.0, 550.0, 742.0, 0.0, 178.0], [-17.55780792236328, -2.901416778564453, 155.04884338378906], [-0.217193603515625, 0.0085296630859375, 0.1543731689453125, -0.9637908935546875], [-28.561302185058594, 15.55337905883789, -136.8383026123047], [0.3842010498046875, 0.03204345703125, 0.2754974365234375, -0.880584716796875]
1298580, 1304.0594482421875, [1000.0, 142.0, 387.0, 139.0, 110.0, 160.0, 82.0, 137.0, 83.0, 1000.0, 98.0, 750.0, 0.0, 666.0, 924.0, 999.0, 999.0, 984.0, 999.0, 550.0, 742.0, 0.0, 178.0], [-17.538738250732422, -2.937243700027466, 155.09246826171875], [-0.2168731689453125, 0.0081329345703125, 0.1542816162109375, -0.9638824462890625], [-28.69654655456543, 15.592047691345215, -136.85533142089844], [0.3841705322265625, 0.0319366455078125, 0.276641845703125, -0.8802490234375]
1298630, 1304.1094970703125, [1000.0, 142.0, 386.0, 139.0, 109.0, 159.0, 82.0, 136.0, 83.0, 1000.0, 97.0, 750.0, 0.0, 1000.0, 915.0, 999.0, 999.0, 999.0, 999.0, 547.0, 742.0, 0.0, 176.0], [-17.208492279052734, -3.025101900100708, 155.52474975585938], [-0.2133636474609375, 0.006195068359375, 0.1516876220703125, -0.965087890625], [-28.823074340820312, 16.338674545288086, -136.83351135253906], [0.3855438232421875, 0.037353515625, 0.2797088623046875, -0.8784637451171875]
1298670, 1304.1595458984375, [1000.0, 141.0, 385.0, 139.0, 109.0, 161.0, 81.0, 135.0, 83.0, 1000.0, 96.0, 750.0, 0.0, 666.0, 921.0, 999.0, 999.0, 999.0, 999.0, 542.0, 745.0, 0.0, 172.0], [-16.52057456970215, -2.888400077819824, 155.4971466064453], [-0.213470458984375, 0.006103515625, 0.1456451416015625, -0.96600341796875], [-28.065834045410156, 17.07366943359375, -136.4754180908203], [0.389129638671875, 0.0448455810546875, 0.276092529296875, -0.8776702880859375]
1298690, 1304.1693115234375, [1000.0, 141.0, 385.0, 139.0, 109.0, 162.0, 81.0, 135.0, 83.0, 1000.0, 95.0, 750.0, 0.0, 666.0, 938.0, 999.0, 999.0, 999.0, 999.0, 540.0, 744.0, 0.0, 168.0], [-15.950945854187012, -2.7165305614471436, 155.52975463867188], [-0.2130279541015625, 0.0064544677734375, 0.140533447265625, -0.96685791015625], [-27.55976104736328, 17.668277740478516, -136.14773559570312], [0.3922882080078125, 0.05047607421875, 0.2740325927734375, -0.8766021728515625]
1298740, 1304.2196044921875, [1000.0, 140.0, 387.0, 144.0, 109.0, 170.0, 78.0, 135.0, 83.0, 1000.0, 96.0, 750.0, 0.0, 666.0, 946.0, 999.0, 999.0, 999.0, 999.0, 538.0, 747.0, 0.0, 174.0], [-15.754215240478516, -0.9232209324836731, 156.02230834960938], [-0.2068328857421875, 0.020660400390625, 0.135711669921875, -0.96868896484375], [-27.010948181152344, 19.740154266357422, -134.88429260253906], [0.404449462890625, 0.0656585693359375, 0.2764129638671875, -0.869293212890625]
1298800, 1304.2696533203125, [1000.0, 140.0, 395.0, 148.0, 110.0, 176.0, 79.0, 134.0, 86.0, 1000.0, 92.0, 750.0, 0.0, 666.0, 940.0, 999.0, 999.0, 999.0, 999.0, 529.0, 741.0, 0.0, 186.0], [-14.840461730957031, 3.773392677307129, 157.1027069091797], [-0.1925506591796875, 0.0576171875, 0.120025634765625, -0.972198486328125], [-24.31229019165039, 22.755359649658203, -132.12982177734375], [0.4267730712890625, 0.0925140380859375, 0.2669219970703125, -0.8590850830078125]
1298850, 1304.3294677734375, [1000.0, 140.0, 400.0, 151.0, 113.0, 179.0, 82.0, 133.0, 90.0, 1000.0, 91.0, 750.0, 0.0, 666.0, 937.0, 999.0, 999.0, 999.0, 999.0, 524.0, 740.0, 0.0, 192.0], [-12.711329460144043, 6.919852256774902, 157.77127075195312], [-0.1846771240234375, 0.0801544189453125, 0.09686279296875, -0.9747161865234375], [-20.813928604125977, 24.966012954711914, -129.38250732421875], [0.4458160400390625, 0.116790771484375, 0.2503204345703125, -0.8514251708984375]
1298900, 1304.3798828125, [1000.0, 139.0, 407.0, 155.0, 125.0, 184.0, 134.0, 132.0, 107.0, 1000.0, 90.0, 1000.0, 0.0, 1000.0, 936.0, 999.0, 999.0, 999.0, 999.0, 517.0, 744.0, 0.0, 215.0], [-10.688933372497559, 9.287773132324219, 157.6690216064453], [-0.1847686767578125, 0.0970611572265625, 0.075469970703125, -0.9750518798828125], [-17.802194595336914, 27.0447940826416, -126.8786849975586], [0.4618682861328125, 0.1393585205078125, 0.23785400390625, -0.8430023193359375]
1298960, 1304.439453125, [1000.0, 138.0, 402.0, 159.0, 302.0, 185.0, 705.0, 131.0, 279.0, 1000.0, 91.0, 750.0, 0.0, 666.0, 934.0, 999.0, 999.0, 999.0, 999.0, 508.0, 746.0, 0.0, 256.0], [-7.7845611572265625, 9.025229454040527, 156.5913848876953], [-0.196533203125, 0.0905914306640625, 0.0503387451171875, -0.9749908447265625], [-13.168769836425781, 27.53955078125, -123.71198272705078], [0.4791717529296875, 0.1559600830078125, 0.2097320556640625, -0.837890625]
1299010, 1304.489501953125, [1000.0, 136.0, 407.0, 165.0, 630.0, 199.0, 890.0, 131.0, 597.0, 1000.0, 91.0, 750.0, 0.0, 666.0, 933.0, 999.0, 999.0, 999.0, 999.0, 504.0, 747.0, 0.0, 271.0], [-5.373142719268799, 8.913681030273438, 157.37216186523438], [-0.191802978515625, 0.0852813720703125, 0.0305938720703125, -0.97723388671875], [-10.573465347290039, 26.86725425720215, -121.31210327148438], [0.4932708740234375, 0.1577301025390625, 0.1914825439453125, -0.833740234375]
1299040, 1304.53955078125, [1000.0, 136.0, 409.0, 168.0, 768.0, 208.0, 930.0, 131.0, 737.0, 1000.0, 92.0, 750.0, 0.0, 666.0, 933.0, 999.0, 999.0, 999.0, 999.0, 503.0, 746.0, 0.0, 284.0], [-3.445826768875122, 6.615100383758545, 157.36032104492188], [-0.1941680908203125, 0.06243896484375, 0.0181121826171875, -0.9788055419921875], [-8.792017936706543, 26.317745208740234, -119.96349334716797], [0.5008087158203125, 0.1591949462890625, 0.1781768798828125, -0.8319091796875]
1299070, 1304.5494384765625, [1000.0, 135.0, 409.0, 170.0, 829.0, 221.0, 947.0, 132.0, 786.0, 1000.0, 93.0, 750.0, 0.0, 1000.0, 936.0, 999.0, 999.0, 999.0, 999.0, 502.0, 743.0, 0.0, 291.0], [-1.3214484453201294, 2.296525478363037, 156.395263671875], [-0.204254150390625, 0.02197265625, 0.0071868896484375, -0.9786376953125], [-7.319925785064697, 25.43407440185547, -118.93708801269531], [0.5066375732421875, 0.1575927734375, 0.1652374267578125, -0.83135986328125]
1299120, 1304.5997314453125, [1000.0, 134.0, 404.0, 172.0, 855.0, 286.0, 955.0, 136.0, 828.0, 1000.0, 97.0, 750.0, 0.0, 1000.0, 930.0, 999.0, 999.0, 999.0, 999.0, 501.0, 719.0, 0.0, 304.0], [1.1949423551559448, -4.385472774505615, 155.61770629882812], [-0.2106170654296875, -0.0395965576171875, -0.002105712890625, -0.9767608642578125], [-6.8578948974609375, 23.242177963256836, -117.84000396728516], [0.5150604248046875, 0.1419677734375, 0.1539764404296875, -0.8311614990234375]
1299170, 1304.649658203125, [1000.0, 133.0, 400.0, 173.0, 901.0, 319.0, 970.0, 152.0, 885.0, 1000.0, 103.0, 750.0, 0.0, 666.0, 929.0, 999.0, 999.0, 999.0, 999.0, 495.0, 703.0, 0.0, 340.0], [4.843813896179199, -11.294675827026367, 154.73341369628906], [-0.2133941650390625, -0.105133056640625, -0.01953125, -0.9710845947265625], [-5.094046115875244, 20.756391525268555, -116.51668548583984], [0.523773193359375, 0.1300506591796875, 0.1318511962890625, -0.8314666748046875]
1299230, 1304.7095947265625, [1000.0, 132.0, 396.0, 174.0, 937.0, 330.0, 978.0, 186.0, 913.0, 1000.0, 121.0, 750.0, 0.0, 666.0, 948.0, 999.0, 999.0, 999.0, 999.0, 489.0, 701.0, 0.0, 406.0], [9.936038970947266, -18.359338760375977, 152.6058349609375], [-0.219451904296875, -0.174652099609375, -0.0454254150390625, -0.958770751953125], [-3.0382273197174072, 17.60081672668457, -114.82135009765625], [0.535491943359375, 0.11474609375, 0.1044464111328125, -0.83013916015625]
1299280, 1304.7598876953125, [1000.0, 140.0, 396.0, 169.0, 991.0, 301.0, 986.0, 230.0, 961.0, 1000.0, 245.0, 750.0, 0.0, 1000.0, 905.0, 999.0, 987.0, 999.0, 999.0, 490.0, 689.0, 0.0, 653.0], [13.127076148986816, -23.48061180114746, 150.1974334716797], [-0.2276458740234375, -0.22412109375, -0.0561676025390625, -0.9459228515625], [-3.9851982593536377, 16.284198760986328, -115.11140441894531], [0.5348968505859375, 0.100982666015625, 0.10498046875, -0.832244873046875]
1299330, 1304.8094482421875, [1000.0, 144.0, 384.0, 159.0, 995.0, 347.0, 985.0, 435.0, 989.0, 1000.0, 531.0, 750.0, 0.0, 666.0, 676.0, 999.0, 795.0, 999.0, 999.0, 488.0, 652.0, 0.0, 800.0], [13.807954788208008, -23.897916793823242, 148.77923583984375], [-0.2373809814453125, -0.2295989990234375, -0.057952880859375, -0.9420928955078125], [-4.954010963439941, 14.786904335021973, -115.4046859741211], [0.5340728759765625, 0.0857696533203125, 0.10491943359375, -0.8344879150390625]
1299390, 1304.8695068359375, [1000.0, 144.0, 371.0, 150.0, 979.0, 490.0, 982.0, 667.0, 985.0, 1000.0, 580.0, 750.0, 0.0, 666.0, 526.0, 999.0, 575.0, 999.0, 999.0, 484.0, 597.0, 87.0, 859.0], [13.781837463378906, -21.925161361694336, 149.53953552246094], [-0.2340240478515625, -0.213104248046875, -0.064056396484375, -0.9464111328125], [-0.14371250569820404, 11.831878662109375, -114.23253631591797], [0.5401458740234375, 0.08587646484375, 0.0570068359375, -0.8352203369140625]
1299440, 1304.9193115234375, [1000.0, 145.0, 364.0, 152.0, 966.0, 688.0, 976.0, 791.0, 972.0, 1000.0, 536.0, 750.0, 0.0, 666.0, 436.0, 999.0, 547.0, 999.0, 999.0, 482.0, 555.0, 87.0, 866.0], [10.678078651428223, -18.291357040405273, 151.92434692382812], [-0.224090576171875, -0.175811767578125, -0.0507354736328125, -0.9572296142578125], [-3.2788851261138916, 11.73169231414795, -116.08443450927734], [0.528778076171875, 0.0716094970703125, 0.078216552734375, -0.8420867919921875]
1299500, 1304.9794921875, [1000.0, 143.0, 358.0, 317.0, 959.0, 786.0, 972.0, 883.0, 974.0, 1000.0, 491.0, 750.0, 0.0, 1000.0, 247.0, 999.0, 525.0, 999.0, 999.0, 473.0, 559.0, 72.0, 875.0], [0.7484731674194336, -15.324187278747559, 155.43856811523438], [-0.2099456787109375, -0.13165283203125, 0.02203369140625, -0.9685516357421875], [-12.822497367858887, 14.72235107421875, -121.01639556884766], [0.4976348876953125, 0.056304931640625, 0.1590728759765625, -0.850799560546875]
1299550, 1305.0296630859375, [1000.0, 140.0, 362.0, 766.0, 962.0, 836.0, 966.0, 914.0, 978.0, 1000.0, 458.0, 750.0, 0.0, 666.0, 252.0, 999.0, 517.0, 999.0, 999.0, 467.0, 675.0, 89.0, 897.0], [-14.205484390258789, -13.638724327087402, 157.0391387939453], [-0.2104949951171875, -0.091033935546875, 0.143768310546875, -0.9626617431640625], [-27.245080947875977, 19.248031616210938, -127.54812622070312], [0.4587554931640625, 0.0431365966796875, 0.2801055908203125, -0.8421478271484375]
1299600, 1305.0794677734375, [1000.0, 138.0, 357.0, 867.0, 964.0, 842.0, 963.0, 924.0, 976.0, 1000.0, 428.0, 750.0, 0.0, 666.0, 243.0, 999.0, 509.0, 999.0, 999.0, 464.0, 705.0, 76.0, 900.0], [-26.5873966217041, -14.715840339660645, 158.8179473876953], [-0.2063446044921875, -0.080596923828125, 0.2470703125, -0.943328857421875], [-45.30901336669922, 23.9388427734375, -135.70945739746094], [0.4142913818359375, 0.0352325439453125, 0.421142578125, -0.806060791015625]
1299660, 1305.1395263671875, [1000.0, 138.0, 346.0, 865.0, 944.0, 809.0, 931.0, 910.0, 911.0, 1000.0, 408.0, 750.0, 0.0, 666.0, 418.0, 999.0, 497.0, 999.0, 999.0, 458.0, 732.0, 0.0, 892.0], [-53.591163635253906, -12.392273902893066, 164.00498962402344], [-0.1716461181640625, -0.033050537109375, 0.45721435546875, -0.8719940185546875], [-72.30854034423828, 27.786046981811523, -147.85232543945312], [0.3531341552734375, 0.0277252197265625, 0.6039886474609375, -0.7139434814453125]
1299710, 1305.189453125, [1000.0, 138.0, 343.0, 849.0, 914.0, 813.0, 887.0, 926.0, 825.0, 1000.0, 374.0, 750.0, 0.0, 666.0, 512.0, 999.0, 624.0, 999.0, 999.0, 457.0, 728.0, 0.0, 884.0], [-73.97119903564453, -10.064143180847168, 168.40524291992188], [-0.13287353515625, -0.0091705322265625, 0.603302001953125, -0.7863006591796875], [-92.514892578125, 28.44013023376465, -157.62095642089844], [0.3041534423828125, 0.0307159423828125, 0.7199554443359375, -0.623046875]
1299770, 1305.24951171875, [1000.0, 139.0, 342.0, 766.0, 641.0, 807.0, 563.0, 914.0, 553.0, 1000.0, 333.0, 750.0, 0.0, 666.0, 559.0, 999.0, 902.0, 999.0, 999.0, 460.0, 719.0, 0.0, 867.0], [-90.1620101928711, -6.7728590965271, 175.72315979003906], [-0.0680999755859375, -0.0153045654296875, 0.7079315185546875, -0.70281982421875], [-109.63931274414062, 27.331905364990234, -165.44129943847656], [0.262481689453125, 0.034393310546875, 0.8050384521484375, -0.530853271484375]
1299820, 1305.299560546875, [1000.0, 141.0, 340.0, 571.0, 342.0, 789.0, 325.0, 884.0, 380.0, 1000.0, 347.0, 750.0, 0.0, 666.0, 648.0, 999.0, 999.0, 999.0, 999.0, 434.0, 674.0, 0.0, 843.0], [-95.28782653808594, -2.2682385444641113, 177.85150146484375], [-0.027252197265625, 0.000518798828125, 0.7389373779296875, -0.6732025146484375], [-111.78679656982422, 27.45159912109375, -166.71224975585938], [0.2581634521484375, 0.039093017578125, 0.8143310546875, -0.5183258056640625]
1299870, 1305.349853515625, [1000.0, 143.0, 376.0, 437.0, 272.0, 748.0, 281.0, 833.0, 338.0, 1000.0, 425.0, 750.0, 0.0, 666.0, 615.0, 999.0, 999.0, 999.0, 999.0, 413.0, 632.0, 0.0, 789.0], [-91.87389373779297, 0.2061765342950821, 176.11549377441406], [-0.02227783203125, 0.025604248046875, 0.718109130859375, -0.6950836181640625], [-107.0591812133789, 28.806364059448242, -164.90248107910156], [0.27392578125, 0.04425048828125, 0.7915496826171875, -0.5444488525390625]
1299930, 1305.40966796875, [1000.0, 142.0, 964.0, 349.0, 262.0, 728.0, 266.0, 800.0, 324.0, 1000.0, 450.0, 750.0, 0.0, 1000.0, 923.0, 999.0, 999.0, 999.0, 999.0, 396.0, 639.0, 0.0, 746.0], [-76.51119232177734, 4.43002986907959, 164.14271545410156], [-0.08453369140625, 0.1154022216796875, 0.6085968017578125, -0.78045654296875], [-88.51032257080078, 32.4105224609375, -158.5245361328125], [0.319488525390625, 0.071533203125, 0.6956329345703125, -0.6394500732421875]
1299980, 1305.45947265625, [1000.0, 145.0, 998.0, 335.0, 587.0, 714.0, 549.0, 766.0, 521.0, 1000.0, 422.0, 750.0, 0.0, 666.0, 905.0, 999.0, 999.0, 999.0, 999.0, 380.0, 705.0, 0.0, 716.0], [-63.30470657348633, 10.474258422851562, 157.56491088867188], [-0.117919921875, 0.1778717041015625, 0.497467041015625, -0.8408050537109375], [-74.65127563476562, 33.96584701538086, -152.65420532226562], [0.3518524169921875, 0.0886077880859375, 0.6183624267578125, -0.6970977783203125]
1300040, 1305.5196533203125, [1000.0, 148.0, 1000.0, 380.0, 869.0, 749.0, 903.0, 741.0, 790.0, 1000.0, 358.0, 750.0, 0.0, 666.0, 919.0, 999.0, 999.0, 999.0, 999.0, 389.0, 748.0, 0.0, 666.0], [-57.83687210083008, 16.980106353759766, 153.55398559570312], [-0.1285247802734375, 0.235198974609375, 0.4360198974609375, -0.8590850830078125], [-68.39225006103516, 33.79505920410156, -148.6029815673828], [0.37139892578125, 0.0859375, 0.5827484130859375, -0.717681884765625]
1300090, 1305.569580078125, [1000.0, 145.0, 1000.0, 436.0, 889.0, 786.0, 919.0, 775.0, 818.0, 1000.0, 324.0, 750.0, 0.0, 666.0, 940.0, 999.0, 999.0, 999.0, 999.0, 393.0, 755.0, 0.0, 647.0], [-58.86846923828125, 21.409927368164062, 149.74049377441406], [-0.1352386474609375, 0.282196044921875, 0.4239044189453125, -0.84991455078125], [-64.99729919433594, 32.849021911621094, -146.25791931152344], [0.380157470703125, 0.078643798828125, 0.5623779296875, -0.730072021484375]
1300140, 1305.61962890625, [1000.0, 142.0, 1000.0, 457.0, 764.0, 818.0, 823.0, 793.0, 720.0, 1000.0, 307.0, 750.0, 0.0, 1000.0, 906.0, 999.0, 999.0, 999.0, 999.0, 401.0, 736.0, 0.0, 665.0], [-58.589473724365234, 23.440900802612305, 149.43710327148438], [-0.129180908203125, 0.2971649169921875, 0.41546630859375, -0.8499298095703125], [-63.71227264404297, 33.23029708862305, -146.00096130371094], [0.3822784423828125, 0.0843963623046875, 0.554656982421875, -0.734222412109375]
1300200, 1305.6798095703125, [1000.0, 142.0, 952.0, 409.0, 408.0, 785.0, 523.0, 778.0, 562.0, 1000.0, 315.0, 750.0, 0.0, 666.0, 923.0, 999.0, 999.0, 999.0, 999.0, 405.0, 711.0, 0.0, 695.0], [-60.10375213623047, 24.156309127807617, 148.0816192626953], [-0.1319732666015625, 0.30877685546875, 0.4210205078125, -0.84259033203125], [-64.15491485595703, 33.200523376464844, -145.13507080078125], [0.3880157470703125, 0.0784912109375, 0.558074951171875, -0.7292633056640625]
1300250, 1305.7294921875, [1000.0, 142.0, 900.0, 424.0, 321.0, 806.0, 367.0, 788.0, 457.0, 1000.0, 310.0, 750.0, 0.0, 666.0, 873.0, 999.0, 999.0, 999.0, 999.0, 409.0, 709.0, 0.0, 700.0], [-60.27542495727539, 25.467283248901367, 146.63595581054688], [-0.136138916015625, 0.32318115234375, 0.414398193359375, -0.839813232421875], [-63.45869064331055, 33.14403533935547, -145.01568603515625], [0.388092041015625, 0.079864501953125, 0.5536651611328125, -0.732421875]
1300310, 1305.78955078125, [1000.0, 141.0, 810.0, 498.0, 284.0, 843.0, 297.0, 807.0, 382.0, 1000.0, 331.0, 750.0, 0.0, 666.0, 992.0, 999.0, 999.0, 999.0, 999.0, 411.0, 715.0, 0.0, 692.0], [-60.46295166015625, 28.091577529907227, 145.0336151123047], [-0.13525390625, 0.34674072265625, 0.4028778076171875, -0.836151123046875], [-64.22428131103516, 34.486671447753906, -145.3871612548828], [0.391082763671875, 0.08868408203125, 0.55938720703125, -0.725433349609375]
1300360, 1305.839599609375, [1000.0, 140.0, 720.0, 553.0, 270.0, 841.0, 289.0, 815.0, 366.0, 1000.0, 346.0, 750.0, 0.0, 666.0, 944.0, 999.0, 999.0, 999.0, 999.0, 415.0, 715.0, 0.0, 674.0], [-62.570960998535156, 29.68718719482422, 142.5845184326172], [-0.138946533203125, 0.3683624267578125, 0.4052276611328125, -0.8250885009765625], [-65.69146728515625, 34.99394226074219, -145.74844360351562], [0.39178466796875, 0.0890655517578125, 0.5687255859375, -0.71771240234375]
1300410, 1305.8892822265625, [1000.0, 144.0, 658.0, 585.0, 258.0, 822.0, 278.0, 807.0, 440.0, 1000.0, 351.0, 750.0, 0.0, 666.0, 949.0, 999.0, 999.0, 999.0, 999.0, 418.0, 714.0, 0.0, 654.0], [-64.769287109375, 31.80059814453125, 139.70248413085938], [-0.141998291015625, 0.394622802734375, 0.4038848876953125, -0.81298828125], [-66.36015319824219, 35.726524353027344, -145.8709716796875], [0.3942413330078125, 0.0925750732421875, 0.5732879638671875, -0.7122650146484375]
1300470, 1305.9495849609375, [1000.0, 144.0, 780.0, 555.0, 305.0, 807.0, 345.0, 807.0, 473.0, 1000.0, 350.0, 750.0, 0.0, 666.0, 948.0, 999.0, 999.0, 999.0, 999.0, 419.0, 695.0, 0.0, 635.0], [-67.75688934326172, 32.05145263671875, 138.0616912841797], [-0.1418609619140625, 0.4057464599609375, 0.4182586669921875, -0.8001708984375], [-68.4201889038086, 36.588157653808594, -145.80206298828125], [0.3995361328125, 0.091156005859375, 0.5865325927734375, -0.698577880859375]
1300520, 1305.9996337890625, [1000.0, 140.0, 831.0, 548.0, 334.0, 813.0, 369.0, 791.0, 481.0, 1000.0, 330.0, 750.0, 0.0, 666.0, 936.0, 999.0, 999.0, 999.0, 999.0, 413.0, 681.0, 0.0, 630.0], [-69.32425689697266, 31.972444534301758, 137.9190673828125], [-0.1376953125, 0.40771484375, 0.428955078125, -0.794219970703125], [-70.20291900634766, 37.06593704223633, -146.12042236328125], [0.400848388671875, 0.08990478515625, 0.5973052978515625, -0.68878173828125]
1300550, 1306.0499267578125, [1000.0, 139.0, 841.0, 548.0, 345.0, 819.0, 384.0, 790.0, 487.0, 1000.0, 314.0, 750.0, 0.0, 1000.0, 954.0, 999.0, 999.0, 999.0, 999.0, 410.0, 678.0, 0.0, 629.0], [-70.5792007446289, 31.781923294067383, 137.7774658203125], [-0.13519287109375, 0.4086151123046875, 0.437835693359375, -0.7893218994140625], [-71.33502960205078, 37.204891204833984, -145.87432861328125], [0.4037322998046875, 0.085601806640625, 0.6043243408203125, -0.681488037109375]
1300570, 1306.0594482421875, [1000.0, 139.0, 841.0, 547.0, 350.0, 818.0, 391.0, 788.0, 488.0, 1000.0, 306.0, 750.0, 0.0, 1000.0, 947.0, 999.0, 999.0, 999.0, 999.0, 409.0, 677.0, 0.0, 629.0], [-71.43961334228516, 31.579463958740234, 137.6209716796875], [-0.1342620849609375, 0.4090423583984375, 0.4439544677734375, -0.7858428955078125], [-72.1605453491211, 37.2977294921875, -145.88267517089844], [0.4046630859375, 0.0833740234375, 0.6092529296875, -0.67681884765625]
1300630, 1306.1094970703125, [1000.0, 138.0, 848.0, 546.0, 357.0, 822.0, 399.0, 786.0, 488.0, 1000.0, 291.0, 750.0, 0.0, 666.0, 968.0, 999.0, 999.0, 999.0, 999.0, 406.0, 673.0, 0.0, 626.0], [-73.41761016845703, 30.379520416259766, 137.58628845214844], [-0.13385009765625, 0.4044952392578125, 0.4618072509765625, -0.777923583984375], [-74.5755615234375, 37.4018440246582, -145.9943389892578], [0.4061126708984375, 0.076141357421875, 0.6233367919921875, -0.663848876953125]
1300650, 1306.15966796875, [1000.0, 138.0, 848.0, 547.0, 360.0, 825.0, 402.0, 786.0, 489.0, 1000.0, 286.0, 750.0, 0.0, 666.0, 961.0, 999.0, 999.0, 999.0, 999.0, 405.0, 673.0, 0.0, 626.0], [-74.28207397460938, 29.911954879760742, 137.73133850097656], [-0.1323394775390625, 0.4022064208984375, 0.46990966796875, -0.7745208740234375], [-75.66499328613281, 37.41995620727539, -146.11721801757812], [0.40618896484375, 0.0730743408203125, 0.629547119140625, -0.65826416015625]
1300680, 1306.16943359375, [1000.0, 139.0, 847.0, 552.0, 361.0, 833.0, 405.0, 788.0, 491.0, 1000.0, 282.0, 750.0, 0.0, 666.0, 918.0, 999.0, 999.0, 999.0, 999.0, 404.0, 672.0, 0.0, 626.0], [-75.40142822265625, 29.553773880004883, 137.65414428710938], [-0.1308746337890625, 0.4017486572265625, 0.4785003662109375, -0.7697296142578125], [-76.65851593017578, 37.45479965209961, -146.26222229003906], [0.4061279296875, 0.070587158203125, 0.6351470947265625, -0.653167724609375]
1300740, 1306.2196044921875, [1000.0, 139.0, 845.0, 553.0, 361.0, 833.0, 402.0, 791.0, 491.0, 1000.0, 274.0, 750.0, 0.0, 666.0, 915.0, 999.0, 999.0, 999.0, 999.0, 401.0, 670.0, 0.0, 625.0], [-76.97102355957031, 28.544992446899414, 137.1417999267578], [-0.13433837890625, 0.3999786376953125, 0.49090576171875, -0.76220703125], [-77.8746109008789, 38.68390655517578, -146.7940216064453], [0.4091796875, 0.0774383544921875, 0.641876220703125, -0.6438446044921875]
1300760, 1306.2694091796875, [1000.0, 139.0, 842.0, 554.0, 358.0, 834.0, 396.0, 792.0, 490.0, 1000.0, 272.0, 1000.0, 0.0, 666.0, 921.0, 999.0, 999.0, 999.0, 999.0, 400.0, 670.0, 0.0, 625.0], [-77.5597915649414, 27.85672950744629, 136.99696350097656], [-0.137054443359375, 0.39739990234375, 0.496826171875, -0.7592315673828125], [-78.17491149902344, 39.062255859375, -146.9042510986328], [0.410400390625, 0.079498291015625, 0.6435089111328125, -0.64117431640625]
1300790, 1306.2794189453125, [1000.0, 139.0, 834.0, 555.0, 355.0, 834.0, 396.0, 789.0, 490.0, 1000.0, 270.0, 750.0, 0.0, 666.0, 922.0, 999.0, 999.0, 999.0, 999.0, 399.0, 669.0, 0.0, 625.0], [-78.378662109375, 27.605972290039062, 136.73594665527344], [-0.1373291015625, 0.398101806640625, 0.5022430419921875, -0.7552337646484375], [-78.39099884033203, 39.061737060546875, -146.89584350585938], [0.4105987548828125, 0.07867431640625, 0.6447296142578125, -0.6399383544921875]
1300840, 1306.32958984375, [1000.0, 139.0, 819.0, 553.0, 350.0, 831.0, 395.0, 785.0, 489.0, 1000.0, 268.0, 750.0, 0.0, 666.0, 893.0, 999.0, 999.0, 999.0, 999.0, 397.0, 667.0, 0.0, 625.0], [-79.09723663330078, 27.121150970458984, 136.39231872558594], [-0.139801025390625, 0.39776611328125, 0.507537841796875, -0.75140380859375], [-78.29898071289062, 38.92232131958008, -146.82272338867188], [0.41033935546875, 0.077667236328125, 0.644256591796875, -0.6407012939453125]
1300900, 1306.37939453125, [1000.0, 139.0, 802.0, 548.0, 341.0, 824.0, 392.0, 779.0, 485.0, 1000.0, 265.0, 750.0, 0.0, 666.0, 885.0, 999.0, 999.0, 999.0, 999.0, 395.0, 665.0, 0.0, 625.0], [-79.11734008789062, 26.992595672607422, 136.42172241210938], [-0.1402587890625, 0.396942138671875, 0.50823974609375, -0.75128173828125], [-77.45838165283203, 39.148738861083984, -146.2893524169922], [0.413726806640625, 0.0792083740234375, 0.6399383544921875, -0.642669677734375]
1300950, 1306.4395751953125, [1000.0, 140.0, 796.0, 548.0, 336.0, 825.0, 391.0, 778.0, 485.0, 1000.0, 263.0, 750.0, 0.0, 1000.0, 890.0, 999.0, 999.0, 999.0, 999.0, 394.0, 664.0, 0.0, 624.0], [-79.12117767333984, 27.1084041595459, 136.6721649169922], [-0.1379547119140625, 0.396484375, 0.5087127685546875, -0.7516326904296875], [-78.13766479492188, 38.843746185302734, -146.58724975585938], [0.4112091064453125, 0.0764007568359375, 0.6435089111328125, -0.64105224609375]
1300970, 1306.489501953125, [1000.0, 140.0, 795.0, 548.0, 336.0, 825.0, 390.0, 778.0, 485.0, 1000.0, 262.0, 750.0, 0.0, 666.0, 888.0, 999.0, 999.0, 999.0, 999.0, 394.0, 664.0, 0.0, 624.0], [-79.02890014648438, 27.092069625854492, 136.7602081298828], [-0.137786865234375, 0.3958892822265625, 0.5084686279296875, -0.75213623046875], [-77.79534912109375, 39.272586822509766, -146.3595428466797], [0.414093017578125, 0.0792083740234375, 0.64178466796875, -0.6405792236328125]
1301010, 1306.4993896484375, [1000.0, 140.0, 792.0, 549.0, 335.0, 824.0, 390.0, 777.0, 484.0, 1000.0, 261.0, 750.0, 0.0, 666.0, 888.0, 999.0, 999.0, 999.0, 999.0, 392.0, 663.0, 0.0, 624.0], [-78.5465316772461, 27.031570434570312, 137.1386260986328], [-0.137298583984375, 0.3932952880859375, 0.5068206787109375, -0.75469970703125], [-77.55169677734375, 39.581878662109375, -146.21823120117188], [0.4160308837890625, 0.08135986328125, 0.6405487060546875, -0.640289306640625]
1301060, 1306.549560546875, [1000.0, 140.0, 789.0, 550.0, 334.0, 825.0, 389.0, 777.0, 484.0, 1000.0, 260.0, 750.0, 0.0, 1000.0, 908.0, 999.0, 999.0, 999.0, 999.0, 391.0, 662.0, 0.0, 624.0], [-78.48612213134766, 27.1530704498291, 137.37757873535156], [-0.13525390625, 0.392852783203125, 0.506805419921875, -0.75531005859375], [-77.8682632446289, 39.17494583129883, -146.31826782226562], [0.4139556884765625, 0.07806396484375, 0.6422119140625, -0.640380859375]
1301110, 1306.599853515625, [1000.0, 140.0, 788.0, 552.0, 333.0, 825.0, 388.0, 776.0, 484.0, 1000.0, 259.0, 750.0, 0.0, 1000.0, 901.0, 999.0, 999.0, 999.0, 999.0, 390.0, 659.0, 0.0, 623.0], [-78.55204772949219, 27.327159881591797, 137.5387420654297], [-0.13299560546875, 0.3932037353515625, 0.507171630859375, -0.7552947998046875], [-78.03125, 39.408447265625, -146.3152313232422], [0.4150848388671875, 0.079010009765625, 0.6431427001953125, -0.6385955810546875]
1301170, 1306.659912109375, [1000.0, 141.0, 785.0, 555.0, 333.0, 827.0, 387.0, 778.0, 485.0, 1000.0, 257.0, 1000.0, 0.0, 666.0, 895.0, 999.0, 999.0, 999.0, 999.0, 389.0, 659.0, 0.0, 624.0], [-78.62840270996094, 27.500837326049805, 137.90945434570312], [-0.1293182373046875, 0.3926239013671875, 0.5083160400390625, -0.7554473876953125], [-78.22998809814453, 39.64009094238281, -146.37063598632812], [0.4159088134765625, 0.08013916015625, 0.64422607421875, -0.6368255615234375]
