1752162130863 1.4048874378204346 1
1752162131376 1.3024402856826782 2
1752162131887 1.4367423057556152 3
1752162132395 1.3439466953277588 4
1752162132916 1.1918388605117798 5
1752162133429 1.3956756591796875 6
1752162133951 1.1055959463119507 7
1752162134458 1.0322617292404175 8
1752162134966 1.3690428733825684 9
1752162135484 1.6116113662719727 10
1752162136002 1.389353632926941 11
1752162136519 0.8981342315673828 12
1752162137032 0.8096814751625061 13
1752162137548 1.2899131774902344 14
1752162138068 0.7822529673576355 15
1752162138586 0.7760895490646362 16
1752162139141 0.9742205142974854 17
1752162139673 1.0608688592910767 18
1752162140198 0.7640042304992676 19
1752162140726 0.8845953941345215 20
1752162141242 0.8304816484451294 21
1752162141762 1.297969102859497 22
1752162142291 0.7566171288490295 23
1752162142816 0.7560783624649048 24
1752162143333 0.7547534704208374 25
1752162143845 0.8258262872695923 26
1752162144366 0.8013010621070862 27
1752162144888 0.7521560788154602 28
1752162145401 0.8462717533111572 29
1752162145918 0.8231900930404663 30
1752162146431 0.8030716776847839 31
1752162146943 0.7490681409835815 32
1752162147468 0.7865139842033386 33
1752162147989 0.7484235763549805 34
1752162148512 0.76130211353302 35
1752162149027 0.7584251165390015 36
1752162149551 0.7721683382987976 37
1752162150067 0.7671562433242798 38
1752162150601 0.7667426466941833 39
1752162151137 0.7653768658638 40
1752162151667 0.7529577016830444 41
1752162152188 0.7507956027984619 42
1752162152707 0.7596311569213867 43
1752162153236 0.7463384866714478 44
1752162153758 0.757614016532898 45
1752162154282 0.7565369009971619 46
1752162154815 0.7509291768074036 47
1752162155337 0.7667498588562012 48
1752162155894 0.7533037066459656 49
1752162156423 0.7569562792778015 50
1752162156930 0.7457336783409119 51
1752162157449 0.7513265013694763 52
1752162157961 0.745774507522583 53
1752162158488 0.7461341619491577 54
1752162159021 0.7457746267318726 55
1752162159541 0.7495381832122803 56
1752162160062 0.7455278038978577 57
1752162160570 0.7497473955154419 58
1752162161111 0.7468096017837524 59
1752162161635 0.7453537583351135 60
1752162162171 0.7451772689819336 61
1752162162695 0.7451736330986023 62
1752162163217 0.7451252341270447 63
1752162163733 0.7482305765151978 64
1752162164258 0.7441520094871521 65
1752162164788 0.7486918568611145 66
1752162165310 0.7449639439582825 67
1752162165837 0.7439629435539246 68
1752162166352 0.7476058006286621 69
1752162166870 0.7438905239105225 70
1752162167387 0.7438582181930542 71
1752162167902 0.7473300695419312 72
1752162168437 0.7447695732116699 73
1752162168955 0.7438094019889832 74
1752162169473 0.7438001036643982 75
1752162169989 0.7447500824928284 76
1752162170495 0.7475588321685791 77
1752162171016 0.7471830248832703 78
1752162171533 0.7468719482421875 79
1752162172051 0.7445926070213318 80
1752162172569 0.7446103692054749 81
1752162173099 0.7437560558319092 82
1752162173619 0.7466586232185364 83
1752162174137 0.7463374137878418 84
1752162174650 0.74659264087677 85
1752162175166 0.7437393665313721 86
1752162175685 0.7444758415222168 87
1752162176206 0.7437248826026917 88
1752162176740 0.7444410920143127 89
1752162177258 0.7458123564720154 90
1752162177770 0.7459469437599182 91
1752162178280 0.7443998456001282 92
1752162178803 0.7443798184394836 93
1752162179329 0.7443689107894897 94
1752162179870 0.7443496584892273 95
1752162180387 0.7443404197692871 96
