732870, 735.88916015625, [1000.0, 364.0, 319.0, 153.0, 154.0, 174.0, 129.0, 111.0, 91.0, 1000.0, 50.0, 1000.0, 0.0, 1000.0, 859.0, 999.0, 999.0, 978.0, 999.0, 532.0, 709.0, 0.0, 240.0], [-18.427886962890625, -4.38746452331543, 23.373979568481445], [-0.9671630859375, 0.1490325927734375, 0.0694122314453125, -0.1938018798828125], [-36.3065071105957, 14.550180435180664, -73.28268432617188], [0.77984619140625, -0.1761627197265625, 0.2809906005859375, -0.5308685302734375]
732920, 735.9395751953125, [1000.0, 363.0, 319.0, 153.0, 153.0, 173.0, 128.0, 110.0, 90.0, 1000.0, 50.0, 750.0, 0.0, 1000.0, 858.0, 999.0, 999.0, 977.0, 999.0, 532.0, 708.0, 0.0, 239.0], [-18.42798614501953, -4.392633438110352, 23.45825958251953], [-0.967010498046875, 0.1489715576171875, 0.0695648193359375, -0.1945037841796875], [-36.3469123840332, 14.592641830444336, -73.29241943359375], [0.7797698974609375, -0.1761932373046875, 0.281463623046875, -0.5307159423828125]
732980, 735.99951171875, [1000.0, 363.0, 318.0, 152.0, 153.0, 173.0, 128.0, 110.0, 90.0, 1000.0, 49.0, 750.0, 0.0, 1000.0, 858.0, 999.0, 999.0, 979.0, 999.0, 532.0, 709.0, 0.0, 238.0], [-18.39054298400879, -4.440353870391846, 23.550384521484375], [-0.9669036865234375, 0.1485137939453125, 0.0700225830078125, -0.1952362060546875], [-36.357975006103516, 14.471752166748047, -73.30502319335938], [0.77960205078125, -0.1768646240234375, 0.28076171875, -0.5311126708984375]
733030, 736.0497436523438, [1000.0, 366.0, 318.0, 152.0, 152.0, 172.0, 127.0, 110.0, 89.0, 1000.0, 49.0, 1000.0, 0.0, 1000.0, 858.0, 999.0, 999.0, 978.0, 999.0, 531.0, 709.0, 0.0, 237.0], [-18.352811813354492, -4.49041748046875, 23.628585815429688], [-0.9668121337890625, 0.1480560302734375, 0.0704803466796875, -0.1958465576171875], [-36.32477951049805, 14.46666145324707, -73.29804992675781], [0.7796783447265625, -0.1766815185546875, 0.2805633544921875, -0.531158447265625]
733090, 736.10986328125, [1000.0, 365.0, 317.0, 152.0, 151.0, 172.0, 127.0, 110.0, 89.0, 1000.0, 49.0, 1000.0, 0.0, 1000.0, 857.0, 999.0, 999.0, 979.0, 999.0, 531.0, 708.0, 0.0, 236.0], [-18.32084083557129, -4.463033676147461, 23.719146728515625], [-0.966705322265625, 0.1477813720703125, 0.0703125, -0.1966705322265625], [-36.142452239990234, 14.453567504882812, -73.2557144165039], [0.7801513671875, -0.1756134033203125, 0.279571533203125, -0.5313568115234375]
733140, 736.159912109375, [1000.0, 365.0, 317.0, 152.0, 151.0, 171.0, 127.0, 109.0, 88.0, 1000.0, 48.0, 1000.0, 0.0, 1000.0, 859.0, 999.0, 999.0, 979.0, 999.0, 530.0, 708.0, 0.0, 236.0], [-18.362159729003906, -4.532247066497803, 23.8046932220459], [-0.96649169921875, 0.14794921875, 0.071075439453125, -0.197265625], [-35.899932861328125, 14.507076263427734, -73.1970443725586], [0.7808380126953125, -0.173828125, 0.2787017822265625, -0.531402587890625]
733190, 736.2095336914062, [1000.0, 364.0, 317.0, 152.0, 151.0, 171.0, 126.0, 109.0, 88.0, 1000.0, 48.0, 1000.0, 0.0, 1000.0, 855.0, 999.0, 999.0, 978.0, 999.0, 530.0, 706.0, 0.0, 236.0], [-18.367921829223633, -4.498299598693848, 23.911365509033203], [-0.96630859375, 0.1479949951171875, 0.0709381103515625, -0.198211669921875], [-36.343013763427734, 14.424357414245605, -73.28910064697266], [0.7796630859375, -0.1770477294921875, 0.280364990234375, -0.5311737060546875]
733250, 736.2698974609375, [1000.0, 366.0, 316.0, 151.0, 150.0, 170.0, 126.0, 109.0, 87.0, 1000.0, 48.0, 1000.0, 0.0, 1000.0, 856.0, 999.0, 999.0, 978.0, 999.0, 530.0, 708.0, 0.0, 235.0], [-18.25135040283203, -4.523143291473389, 24.02458381652832], [-0.9662628173828125, 0.1468963623046875, 0.0710906982421875, -0.1992034912109375], [-36.06446075439453, 13.956007957458496, -73.24356842041016], [0.779937744140625, -0.1776885986328125, 0.2760009765625, -0.5328369140625]
733300, 736.31982421875, [1000.0, 366.0, 316.0, 151.0, 150.0, 170.0, 125.0, 108.0, 87.0, 1000.0, 48.0, 750.0, 0.0, 1000.0, 854.0, 999.0, 999.0, 978.0, 999.0, 530.0, 706.0, 0.0, 235.0], [-18.246997833251953, -4.552267074584961, 24.125024795532227], [-0.966094970703125, 0.1467437744140625, 0.0714569091796875, -0.20001220703125], [-36.424468994140625, 14.365273475646973, -73.34781646728516], [0.7792205810546875, -0.177764892578125, 0.28045654296875, -0.5315399169921875]
733360, 736.3795776367188, [1000.0, 366.0, 316.0, 150.0, 149.0, 169.0, 125.0, 108.0, 86.0, 1000.0, 47.0, 750.0, 0.0, 1000.0, 857.0, 999.0, 999.0, 977.0, 999.0, 530.0, 706.0, 0.0, 233.0], [-18.2540340423584, -4.559751987457275, 24.19743537902832], [-0.9659576416015625, 0.1467437744140625, 0.071624755859375, -0.2006072998046875], [-36.502254486083984, 14.574173927307129, -73.37660217285156], [0.7791290283203125, -0.1771392822265625, 0.282196044921875, -0.5309600830078125]
733410, 736.4296264648438, [1000.0, 367.0, 316.0, 150.0, 149.0, 169.0, 125.0, 108.0, 86.0, 1000.0, 47.0, 1000.0, 0.0, 1000.0, 856.0, 999.0, 999.0, 978.0, 999.0, 529.0, 706.0, 0.0, 233.0], [-18.270483016967773, -4.529810905456543, 24.26420783996582], [-0.9658203125, 0.1468963623046875, 0.0714874267578125, -0.201202392578125], [-36.37678146362305, 14.542789459228516, -73.3499984741211], [0.7794189453125, -0.176513671875, 0.2813720703125, -0.5311737060546875]
733460, 736.4793701171875, [1000.0, 367.0, 316.0, 150.0, 148.0, 168.0, 124.0, 107.0, 86.0, 1000.0, 47.0, 750.0, 0.0, 1000.0, 857.0, 999.0, 999.0, 979.0, 999.0, 529.0, 705.0, 0.0, 232.0], [-18.28750228881836, -4.565964221954346, 24.31316566467285], [-0.9657135009765625, 0.146942138671875, 0.0718841552734375, -0.2015533447265625], [-36.24753952026367, 14.426667213439941, -73.3301773071289], [0.7796173095703125, -0.1762847900390625, 0.279998779296875, -0.53167724609375]
733520, 736.5393676757812, [1000.0, 364.0, 315.0, 150.0, 148.0, 168.0, 124.0, 107.0, 86.0, 1000.0, 47.0, 750.0, 0.0, 1000.0, 856.0, 999.0, 999.0, 977.0, 999.0, 529.0, 705.0, 0.0, 232.0], [-18.33013343811035, -4.663867473602295, 24.374622344970703], [-0.965545654296875, 0.1470794677734375, 0.0728607177734375, -0.201904296875], [-36.13286590576172, 14.43596363067627, -73.27880859375], [0.7800445556640625, -0.1755828857421875, 0.279449462890625, -0.531585693359375]
733570, 736.5894775390625, [1000.0, 365.0, 315.0, 149.0, 148.0, 167.0, 123.0, 107.0, 85.0, 1000.0, 46.0, 1000.0, 0.0, 1000.0, 854.0, 999.0, 999.0, 978.0, 999.0, 529.0, 705.0, 0.0, 230.0], [-18.31795310974121, -4.659914970397949, 24.51251220703125], [-0.9653167724609375, 0.1468963623046875, 0.0729827880859375, -0.2030792236328125], [-36.15849304199219, 14.60965347290039, -73.26260375976562], [0.78021240234375, -0.174896240234375, 0.2806549072265625, -0.5309295654296875]
733630, 736.6494750976562, [1000.0, 365.0, 314.0, 149.0, 147.0, 167.0, 123.0, 107.0, 85.0, 1000.0, 46.0, 1000.0, 0.0, 1000.0, 853.0, 999.0, 999.0, 978.0, 999.0, 529.0, 705.0, 0.0, 229.0], [-18.282581329345703, -4.620814323425293, 24.615556716918945], [-0.965179443359375, 0.1466064453125, 0.072723388671875, -0.2040252685546875], [-36.42291259765625, 14.464975357055664, -73.32545471191406], [0.7794036865234375, -0.1772918701171875, 0.2810516357421875, -0.5311126708984375]
733680, 736.6997680664062, [1000.0, 366.0, 314.0, 148.0, 147.0, 166.0, 123.0, 106.0, 84.0, 1000.0, 46.0, 750.0, 0.0, 1000.0, 854.0, 999.0, 999.0, 977.0, 999.0, 529.0, 705.0, 0.0, 229.0], [-18.157987594604492, -4.703606605529785, 24.68707275390625], [-0.9652099609375, 0.145355224609375, 0.0732879638671875, -0.20458984375], [-35.859649658203125, 14.532909393310547, -73.21106719970703], [0.780853271484375, -0.1733856201171875, 0.2787017822265625, -0.531524658203125]
733730, 736.74951171875, [1000.0, 366.0, 314.0, 148.0, 147.0, 166.0, 122.0, 106.0, 84.0, 1000.0, 45.0, 750.0, 0.0, 1000.0, 854.0, 999.0, 999.0, 977.0, 999.0, 529.0, 704.0, 0.0, 228.0], [-18.19060707092285, -4.687831401824951, 24.7575740814209], [-0.9650421142578125, 0.1456146240234375, 0.07330322265625, -0.2051849365234375], [-35.86534118652344, 14.49162769317627, -73.2198715209961], [0.78076171875, -0.173614501953125, 0.278472900390625, -0.53167724609375]
733790, 736.8096923828125, [1000.0, 367.0, 314.0, 148.0, 146.0, 165.0, 122.0, 106.0, 84.0, 1000.0, 45.0, 750.0, 0.0, 1000.0, 855.0, 999.0, 999.0, 977.0, 999.0, 529.0, 704.0, 0.0, 227.0], [-18.36431312561035, -4.624401092529297, 24.8470401763916], [-0.96466064453125, 0.1471405029296875, 0.0731964111328125, -0.2059173583984375], [-36.471187591552734, 14.870150566101074, -73.3731460571289], [0.7794189453125, -0.1753997802734375, 0.283935546875, -0.530181884765625]
733840, 736.8595581054688, [1000.0, 367.0, 313.0, 147.0, 146.0, 165.0, 121.0, 105.0, 83.0, 1000.0, 45.0, 1000.0, 0.0, 1000.0, 856.0, 999.0, 999.0, 976.0, 999.0, 528.0, 703.0, 0.0, 226.0], [-18.319753646850586, -4.605987548828125, 24.91130828857422], [-0.964599609375, 0.146759033203125, 0.0730438232421875, -0.206512451171875], [-36.247520446777344, 14.568843841552734, -73.3225326538086], [0.7797698974609375, -0.175567626953125, 0.2808990478515625, -0.5312347412109375]
733890, 736.90966796875, [1000.0, 365.0, 313.0, 147.0, 145.0, 164.0, 121.0, 105.0, 83.0, 1000.0, 45.0, 1000.0, 0.0, 1000.0, 855.0, 999.0, 999.0, 976.0, 999.0, 528.0, 703.0, 0.0, 225.0], [-18.300113677978516, -4.652953147888184, 24.964994430541992], [-0.9645233154296875, 0.1464691162109375, 0.0734710693359375, -0.2069091796875], [-36.19032669067383, 14.536842346191406, -73.31185150146484], [0.779876708984375, -0.1753692626953125, 0.2804107666015625, -0.5313873291015625]
733950, 736.969482421875, [1000.0, 364.0, 313.0, 147.0, 145.0, 164.0, 121.0, 105.0, 82.0, 1000.0, 45.0, 1000.0, 0.0, 1000.0, 848.0, 999.0, 999.0, 980.0, 999.0, 528.0, 703.0, 0.0, 224.0], [-18.280542373657227, -4.689670085906982, 25.00240707397461], [-0.9644775390625, 0.146209716796875, 0.07379150390625, -0.207183837890625], [-35.98819351196289, 14.725069046020508, -73.26691436767578], [0.7805328369140625, -0.173126220703125, 0.280609130859375, -0.5310516357421875]
734000, 737.0194702148438, [1000.0, 367.0, 312.0, 147.0, 145.0, 164.0, 120.0, 105.0, 82.0, 1000.0, 45.0, 1000.0, 0.0, 1000.0, 839.0, 999.0, 999.0, 980.0, 999.0, 528.0, 703.0, 0.0, 223.0], [-18.241731643676758, -4.720456123352051, 25.069599151611328], [-0.96441650390625, 0.145782470703125, 0.074066162109375, -0.207733154296875], [-36.041847229003906, 14.829185485839844, -73.2650146484375], [0.780548095703125, -0.1729583740234375, 0.281524658203125, -0.5306243896484375]
734060, 737.0796508789062, [1000.0, 364.0, 312.0, 147.0, 144.0, 163.0, 120.0, 105.0, 81.0, 1000.0, 45.0, 750.0, 0.0, 1000.0, 841.0, 999.0, 999.0, 978.0, 999.0, 528.0, 703.0, 0.0, 222.0], [-18.10078239440918, -4.749380111694336, 25.225046157836914], [-0.9643096923828125, 0.144439697265625, 0.074249267578125, -0.2090911865234375], [-35.4991340637207, 14.701227188110352, -73.08902740478516], [0.782073974609375, -0.17034912109375, 0.277923583984375, -0.531097412109375]
734110, 737.1294555664062, [1000.0, 365.0, 311.0, 147.0, 143.0, 163.0, 120.0, 105.0, 81.0, 1000.0, 45.0, 1000.0, 0.0, 1000.0, 845.0, 999.0, 999.0, 974.0, 999.0, 528.0, 703.0, 0.0, 222.0], [-18.10159683227539, -4.771245956420898, 25.381179809570312], [-0.964019775390625, 0.1443023681640625, 0.0746307373046875, -0.2103729248046875], [-36.183773040771484, 14.855278015136719, -73.25543212890625], [0.7803955078125, -0.1738128662109375, 0.2823333740234375, -0.5301361083984375]
734160, 737.1796264648438, [1000.0, 365.0, 311.0, 146.0, 143.0, 163.0, 119.0, 104.0, 80.0, 1000.0, 44.0, 750.0, 0.0, 1000.0, 846.0, 999.0, 999.0, 972.0, 999.0, 528.0, 703.0, 0.0, 221.0], [-18.22657012939453, -4.896564483642578, 25.539213180541992], [-0.96356201171875, 0.1450042724609375, 0.07611083984375, -0.2114410400390625], [-35.96444320678711, 14.719572067260742, -73.2313232421875], [0.780731201171875, -0.1730804443359375, 0.2804107666015625, -0.5308837890625]
734220, 737.2396240234375, [1000.0, 368.0, 310.0, 146.0, 142.0, 162.0, 118.0, 104.0, 80.0, 1000.0, 44.0, 1000.0, 0.0, 1000.0, 844.0, 999.0, 999.0, 973.0, 999.0, 528.0, 703.0, 0.0, 220.0], [-18.18607521057129, -5.0172014236450195, 25.67982292175293], [-0.963348388671875, 0.1443328857421875, 0.0772247314453125, -0.2124786376953125], [-36.35045623779297, 14.783586502075195, -73.35212707519531], [0.779632568359375, -0.175079345703125, 0.2827911376953125, -0.53057861328125]
734270, 737.2896118164062, [1000.0, 367.0, 310.0, 145.0, 142.0, 161.0, 118.0, 104.0, 80.0, 1000.0, 43.0, 1000.0, 0.0, 1000.0, 845.0, 999.0, 999.0, 971.0, 999.0, 528.0, 702.0, 0.0, 219.0], [-17.942852020263672, -4.956822872161865, 25.811813354492188], [-0.963409423828125, 0.1423187255859375, 0.0764312744140625, -0.213836669921875], [-33.88502883911133, 15.338659286499023, -72.80252838134766], [0.7861328125, -0.1566925048828125, 0.274139404296875, -0.5312957763671875]
734330, 737.3494873046875, [1000.0, 367.0, 310.0, 144.0, 142.0, 159.0, 118.0, 103.0, 80.0, 1000.0, 42.0, 1000.0, 0.0, 1000.0, 844.0, 999.0, 999.0, 977.0, 999.0, 528.0, 702.0, 0.0, 219.0], [-18.190937042236328, -5.121577262878418, 26.130125045776367], [-0.962493896484375, 0.14385986328125, 0.07867431640625, -0.2161102294921875], [-33.55990982055664, 19.627426147460938, -72.42864990234375], [0.79022216796875, -0.1331024169921875, 0.2997283935546875, -0.517669677734375]
734380, 737.3995971679688, [1000.0, 367.0, 313.0, 148.0, 144.0, 167.0, 119.0, 103.0, 82.0, 1000.0, 39.0, 1000.0, 0.0, 1000.0, 869.0, 999.0, 999.0, 999.0, 999.0, 533.0, 708.0, 0.0, 218.0], [-16.221675872802734, -3.3262462615966797, 25.735124588012695], [-0.96563720703125, 0.1310882568359375, 0.059417724609375, -0.2163848876953125], [-30.58293914794922, 21.543367385864258, -71.07719421386719], [0.7997283935546875, -0.1060333251953125, 0.2972869873046875, -0.51068115234375]
734390, 737.449462890625, [1000.0, 368.0, 314.0, 149.0, 145.0, 169.0, 120.0, 104.0, 84.0, 1000.0, 39.0, 750.0, 0.0, 1000.0, 878.0, 999.0, 999.0, 999.0, 999.0, 532.0, 708.0, 0.0, 220.0], [-15.497556686401367, -2.723266124725342, 25.574899673461914], [-0.9667205810546875, 0.1262359619140625, 0.05279541015625, -0.21612548828125], [-29.599355697631836, 22.018117904663086, -70.6119613647461], [0.8026580810546875, -0.0979156494140625, 0.2955780029296875, -0.5086669921875]
734430, 737.4593505859375, [1000.0, 369.0, 320.0, 151.0, 145.0, 176.0, 118.0, 105.0, 93.0, 1000.0, 44.0, 1000.0, 0.0, 1000.0, 887.0, 999.0, 999.0, 999.0, 999.0, 530.0, 714.0, 0.0, 238.0], [-13.179832458496094, -0.1882462501525879, 25.168331146240234], [-0.9695587158203125, 0.1116485595703125, 0.0265960693359375, -0.21624755859375], [-26.263593673706055, 24.239238739013672, -68.65773010253906], [0.8131866455078125, -0.0681304931640625, 0.2941131591796875, -0.49755859375]
734490, 737.509521484375, [1000.0, 370.0, 324.0, 159.0, 150.0, 188.0, 303.0, 103.0, 101.0, 1000.0, 48.0, 750.0, 0.0, 1000.0, 872.0, 999.0, 999.0, 999.0, 999.0, 521.0, 717.0, 0.0, 262.0], [-10.17978286743164, 4.886990547180176, 24.795114517211914], [-0.97113037109375, 0.0956878662109375, -0.0224456787109375, -0.21734619140625], [-19.76403045654297, 27.81184196472168, -64.95067596435547], [0.828887939453125, -0.0134124755859375, 0.2891845703125, -0.478668212890625]
734540, 737.5595092773438, [1000.0, 367.0, 319.0, 162.0, 364.0, 183.0, 780.0, 100.0, 220.0, 1000.0, 50.0, 1000.0, 0.0, 1000.0, 873.0, 999.0, 999.0, 999.0, 999.0, 515.0, 726.0, 0.0, 286.0], [-5.193222999572754, 5.2519330978393555, 23.521013259887695], [-0.9765472412109375, 0.0536346435546875, -0.03558349609375, -0.2054290771484375], [-13.49190902709961, 29.451824188232422, -61.951969146728516], [0.838836669921875, 0.0325164794921875, 0.27490234375, -0.468719482421875]
734600, 737.619384765625, [1000.0, 368.0, 306.0, 165.0, 619.0, 177.0, 866.0, 98.0, 354.0, 1000.0, 50.0, 750.0, 0.0, 1000.0, 869.0, 999.0, 999.0, 999.0, 999.0, 511.0, 716.0, 0.0, 298.0], [-1.24344003200531, 3.895382881164551, 22.580324172973633], [-0.979949951171875, 0.0172882080078125, -0.0312042236328125, -0.196014404296875], [-8.768888473510742, 29.814739227294922, -59.02091979980469], [0.8481903076171875, 0.0620574951171875, 0.259613037109375, -0.457489013671875]
734650, 737.66943359375, [1000.0, 369.0, 302.0, 169.0, 740.0, 176.0, 891.0, 98.0, 412.0, 1000.0, 51.0, 1000.0, 0.0, 1000.0, 866.0, 999.0, 999.0, 999.0, 999.0, 507.0, 714.0, 0.0, 296.0], [3.523124933242798, -2.608090877532959, 19.865081787109375], [-0.984161376953125, -0.0341949462890625, 0.0171051025390625, -0.1730499267578125], [-4.415029525756836, 29.221614837646484, -56.59450149536133], [0.855987548828125, 0.086669921875, 0.2396087646484375, -0.4498138427734375]
734700, 737.7295532226562, [1000.0, 369.0, 298.0, 172.0, 759.0, 178.0, 878.0, 97.0, 413.0, 1000.0, 43.0, 750.0, 0.0, 1000.0, 866.0, 999.0, 999.0, 999.0, 999.0, 502.0, 712.0, 0.0, 297.0], [8.717617988586426, -9.326869010925293, 16.568891525268555], [-0.9825286865234375, -0.086639404296875, 0.069305419921875, -0.1493072509765625], [-0.8794549703598022, 27.3317813873291, -54.83041763305664], [0.8633575439453125, 0.1021575927734375, 0.2131500244140625, -0.445770263671875]
734760, 737.7796630859375, [1000.0, 368.0, 295.0, 176.0, 839.0, 169.0, 901.0, 98.0, 436.0, 1000.0, 41.0, 1000.0, 0.0, 1000.0, 863.0, 999.0, 999.0, 999.0, 999.0, 497.0, 703.0, 0.0, 284.0], [15.330513954162598, -17.54214859008789, 11.39881420135498], [-0.97259521484375, -0.14617919921875, 0.1372833251953125, -0.1175079345703125], [1.2989857196807861, 24.9595947265625, -54.1657829284668], [0.868133544921875, 0.1082305908203125, 0.187347412109375, -0.4466705322265625]
734770, 737.82958984375, [1000.0, 368.0, 294.0, 177.0, 844.0, 168.0, 900.0, 99.0, 438.0, 1000.0, 41.0, 750.0, 0.0, 1000.0, 862.0, 999.0, 999.0, 999.0, 999.0, 496.0, 703.0, 0.0, 282.0], [16.30262565612793, -18.911203384399414, 10.434220314025879], [-0.97027587890625, -0.1540679931640625, 0.14923095703125, -0.1119842529296875], [1.5584917068481445, 24.62643814086914, -54.0650520324707], [0.8688507080078125, 0.1087493896484375, 0.18389892578125, -0.4465789794921875]
734810, 737.8394165039062, [1000.0, 369.0, 294.0, 182.0, 893.0, 169.0, 916.0, 99.0, 453.0, 1000.0, 40.0, 1000.0, 0.0, 1000.0, 861.0, 999.0, 999.0, 999.0, 999.0, 491.0, 699.0, 0.0, 278.0], [22.042652130126953, -23.54462432861328, 6.2933244705200195], [-0.957305908203125, -0.1978607177734375, 0.1896820068359375, -0.0916900634765625], [3.5510079860687256, 23.311689376831055, -53.32877731323242], [0.871978759765625, 0.11773681640625, 0.166839599609375, -0.44488525390625]
734870, 737.8893432617188, [1000.0, 364.0, 330.0, 197.0, 954.0, 211.0, 956.0, 97.0, 627.0, 1000.0, 52.0, 750.0, 0.0, 1000.0, 869.0, 999.0, 999.0, 999.0, 999.0, 486.0, 699.0, 0.0, 261.0], [24.935503005981445, -27.41803741455078, 2.918360471725464], [-0.9469757080078125, -0.2155609130859375, 0.225982666015625, -0.0753021240234375], [3.0905165672302246, 22.335508346557617, -54.019691467285156], [0.8713531494140625, 0.1114959716796875, 0.1604766845703125, -0.4500274658203125]
734890, 737.9403686523438, [1000.0, 365.0, 355.0, 212.0, 961.0, 288.0, 961.0, 117.0, 669.0, 1000.0, 59.0, 1000.0, 0.0, 1000.0, 868.0, 999.0, 999.0, 999.0, 999.0, 486.0, 693.0, 0.0, 250.0], [25.057634353637695, -29.419570922851562, 2.0921132564544678], [-0.943023681640625, -0.2143096923828125, 0.2440032958984375, -0.0723114013671875], [1.5423774719238281, 22.27223014831543, -54.80247116088867], [0.8697967529296875, 0.1006011962890625, 0.165374755859375, -0.4538116455078125]
734920, 737.949462890625, [1000.0, 365.0, 394.0, 258.0, 965.0, 527.0, 962.0, 384.0, 721.0, 1000.0, 87.0, 1000.0, 0.0, 1000.0, 874.0, 999.0, 999.0, 999.0, 999.0, 485.0, 690.0, 0.0, 234.0], [25.300838470458984, -31.8721866607666, 0.44613051414489746], [-0.9379730224609375, -0.2116241455078125, 0.2670745849609375, -0.06378173828125], [-0.1835813671350479, 21.972715377807617, -55.975563049316406], [0.8669891357421875, 0.088043212890625, 0.1690216064453125, -0.4604034423828125]
734970, 737.9995727539062, [1000.0, 361.0, 490.0, 435.0, 953.0, 873.0, 956.0, 902.0, 786.0, 1000.0, 425.0, 750.0, 0.0, 1000.0, 917.0, 999.0, 999.0, 999.0, 999.0, 481.0, 777.0, 0.0, 410.0], [25.242542266845703, -35.673702239990234, -1.7257486581802368], [-0.9298248291015625, -0.2034759521484375, 0.302001953125, -0.0529327392578125], [-4.168822288513184, 20.833051681518555, -58.18680953979492], [0.8620452880859375, 0.0565948486328125, 0.1752777099609375, -0.4721527099609375]
735010, 738.0494995117188, [1000.0, 361.0, 686.0, 570.0, 947.0, 944.0, 952.0, 972.0, 812.0, 1000.0, 616.0, 1000.0, 0.0, 1000.0, 915.0, 999.0, 999.0, 999.0, 999.0, 478.0, 826.0, 0.0, 646.0], [26.03742218017578, -37.85801696777344, -3.7525620460510254], [-0.923492431640625, -0.2026214599609375, 0.3228607177734375, -0.0428619384765625], [-5.318936824798584, 19.420055389404297, -59.316829681396484], [0.8594818115234375, 0.0436248779296875, 0.169036865234375, -0.48040771484375]
735030, 738.0594482421875, [1000.0, 360.0, 741.0, 589.0, 946.0, 953.0, 951.0, 979.0, 814.0, 1000.0, 634.0, 1000.0, 0.0, 1000.0, 916.0, 999.0, 999.0, 999.0, 999.0, 477.0, 835.0, 0.0, 669.0], [26.620746612548828, -38.09627914428711, -4.4177961349487305], [-0.92205810546875, -0.2052154541015625, 0.32574462890625, -0.0396270751953125], [-5.305429935455322, 18.646394729614258, -59.71321105957031], [0.8586273193359375, 0.04095458984375, 0.1630859375, -0.484222412109375]
735080, 738.1099243164062, [1000.0, 357.0, 895.0, 717.0, 949.0, 992.0, 947.0, 1000.0, 848.0, 1000.0, 668.0, 750.0, 0.0, 1000.0, 817.0, 999.0, 999.0, 999.0, 999.0, 468.0, 875.0, 0.0, 785.0], [27.55747413635254, -40.00560760498047, -8.250221252441406], [-0.9161224365234375, -0.1993255615234375, 0.3474578857421875, -0.0156097412109375], [-8.288542747497559, 17.94346809387207, -61.7946891784668], [0.8511505126953125, 0.01861572265625, 0.1701202392578125, -0.4962158203125]
735130, 738.1597290039062, [1000.0, 350.0, 921.0, 761.0, 952.0, 1000.0, 945.0, 1000.0, 861.0, 1000.0, 653.0, 1000.0, 0.0, 1000.0, 625.0, 999.0, 999.0, 999.0, 999.0, 460.0, 886.0, 0.0, 818.0], [28.35296630859375, -41.04375457763672, -10.530744552612305], [-0.91204833984375, -0.19720458984375, 0.3594970703125, -0.002166748046875], [-10.586236953735352, 17.42987632751465, -63.79453659057617], [0.842987060546875, 0.0023040771484375, 0.17626953125, -0.5081939697265625]
735190, 738.2195434570312, [1000.0, 350.0, 972.0, 770.0, 958.0, 1000.0, 948.0, 1000.0, 870.0, 1000.0, 601.0, 750.0, 0.0, 1000.0, 430.0, 999.0, 999.0, 999.0, 999.0, 451.0, 886.0, 0.0, 838.0], [26.253162384033203, -42.248863220214844, -10.988642692565918], [-0.912078857421875, -0.1772613525390625, 0.3696441650390625, 0.0055084228515625], [-13.467101097106934, 16.369361877441406, -66.24494934082031], [0.832366943359375, -0.0199432373046875, 0.18182373046875, -0.5231475830078125]
735240, 738.2698974609375, [1000.0, 349.0, 1000.0, 756.0, 960.0, 1000.0, 949.0, 1000.0, 873.0, 1000.0, 523.0, 1000.0, 0.0, 1000.0, 269.0, 999.0, 999.0, 999.0, 999.0, 447.0, 865.0, 0.0, 846.0], [21.369335174560547, -43.605648040771484, -9.39307689666748], [-0.9149322509765625, -0.1416778564453125, 0.377838134765625, 0.006072998046875], [-18.699724197387695, 16.2385196685791, -69.27671813964844], [0.81671142578125, -0.0531158447265625, 0.2060699462890625, -0.5363311767578125]
735300, 738.3295288085938, [1000.0, 350.0, 1000.0, 731.0, 961.0, 1000.0, 953.0, 1000.0, 867.0, 1000.0, 496.0, 1000.0, 0.0, 666.0, 214.0, 999.0, 999.0, 999.0, 999.0, 442.0, 835.0, 0.0, 852.0], [12.40619945526123, -45.811702728271484, -4.904182434082031], [-0.9167022705078125, -0.0828857421875, 0.390838623046875, -0.002838134765625], [-26.623943328857422, 17.826913833618164, -72.97150421142578], [0.794158935546875, -0.093231201171875, 0.2564849853515625, -0.54296875]
735350, 738.379638671875, [1000.0, 347.0, 1000.0, 752.0, 963.0, 1000.0, 958.0, 1000.0, 864.0, 1000.0, 477.0, 750.0, 0.0, 1000.0, 246.0, 999.0, 999.0, 999.0, 999.0, 436.0, 808.0, 0.0, 858.0], [-1.4746174812316895, -42.77511978149414, 3.3854243755340576], [-0.9307861328125, 0.0012054443359375, 0.364837646484375, -0.0228118896484375], [-32.1464958190918, 20.637788772583008, -75.4522476196289], [0.778076171875, -0.1101226806640625, 0.3028106689453125, -0.5392303466796875]
735400, 738.4296264648438, [1000.0, 346.0, 993.0, 760.0, 949.0, 1000.0, 951.0, 995.0, 849.0, 1000.0, 458.0, 750.0, 0.0, 1000.0, 282.0, 999.0, 999.0, 999.0, 999.0, 424.0, 778.0, 0.0, 862.0], [-15.505495071411133, -37.87841796875, 12.766304969787598], [-0.9362640380859375, 0.0910491943359375, 0.3337860107421875, -0.0606842041015625], [-40.33769989013672, 23.717510223388672, -77.54473876953125], [0.7605743408203125, -0.14227294921875, 0.3616943359375, -0.5200347900390625]
735460, 738.4895629882812, [1000.0, 347.0, 922.0, 805.0, 913.0, 999.0, 929.0, 984.0, 807.0, 1000.0, 463.0, 1000.0, 0.0, 1000.0, 627.0, 999.0, 999.0, 999.0, 999.0, 412.0, 755.0, 0.0, 864.0], [-36.27477264404297, -24.264963150024414, 19.440410614013672], [-0.926788330078125, 0.2662506103515625, 0.2482452392578125, -0.092376708984375], [-54.41283416748047, 27.50227928161621, -81.37268829345703], [0.7259063720703125, -0.1989288330078125, 0.4498138427734375, -0.4807586669921875]
735510, 738.53955078125, [1000.0, 350.0, 867.0, 769.0, 755.0, 970.0, 739.0, 958.0, 690.0, 1000.0, 479.0, 1000.0, 0.0, 1000.0, 702.0, 999.0, 999.0, 999.0, 999.0, 407.0, 771.0, 0.0, 869.0], [-45.90367126464844, -17.765317916870117, 22.12572479248047], [-0.9044189453125, 0.350830078125, 0.213470458984375, -0.115478515625], [-62.10124588012695, 29.740352630615234, -83.42890167236328], [0.7061614990234375, -0.225830078125, 0.4958343505859375, -0.4521636962890625]
735570, 738.5995483398438, [1000.0, 354.0, 803.0, 737.0, 583.0, 940.0, 530.0, 930.0, 557.0, 1000.0, 508.0, 1000.0, 0.0, 1000.0, 823.0, 999.0, 999.0, 999.0, 999.0, 407.0, 761.0, 0.0, 872.0], [-58.265113830566406, -11.030415534973145, 22.025936126708984], [-0.86236572265625, 0.4596099853515625, 0.1749725341796875, -0.1201629638671875], [-72.27760314941406, 31.220346450805664, -86.25727844238281], [0.6761322021484375, -0.265960693359375, 0.5468902587890625, -0.4159088134765625]
735620, 738.6497192382812, [1000.0, 354.0, 783.0, 725.0, 580.0, 922.0, 509.0, 910.0, 539.0, 1000.0, 489.0, 1000.0, 0.0, 1000.0, 900.0, 999.0, 999.0, 999.0, 999.0, 406.0, 755.0, 0.0, 861.0], [-66.24766540527344, -6.692206382751465, 20.430416107177734], [-0.828460693359375, 0.5281982421875, 0.1448516845703125, -0.11688232421875], [-78.53532409667969, 31.91732406616211, -87.8085708618164], [0.656982421875, -0.2908477783203125, 0.5753631591796875, -0.3907928466796875]
735670, 738.6995239257812, [1000.0, 355.0, 725.0, 724.0, 558.0, 894.0, 496.0, 872.0, 526.0, 1000.0, 449.0, 1000.0, 0.0, 1000.0, 891.0, 999.0, 999.0, 999.0, 999.0, 417.0, 757.0, 0.0, 847.0], [-73.2315902709961, -1.9800947904586792, 18.62455940246582], [-0.793609619140625, 0.58624267578125, 0.1101837158203125, -0.11968994140625], [-83.73182678222656, 32.64004135131836, -88.97489929199219], [0.6412811279296875, -0.3102874755859375, 0.598114013671875, -0.367034912109375]
735730, 738.7598266601562, [1000.0, 353.0, 609.0, 754.0, 637.0, 886.0, 589.0, 851.0, 544.0, 1000.0, 407.0, 750.0, 0.0, 1000.0, 913.0, 999.0, 999.0, 999.0, 999.0, 428.0, 766.0, 0.0, 830.0], [-78.7815170288086, 2.9397101402282715, 15.280725479125977], [-0.7635498046875, 0.6313934326171875, 0.064697265625, -0.1188507080078125], [-85.91800689697266, 30.421829223632812, -89.20515441894531], [0.62835693359375, -0.3333740234375, 0.5984649658203125, -0.3685760498046875]
735780, 738.809814453125, [1000.0, 346.0, 647.0, 734.0, 819.0, 881.0, 844.0, 838.0, 635.0, 1000.0, 373.0, 1000.0, 0.0, 1000.0, 752.0, 999.0, 999.0, 999.0, 999.0, 429.0, 760.0, 0.0, 804.0], [-77.6470718383789, 7.225819110870361, 13.339948654174805], [-0.767669677734375, 0.62713623046875, 0.0239105224609375, -0.129547119140625], [-83.80339050292969, 31.213829040527344, -88.32295989990234], [0.6394195556640625, -0.321929931640625, 0.591766357421875, -0.370513916015625]
735840, 738.8693237304688, [1000.0, 350.0, 802.0, 631.0, 786.0, 862.0, 817.0, 818.0, 603.0, 1000.0, 362.0, 1000.0, 0.0, 1000.0, 760.0, 999.0, 999.0, 999.0, 999.0, 419.0, 777.0, 0.0, 792.0], [-73.74497985839844, 10.966835021972656, 11.784141540527344], [-0.7862091064453125, 0.6019744873046875, -0.0147247314453125, -0.1387786865234375], [-76.43719482421875, 31.886938095092773, -81.81117248535156], [0.682220458984375, -0.3082733154296875, 0.5526275634765625, -0.3662261962890625]
735890, 738.9194946289062, [1000.0, 353.0, 910.0, 566.0, 668.0, 837.0, 727.0, 794.0, 547.0, 1000.0, 349.0, 1000.0, 0.0, 1000.0, 745.0, 999.0, 999.0, 999.0, 999.0, 428.0, 766.0, 0.0, 786.0], [-71.14957427978516, 13.561118125915527, 11.077040672302246], [-0.7972564697265625, 0.584259033203125, -0.039825439453125, -0.1463165283203125], [-72.26293182373047, 31.265274047851562, -77.42031860351562], [0.7062835693359375, -0.306976318359375, 0.524932861328125, -0.3624267578125]
735940, 738.9696655273438, [1000.0, 358.0, 936.0, 525.0, 581.0, 797.0, 655.0, 727.0, 506.0, 1000.0, 361.0, 1000.0, 0.0, 1000.0, 831.0, 999.0, 999.0, 999.0, 999.0, 411.0, 742.0, 0.0, 781.0], [-71.2618179321289, 14.171812057495117, 12.354059219360352], [-0.794158935546875, 0.585540771484375, -0.0374755859375, -0.158233642578125], [-74.48432159423828, 30.36358642578125, -75.45054626464844], [0.70465087890625, -0.3343963623046875, 0.5222625732421875, -0.3447418212890625]
736000, 739.0294189453125, [1000.0, 359.0, 880.0, 525.0, 597.0, 771.0, 643.0, 676.0, 489.0, 1000.0, 456.0, 1000.0, 0.0, 1000.0, 930.0, 999.0, 999.0, 999.0, 999.0, 403.0, 709.0, 0.0, 770.0], [-74.46858215332031, 13.871524810791016, 12.338500022888184], [-0.7779083251953125, 0.6074981689453125, -0.031036376953125, -0.1575775146484375], [-77.332763671875, 29.866241455078125, -75.846923828125], [0.694061279296875, -0.3525390625, 0.5297393798828125, -0.336669921875]
736050, 739.0794677734375, [1000.0, 358.0, 827.0, 524.0, 579.0, 754.0, 636.0, 672.0, 485.0, 1000.0, 551.0, 1000.0, 0.0, 1000.0, 914.0, 999.0, 999.0, 999.0, 999.0, 398.0, 703.0, 0.0, 763.0], [-76.38453674316406, 14.004770278930664, 11.923513412475586], [-0.7680206298828125, 0.6203155517578125, -0.03155517578125, -0.1559906005859375], [-80.00838470458984, 29.30593490600586, -76.25828552246094], [0.683349609375, -0.3695831298828125, 0.5364227294921875, -0.32965087890625]
736110, 739.139404296875, [1000.0, 361.0, 778.0, 513.0, 592.0, 730.0, 639.0, 669.0, 488.0, 1000.0, 627.0, 750.0, 0.0, 1000.0, 895.0, 999.0, 999.0, 999.0, 999.0, 393.0, 711.0, 0.0, 754.0], [-78.591796875, 13.522985458374023, 10.948490142822266], [-0.75787353515625, 0.634735107421875, -0.03070068359375, -0.1475372314453125], [-82.11193084716797, 28.847150802612305, -76.4370346069336], [0.6749725341796875, -0.383544921875, 0.5410919189453125, -0.323272705078125]
736160, 739.189453125, [1000.0, 364.0, 734.0, 502.0, 559.0, 727.0, 609.0, 700.0, 483.0, 1000.0, 680.0, 1000.0, 0.0, 1000.0, 898.0, 999.0, 999.0, 999.0, 999.0, 389.0, 704.0, 0.0, 750.0], [-79.3792953491211, 13.662494659423828, 10.34936809539795], [-0.7540740966796875, 0.6397552490234375, -0.033966064453125, -0.144561767578125], [-83.49945068359375, 28.479942321777344, -76.89588928222656], [0.668182373046875, -0.391357421875, 0.5450439453125, -0.3213653564453125]
736210, 739.2393798828125, [1000.0, 363.0, 722.0, 491.0, 531.0, 733.0, 574.0, 722.0, 474.0, 1000.0, 692.0, 750.0, 0.0, 1000.0, 902.0, 999.0, 999.0, 999.0, 999.0, 385.0, 698.0, 0.0, 747.0], [-80.48978424072266, 13.596963882446289, 9.761651039123535], [-0.7486572265625, 0.6468658447265625, -0.0354461669921875, -0.14068603515625], [-85.09264373779297, 27.756471633911133, -77.54798126220703], [0.6591644287109375, -0.4011077880859375, 0.548858642578125, -0.3214569091796875]
736270, 739.2993774414062, [1000.0, 366.0, 717.0, 487.0, 491.0, 747.0, 536.0, 745.0, 471.0, 1000.0, 704.0, 1000.0, 0.0, 1000.0, 933.0, 999.0, 999.0, 999.0, 999.0, 381.0, 694.0, 0.0, 746.0], [-80.14253234863281, 14.446097373962402, 9.332066535949707], [-0.75006103515625, 0.6443328857421875, -0.0439453125, -0.142425537109375], [-86.32872772216797, 27.401670455932617, -78.59585571289062], [0.6510009765625, -0.4049072265625, 0.55462646484375, -0.32342529296875]
736320, 739.3494262695312, [1000.0, 364.0, 713.0, 486.0, 460.0, 756.0, 505.0, 766.0, 469.0, 1000.0, 730.0, 1000.0, 0.0, 1000.0, 933.0, 999.0, 999.0, 999.0, 999.0, 377.0, 694.0, 0.0, 744.0], [-81.91051483154297, 14.599388122558594, 8.461862564086914], [-0.74090576171875, 0.65545654296875, -0.0477294921875, -0.1383209228515625], [-86.97573852539062, 27.01557159423828, -78.93187713623047], [0.6467742919921875, -0.40887451171875, 0.55615234375, -0.3242950439453125]
736370, 739.3994750976562, [1000.0, 363.0, 709.0, 488.0, 437.0, 766.0, 478.0, 780.0, 467.0, 1000.0, 728.0, 1000.0, 0.0, 1000.0, 974.0, 999.0, 999.0, 999.0, 999.0, 375.0, 695.0, 0.0, 742.0], [-82.62305450439453, 15.015893936157227, 8.117416381835938], [-0.7367095947265625, 0.6597900390625, -0.05157470703125, -0.1387481689453125], [-87.67691802978516, 27.48196792602539, -79.29484558105469], [0.6444549560546875, -0.408721923828125, 0.5612030029296875, -0.32037353515625]
736430, 739.459228515625, [1000.0, 361.0, 707.0, 493.0, 419.0, 774.0, 459.0, 782.0, 462.0, 1000.0, 726.0, 1000.0, 0.0, 1000.0, 974.0, 999.0, 999.0, 999.0, 999.0, 371.0, 696.0, 0.0, 741.0], [-83.05445861816406, 15.57603645324707, 7.868786334991455], [-0.7338104248046875, 0.662261962890625, -0.0561370849609375, -0.1405181884765625], [-86.27250671386719, 27.383689880371094, -78.80723571777344], [0.6505584716796875, -0.403656005859375, 0.555145263671875, -0.3249969482421875]
736480, 739.5091552734375, [1000.0, 364.0, 703.0, 492.0, 409.0, 773.0, 454.0, 783.0, 461.0, 1000.0, 747.0, 750.0, 0.0, 1000.0, 989.0, 999.0, 999.0, 999.0, 999.0, 369.0, 698.0, 0.0, 741.0], [-82.2077407836914, 16.069650650024414, 8.153353691101074], [-0.7376861572265625, 0.65679931640625, -0.05877685546875, -0.1446990966796875], [-86.1050033569336, 27.779592514038086, -78.78271484375], [0.6522064208984375, -0.4008331298828125, 0.556121826171875, -0.323516845703125]
736540, 739.569580078125, [1000.0, 368.0, 699.0, 500.0, 396.0, 783.0, 440.0, 796.0, 458.0, 1000.0, 764.0, 1000.0, 0.0, 1000.0, 999.0, 999.0, 999.0, 999.0, 999.0, 368.0, 710.0, 0.0, 742.0], [-81.33967590332031, 16.397218704223633, 8.017215728759766], [-0.7423858642578125, 0.6510162353515625, -0.06280517578125, -0.1451873779296875], [-84.24800872802734, 26.583044052124023, -78.02894592285156], [0.6579132080078125, -0.39984130859375, 0.5434112548828125, -0.3345794677734375]
736590, 739.6207885742188, [1000.0, 364.0, 697.0, 506.0, 381.0, 796.0, 431.0, 800.0, 455.0, 1000.0, 782.0, 1000.0, 0.0, 1000.0, 999.0, 999.0, 999.0, 999.0, 999.0, 366.0, 720.0, 0.0, 743.0], [-80.50968933105469, 16.992416381835938, 8.367839813232422], [-0.745819091796875, 0.6456146240234375, -0.065826416015625, -0.1502838134765625], [-86.90099334716797, 27.343191146850586, -79.69225311279297], [0.645721435546875, -0.403106689453125, 0.5598907470703125, -0.3271636962890625]
736600, 739.669677734375, [1000.0, 363.0, 695.0, 506.0, 376.0, 795.0, 429.0, 798.0, 453.0, 1000.0, 782.0, 1000.0, 0.0, 1000.0, 999.0, 999.0, 999.0, 999.0, 999.0, 365.0, 719.0, 0.0, 742.0], [-80.6780776977539, 16.785539627075195, 8.269831657409668], [-0.7452850341796875, 0.646728515625, -0.064788818359375, -0.1486053466796875], [-86.7823257446289, 27.116052627563477, -79.67088317871094], [0.6456146240234375, -0.4036865234375, 0.5586090087890625, -0.328857421875]
736640, 739.6817626953125, [1000.0, 363.0, 694.0, 503.0, 372.0, 789.0, 424.0, 796.0, 449.0, 1000.0, 792.0, 750.0, 0.0, 1000.0, 999.0, 999.0, 999.0, 999.0, 999.0, 364.0, 722.0, 0.0, 741.0], [-80.928466796875, 16.20796012878418, 8.041702270507812], [-0.74493408203125, 0.6484222412109375, -0.0619354248046875, -0.144073486328125], [-85.34197235107422, 28.041194915771484, -79.18254089355469], [0.65435791015625, -0.393218994140625, 0.5563507080078125, -0.3280792236328125]
736700, 739.7407836914062, [1000.0, 364.0, 692.0, 504.0, 365.0, 787.0, 416.0, 795.0, 446.0, 1000.0, 805.0, 1000.0, 0.0, 1000.0, 999.0, 999.0, 999.0, 999.0, 999.0, 363.0, 728.0, 0.0, 740.0], [-80.9864730834961, 16.713085174560547, 8.057924270629883], [-0.7439117431640625, 0.6486358642578125, -0.0651092529296875, -0.147003173828125], [-85.21272277832031, 28.559101104736328, -79.32049560546875], [0.655670166015625, -0.3891754150390625, 0.5584564208984375, -0.326690673828125]
736750, 739.7796020507812, [1000.0, 367.0, 689.0, 503.0, 364.0, 785.0, 414.0, 780.0, 444.0, 1000.0, 800.0, 750.0, 0.0, 1000.0, 999.0, 999.0, 999.0, 999.0, 999.0, 362.0, 728.0, 0.0, 739.0], [-80.41741943359375, 17.322975158691406, 8.263875961303711], [-0.7460174560546875, 0.64483642578125, -0.0687255859375, -0.1513671875], [-84.79981994628906, 28.627426147460938, -79.23361206054688], [0.6574859619140625, -0.3868865966796875, 0.5572509765625, -0.3278350830078125]
736810, 739.8395385742188, [1000.0, 367.0, 686.0, 507.0, 365.0, 786.0, 414.0, 772.0, 442.0, 1000.0, 783.0, 1000.0, 0.0, 1000.0, 999.0, 999.0, 999.0, 999.0, 999.0, 361.0, 727.0, 0.0, 736.0], [-79.75924682617188, 17.92487907409668, 8.664348602294922], [-0.7483062744140625, 0.64056396484375, -0.0713653564453125, -0.1568603515625], [-84.23954010009766, 28.520261764526367, -78.9467544555664], [0.659942626953125, -0.3856048583984375, 0.55426025390625, -0.3294830322265625]
736860, 739.889404296875, [1000.0, 370.0, 683.0, 504.0, 369.0, 782.0, 414.0, 765.0, 441.0, 1000.0, 782.0, 1000.0, 0.0, 1000.0, 999.0, 999.0, 999.0, 999.0, 999.0, 361.0, 725.0, 0.0, 733.0], [-79.27362060546875, 18.122154235839844, 9.053665161132812], [-0.75018310546875, 0.6375579833984375, -0.0711822509765625, -0.1601715087890625], [-83.53734588623047, 28.631200790405273, -78.4274673461914], [0.6640472412109375, -0.38348388671875, 0.550933837890625, -0.3292694091796875]
736880, 739.9398193359375, [1000.0, 369.0, 682.0, 503.0, 369.0, 781.0, 413.0, 765.0, 440.0, 1000.0, 782.0, 750.0, 0.0, 1000.0, 999.0, 999.0, 999.0, 999.0, 999.0, 361.0, 725.0, 0.0, 733.0], [-79.12232208251953, 18.14319610595703, 9.18575382232666], [-0.7508087158203125, 0.6366424560546875, -0.07080078125, -0.1610565185546875], [-83.20510864257812, 28.29783821105957, -78.16712951660156], [0.6651458740234375, -0.3845062255859375, 0.5477752685546875, -0.331146240234375]
736910, 739.949462890625, [1000.0, 371.0, 684.0, 500.0, 366.0, 777.0, 410.0, 763.0, 440.0, 1000.0, 786.0, 1000.0, 0.0, 1000.0, 999.0, 999.0, 999.0, 999.0, 999.0, 361.0, 724.0, 0.0, 732.0], [-78.68639373779297, 18.247962951660156, 9.50624942779541], [-0.7526092529296875, 0.633941650390625, -0.070343017578125, -0.1634521484375], [-83.04410552978516, 27.995439529418945, -77.96060943603516], [0.66558837890625, -0.3860931396484375, 0.5453948974609375, -0.33233642578125]
736970, 739.9994506835938, [1000.0, 368.0, 705.0, 479.0, 367.0, 757.0, 409.0, 747.0, 438.0, 1000.0, 803.0, 1000.0, 0.0, 1000.0, 999.0, 999.0, 999.0, 999.0, 999.0, 362.0, 722.0, 0.0, 730.0], [-77.86659240722656, 17.87111473083496, 9.97559928894043], [-0.7570343017578125, 0.628936767578125, -0.0663909912109375, -0.1640472412109375], [-82.41706085205078, 27.74185562133789, -77.43231201171875], [0.6686553955078125, -0.38623046875, 0.5407562255859375, -0.333587646484375]
737020, 740.0496215820312, [1000.0, 367.0, 743.0, 452.0, 374.0, 738.0, 417.0, 725.0, 434.0, 1000.0, 819.0, 750.0, 0.0, 1000.0, 999.0, 999.0, 999.0, 999.0, 999.0, 362.0, 717.0, 0.0, 727.0], [-77.64051818847656, 17.41700553894043, 10.406959533691406], [-0.7583465576171875, 0.6277923583984375, -0.061279296875, -0.16436767578125], [-82.45635223388672, 27.134891510009766, -77.34090423583984], [0.6674041748046875, -0.38995361328125, 0.538055419921875, -0.3361053466796875]
737080, 740.1096801757812, [1000.0, 368.0, 764.0, 421.0, 382.0, 711.0, 424.0, 702.0, 431.0, 1000.0, 832.0, 1000.0, 0.0, 1000.0, 999.0, 999.0, 999.0, 999.0, 999.0, 361.0, 710.0, 0.0, 720.0], [-77.2515640258789, 17.204015731811523, 11.479766845703125], [-0.7592315673828125, 0.62579345703125, -0.054534912109375, -0.1701507568359375], [-84.96832275390625, 28.852588653564453, -78.57449340820312], [0.6593170166015625, -0.3899078369140625, 0.556365966796875, -0.3220062255859375]
737120, 740.1594848632812, [1000.0, 368.0, 780.0, 401.0, 390.0, 685.0, 432.0, 676.0, 429.0, 1000.0, 836.0, 750.0, 0.0, 1000.0, 983.0, 999.0, 999.0, 999.0, 999.0, 360.0, 705.0, 0.0, 713.0], [-77.4572525024414, 16.938941955566406, 11.973700523376465], [-0.757781982421875, 0.627410888671875, -0.0497283935546875, -0.172119140625], [-82.80347442626953, 28.45343780517578, -77.53333282470703], [0.668670654296875, -0.3843994140625, 0.5451202392578125, -0.3285369873046875]
737130, 740.1693725585938, [1000.0, 368.0, 780.0, 401.0, 390.0, 685.0, 432.0, 676.0, 429.0, 1000.0, 836.0, 750.0, 0.0, 1000.0, 983.0, 999.0, 999.0, 999.0, 999.0, 360.0, 705.0, 0.0, 713.0], [-77.4572525024414, 16.938941955566406, 11.973700523376465], [-0.757781982421875, 0.627410888671875, -0.0497283935546875, -0.172119140625], [-83.20269775390625, 28.64983558654785, -77.74795532226562], [0.6671600341796875, -0.38470458984375, 0.5477752685546875, -0.3268280029296875]
737180, 740.2198486328125, [1000.0, 372.0, 817.0, 364.0, 385.0, 639.0, 412.0, 646.0, 426.0, 1000.0, 860.0, 1000.0, 0.0, 1000.0, 894.0, 999.0, 999.0, 999.0, 999.0, 359.0, 703.0, 0.0, 700.0], [-76.18144989013672, 17.137163162231445, 13.953291893005371], [-0.7613067626953125, 0.6197357177734375, -0.04229736328125, -0.185760498046875], [-84.22645568847656, 28.47784423828125, -78.43266296386719], [0.6613616943359375, -0.3882293701171875, 0.5523223876953125, -0.326812744140625]
737220, 740.26953125, [1000.0, 376.0, 831.0, 340.0, 381.0, 599.0, 403.0, 608.0, 423.0, 1000.0, 869.0, 750.0, 0.0, 1000.0, 850.0, 999.0, 999.0, 999.0, 999.0, 359.0, 699.0, 0.0, 690.0], [-75.5613021850586, 17.069129943847656, 15.13228702545166], [-0.7628173828125, 0.6160125732421875, -0.0364990234375, -0.1930389404296875], [-83.79308319091797, 28.81251335144043, -78.22643280029297], [0.6641845703125, -0.385009765625, 0.5517120361328125, -0.325897216796875]
737240, 740.2793579101562, [1000.0, 378.0, 840.0, 330.0, 386.0, 584.0, 399.0, 593.0, 421.0, 1000.0, 875.0, 1000.0, 0.0, 1000.0, 780.0, 999.0, 999.0, 999.0, 999.0, 360.0, 700.0, 0.0, 684.0], [-75.95123291015625, 16.937915802001953, 15.203180313110352], [-0.760833740234375, 0.618621826171875, -0.0345611572265625, -0.192962646484375], [-83.61903381347656, 28.79948616027832, -78.06208038330078], [0.6652069091796875, -0.384857177734375, 0.5506134033203125, -0.3258514404296875]
737290, 740.3295288085938, [1000.0, 377.0, 858.0, 310.0, 422.0, 552.0, 393.0, 562.0, 420.0, 1000.0, 896.0, 1000.0, 0.0, 1000.0, 781.0, 999.0, 999.0, 999.0, 999.0, 363.0, 696.0, 0.0, 673.0], [-75.40979766845703, 16.52643585205078, 16.0172061920166], [-0.7630615234375, 0.61517333984375, -0.0282745361328125, -0.1961212158203125], [-82.58887481689453, 28.518497467041016, -77.39250183105469], [0.6699371337890625, -0.38348388671875, 0.5442962646484375, -0.3283843994140625]
