770770, 773.949462890625, [1000.0, 160.0, 361.0, 173.0, 184.0, 176.0, 170.0, 128.0, 107.0, 1000.0, 88.0, 750.0, 0.0, 1000.0, 921.0, 999.0, 999.0, 999.0, 999.0, 532.0, 650.0, 0.0, 167.0], [-18.999462127685547, -1.129198670387268, 64.86483001708984], [-0.8332672119140625, 0.1340789794921875, 0.096710205078125, -0.5275421142578125], [-33.421016693115234, 18.713455200195312, -56.07638931274414], [0.8560791015625, -0.177215576171875, 0.2707977294921875, -0.4029541015625]
770830, 773.9994506835938, [1000.0, 159.0, 360.0, 172.0, 183.0, 175.0, 169.0, 128.0, 107.0, 1000.0, 86.0, 1000.0, 0.0, 1000.0, 924.0, 999.0, 999.0, 999.0, 999.0, 532.0, 650.0, 0.0, 167.0], [-18.96370506286621, -1.2099926471710205, 65.00007629394531], [-0.8327484130859375, 0.133331298828125, 0.0972900390625, -0.5284576416015625], [-33.756561279296875, 19.190589904785156, -56.18156814575195], [0.85516357421875, -0.1774444580078125, 0.2755126953125, -0.401580810546875]
770880, 774.0596313476562, [1000.0, 159.0, 361.0, 172.0, 182.0, 174.0, 169.0, 128.0, 106.0, 1000.0, 85.0, 1000.0, 0.0, 1000.0, 924.0, 999.0, 999.0, 999.0, 999.0, 532.0, 650.0, 0.0, 166.0], [-18.919677734375, -1.2114554643630981, 65.10033416748047], [-0.83233642578125, 0.1329193115234375, 0.0972137451171875, -0.5292205810546875], [-33.71708679199219, 18.577850341796875, -56.18255615234375], [0.8552398681640625, -0.17974853515625, 0.2710418701171875, -0.4034271240234375]
770930, 774.10986328125, [1000.0, 159.0, 360.0, 172.0, 182.0, 174.0, 168.0, 127.0, 105.0, 1000.0, 85.0, 1000.0, 0.0, 1000.0, 924.0, 999.0, 999.0, 998.0, 999.0, 532.0, 650.0, 0.0, 165.0], [-19.00190544128418, -1.265566110610962, 65.18424987792969], [-0.8318939208984375, 0.1331939697265625, 0.09808349609375, -0.529693603515625], [-33.80768585205078, 18.769941329956055, -56.220848083496094], [0.8549652099609375, -0.1795196533203125, 0.2727813720703125, -0.4029541015625]
770940, 774.1594848632812, [1000.0, 159.0, 360.0, 172.0, 182.0, 174.0, 168.0, 127.0, 105.0, 1000.0, 84.0, 1000.0, 0.0, 1000.0, 924.0, 999.0, 999.0, 998.0, 999.0, 532.0, 650.0, 0.0, 165.0], [-19.04273796081543, -1.2538999319076538, 65.20030212402344], [-0.831756591796875, 0.1335296630859375, 0.09820556640625, -0.52978515625], [-33.79480743408203, 18.760007858276367, -56.217201232910156], [0.8549957275390625, -0.179473876953125, 0.2726593017578125, -0.402984619140625]
770990, 774.16943359375, [1000.0, 159.0, 361.0, 171.0, 181.0, 173.0, 167.0, 127.0, 105.0, 1000.0, 84.0, 750.0, 0.0, 1000.0, 919.0, 999.0, 999.0, 999.0, 999.0, 532.0, 649.0, 0.0, 164.0], [-19.121902465820312, -1.1668543815612793, 65.29451751708984], [-0.8311767578125, 0.134429931640625, 0.098052978515625, -0.530517578125], [-33.58029556274414, 18.57508659362793, -56.11116409301758], [0.855712890625, -0.1789093017578125, 0.2704315185546875, -0.403228759765625]
771040, 774.2196044921875, [1000.0, 159.0, 361.0, 171.0, 181.0, 173.0, 167.0, 126.0, 104.0, 1000.0, 83.0, 750.0, 0.0, 1000.0, 918.0, 999.0, 999.0, 998.0, 999.0, 531.0, 649.0, 0.0, 163.0], [-18.99614143371582, -1.2471636533737183, 65.41376495361328], [-0.8308258056640625, 0.1330413818359375, 0.0981903076171875, -0.5313873291015625], [-33.662132263183594, 18.479631423950195, -56.114959716796875], [0.8555755615234375, -0.1799163818359375, 0.270050048828125, -0.4033355712890625]
771090, 774.2694702148438, [1000.0, 159.0, 364.0, 170.0, 181.0, 172.0, 166.0, 126.0, 103.0, 1000.0, 82.0, 750.0, 0.0, 1000.0, 917.0, 999.0, 999.0, 998.0, 999.0, 531.0, 649.0, 0.0, 162.0], [-18.942399978637695, -1.4988303184509277, 65.56147003173828], [-0.8303680419921875, 0.13134765625, 0.0999298095703125, -0.5321807861328125], [-33.968727111816406, 18.22662925720215, -56.19981002807617], [0.8547821044921875, -0.183074951171875, 0.26947021484375, -0.403961181640625]
771150, 774.3294677734375, [1000.0, 159.0, 360.0, 169.0, 180.0, 171.0, 166.0, 126.0, 103.0, 1000.0, 81.0, 1000.0, 0.0, 1000.0, 915.0, 999.0, 999.0, 998.0, 999.0, 531.0, 649.0, 0.0, 162.0], [-18.68920135498047, -1.6281161308288574, 65.72167205810547], [-0.8300018310546875, 0.1287689208984375, 0.0998687744140625, -0.5334014892578125], [-32.1104736328125, 17.619205474853516, -55.50550842285156], [0.8601226806640625, -0.1733245849609375, 0.25750732421875, -0.40472412109375]
771200, 774.3795166015625, [1000.0, 158.0, 361.0, 168.0, 180.0, 170.0, 165.0, 126.0, 102.0, 1000.0, 81.0, 1000.0, 0.0, 1000.0, 916.0, 999.0, 999.0, 998.0, 999.0, 531.0, 649.0, 0.0, 161.0], [-18.4440975189209, -1.9379615783691406, 65.91840362548828], [-0.829559326171875, 0.1253662109375, 0.1011810302734375, -0.5346527099609375], [-32.2980842590332, 17.267433166503906, -55.373558044433594], [0.8603057861328125, -0.1764984130859375, 0.2554473876953125, -0.404266357421875]
771260, 774.4396362304688, [1000.0, 158.0, 359.0, 167.0, 179.0, 168.0, 164.0, 126.0, 100.0, 1000.0, 81.0, 1000.0, 0.0, 1000.0, 920.0, 999.0, 999.0, 978.0, 999.0, 532.0, 649.0, 0.0, 158.0], [-17.558984756469727, -3.671133041381836, 66.52251434326172], [-0.8286285400390625, 0.110198974609375, 0.110137939453125, -0.53765869140625], [-31.56352996826172, 17.269153594970703, -54.52095413208008], [0.8644256591796875, -0.1728515625, 0.2515869140625, -0.39947509765625]
771310, 774.489501953125, [1000.0, 157.0, 358.0, 166.0, 178.0, 165.0, 163.0, 125.0, 98.0, 1000.0, 82.0, 750.0, 0.0, 1000.0, 926.0, 999.0, 999.0, 997.0, 999.0, 531.0, 650.0, 0.0, 155.0], [-15.532876968383789, -4.776628017425537, 66.6470718383789], [-0.8302764892578125, 0.0901336669921875, 0.108673095703125, -0.5391387939453125], [-29.67545509338379, 18.470237731933594, -53.36903381347656], [0.8709564208984375, -0.1561737060546875, 0.2521209716796875, -0.391754150390625]
771360, 774.5394287109375, [1000.0, 156.0, 365.0, 170.0, 181.0, 167.0, 162.0, 123.0, 99.0, 1000.0, 82.0, 1000.0, 0.0, 1000.0, 947.0, 999.0, 999.0, 999.0, 999.0, 527.0, 663.0, 0.0, 167.0], [-12.8192777633667, -1.7870177030563354, 64.87821197509766], [-0.839508056640625, 0.0858917236328125, 0.0729522705078125, -0.5315093994140625], [-26.366254806518555, 20.937742233276367, -52.091468811035156], [0.878387451171875, -0.123809814453125, 0.257415771484375, -0.3831634521484375]
771420, 774.599365234375, [1000.0, 155.0, 368.0, 179.0, 193.0, 172.0, 175.0, 122.0, 98.0, 1000.0, 75.0, 1000.0, 0.0, 1000.0, 931.0, 999.0, 999.0, 999.0, 999.0, 514.0, 674.0, 0.0, 185.0], [-10.638431549072266, 1.889317274093628, 64.86830139160156], [-0.8394317626953125, 0.0870361328125, 0.035858154296875, -0.5352325439453125], [-22.108440399169922, 24.66257667541504, -50.16489791870117], [0.8857421875, -0.0807952880859375, 0.2692413330078125, -0.3693695068359375]
771470, 774.6494140625, [1000.0, 154.0, 366.0, 179.0, 202.0, 169.0, 188.0, 121.0, 99.0, 1000.0, 72.0, 750.0, 0.0, 1000.0, 925.0, 999.0, 999.0, 999.0, 999.0, 508.0, 685.0, 0.0, 190.0], [-6.982802867889404, 2.053514242172241, 64.32821655273438], [-0.84423828125, 0.061065673828125, 0.01727294921875, -0.532196044921875], [-17.536951065063477, 26.96563720703125, -48.28976821899414], [0.8915252685546875, -0.041015625, 0.270904541015625, -0.360687255859375]
771530, 774.7095336914062, [1000.0, 155.0, 362.0, 182.0, 209.0, 172.0, 232.0, 120.0, 102.0, 1000.0, 71.0, 1000.0, 0.0, 1000.0, 931.0, 999.0, 999.0, 999.0, 999.0, 503.0, 682.0, 0.0, 191.0], [-4.017576694488525, 2.214599132537842, 64.36138916015625], [-0.8453216552734375, 0.039947509765625, 0.0023193359375, -0.5327301025390625], [-13.75584888458252, 27.939613342285156, -46.357177734375], [0.8970489501953125, -0.0124969482421875, 0.2660675048828125, -0.352630615234375]
771580, 774.7594604492188, [1000.0, 155.0, 363.0, 183.0, 215.0, 172.0, 300.0, 118.0, 107.0, 1000.0, 71.0, 750.0, 0.0, 1000.0, 935.0, 999.0, 999.0, 999.0, 999.0, 498.0, 682.0, 0.0, 200.0], [-0.44187605381011963, 0.9716740250587463, 64.07707977294922], [-0.847625732421875, 0.0077667236328125, -0.0051422119140625, -0.530487060546875], [-9.943424224853516, 27.52252960205078, -44.786048889160156], [0.9025115966796875, 0.012451171875, 0.2511749267578125, -0.3495635986328125]
771630, 774.8094482421875, [1000.0, 154.0, 359.0, 183.0, 232.0, 169.0, 390.0, 115.0, 114.0, 1000.0, 71.0, 1000.0, 0.0, 1000.0, 931.0, 999.0, 999.0, 999.0, 999.0, 494.0, 682.0, 0.0, 208.0], [3.011847734451294, -2.9390549659729004, 62.60492706298828], [-0.8535003662109375, -0.0357666015625, 0.0082550048828125, -0.519775390625], [-7.159459114074707, 26.64405632019043, -43.73301696777344], [0.9066619873046875, 0.029266357421875, 0.236053466796875, -0.348358154296875]
771690, 774.8698120117188, [1000.0, 155.0, 355.0, 185.0, 360.0, 170.0, 645.0, 109.0, 147.0, 1000.0, 75.0, 750.0, 0.0, 1000.0, 938.0, 999.0, 999.0, 999.0, 999.0, 489.0, 679.0, 0.0, 216.0], [7.488980770111084, -7.4769158363342285, 60.9276237487793], [-0.856109619140625, -0.0891571044921875, 0.023040771484375, -0.5084991455078125], [-3.2555136680603027, 25.017505645751953, -42.44562530517578], [0.911895751953125, 0.052520751953125, 0.21185302734375, -0.3475189208984375]
771740, 774.9194946289062, [1000.0, 154.0, 371.0, 185.0, 516.0, 165.0, 765.0, 106.0, 219.0, 1000.0, 74.0, 1000.0, 0.0, 1000.0, 937.0, 999.0, 999.0, 999.0, 999.0, 483.0, 682.0, 0.0, 214.0], [12.27769660949707, -13.319817543029785, 57.408416748046875], [-0.8602294921875, -0.1485443115234375, 0.0501251220703125, -0.4851837158203125], [-0.862027645111084, 23.890714645385742, -41.94942855834961], [0.9140472412109375, 0.0672149658203125, 0.195892333984375, -0.3487396240234375]
771800, 774.9797973632812, [1000.0, 154.0, 369.0, 190.0, 739.0, 165.0, 855.0, 104.0, 323.0, 1000.0, 77.0, 1000.0, 0.0, 1000.0, 937.0, 999.0, 999.0, 999.0, 999.0, 480.0, 681.0, 0.0, 208.0], [15.81250286102295, -17.967029571533203, 55.04037857055664], [-0.8577117919921875, -0.19195556640625, 0.0743865966796875, -0.471099853515625], [0.6085100769996643, 22.37718391418457, -41.534141540527344], [0.9168701171875, 0.07366943359375, 0.1795806884765625, -0.348785400390625]
771850, 775.0293579101562, [1000.0, 154.0, 359.0, 191.0, 811.0, 164.0, 876.0, 105.0, 393.0, 1000.0, 76.0, 1000.0, 0.0, 1000.0, 933.0, 999.0, 999.0, 999.0, 999.0, 475.0, 679.0, 0.0, 202.0], [19.426284790039062, -23.173526763916016, 51.857421875], [-0.853546142578125, -0.235198974609375, 0.10577392578125, -0.452667236328125], [1.617806315422058, 21.724485397338867, -41.166141510009766], [0.9183502197265625, 0.0792236328125, 0.1715240478515625, -0.34771728515625]
771900, 775.0792846679688, [1000.0, 154.0, 364.0, 195.0, 845.0, 172.0, 895.0, 141.0, 445.0, 1000.0, 81.0, 1000.0, 0.0, 1000.0, 935.0, 999.0, 999.0, 999.0, 999.0, 473.0, 675.0, 0.0, 197.0], [23.362380981445312, -27.67557716369629, 48.974090576171875], [-0.8452606201171875, -0.2759857177734375, 0.1316680908203125, -0.4381866455078125], [2.6605310440063477, 20.695072174072266, -40.431243896484375], [0.9214324951171875, 0.0834808349609375, 0.160614013671875, -0.34375]
771960, 775.13916015625, [1000.0, 154.0, 410.0, 198.0, 899.0, 176.0, 915.0, 79.0, 540.0, 1000.0, 89.0, 750.0, 0.0, 1000.0, 937.0, 999.0, 999.0, 999.0, 999.0, 467.0, 673.0, 0.0, 191.0], [25.584707260131836, -30.888700485229492, 47.62008285522461], [-0.836151123046875, -0.3000946044921875, 0.15142822265625, -0.43341064453125], [2.5846197605133057, 17.28329086303711, -40.02434539794922], [0.92755126953125, 0.072357177734375, 0.133514404296875, -0.3414306640625]
772010, 775.189208984375, [1000.0, 154.0, 468.0, 208.0, 928.0, 198.0, 944.0, 104.0, 684.0, 1000.0, 116.0, 1000.0, 0.0, 1000.0, 955.0, 999.0, 999.0, 999.0, 999.0, 463.0, 685.0, 0.0, 179.0], [27.786516189575195, -32.68891525268555, 46.81924819946289], [-0.8279876708984375, -0.319976806640625, 0.159149169921875, -0.432098388671875], [7.5919084548950195, 13.887499809265137, -38.303218841552734], [0.9330291748046875, 0.101654052734375, 0.0923919677734375, -0.3325042724609375]
772070, 775.2493286132812, [1000.0, 155.0, 536.0, 243.0, 956.0, 298.0, 972.0, 215.0, 800.0, 1000.0, 201.0, 750.0, 0.0, 1000.0, 933.0, 999.0, 999.0, 999.0, 999.0, 459.0, 702.0, 0.0, 167.0], [29.4554500579834, -33.425724029541016, 46.442543029785156], [-0.822418212890625, -0.3334197998046875, 0.1595916748046875, -0.432403564453125], [3.2389869689941406, 13.296917915344238, -39.0363883972168], [0.934722900390625, 0.06512451171875, 0.099700927734375, -0.334808349609375]
772120, 775.2996215820312, [1000.0, 156.0, 560.0, 354.0, 974.0, 570.0, 979.0, 589.0, 871.0, 1000.0, 283.0, 750.0, 0.0, 1000.0, 706.0, 999.0, 999.0, 999.0, 999.0, 453.0, 706.0, 0.0, 237.0], [30.3656063079834, -33.81019592285156, 46.60575866699219], [-0.81793212890625, -0.341156005859375, 0.1586151123046875, -0.4352264404296875], [4.853972911834717, 11.559233665466309, -38.68305206298828], [0.936492919921875, 0.0730743408203125, 0.0809783935546875, -0.3332366943359375]
772170, 775.3494873046875, [1000.0, 155.0, 644.0, 526.0, 968.0, 806.0, 985.0, 884.0, 885.0, 1000.0, 352.0, 750.0, 0.0, 1000.0, 698.0, 999.0, 999.0, 999.0, 999.0, 447.0, 756.0, 0.0, 558.0], [28.80388832092285, -35.19121170043945, 45.71638488769531], [-0.821533203125, -0.3321990966796875, 0.177703857421875, -0.42791748046875], [1.1594821214675903, 11.445316314697266, -40.50614547729492], [0.9330902099609375, 0.0439605712890625, 0.090057373046875, -0.345367431640625]
772230, 775.4095458984375, [1000.0, 155.0, 874.0, 673.0, 965.0, 955.0, 988.0, 986.0, 873.0, 1000.0, 444.0, 1000.0, 0.0, 1000.0, 636.0, 999.0, 999.0, 999.0, 999.0, 441.0, 904.0, 0.0, 703.0], [27.21331024169922, -35.84958267211914, 44.212650299072266], [-0.8295135498046875, -0.3199462890625, 0.192901611328125, -0.4150848388671875], [-2.796856164932251, 11.40202808380127, -43.07716369628906], [0.926177978515625, 0.0138702392578125, 0.101287841796875, -0.362945556640625]
772280, 775.45947265625, [1000.0, 154.0, 940.0, 740.0, 979.0, 995.0, 991.0, 1000.0, 877.0, 1000.0, 479.0, 750.0, 0.0, 1000.0, 485.0, 999.0, 999.0, 999.0, 999.0, 435.0, 957.0, 0.0, 753.0], [25.634441375732422, -36.450828552246094, 43.227970123291016], [-0.835479736328125, -0.3082275390625, 0.205902099609375, -0.4056549072265625], [-4.713017463684082, 10.912087440490723, -44.41950988769531], [0.92230224609375, -0.001983642578125, 0.103424072265625, -0.372344970703125]
772330, 775.509521484375, [1000.0, 155.0, 1000.0, 710.0, 979.0, 997.0, 983.0, 1000.0, 876.0, 1000.0, 440.0, 1000.0, 0.0, 1000.0, 270.0, 999.0, 999.0, 999.0, 999.0, 434.0, 947.0, 0.0, 783.0], [23.510644912719727, -37.854103088378906, 42.79555892944336], [-0.838134765625, -0.2952880859375, 0.2253570556640625, -0.3993988037109375], [-7.880022048950195, 10.594202995300293, -46.39094543457031], [0.915557861328125, -0.026611328125, 0.111602783203125, -0.3854217529296875]
772390, 775.5694580078125, [1000.0, 153.0, 1000.0, 712.0, 967.0, 998.0, 977.0, 1000.0, 866.0, 1000.0, 389.0, 1000.0, 0.0, 1000.0, 260.0, 999.0, 999.0, 999.0, 999.0, 434.0, 934.0, 0.0, 793.0], [14.109325408935547, -40.284767150878906, 45.81346130371094], [-0.8417816162109375, -0.239227294921875, 0.2699127197265625, -0.401611328125], [-15.706127166748047, 12.425030708312988, -50.085350036621094], [0.898468017578125, -0.0776824951171875, 0.1546173095703125, -0.4034576416015625]
772430, 775.6195068359375, [1000.0, 152.0, 1000.0, 716.0, 965.0, 998.0, 974.0, 1000.0, 861.0, 1000.0, 375.0, 750.0, 0.0, 1000.0, 285.0, 999.0, 999.0, 999.0, 999.0, 433.0, 913.0, 0.0, 792.0], [5.021063327789307, -40.56367111206055, 50.633583068847656], [-0.8405914306640625, -0.1852264404296875, 0.29547119140625, -0.4144439697265625], [-21.403778076171875, 15.21651554107666, -52.35678482055664], [0.8848876953125, -0.1077880859375, 0.1979522705078125, -0.4076080322265625]
772440, 775.6295166015625, [1000.0, 151.0, 1000.0, 713.0, 963.0, 997.0, 973.0, 1000.0, 860.0, 1000.0, 372.0, 750.0, 0.0, 1000.0, 281.0, 999.0, 999.0, 999.0, 999.0, 431.0, 905.0, 0.0, 792.0], [2.443593978881836, -40.04138946533203, 52.009010314941406], [-0.8410491943359375, -0.1680755615234375, 0.2988433837890625, -0.4184112548828125], [-22.787012100219727, 16.00244903564453, -52.87592315673828], [0.8814544677734375, -0.114410400390625, 0.2092742919921875, -0.4075775146484375]
772500, 775.6795043945312, [1000.0, 151.0, 1000.0, 704.0, 964.0, 994.0, 976.0, 999.0, 859.0, 1000.0, 365.0, 750.0, 0.0, 1000.0, 311.0, 999.0, 999.0, 999.0, 999.0, 424.0, 874.0, 0.0, 798.0], [-13.337827682495117, -32.26171875, 59.88313293457031], [-0.8428802490234375, -0.0410614013671875, 0.2947998046875, -0.4482574462890625], [-30.89687728881836, 20.971576690673828, -55.72191619873047], [0.8605499267578125, -0.1495819091796875, 0.2774810791015625, -0.400054931640625]
772550, 775.7294921875, [1000.0, 150.0, 984.0, 708.0, 946.0, 981.0, 969.0, 969.0, 844.0, 1000.0, 369.0, 1000.0, 0.0, 1000.0, 459.0, 999.0, 999.0, 999.0, 999.0, 412.0, 849.0, 0.0, 796.0], [-27.56924057006836, -20.282808303833008, 65.06809997558594], [-0.82855224609375, 0.10577392578125, 0.2703094482421875, -0.4787750244140625], [-40.44449996948242, 25.723052978515625, -58.27930450439453], [0.83648681640625, -0.192626953125, 0.346527099609375, -0.3782501220703125]
772600, 775.7896728515625, [1000.0, 152.0, 960.0, 695.0, 857.0, 956.0, 906.0, 947.0, 741.0, 1000.0, 384.0, 1000.0, 0.0, 1000.0, 501.0, 999.0, 999.0, 999.0, 999.0, 402.0, 836.0, 0.0, 802.0], [-40.93915557861328, -9.741410255432129, 68.06956481933594], [-0.7901763916015625, 0.244232177734375, 0.2609405517578125, -0.4978485107421875], [-49.351016998291016, 29.380069732666016, -60.77291488647461], [0.8117828369140625, -0.2317962646484375, 0.403045654296875, -0.3532867431640625]
772660, 775.8397827148438, [1000.0, 152.0, 929.0, 660.0, 709.0, 931.0, 753.0, 924.0, 636.0, 1000.0, 392.0, 1000.0, 0.0, 1000.0, 640.0, 999.0, 999.0, 999.0, 999.0, 394.0, 819.0, 3.0, 807.0], [-49.77751541137695, -2.8143370151519775, 66.65553283691406], [-0.7633819580078125, 0.33929443359375, 0.2497711181640625, -0.4896087646484375], [-58.53156661987305, 32.267452239990234, -63.25126266479492], [0.7847747802734375, -0.2727508544921875, 0.4526519775390625, -0.3237457275390625]
772710, 775.8892822265625, [1000.0, 151.0, 963.0, 623.0, 706.0, 918.0, 744.0, 907.0, 618.0, 1000.0, 388.0, 1000.0, 0.0, 1000.0, 831.0, 999.0, 999.0, 999.0, 999.0, 381.0, 814.0, 0.0, 794.0], [-58.078269958496094, 2.1919994354248047, 66.04930114746094], [-0.7278289794921875, 0.416015625, 0.2504730224609375, -0.4841766357421875], [-66.07164001464844, 34.15569305419922, -65.15648651123047], [0.761474609375, -0.3065643310546875, 0.4880523681640625, -0.2965850830078125]
772770, 775.94970703125, [1000.0, 150.0, 994.0, 544.0, 829.0, 877.0, 857.0, 872.0, 646.0, 1000.0, 371.0, 1000.0, 0.0, 1000.0, 818.0, 999.0, 999.0, 999.0, 999.0, 373.0, 814.0, 0.0, 765.0], [-65.7437515258789, 7.029328346252441, 63.468353271484375], [-0.695465087890625, 0.487823486328125, 0.24114990234375, -0.4692230224609375], [-72.44296264648438, 35.98939895629883, -67.32328796386719], [0.7397918701171875, -0.329620361328125, 0.5189361572265625, -0.273345947265625]
772780, 775.9996948242188, [1000.0, 150.0, 994.0, 540.0, 831.0, 875.0, 861.0, 871.0, 648.0, 1000.0, 369.0, 1000.0, 0.0, 1000.0, 815.0, 999.0, 999.0, 999.0, 999.0, 371.0, 813.0, 0.0, 763.0], [-66.71160125732422, 7.723331451416016, 63.01607894897461], [-0.6911468505859375, 0.497100830078125, 0.238739013671875, -0.46710205078125], [-73.05549621582031, 36.25154495239258, -67.45618438720703], [0.7379608154296875, -0.3316497802734375, 0.522003173828125, -0.2700347900390625]
772820, 776.0093994140625, [1000.0, 149.0, 980.0, 533.0, 814.0, 870.0, 850.0, 870.0, 642.0, 1000.0, 367.0, 750.0, 0.0, 1000.0, 836.0, 999.0, 999.0, 999.0, 999.0, 368.0, 808.0, 0.0, 759.0], [-69.3438491821289, 10.375356674194336, 61.36206817626953], [-0.6781463623046875, 0.525177001953125, 0.225128173828125, -0.462158203125], [-74.85710144042969, 37.25762939453125, -67.95700073242188], [0.732513427734375, -0.3358154296875, 0.5322265625, -0.2595672607421875]
772870, 776.0596923828125, [1000.0, 152.0, 924.0, 539.0, 718.0, 843.0, 782.0, 841.0, 588.0, 1000.0, 373.0, 750.0, 0.0, 1000.0, 922.0, 999.0, 999.0, 999.0, 999.0, 364.0, 807.0, 0.0, 758.0], [-73.27536010742188, 14.07318115234375, 59.60569763183594], [-0.6547088623046875, 0.562774658203125, 0.2090606689453125, -0.4592437744140625], [-76.55850219726562, 38.01296615600586, -68.15872192382812], [0.727783203125, -0.3418731689453125, 0.539947509765625, -0.248779296875]
772930, 776.1094970703125, [1000.0, 154.0, 683.0, 548.0, 619.0, 792.0, 674.0, 707.0, 555.0, 1000.0, 381.0, 750.0, 0.0, 1000.0, 974.0, 999.0, 999.0, 999.0, 999.0, 368.0, 805.0, 0.0, 745.0], [-75.52378845214844, 18.21819305419922, 57.52733612060547], [-0.6376190185546875, 0.59027099609375, 0.181243896484375, -0.460601806640625], [-79.27835845947266, 46.283294677734375, -69.83305358886719], [0.7241363525390625, -0.3077850341796875, 0.58392333984375, -0.1997222900390625]
772980, 776.1695556640625, [1000.0, 154.0, 614.0, 536.0, 547.0, 779.0, 609.0, 690.0, 535.0, 1000.0, 410.0, 750.0, 0.0, 1000.0, 962.0, 999.0, 999.0, 999.0, 999.0, 369.0, 791.0, 0.0, 738.0], [-76.3734130859375, 19.621702194213867, 55.6572151184082], [-0.6357421875, 0.6012420654296875, 0.1659393310546875, -0.4547119140625], [-75.92337799072266, 46.90925598144531, -66.86283111572266], [0.738494873046875, -0.2980499267578125, 0.572784423828125, -0.19415283203125]
773040, 776.219482421875, [1000.0, 155.0, 595.0, 511.0, 508.0, 747.0, 570.0, 672.0, 517.0, 1000.0, 436.0, 750.0, 0.0, 1000.0, 979.0, 999.0, 999.0, 999.0, 999.0, 368.0, 788.0, 0.0, 730.0], [-77.4201889038086, 19.345285415649414, 54.085350036621094], [-0.6373443603515625, 0.6086883544921875, 0.16351318359375, -0.4433135986328125], [-75.48938751220703, 45.816383361816406, -64.428955078125], [0.7432708740234375, -0.3129730224609375, 0.561004638671875, -0.1866912841796875]
773050, 776.2694091796875, [1000.0, 154.0, 593.0, 507.0, 505.0, 743.0, 568.0, 667.0, 516.0, 1000.0, 436.0, 1000.0, 0.0, 1000.0, 977.0, 999.0, 999.0, 999.0, 999.0, 368.0, 788.0, 0.0, 727.0], [-77.87811279296875, 19.09995460510254, 53.660308837890625], [-0.63739013671875, 0.611297607421875, 0.164581298828125, -0.439239501953125], [-75.99215698242188, 45.60767364501953, -64.30084228515625], [0.7420196533203125, -0.31793212890625, 0.560577392578125, -0.1845703125]
773090, 776.2794799804688, [1000.0, 155.0, 578.0, 498.0, 495.0, 731.0, 562.0, 659.0, 511.0, 1000.0, 441.0, 750.0, 0.0, 1000.0, 997.0, 999.0, 999.0, 999.0, 999.0, 368.0, 787.0, 0.0, 716.0], [-80.479248046875, 17.13454818725586, 51.90737533569336], [-0.6365814208984375, 0.624114990234375, 0.17730712890625, -0.4168701171875], [-76.61473846435547, 43.66523361206055, -60.66017150878906], [0.7451171875, -0.3492889404296875, 0.542449951171875, -0.168853759765625]
773140, 776.3295288085938, [1000.0, 156.0, 560.0, 496.0, 480.0, 725.0, 555.0, 652.0, 509.0, 1000.0, 447.0, 1000.0, 0.0, 1000.0, 999.0, 999.0, 999.0, 999.0, 999.0, 368.0, 782.0, 0.0, 707.0], [-82.56473541259766, 14.5910005569458, 50.816673278808594], [-0.6373291015625, 0.6320648193359375, 0.1945953369140625, -0.3954925537109375], [-79.03360748291016, 41.92628479003906, -59.91043472290039], [0.7378082275390625, -0.3769989013671875, 0.5358123779296875, -0.1624603271484375]
773200, 776.3897094726562, [1000.0, 157.0, 546.0, 492.0, 472.0, 720.0, 555.0, 645.0, 509.0, 1000.0, 449.0, 750.0, 0.0, 1000.0, 999.0, 999.0, 999.0, 999.0, 999.0, 367.0, 779.0, 0.0, 700.0], [-83.81414794921875, 14.803683280944824, 50.97468566894531], [-0.6291656494140625, 0.6391448974609375, 0.1984710693359375, -0.3952484130859375], [-81.12409973144531, 41.26725387573242, -61.55301284790039], [0.72808837890625, -0.3858642578125, 0.5413970947265625, -0.1669158935546875]
773250, 776.4395751953125, [1000.0, 158.0, 539.0, 486.0, 470.0, 712.0, 559.0, 644.0, 516.0, 1000.0, 453.0, 1000.0, 0.0, 1000.0, 999.0, 999.0, 999.0, 999.0, 999.0, 366.0, 777.0, 0.0, 690.0], [-84.16474151611328, 14.637619018554688, 49.822914123535156], [-0.6316680908203125, 0.6427001953125, 0.194244384765625, -0.3874969482421875], [-86.67318725585938, 31.562463760375977, -65.21440124511719], [0.6901702880859375, -0.4497222900390625, 0.5225067138671875, -0.219940185546875]
773270, 776.489501953125, [1000.0, 158.0, 538.0, 484.0, 472.0, 712.0, 562.0, 644.0, 518.0, 1000.0, 454.0, 1000.0, 0.0, 1000.0, 999.0, 999.0, 999.0, 999.0, 999.0, 365.0, 777.0, 0.0, 687.0], [-84.22979736328125, 14.804004669189453, 49.54145431518555], [-0.6317291259765625, 0.6438751220703125, 0.191864013671875, -0.38665771484375], [-87.53085327148438, 28.110668182373047, -65.84822845458984], [0.6793365478515625, -0.4678955078125, 0.5119171142578125, -0.2397613525390625]
773310, 776.4993896484375, [1000.0, 159.0, 534.0, 481.0, 476.0, 710.0, 570.0, 642.0, 522.0, 1000.0, 451.0, 1000.0, 0.0, 1000.0, 999.0, 999.0, 999.0, 999.0, 999.0, 364.0, 775.0, 0.0, 682.0], [-84.43737030029297, 14.340683937072754, 49.413753509521484], [-0.6324615478515625, 0.6443023681640625, 0.1946868896484375, -0.3833160400390625], [-90.27645874023438, 28.82603645324707, -67.45012664794922], [0.666168212890625, -0.473480224609375, 0.5271759033203125, -0.232574462890625]
773360, 776.549560546875, [1000.0, 159.0, 531.0, 479.0, 472.0, 711.0, 564.0, 645.0, 523.0, 1000.0, 451.0, 1000.0, 0.0, 1000.0, 999.0, 999.0, 999.0, 999.0, 999.0, 364.0, 774.0, 0.0, 677.0], [-84.57252502441406, 14.56470012664795, 48.92972946166992], [-0.6326141357421875, 0.6463165283203125, 0.1910400390625, -0.38153076171875], [-90.37353515625, 29.296541213989258, -67.66881561279297], [0.666290283203125, -0.4708709716796875, 0.5301971435546875, -0.23065185546875]
773410, 776.599609375, [1000.0, 159.0, 530.0, 477.0, 471.0, 709.0, 561.0, 644.0, 523.0, 1000.0, 451.0, 1000.0, 0.0, 1000.0, 999.0, 999.0, 999.0, 999.0, 999.0, 363.0, 774.0, 0.0, 675.0], [-85.2418441772461, 14.993968963623047, 48.540855407714844], [-0.628753662109375, 0.6514739990234375, 0.1884307861328125, -0.3804168701171875], [-89.5396728515625, 29.673694610595703, -67.74491119384766], [0.6703033447265625, -0.4639129638671875, 0.530364990234375, -0.232757568359375]
773470, 776.6595458984375, [1000.0, 160.0, 528.0, 474.0, 475.0, 713.0, 577.0, 642.0, 526.0, 1000.0, 444.0, 1000.0, 0.0, 1000.0, 999.0, 999.0, 999.0, 999.0, 999.0, 363.0, 771.0, 0.0, 670.0], [-84.6364974975586, 15.96147632598877, 49.18165588378906], [-0.6269378662109375, 0.6489715576171875, 0.1840972900390625, -0.38970947265625], [-88.87030029296875, 29.96645736694336, -67.88115692138672], [0.6732940673828125, -0.4579925537109375, 0.5307464599609375, -0.234954833984375]
773520, 776.709716796875, [1000.0, 161.0, 513.0, 472.0, 473.0, 711.0, 577.0, 643.0, 527.0, 1000.0, 439.0, 1000.0, 0.0, 1000.0, 999.0, 999.0, 999.0, 999.0, 999.0, 362.0, 770.0, 0.0, 666.0], [-83.90753936767578, 15.960500717163086, 49.44314956665039], [-0.630157470703125, 0.6445465087890625, 0.1830902099609375, -0.392303466796875], [-86.78472137451172, 29.89274787902832, -67.08651733398438], [0.6830596923828125, -0.44964599609375, 0.5229644775390625, -0.240264892578125]
773570, 776.759521484375, [1000.0, 161.0, 511.0, 472.0, 473.0, 711.0, 580.0, 642.0, 527.0, 1000.0, 436.0, 1000.0, 0.0, 1000.0, 999.0, 999.0, 999.0, 999.0, 999.0, 362.0, 767.0, 0.0, 665.0], [-82.78741455078125, 16.69425392150879, 49.832313537597656], [-0.6327056884765625, 0.6392059326171875, 0.176849365234375, -0.399749755859375], [-86.63911437988281, 30.699085235595703, -67.35311126708984], [0.684539794921875, -0.4437713623046875, 0.5271148681640625, -0.2378997802734375]
773630, 776.8197021484375, [1000.0, 162.0, 507.0, 472.0, 481.0, 709.0, 590.0, 640.0, 531.0, 1000.0, 432.0, 1000.0, 0.0, 1000.0, 999.0, 999.0, 999.0, 999.0, 999.0, 361.0, 766.0, 0.0, 663.0], [-82.90139770507812, 17.128398895263672, 49.88735580444336], [-0.6304473876953125, 0.640594482421875, 0.1748504638671875, -0.401947021484375], [-86.19319152832031, 30.637392044067383, -67.37008666992188], [0.6861114501953125, -0.441314697265625, 0.5259857177734375, -0.2404022216796875]
773680, 776.869384765625, [1000.0, 162.0, 504.0, 472.0, 482.0, 711.0, 594.0, 641.0, 533.0, 1000.0, 431.0, 1000.0, 0.0, 1000.0, 999.0, 999.0, 999.0, 999.0, 999.0, 361.0, 765.0, 0.0, 661.0], [-82.75762939453125, 17.473539352416992, 50.234291076660156], [-0.6288909912109375, 0.63995361328125, 0.17413330078125, -0.4057159423828125], [-85.90006256103516, 30.585248947143555, -67.61289978027344], [0.6866302490234375, -0.438690185546875, 0.5260772705078125, -0.243499755859375]
773740, 776.9295654296875, [1000.0, 163.0, 504.0, 472.0, 484.0, 711.0, 594.0, 641.0, 533.0, 1000.0, 427.0, 750.0, 0.0, 1000.0, 999.0, 999.0, 999.0, 999.0, 999.0, 360.0, 764.0, 0.0, 659.0], [-82.10639953613281, 16.777164459228516, 50.4240608215332], [-0.6341400146484375, 0.6346893310546875, 0.1772308349609375, -0.4044647216796875], [-85.2668685913086, 29.316734313964844, -67.55049133300781], [0.6869049072265625, -0.441162109375, 0.5190277099609375, -0.2532196044921875]
773790, 776.9796752929688, [1000.0, 164.0, 503.0, 472.0, 488.0, 710.0, 598.0, 640.0, 533.0, 1000.0, 422.0, 1000.0, 0.0, 1000.0, 999.0, 999.0, 999.0, 999.0, 999.0, 360.0, 764.0, 0.0, 657.0], [-81.53308868408203, 16.762996673583984, 50.62889099121094], [-0.636627197265625, 0.63116455078125, 0.176422119140625, -0.4064178466796875], [-86.5196304321289, 30.764589309692383, -68.57444763183594], [0.6825408935546875, -0.437103271484375, 0.531829833984375, -0.245361328125]
773840, 777.029541015625, [1000.0, 164.0, 501.0, 471.0, 493.0, 709.0, 604.0, 640.0, 536.0, 1000.0, 418.0, 1000.0, 0.0, 1000.0, 999.0, 999.0, 999.0, 999.0, 999.0, 360.0, 762.0, 0.0, 656.0], [-81.60801696777344, 17.063730239868164, 50.76189422607422], [-0.6347503662109375, 0.631988525390625, 0.175537109375, -0.408447265625], [-86.35320281982422, 31.145183563232422, -68.9964370727539], [0.6829681396484375, -0.4323272705078125, 0.5346527099609375, -0.2464752197265625]
773900, 777.0896606445312, [1000.0, 164.0, 500.0, 471.0, 497.0, 709.0, 608.0, 639.0, 537.0, 1000.0, 415.0, 750.0, 0.0, 1000.0, 999.0, 999.0, 999.0, 999.0, 999.0, 359.0, 761.0, 0.0, 654.0], [-81.73926544189453, 17.38421630859375, 50.96824264526367], [-0.632232666015625, 0.633056640625, 0.175140380859375, -0.410888671875], [-85.01080322265625, 31.17540168762207, -69.00090789794922], [0.6880340576171875, -0.42413330078125, 0.5318756103515625, -0.2525787353515625]
773950, 777.1395263671875, [1000.0, 165.0, 499.0, 470.0, 498.0, 709.0, 609.0, 638.0, 538.0, 1000.0, 413.0, 1000.0, 0.0, 1000.0, 999.0, 999.0, 999.0, 999.0, 999.0, 359.0, 760.0, 0.0, 653.0], [-81.61625671386719, 17.47334098815918, 51.201904296875], [-0.63177490234375, 0.6322021484375, 0.1754302978515625, -0.41278076171875], [-84.9617919921875, 31.327957153320312, -69.27464294433594], [0.6878814697265625, -0.4218292236328125, 0.533416748046875, -0.2535858154296875]
774010, 777.1998901367188, [1000.0, 165.0, 500.0, 470.0, 494.0, 709.0, 586.0, 651.0, 535.0, 1000.0, 413.0, 1000.0, 0.0, 1000.0, 999.0, 999.0, 999.0, 999.0, 999.0, 358.0, 760.0, 0.0, 652.0], [-81.09162139892578, 17.663589477539062, 51.57805252075195], [-0.632659912109375, 0.629119873046875, 0.174407958984375, -0.416534423828125], [-84.82193756103516, 30.978914260864258, -69.39897918701172], [0.6875, -0.4221038818359375, 0.5321044921875, -0.2569580078125]
774060, 777.2493896484375, [1000.0, 165.0, 498.0, 469.0, 492.0, 708.0, 577.0, 650.0, 533.0, 1000.0, 412.0, 1000.0, 0.0, 1000.0, 999.0, 999.0, 999.0, 999.0, 999.0, 358.0, 759.0, 0.0, 650.0], [-80.81856536865234, 17.572721481323242, 51.724815368652344], [-0.6339263916015625, 0.627197265625, 0.1747894287109375, -0.4173431396484375], [-84.92691040039062, 30.509807586669922, -69.56108856201172], [0.685882568359375, -0.4242401123046875, 0.5309600830078125, -0.2600860595703125]
774110, 777.299560546875, [1000.0, 165.0, 501.0, 468.0, 491.0, 707.0, 579.0, 644.0, 534.0, 1000.0, 412.0, 1000.0, 0.0, 1000.0, 999.0, 999.0, 999.0, 999.0, 999.0, 358.0, 758.0, 0.0, 648.0], [-80.75867462158203, 17.104097366333008, 51.675140380859375], [-0.6360015869140625, 0.6259613037109375, 0.17724609375, -0.415008544921875], [-85.58100128173828, 30.649389266967773, -69.97465515136719], [0.6827850341796875, -0.4255523681640625, 0.5345611572265625, -0.25872802734375]
774170, 777.3595581054688, [1000.0, 166.0, 505.0, 468.0, 496.0, 704.0, 587.0, 638.0, 535.0, 1000.0, 411.0, 750.0, 0.0, 1000.0, 999.0, 999.0, 999.0, 999.0, 999.0, 357.0, 758.0, 0.0, 647.0], [-81.2339096069336, 16.881559371948242, 51.39126205444336], [-0.635162353515625, 0.628570556640625, 0.178802490234375, -0.4116668701171875], [-85.75335693359375, 30.822250366210938, -70.05134582519531], [0.6822967529296875, -0.425384521484375, 0.53594970703125, -0.2574005126953125]
774220, 777.4095458984375, [1000.0, 166.0, 505.0, 467.0, 499.0, 703.0, 590.0, 636.0, 536.0, 1000.0, 409.0, 1000.0, 0.0, 1000.0, 999.0, 999.0, 999.0, 999.0, 999.0, 357.0, 756.0, 0.0, 646.0], [-81.4033203125, 17.132503509521484, 51.299903869628906], [-0.63372802734375, 0.6301727294921875, 0.177337646484375, -0.4120635986328125], [-85.0182876586914, 31.168272018432617, -69.72722625732422], [0.6863861083984375, -0.42083740234375, 0.5345458984375, -0.2569427490234375]
774280, 777.4697265625, [1000.0, 166.0, 507.0, 466.0, 500.0, 702.0, 596.0, 633.0, 536.0, 1000.0, 408.0, 750.0, 0.0, 1000.0, 999.0, 999.0, 999.0, 999.0, 999.0, 356.0, 755.0, 0.0, 645.0], [-81.4580078125, 17.08884620666504, 51.18702697753906], [-0.63397216796875, 0.63055419921875, 0.17718505859375, -0.4111480712890625], [-84.1551513671875, 30.46787452697754, -69.30904388427734], [0.6892242431640625, -0.4209747314453125, 0.5280914306640625, -0.2623748779296875]
