1276040, 1281.4193115234375, [1000.0, 111.0, 575.0, 172.0, 211.0, 233.0, 146.0, 167.0, 117.0, 1000.0, 105.0, 750.0, 0.0, 666.0, 933.0, 999.0, 999.0, 996.0, 999.0, 500.0, 776.0, 0.0, 286.0], [-18.331947326660156, -2.41413950920105, 94.09813690185547], [-0.6749725341796875, 0.093292236328125, 0.1307373046875, -0.7201385498046875], [-30.43797492980957, 14.641727447509766, -128.88412475585938], [0.4430694580078125, -0.00140380859375, 0.287933349609375, -0.848968505859375]
1276100, 1281.4798583984375, [1000.0, 111.0, 570.0, 171.0, 210.0, 230.0, 144.0, 165.0, 115.0, 1000.0, 104.0, 750.0, 0.0, 666.0, 931.0, 999.0, 999.0, 999.0, 999.0, 501.0, 775.0, 0.0, 283.0], [-18.166139602661133, -2.7303850650787354, 94.58690643310547], [-0.67230224609375, 0.089752197265625, 0.131927490234375, -0.7228546142578125], [-30.541444778442383, 14.521737098693848, -128.87469482421875], [0.4429473876953125, -0.00274658203125, 0.288299560546875, -0.848907470703125]
1276150, 1281.529541015625, [1000.0, 110.0, 569.0, 170.0, 209.0, 229.0, 144.0, 165.0, 114.0, 1000.0, 103.0, 750.0, 0.0, 666.0, 933.0, 999.0, 999.0, 999.0, 999.0, 501.0, 774.0, 0.0, 280.0], [-18.218883514404297, -2.862210750579834, 94.7626953125], [-0.6712646484375, 0.089019775390625, 0.1331634521484375, -0.7236785888671875], [-30.661958694458008, 14.248478889465332, -128.98178100585938], [0.44171142578125, -0.005035400390625, 0.2882843017578125, -0.84954833984375]
1276210, 1281.5894775390625, [1000.0, 111.0, 568.0, 169.0, 208.0, 227.0, 142.0, 163.0, 113.0, 1000.0, 102.0, 750.0, 0.0, 1000.0, 934.0, 999.0, 999.0, 999.0, 999.0, 501.0, 773.0, 0.0, 277.0], [-18.14105224609375, -3.0172441005706787, 94.96560668945312], [-0.6701812744140625, 0.08734130859375, 0.13372802734375, -0.72479248046875], [-30.89295768737793, 13.641222953796387, -129.27972412109375], [0.4384918212890625, -0.00982666015625, 0.287994384765625, -0.8512725830078125]
1276260, 1281.6395263671875, [1000.0, 110.0, 565.0, 168.0, 207.0, 226.0, 141.0, 162.0, 112.0, 1000.0, 102.0, 750.0, 0.0, 666.0, 924.0, 999.0, 999.0, 999.0, 999.0, 500.0, 773.0, 0.0, 275.0], [-17.872821807861328, -2.844525098800659, 95.06343078613281], [-0.66961669921875, 0.086761474609375, 0.131103515625, -0.725860595703125], [-30.700273513793945, 13.603590965270996, -129.49085998535156], [0.4368743896484375, -0.00885009765625, 0.2864532470703125, -0.852630615234375]
1276310, 1281.6895751953125, [1000.0, 110.0, 564.0, 167.0, 206.0, 225.0, 140.0, 161.0, 112.0, 1000.0, 101.0, 750.0, 0.0, 1000.0, 922.0, 999.0, 999.0, 999.0, 999.0, 500.0, 771.0, 0.0, 273.0], [-17.689830780029297, -2.8252954483032227, 95.08969116210938], [-0.6695709228515625, 0.085784912109375, 0.129852294921875, -0.7262420654296875], [-30.147897720336914, 13.267862319946289, -129.6400909423828], [0.4352569580078125, -0.0089569091796875, 0.2812347412109375, -0.855194091796875]
1276370, 1281.74951171875, [1000.0, 110.0, 563.0, 167.0, 205.0, 224.0, 139.0, 160.0, 111.0, 1000.0, 101.0, 750.0, 0.0, 666.0, 921.0, 999.0, 999.0, 999.0, 999.0, 499.0, 771.0, 0.0, 270.0], [-17.984355926513672, -2.8017804622650146, 95.24317932128906], [-0.6683502197265625, 0.0874786376953125, 0.1316986083984375, -0.7268218994140625], [-30.799524307250977, 13.391745567321777, -129.9505157470703], [0.4330902099609375, -0.00970458984375, 0.286529541015625, -0.854522705078125]
1276420, 1281.799560546875, [1000.0, 110.0, 562.0, 166.0, 204.0, 223.0, 138.0, 160.0, 110.0, 1000.0, 100.0, 750.0, 0.0, 666.0, 928.0, 999.0, 999.0, 999.0, 999.0, 498.0, 770.0, 0.0, 269.0], [-17.634864807128906, -2.5359601974487305, 95.4448471069336], [-0.6671142578125, 0.0869140625, 0.1280975341796875, -0.7286834716796875], [-28.117107391357422, 14.339253425598145, -129.30809020996094], [0.4394073486328125, 0.0062408447265625, 0.2696380615234375, -0.8568267822265625]
1276480, 1281.8594970703125, [1000.0, 109.0, 560.0, 167.0, 203.0, 227.0, 137.0, 158.0, 112.0, 1000.0, 97.0, 750.0, 0.0, 666.0, 934.0, 999.0, 999.0, 999.0, 999.0, 496.0, 770.0, 0.0, 265.0], [-16.72089385986328, -1.4757152795791626, 95.65428924560547], [-0.665557861328125, 0.088165283203125, 0.116302490234375, -0.7319183349609375], [-27.58572006225586, 15.669501304626465, -129.2714080810547], [0.441497802734375, 0.0184478759765625, 0.2701263427734375, -0.8554229736328125]
1276530, 1281.9095458984375, [1000.0, 109.0, 569.0, 173.0, 204.0, 235.0, 136.0, 157.0, 114.0, 1000.0, 94.0, 750.0, 0.0, 1000.0, 928.0, 999.0, 999.0, 999.0, 999.0, 496.0, 770.0, 0.0, 263.0], [-15.795513153076172, 0.09549891948699951, 95.89108276367188], [-0.66339111328125, 0.0926513671875, 0.101470947265625, -0.73553466796875], [-26.475862503051758, 17.361223220825195, -128.76177978515625], [0.447235107421875, 0.0345916748046875, 0.26763916015625, -0.85272216796875]
1276580, 1281.95947265625, [1000.0, 109.0, 585.0, 176.0, 205.0, 234.0, 136.0, 156.0, 116.0, 1000.0, 93.0, 750.0, 0.0, 1000.0, 923.0, 999.0, 999.0, 999.0, 999.0, 489.0, 771.0, 0.0, 269.0], [-16.60232162475586, 2.8705906867980957, 96.84906005859375], [-0.6537322998046875, 0.11431884765625, 0.091522216796875, -0.742401123046875], [-26.6279296875, 19.409652709960938, -128.18191528320312], [0.4540252685546875, 0.048370361328125, 0.275848388671875, -0.8458099365234375]
1276640, 1282.0194091796875, [1000.0, 109.0, 587.0, 176.0, 212.0, 229.0, 151.0, 154.0, 122.0, 1000.0, 92.0, 750.0, 0.0, 1000.0, 921.0, 999.0, 999.0, 999.0, 999.0, 483.0, 767.0, 0.0, 269.0], [-13.015769004821777, 6.768009185791016, 98.8945083618164], [-0.639739990234375, 0.1181182861328125, 0.0478363037109375, -0.7579345703125], [-20.640907287597656, 22.27385139465332, -124.68982696533203], [0.4786834716796875, 0.08673095703125, 0.243896484375, -0.8389434814453125]
1276690, 1282.0693359375, [1000.0, 109.0, 586.0, 177.0, 232.0, 228.0, 241.0, 152.0, 135.0, 1000.0, 92.0, 1000.0, 0.0, 666.0, 920.0, 999.0, 999.0, 999.0, 999.0, 479.0, 765.0, 0.0, 276.0], [-8.6865234375, 8.635392189025879, 100.5146484375], [-0.6313018798828125, 0.1060028076171875, 0.01007080078125, -0.7681732177734375], [-15.648014068603516, 24.070096969604492, -121.64413452148438], [0.4971466064453125, 0.115447998046875, 0.216949462890625, -0.832122802734375]
1276750, 1282.12939453125, [1000.0, 108.0, 579.0, 177.0, 370.0, 224.0, 654.0, 150.0, 237.0, 1000.0, 91.0, 750.0, 0.0, 1000.0, 916.0, 999.0, 999.0, 999.0, 999.0, 474.0, 770.0, 0.0, 289.0], [-6.299725532531738, 13.596196174621582, 100.7751693725586], [-0.62713623046875, 0.1258392333984375, -0.0333251953125, -0.7679443359375], [-9.713753700256348, 25.02292823791504, -118.41619873046875], [0.5137176513671875, 0.1431121826171875, 0.1815032958984375, -0.8262176513671875]
1276800, 1282.1798095703125, [1000.0, 108.0, 567.0, 179.0, 613.0, 226.0, 854.0, 149.0, 508.0, 1000.0, 99.0, 750.0, 0.0, 666.0, 921.0, 999.0, 999.0, 999.0, 999.0, 472.0, 766.0, 0.0, 285.0], [-0.565209150314331, 12.033293724060059, 101.4213638305664], [-0.62933349609375, 0.084228515625, -0.0625762939453125, -0.7700042724609375], [-3.609548807144165, 24.4571590423584, -115.58096313476562], [0.52630615234375, 0.1627197265625, 0.138885498046875, -0.82293701171875]
1276850, 1282.2294921875, [1000.0, 107.0, 554.0, 179.0, 702.0, 228.0, 891.0, 146.0, 644.0, 1000.0, 97.0, 750.0, 0.0, 666.0, 922.0, 999.0, 999.0, 999.0, 999.0, 465.0, 754.0, 0.0, 295.0], [4.16287899017334, 5.413419246673584, 99.49170684814453], [-0.646331787109375, 0.0125732421875, -0.0581817626953125, -0.760711669921875], [0.47505509853363037, 23.12900161743164, -113.71416473388672], [0.5349273681640625, 0.170074462890625, 0.106201171875, -0.8207550048828125]
1276910, 1282.28955078125, [1000.0, 106.0, 544.0, 178.0, 781.0, 220.0, 907.0, 145.0, 685.0, 1000.0, 91.0, 750.0, 0.0, 666.0, 936.0, 999.0, 999.0, 999.0, 999.0, 465.0, 734.0, 0.0, 316.0], [11.225785255432129, -5.444882392883301, 96.31047058105469], [-0.659698486328125, -0.1003875732421875, -0.0412445068359375, -0.7436370849609375], [5.199568748474121, 20.40329360961914, -112.11709594726562], [0.5422821044921875, 0.1717071533203125, 0.0617523193359375, -0.82012939453125]
1276960, 1282.3394775390625, [1000.0, 106.0, 531.0, 176.0, 823.0, 218.0, 901.0, 145.0, 685.0, 1000.0, 103.0, 750.0, 0.0, 666.0, 937.0, 999.0, 999.0, 999.0, 999.0, 464.0, 712.0, 0.0, 343.0], [15.498494148254395, -13.410994529724121, 93.98690795898438], [-0.6597137451171875, -0.1759490966796875, -0.019012451171875, -0.730377197265625], [6.326676845550537, 18.027328491210938, -111.25235748291016], [0.54962158203125, 0.159881591796875, 0.0433349609375, -0.8188018798828125]
1277010, 1282.389404296875, [1000.0, 106.0, 507.0, 170.0, 940.0, 222.0, 946.0, 165.0, 804.0, 1000.0, 208.0, 750.0, 0.0, 1000.0, 925.0, 999.0, 999.0, 999.0, 999.0, 465.0, 708.0, 0.0, 490.0], [20.116544723510742, -19.45064353942871, 94.09870147705078], [-0.6396484375, -0.2390289306640625, -0.012664794921875, -0.7304229736328125], [8.02783489227295, 15.898990631103516, -109.52178955078125], [0.5621337890625, 0.152679443359375, 0.022979736328125, -0.8125]
1277070, 1282.449462890625, [1000.0, 115.0, 453.0, 158.0, 985.0, 254.0, 973.0, 204.0, 924.0, 1000.0, 493.0, 750.0, 0.0, 666.0, 814.0, 999.0, 999.0, 998.0, 999.0, 476.0, 703.0, 0.0, 686.0], [23.716602325439453, -31.1599178314209, 94.44815063476562], [-0.599700927734375, -0.327362060546875, 0.0332183837890625, -0.72943115234375], [8.721692085266113, 14.05652141571045, -108.06771850585938], [0.57366943359375, 0.14306640625, 0.0105743408203125, -0.8064117431640625]
1277120, 1282.499755859375, [1000.0, 120.0, 440.0, 147.0, 988.0, 291.0, 981.0, 386.0, 956.0, 1000.0, 581.0, 750.0, 0.0, 1000.0, 704.0, 999.0, 999.0, 997.0, 999.0, 474.0, 685.0, 0.0, 776.0], [23.444408416748047, -30.496135711669922, 96.67243957519531], [-0.5880584716796875, -0.3226776123046875, 0.024749755859375, -0.741241455078125], [20.672380447387695, 1.1781123876571655, -107.00873565673828], [0.583587646484375, 0.114837646484375, -0.138214111328125, -0.791900634765625]
1277180, 1282.5595703125, [1000.0, 120.0, 464.0, 138.0, 976.0, 455.0, 981.0, 627.0, 959.0, 1000.0, 572.0, 750.0, 0.0, 1000.0, 718.0, 999.0, 999.0, 999.0, 999.0, 463.0, 622.0, 60.0, 811.0], [19.51250457763672, -27.183744430541992, 100.6507568359375], [-0.5809173583984375, -0.283416748046875, 0.021087646484375, -0.762725830078125], [19.259498596191406, 0.9597678780555725, -108.13851928710938], [0.5773773193359375, 0.1048431396484375, -0.1305999755859375, -0.799102783203125]
1277230, 1282.6094970703125, [1000.0, 120.0, 436.0, 141.0, 973.0, 674.0, 983.0, 768.0, 976.0, 1000.0, 530.0, 1000.0, 0.0, 666.0, 747.0, 999.0, 999.0, 999.0, 999.0, 459.0, 559.0, 109.0, 829.0], [16.10078239440918, -25.104310989379883, 103.2961654663086], [-0.5758209228515625, -0.253570556640625, 0.0263214111328125, -0.7768096923828125], [16.549001693725586, 1.9299323558807373, -109.55791473388672], [0.56866455078125, 0.0966033935546875, -0.107940673828125, -0.8097076416015625]
1277240, 1282.6595458984375, [1000.0, 120.0, 421.0, 146.0, 970.0, 748.0, 981.0, 811.0, 979.0, 1000.0, 513.0, 750.0, 0.0, 666.0, 770.0, 999.0, 999.0, 999.0, 999.0, 456.0, 541.0, 136.0, 840.0], [13.620416641235352, -24.108409881591797, 104.54960632324219], [-0.5745697021484375, -0.2349700927734375, 0.03515625, -0.783203125], [15.532052993774414, 2.540205955505371, -109.91299438476562], [0.5663299560546875, 0.095550537109375, -0.097991943359375, -0.812713623046875]
1277280, 1282.6693115234375, [1000.0, 117.0, 397.0, 328.0, 959.0, 851.0, 972.0, 888.0, 976.0, 1000.0, 481.0, 750.0, 0.0, 1000.0, 591.0, 999.0, 999.0, 999.0, 999.0, 449.0, 543.0, 120.0, 852.0], [6.578353404998779, -22.19417381286621, 106.42739868164062], [-0.57781982421875, -0.1876068115234375, 0.069976806640625, -0.7912139892578125], [10.686633110046387, 5.03076171875, -111.61810302734375], [0.5555877685546875, 0.0884246826171875, -0.052398681640625, -0.8250732421875]
1277340, 1282.7196044921875, [1000.0, 116.0, 383.0, 725.0, 954.0, 916.0, 964.0, 948.0, 962.0, 1000.0, 473.0, 750.0, 0.0, 666.0, 363.0, 999.0, 999.0, 999.0, 999.0, 429.0, 579.0, 91.0, 874.0], [2.8522794246673584, -21.576335906982422, 106.47298431396484], [-0.584014892578125, -0.1645355224609375, 0.0924072265625, -0.78948974609375], [7.298605918884277, 7.316493034362793, -113.03882598876953], [0.5460205078125, 0.0881500244140625, -0.017852783203125, -0.832916259765625]
1277390, 1282.7696533203125, [1000.0, 117.0, 374.0, 771.0, 941.0, 940.0, 951.0, 960.0, 937.0, 1000.0, 471.0, 750.0, 0.0, 666.0, 544.0, 999.0, 999.0, 999.0, 999.0, 417.0, 554.0, 109.0, 894.0], [1.7288411855697632, -22.593334197998047, 103.2674560546875], [-0.60626220703125, -0.162750244140625, 0.1099700927734375, -0.770599365234375], [6.582285404205322, 8.710301399230957, -112.92524719238281], [0.5463409423828125, 0.094818115234375, -0.005828857421875, -0.8321533203125]
1277450, 1282.8294677734375, [1000.0, 119.0, 835.0, 452.0, 885.0, 931.0, 903.0, 910.0, 839.0, 1000.0, 480.0, 750.0, 0.0, 1000.0, 899.0, 999.0, 999.0, 999.0, 999.0, 404.0, 565.0, 101.0, 889.0], [5.290303707122803, -24.363637924194336, 98.55249786376953], [-0.6296539306640625, -0.189178466796875, 0.10333251953125, -0.7463531494140625], [9.105484962463379, 9.900346755981445, -111.33003234863281], [0.5544891357421875, 0.115631103515625, -0.01678466796875, -0.8239288330078125]
1277500, 1282.87939453125, [1000.0, 118.0, 972.0, 336.0, 872.0, 866.0, 889.0, 847.0, 797.0, 1000.0, 471.0, 750.0, 0.0, 666.0, 979.0, 999.0, 999.0, 999.0, 999.0, 406.0, 611.0, 37.0, 860.0], [8.401337623596191, -25.819019317626953, 93.74776458740234], [-0.652587890625, -0.21142578125, 0.1002044677734375, -0.720672607421875], [9.696409225463867, 10.609519004821777, -110.5110855102539], [0.55902099609375, 0.1236572265625, -0.0166473388671875, -0.8197021484375]
1277520, 1282.9296875, [1000.0, 118.0, 982.0, 297.0, 882.0, 844.0, 884.0, 828.0, 787.0, 1000.0, 479.0, 1000.0, 0.0, 666.0, 949.0, 999.0, 999.0, 999.0, 999.0, 405.0, 612.0, 27.0, 870.0], [10.465569496154785, -28.38382911682129, 90.26464080810547], [-0.6652374267578125, -0.23541259765625, 0.1095733642578125, -0.70001220703125], [10.095244407653809, 11.224813461303711, -110.3538818359375], [0.5590362548828125, 0.129974365234375, -0.0162506103515625, -0.8187255859375]
1277550, 1282.939453125, [1000.0, 118.0, 981.0, 251.0, 895.0, 817.0, 889.0, 798.0, 781.0, 1000.0, 473.0, 750.0, 0.0, 666.0, 952.0, 999.0, 999.0, 999.0, 999.0, 402.0, 609.0, 19.0, 881.0], [10.694568634033203, -30.11885643005371, 88.49546813964844], [-0.67181396484375, -0.244964599609375, 0.1225128173828125, -0.688201904296875], [8.500338554382324, 12.65401554107666, -110.2215347290039], [0.56024169921875, 0.1322784423828125, 0.00244140625, -0.81768798828125]
1277610, 1282.989501953125, [1000.0, 118.0, 948.0, 197.0, 907.0, 695.0, 893.0, 708.0, 790.0, 1000.0, 526.0, 750.0, 0.0, 666.0, 965.0, 999.0, 999.0, 999.0, 999.0, 385.0, 577.0, 3.0, 892.0], [9.797103881835938, -36.20091247558594, 84.06816864013672], [-0.685638427734375, -0.267547607421875, 0.175567626953125, -0.65380859375], [4.620904445648193, 15.659823417663574, -110.71125793457031], [0.558197021484375, 0.1346893310546875, 0.044525146484375, -0.817474365234375]
1277660, 1283.0399169921875, [1000.0, 125.0, 891.0, 166.0, 897.0, 624.0, 867.0, 695.0, 794.0, 1000.0, 654.0, 750.0, 0.0, 666.0, 677.0, 999.0, 999.0, 999.0, 999.0, 375.0, 531.0, 44.0, 910.0], [9.575233459472656, -34.52029800415039, 82.22856903076172], [-0.7006683349609375, -0.2544708251953125, 0.17034912109375, -0.6444091796875], [2.832366943359375, 16.346988677978516, -111.31267547607422], [0.5553436279296875, 0.1311492919921875, 0.0599822998046875, -0.819000244140625]
1277720, 1283.0994873046875, [1000.0, 127.0, 872.0, 144.0, 927.0, 542.0, 887.0, 700.0, 781.0, 1000.0, 654.0, 750.0, 0.0, 666.0, 402.0, 999.0, 618.0, 999.0, 999.0, 374.0, 493.0, 54.0, 914.0], [15.309728622436523, -32.31887435913086, 78.77627563476562], [-0.7121734619140625, -0.2739105224609375, 0.131988525390625, -0.6327056884765625], [5.859515190124512, 11.347977638244629, -111.41500854492188], [0.5557403564453125, 0.1102294921875, 0.01361083984375, -0.823883056640625]
1277740, 1283.1495361328125, [1000.0, 128.0, 879.0, 141.0, 932.0, 552.0, 896.0, 739.0, 765.0, 1000.0, 624.0, 750.0, 0.0, 666.0, 387.0, 999.0, 497.0, 999.0, 999.0, 378.0, 475.0, 48.0, 916.0], [14.350422859191895, -31.64687728881836, 79.91215515136719], [-0.7098388671875, -0.2658538818359375, 0.1302032470703125, -0.639129638671875], [5.117074489593506, 11.166671752929688, -111.90225219726562], [0.5530853271484375, 0.10540771484375, 0.017608642578125, -0.82623291015625]
1277770, 1283.159423828125, [1000.0, 128.0, 892.0, 141.0, 932.0, 601.0, 907.0, 788.0, 771.0, 1000.0, 594.0, 750.0, 0.0, 666.0, 287.0, 999.0, 423.0, 999.0, 999.0, 380.0, 452.0, 50.0, 925.0], [11.970504760742188, -30.052602767944336, 82.03807830810547], [-0.70697021484375, -0.245208740234375, 0.128448486328125, -0.6508026123046875], [4.575535774230957, 11.46668529510498, -112.55094909667969], [0.5486602783203125, 0.105072021484375, 0.0223846435546875, -0.8291015625]
1277820, 1283.209716796875, [1000.0, 127.0, 884.0, 158.0, 901.0, 707.0, 888.0, 820.0, 784.0, 1000.0, 603.0, 750.0, 0.0, 666.0, 247.0, 999.0, 617.0, 999.0, 999.0, 366.0, 424.0, 130.0, 940.0], [13.416524887084961, -30.958498001098633, 83.7547607421875], [-0.69183349609375, -0.2607574462890625, 0.1222076416015625, -0.6621246337890625], [0.6177758574485779, 14.206336975097656, -114.74615478515625], [0.534454345703125, 0.107025146484375, 0.062164306640625, -0.8360748291015625]
1277880, 1283.259521484375, [1000.0, 124.0, 881.0, 446.0, 910.0, 772.0, 896.0, 821.0, 783.0, 1000.0, 518.0, 750.0, 0.0, 666.0, 276.0, 999.0, 683.0, 999.0, 999.0, 381.0, 586.0, 116.0, 929.0], [-2.4380991458892822, -26.185779571533203, 91.05596160888672], [-0.6856231689453125, -0.1470947265625, 0.1734466552734375, -0.691497802734375], [-12.312275886535645, 21.549732208251953, -119.75113677978516], [0.5075225830078125, 0.1078948974609375, 0.1844024658203125, -0.834716796875]
1277930, 1283.3197021484375, [1000.0, 122.0, 779.0, 745.0, 918.0, 729.0, 886.0, 860.0, 755.0, 1000.0, 442.0, 750.0, 0.0, 666.0, 261.0, 999.0, 514.0, 999.0, 999.0, 412.0, 712.0, 21.0, 913.0], [-20.80116844177246, -28.266193389892578, 94.6991195678711], [-0.6786346435546875, -0.0580291748046875, 0.291473388671875, -0.6716461181640625], [-29.70429801940918, 28.6907901763916, -125.98509216308594], [0.4818267822265625, 0.1006011962890625, 0.3300018310546875, -0.80548095703125]
1277990, 1283.3695068359375, [1000.0, 122.0, 626.0, 712.0, 822.0, 736.0, 658.0, 869.0, 550.0, 1000.0, 428.0, 750.0, 0.0, 666.0, 592.0, 999.0, 736.0, 999.0, 999.0, 422.0, 718.0, 0.0, 898.0], [-44.93138885498047, -28.481945037841797, 103.20703887939453], [-0.6299896240234375, 0.0518798828125, 0.4314727783203125, -0.6436004638671875], [-55.28096008300781, 35.81553649902344, -135.22390747070312], [0.4529571533203125, 0.0837249755859375, 0.5119171142578125, -0.7250823974609375]
1278040, 1283.4295654296875, [1000.0, 122.0, 563.0, 604.0, 465.0, 742.0, 383.0, 829.0, 361.0, 1000.0, 444.0, 750.0, 0.0, 666.0, 790.0, 999.0, 999.0, 999.0, 999.0, 435.0, 667.0, 0.0, 875.0], [-65.73649597167969, -27.258764266967773, 113.18994140625], [-0.55615234375, 0.125152587890625, 0.54925537109375, -0.6110076904296875], [-72.58429718017578, 38.71417236328125, -142.3294677734375], [0.431182861328125, 0.0725555419921875, 0.614776611328125, -0.6563720703125]
1278090, 1283.4794921875, [1000.0, 122.0, 529.0, 520.0, 363.0, 740.0, 310.0, 811.0, 303.0, 1000.0, 473.0, 750.0, 0.0, 1000.0, 598.0, 999.0, 999.0, 999.0, 999.0, 420.0, 636.0, 0.0, 846.0], [-68.86607360839844, -22.921899795532227, 115.21436309814453], [-0.5279083251953125, 0.1584930419921875, 0.55572509765625, -0.6223602294921875], [-73.51300048828125, 40.837947845458984, -142.82583618164062], [0.4372100830078125, 0.086181640625, 0.6206512451171875, -0.6451263427734375]
1278150, 1283.53955078125, [1000.0, 125.0, 700.0, 374.0, 300.0, 701.0, 275.0, 786.0, 282.0, 1000.0, 541.0, 750.0, 0.0, 1000.0, 765.0, 999.0, 999.0, 999.0, 999.0, 402.0, 583.0, 0.0, 809.0], [-69.29059600830078, -13.883493423461914, 113.52763366699219], [-0.50506591796875, 0.22613525390625, 0.5265045166015625, -0.6454010009765625], [-54.66316223144531, 42.262733459472656, -135.35057067871094], [0.467864990234375, 0.133575439453125, 0.5178070068359375, -0.7036285400390625]
1278200, 1283.589599609375, [1000.0, 123.0, 989.0, 305.0, 279.0, 773.0, 260.0, 805.0, 275.0, 1000.0, 648.0, 1000.0, 0.0, 1000.0, 913.0, 999.0, 999.0, 999.0, 999.0, 380.0, 644.0, 3.0, 802.0], [-40.55402374267578, 1.1339781284332275, 101.46836853027344], [-0.59100341796875, 0.2265167236328125, 0.262420654296875, -0.728363037109375], [-30.384647369384766, 40.98218536376953, -125.8731918334961], [0.49298095703125, 0.18914794921875, 0.3722991943359375, -0.7632598876953125]
1278250, 1283.6395263671875, [1000.0, 128.0, 993.0, 338.0, 294.0, 802.0, 270.0, 811.0, 309.0, 1000.0, 593.0, 750.0, 0.0, 666.0, 919.0, 999.0, 999.0, 999.0, 999.0, 370.0, 663.0, 23.0, 805.0], [-47.255104064941406, 9.986594200134277, 98.3896713256836], [-0.5700225830078125, 0.3212738037109375, 0.2501068115234375, -0.7136383056640625], [-17.03185272216797, 39.93635177612305, -120.03275299072266], [0.508331298828125, 0.2229766845703125, 0.289337158203125, -0.77984619140625]
1278310, 1283.69970703125, [1000.0, 135.0, 926.0, 503.0, 323.0, 874.0, 358.0, 852.0, 442.0, 1000.0, 509.0, 750.0, 0.0, 666.0, 911.0, 999.0, 999.0, 999.0, 999.0, 415.0, 634.0, 5.0, 801.0], [-48.4896240234375, 16.189340591430664, 96.11669158935547], [-0.560333251953125, 0.367218017578125, 0.216583251953125, -0.7100982666015625], [-16.937768936157227, 40.77201843261719, -118.81720733642578], [0.5159912109375, 0.2263336181640625, 0.2941741943359375, -0.7719879150390625]
1278360, 1283.74951171875, [1000.0, 134.0, 840.0, 601.0, 420.0, 867.0, 498.0, 839.0, 510.0, 1000.0, 463.0, 750.0, 0.0, 1000.0, 906.0, 999.0, 999.0, 999.0, 999.0, 439.0, 624.0, 0.0, 798.0], [-54.267723083496094, 19.182884216308594, 93.45307159423828], [-0.546173095703125, 0.4162139892578125, 0.22576904296875, -0.69097900390625], [-21.304933547973633, 41.94668960571289, -118.52519226074219], [0.52587890625, 0.2141265869140625, 0.3281402587890625, -0.754913330078125]
1278420, 1283.8095703125, [1000.0, 133.0, 781.0, 628.0, 461.0, 840.0, 582.0, 820.0, 564.0, 1000.0, 444.0, 750.0, 0.0, 666.0, 915.0, 999.0, 999.0, 999.0, 999.0, 435.0, 628.0, 0.0, 788.0], [-65.08785247802734, 16.674652099609375, 90.39386749267578], [-0.5323944091796875, 0.4617919921875, 0.2915191650390625, -0.646759033203125], [-31.421459197998047, 40.7816162109375, -116.58211517333984], [0.5545196533203125, 0.1519317626953125, 0.3922119140625, -0.7180328369140625]
1278470, 1283.8594970703125, [1000.0, 133.0, 650.0, 633.0, 401.0, 807.0, 518.0, 813.0, 509.0, 1000.0, 435.0, 750.0, 0.0, 666.0, 936.0, 999.0, 999.0, 999.0, 999.0, 433.0, 649.0, 0.0, 789.0], [-77.249755859375, 10.125499725341797, 90.15836334228516], [-0.510498046875, 0.4878692626953125, 0.3915863037109375, -0.5899200439453125], [-43.77934646606445, 40.00617218017578, -115.8187484741211], [0.571258544921875, 0.082794189453125, 0.465423583984375, -0.6709442138671875]
1278520, 1283.9093017578125, [1000.0, 131.0, 578.0, 629.0, 390.0, 791.0, 495.0, 815.0, 480.0, 1000.0, 422.0, 750.0, 0.0, 666.0, 919.0, 999.0, 999.0, 999.0, 999.0, 431.0, 644.0, 0.0, 788.0], [-88.25858306884766, 3.396545648574829, 89.31683349609375], [-0.495819091796875, 0.5099945068359375, 0.4740447998046875, -0.518951416015625], [-53.138790130615234, 40.016605377197266, -116.04047393798828], [0.5749053955078125, 0.0369873046875, 0.5185699462890625, -0.631805419921875]
1278580, 1283.9697265625, [1000.0, 130.0, 619.0, 554.0, 347.0, 766.0, 452.0, 809.0, 456.0, 1000.0, 415.0, 750.0, 0.0, 666.0, 917.0, 999.0, 999.0, 999.0, 999.0, 419.0, 638.0, 0.0, 768.0], [-86.33692932128906, 7.915746212005615, 89.36705780029297], [-0.4841156005859375, 0.520660400390625, 0.4441375732421875, -0.5452117919921875], [-62.450714111328125, 40.890438079833984, -117.37969970703125], [0.57110595703125, 0.002777099609375, 0.5702362060546875, -0.5904693603515625]
1278630, 1284.0196533203125, [1000.0, 131.0, 706.0, 532.0, 314.0, 768.0, 427.0, 823.0, 442.0, 1000.0, 388.0, 750.0, 0.0, 666.0, 735.0, 999.0, 999.0, 999.0, 999.0, 415.0, 662.0, 0.0, 763.0], [-89.59038543701172, 6.387884140014648, 87.73553466796875], [-0.4835968017578125, 0.5345611572265625, 0.4589996337890625, -0.5193023681640625], [-64.85365295410156, 41.2874755859375, -118.40863037109375], [0.5667877197265625, -0.00128173828125, 0.5833892822265625, -0.5817108154296875]
1278690, 1284.07958984375, [1000.0, 132.0, 708.0, 531.0, 273.0, 798.0, 396.0, 845.0, 418.0, 1000.0, 360.0, 750.0, 0.0, 1000.0, 760.0, 999.0, 999.0, 999.0, 999.0, 412.0, 691.0, 0.0, 766.0], [-88.04149627685547, 7.69630241394043, 86.9667739868164], [-0.4884796142578125, 0.536285400390625, 0.442108154296875, -0.527557373046875], [-63.61085510253906, 41.72817611694336, -120.05453491210938], [0.559326171875, 0.0161590576171875, 0.57781982421875, -0.5941314697265625]
1278740, 1284.1295166015625, [1000.0, 132.0, 679.0, 535.0, 254.0, 807.0, 367.0, 851.0, 394.0, 1000.0, 353.0, 750.0, 0.0, 666.0, 873.0, 999.0, 999.0, 999.0, 999.0, 407.0, 717.0, 0.0, 770.0], [-87.56198120117188, 8.686002731323242, 86.39676666259766], [-0.4889373779296875, 0.5403594970703125, 0.432403564453125, -0.5309906005859375], [-80.7623291015625, 37.38058090209961, -131.58714294433594], [0.4852142333984375, -0.02899169921875, 0.659820556640625, -0.572998046875]
1278790, 1284.1795654296875, [1000.0, 131.0, 619.0, 569.0, 235.0, 823.0, 337.0, 844.0, 367.0, 1000.0, 354.0, 750.0, 0.0, 1000.0, 999.0, 999.0, 999.0, 999.0, 999.0, 392.0, 736.0, 0.0, 767.0], [-90.35713958740234, 10.703137397766113, 85.54241943359375], [-0.4702606201171875, 0.56304931640625, 0.431304931640625, -0.525146484375], [-82.93267822265625, 33.640316009521484, -133.7592010498047], [0.4578704833984375, -0.049468994140625, 0.6680755615234375, -0.5844268798828125]
1278850, 1284.239501953125, [1000.0, 129.0, 566.0, 586.0, 226.0, 814.0, 322.0, 832.0, 357.0, 1000.0, 359.0, 750.0, 0.0, 666.0, 970.0, 999.0, 999.0, 999.0, 999.0, 388.0, 724.0, 0.0, 756.0], [-89.55265045166016, 11.64366340637207, 85.64338684082031], [-0.4694061279296875, 0.5628814697265625, 0.4234619140625, -0.53240966796875], [-82.41525268554688, 33.838844299316406, -135.042724609375], [0.4523468017578125, -0.038665771484375, 0.6660919189453125, -0.591766357421875]
1278900, 1284.28955078125, [1000.0, 128.0, 533.0, 583.0, 221.0, 799.0, 313.0, 825.0, 354.0, 1000.0, 359.0, 750.0, 0.0, 1000.0, 970.0, 999.0, 999.0, 999.0, 999.0, 386.0, 709.0, 0.0, 748.0], [-88.35769653320312, 12.421980857849121, 85.17969512939453], [-0.4738616943359375, 0.56256103515625, 0.4117279052734375, -0.537994384765625], [-81.70126342773438, 33.79309844970703, -135.94967651367188], [0.4476470947265625, -0.0308990478515625, 0.6626129150390625, -0.599639892578125]
1278960, 1284.349853515625, [1000.0, 127.0, 513.0, 563.0, 222.0, 783.0, 312.0, 821.0, 355.0, 1000.0, 351.0, 1000.0, 0.0, 666.0, 976.0, 999.0, 999.0, 999.0, 999.0, 387.0, 703.0, 0.0, 737.0], [-88.2234115600586, 13.207357406616211, 84.74711608886719], [-0.4729461669921875, 0.5664520263671875, 0.404998779296875, -0.5398101806640625], [-81.64351654052734, 35.6243782043457, -136.67771911621094], [0.4517822265625, -0.01458740234375, 0.6638641357421875, -0.5957794189453125]
1279010, 1284.3995361328125, [1000.0, 125.0, 506.0, 554.0, 226.0, 779.0, 315.0, 816.0, 358.0, 1000.0, 342.0, 750.0, 0.0, 1000.0, 967.0, 999.0, 999.0, 999.0, 999.0, 385.0, 698.0, 0.0, 729.0], [-88.49421691894531, 14.015381813049316, 84.92230224609375], [-0.467041015625, 0.5699005126953125, 0.403045654296875, -0.5427703857421875], [-82.34326171875, 35.74899673461914, -137.5970001220703], [0.4474639892578125, -0.0111846923828125, 0.6676788330078125, -0.5948333740234375]
1279060, 1284.4495849609375, [1000.0, 124.0, 520.0, 546.0, 228.0, 777.0, 314.0, 810.0, 358.0, 1000.0, 339.0, 750.0, 0.0, 666.0, 972.0, 999.0, 999.0, 999.0, 999.0, 380.0, 693.0, 0.0, 725.0], [-88.40118408203125, 14.43093490600586, 85.22041320800781], [-0.4641571044921875, 0.5699920654296875, 0.4019775390625, -0.5459442138671875], [-82.73532104492188, 35.9656867980957, -138.16268920898438], [0.4454498291015625, -0.0080108642578125, 0.669891357421875, -0.5939178466796875]
1279120, 1284.509521484375, [1000.0, 124.0, 532.0, 541.0, 228.0, 777.0, 289.0, 784.0, 358.0, 1000.0, 336.0, 750.0, 0.0, 1000.0, 982.0, 999.0, 999.0, 999.0, 999.0, 378.0, 690.0, 0.0, 722.0], [-87.52328491210938, 14.848453521728516, 85.86471557617188], [-0.463470458984375, 0.5657196044921875, 0.398834228515625, -0.5532379150390625], [-82.283203125, 35.70818328857422, -138.47714233398438], [0.4427032470703125, -0.0060882568359375, 0.6674041748046875, -0.5987548828125]
1279170, 1284.5595703125, [1000.0, 124.0, 531.0, 539.0, 229.0, 775.0, 292.0, 780.0, 357.0, 1000.0, 333.0, 1000.0, 0.0, 666.0, 972.0, 999.0, 999.0, 999.0, 999.0, 375.0, 689.0, 0.0, 719.0], [-86.24445343017578, 14.992534637451172, 86.56126403808594], [-0.4656829833984375, 0.55865478515625, 0.395294189453125, -0.56103515625], [-81.65633392333984, 35.79400634765625, -138.25794982910156], [0.4442596435546875, -0.0043792724609375, 0.6641693115234375, -0.601226806640625]
1279230, 1284.6195068359375, [1000.0, 125.0, 532.0, 536.0, 228.0, 774.0, 296.0, 775.0, 359.0, 1000.0, 331.0, 750.0, 0.0, 666.0, 959.0, 999.0, 999.0, 999.0, 999.0, 372.0, 687.0, 0.0, 716.0], [-85.28660583496094, 15.354769706726074, 87.20770263671875], [-0.4654541015625, 0.5539093017578125, 0.391845703125, -0.5682830810546875], [-81.3731918334961, 35.17768859863281, -138.2206268310547], [0.4417877197265625, -0.00750732421875, 0.66229248046875, -0.605072021484375]
1279280, 1284.6695556640625, [1000.0, 125.0, 530.0, 535.0, 227.0, 774.0, 300.0, 773.0, 362.0, 1000.0, 329.0, 750.0, 0.0, 1000.0, 964.0, 999.0, 999.0, 999.0, 999.0, 370.0, 686.0, 0.0, 714.0], [-84.51261138916016, 15.450379371643066, 87.62834167480469], [-0.466644287109375, 0.5496978759765625, 0.3895263671875, -0.5729827880859375], [-81.50395965576172, 35.4348258972168, -138.78350830078125], [0.4399261474609375, -0.003082275390625, 0.6631622314453125, -0.605499267578125]
1279330, 1284.719482421875, [1000.0, 125.0, 530.0, 535.0, 228.0, 775.0, 303.0, 772.0, 363.0, 1000.0, 327.0, 750.0, 0.0, 666.0, 968.0, 999.0, 999.0, 999.0, 999.0, 369.0, 686.0, 0.0, 713.0], [-84.82391357421875, 15.319339752197266, 87.51285552978516], [-0.466339111328125, 0.5508575439453125, 0.391204833984375, -0.57098388671875], [-81.34264373779297, 35.625858306884766, -139.05776977539062], [0.4393157958984375, 0.0003662109375, 0.6624298095703125, -0.6067657470703125]
1279390, 1284.779541015625, [1000.0, 126.0, 532.0, 536.0, 225.0, 776.0, 296.0, 772.0, 365.0, 1000.0, 328.0, 750.0, 0.0, 666.0, 971.0, 999.0, 999.0, 999.0, 999.0, 368.0, 687.0, 0.0, 712.0], [-85.38150787353516, 15.237826347351074, 87.3143081665039], [-0.4650115966796875, 0.5534820556640625, 0.3934326171875, -0.567962646484375], [-81.0640869140625, 37.3939094543457, -139.38079833984375], [0.44525146484375, 0.01483154296875, 0.661865234375, -0.6028594970703125]
1279440, 1284.82958984375, [1000.0, 126.0, 537.0, 532.0, 221.0, 773.0, 291.0, 770.0, 364.0, 1000.0, 331.0, 750.0, 0.0, 666.0, 985.0, 999.0, 999.0, 999.0, 999.0, 366.0, 686.0, 0.0, 710.0], [-85.56645965576172, 14.988645553588867, 87.20940399169922], [-0.4658050537109375, 0.55364990234375, 0.3951263427734375, -0.5659942626953125], [-82.41104888916016, 36.376678466796875, -140.47303771972656], [0.4351959228515625, 0.0093841552734375, 0.6683807373046875, -0.603118896484375]
1279490, 1284.87939453125, [1000.0, 127.0, 543.0, 532.0, 218.0, 774.0, 289.0, 770.0, 363.0, 1000.0, 333.0, 750.0, 0.0, 666.0, 951.0, 999.0, 999.0, 999.0, 999.0, 364.0, 687.0, 0.0, 709.0], [-85.66207885742188, 15.07024097442627, 87.23947143554688], [-0.464813232421875, 0.5542449951171875, 0.39532470703125, -0.5660858154296875], [-81.68853759765625, 35.83617401123047, -140.42196655273438], [0.433013916015625, 0.0083160400390625, 0.6643218994140625, -0.609161376953125]
1279550, 1284.9395751953125, [1000.0, 127.0, 545.0, 531.0, 217.0, 774.0, 290.0, 769.0, 363.0, 1000.0, 335.0, 750.0, 0.0, 666.0, 978.0, 999.0, 999.0, 999.0, 999.0, 363.0, 686.0, 0.0, 709.0], [-85.55120086669922, 15.251363754272461, 87.4415054321289], [-0.4635009765625, 0.5537872314453125, 0.3948211669921875, -0.5679473876953125], [-81.83331298828125, 35.52424240112305, -141.02606201171875], [0.4284210205078125, 0.009246826171875, 0.6649017333984375, -0.61175537109375]
1279600, 1284.989501953125, [1000.0, 128.0, 545.0, 530.0, 216.0, 775.0, 290.0, 770.0, 363.0, 1000.0, 333.0, 750.0, 0.0, 666.0, 995.0, 999.0, 999.0, 999.0, 999.0, 362.0, 686.0, 0.0, 707.0], [-85.58428192138672, 15.353276252746582, 87.51143646240234], [-0.4625244140625, 0.5540771484375, 0.394805908203125, -0.5684967041015625], [-82.02007293701172, 35.54929733276367, -141.43067932128906], [0.4263916015625, 0.0110626220703125, 0.6658782958984375, -0.612091064453125]
1279660, 1285.049560546875, [1000.0, 128.0, 545.0, 530.0, 215.0, 775.0, 289.0, 767.0, 363.0, 1000.0, 329.0, 750.0, 0.0, 666.0, 991.0, 999.0, 999.0, 999.0, 999.0, 360.0, 685.0, 0.0, 707.0], [-85.20826721191406, 15.36652946472168, 87.68241119384766], [-0.4634246826171875, 0.5520172119140625, 0.3936920166015625, -0.570526123046875], [-81.53389739990234, 35.74569320678711, -141.2793731689453], [0.4280242919921875, 0.013275146484375, 0.6633758544921875, -0.613616943359375]
1279710, 1285.0994873046875, [1000.0, 129.0, 544.0, 531.0, 215.0, 777.0, 292.0, 766.0, 364.0, 1000.0, 329.0, 750.0, 0.0, 1000.0, 997.0, 999.0, 999.0, 999.0, 999.0, 359.0, 685.0, 0.0, 707.0], [-84.89212036132812, 15.458839416503906, 87.88765716552734], [-0.4634857177734375, 0.550384521484375, 0.3926239013671875, -0.5727691650390625], [-81.23725128173828, 35.70533752441406, -141.1146240234375], [0.4286956787109375, 0.0131683349609375, 0.6617889404296875, -0.6148681640625]
1279740, 1285.1497802734375, [1000.0, 129.0, 543.0, 531.0, 215.0, 777.0, 293.0, 765.0, 364.0, 1000.0, 328.0, 750.0, 0.0, 666.0, 993.0, 999.0, 999.0, 999.0, 999.0, 359.0, 685.0, 0.0, 707.0], [-85.06895446777344, 15.483759880065918, 87.86306762695312], [-0.462646484375, 0.5512847900390625, 0.3932647705078125, -0.5721588134765625], [-81.08167266845703, 35.734619140625, -141.00172424316406], [0.429412841796875, 0.0132904052734375, 0.660980224609375, -0.615234375]
1279760, 1285.159423828125, [1000.0, 129.0, 544.0, 531.0, 215.0, 777.0, 293.0, 765.0, 364.0, 1000.0, 328.0, 750.0, 0.0, 666.0, 991.0, 999.0, 999.0, 999.0, 999.0, 358.0, 684.0, 0.0, 706.0], [-85.25993347167969, 15.425905227661133, 87.88887786865234], [-0.4618682861328125, 0.5517425537109375, 0.3946380615234375, -0.5713958740234375], [-81.1949462890625, 35.50251770019531, -141.0654296875], [0.4280548095703125, 0.01171875, 0.661468505859375, -0.6156768798828125]
1279820, 1285.2095947265625, [1000.0, 129.0, 545.0, 532.0, 215.0, 778.0, 295.0, 765.0, 364.0, 1000.0, 326.0, 750.0, 0.0, 666.0, 996.0, 999.0, 999.0, 999.0, 999.0, 358.0, 685.0, 0.0, 706.0], [-85.47578430175781, 15.43950366973877, 88.0316390991211], [-0.460052490234375, 0.5521697998046875, 0.396331787109375, -0.5712738037109375], [-81.13235473632812, 35.19443893432617, -141.1170196533203], [0.4264068603515625, 0.0102386474609375, 0.660980224609375, -0.61737060546875]
1279860, 1285.259521484375, [1000.0, 129.0, 545.0, 533.0, 216.0, 777.0, 296.0, 765.0, 364.0, 1000.0, 326.0, 750.0, 0.0, 666.0, 978.0, 999.0, 999.0, 999.0, 999.0, 357.0, 684.0, 0.0, 706.0], [-85.3113784790039, 15.171780586242676, 88.1423568725586], [-0.4615478515625, 0.5500946044921875, 0.3974151611328125, -0.571319580078125], [-81.22309875488281, 35.321495056152344, -141.161376953125], [0.4267425537109375, 0.010986328125, 0.661529541015625, -0.616546630859375]
1279870, 1285.2694091796875, [1000.0, 129.0, 545.0, 533.0, 216.0, 777.0, 297.0, 764.0, 364.0, 1000.0, 326.0, 750.0, 0.0, 666.0, 977.0, 999.0, 999.0, 999.0, 999.0, 357.0, 684.0, 0.0, 706.0], [-85.27313232421875, 15.121866226196289, 88.17372131347656], [-0.4618072509765625, 0.5496368408203125, 0.3976287841796875, -0.5713958740234375], [-81.31103515625, 35.52878189086914, -141.2006072998047], [0.427459716796875, 0.012237548828125, 0.6620941162109375, -0.61541748046875]
1279930, 1285.319580078125, [1000.0, 130.0, 546.0, 532.0, 217.0, 777.0, 300.0, 763.0, 364.0, 1000.0, 326.0, 750.0, 0.0, 666.0, 970.0, 999.0, 999.0, 999.0, 999.0, 356.0, 683.0, 0.0, 706.0], [-84.97563171386719, 15.084210395812988, 88.34475708007812], [-0.462554931640625, 0.547698974609375, 0.39715576171875, -0.5729827880859375], [-81.10456085205078, 35.0991096496582, -141.15147399902344], [0.4257965087890625, 0.009918212890625, 0.6607818603515625, -0.618011474609375]
1279940, 1285.3697509765625, [1000.0, 130.0, 546.0, 532.0, 217.0, 777.0, 300.0, 763.0, 364.0, 1000.0, 326.0, 750.0, 0.0, 666.0, 970.0, 999.0, 999.0, 999.0, 999.0, 356.0, 683.0, 0.0, 706.0], [-84.97563171386719, 15.084210395812988, 88.34475708007812], [-0.462554931640625, 0.547698974609375, 0.39715576171875, -0.5729827880859375], [-81.34295654296875, 35.09983825683594, -141.32247924804688], [0.424896240234375, 0.0100250244140625, 0.66204833984375, -0.6172637939453125]
1279980, 1285.37939453125, [1000.0, 130.0, 547.0, 533.0, 217.0, 777.0, 300.0, 763.0, 363.0, 1000.0, 325.0, 750.0, 0.0, 666.0, 982.0, 999.0, 999.0, 999.0, 999.0, 356.0, 684.0, 0.0, 706.0], [-84.71436309814453, 15.211545944213867, 88.544677734375], [-0.4622039794921875, 0.54644775390625, 0.396148681640625, -0.5751495361328125], [-81.5594482421875, 35.38824462890625, -141.52935791015625], [0.4250946044921875, 0.012298583984375, 0.663330078125, -0.61572265625]
1280030, 1285.4295654296875, [1000.0, 131.0, 548.0, 534.0, 219.0, 778.0, 302.0, 763.0, 363.0, 1000.0, 324.0, 750.0, 0.0, 666.0, 991.0, 999.0, 999.0, 999.0, 999.0, 355.0, 684.0, 0.0, 705.0], [-84.73262023925781, 15.225013732910156, 88.70003509521484], [-0.461273193359375, 0.5460357666015625, 0.39691162109375, -0.5757598876953125], [-81.58556365966797, 35.193023681640625, -141.56280517578125], [0.424041748046875, 0.0111236572265625, 0.6633758544921875, -0.6164093017578125]
1280090, 1285.4796142578125, [1000.0, 131.0, 547.0, 535.0, 220.0, 780.0, 302.0, 762.0, 365.0, 1000.0, 322.0, 750.0, 0.0, 1000.0, 970.0, 999.0, 999.0, 999.0, 999.0, 354.0, 683.0, 0.0, 704.0], [-84.73201751708984, 15.087577819824219, 88.9535903930664], [-0.4606475830078125, 0.54461669921875, 0.3988189697265625, -0.5762939453125], [-81.69171142578125, 35.161048889160156, -141.67178344726562], [0.4233245849609375, 0.0111541748046875, 0.6639251708984375, -0.6163177490234375]
1280140, 1285.53955078125, [1000.0, 131.0, 547.0, 536.0, 222.0, 781.0, 305.0, 761.0, 366.0, 1000.0, 321.0, 750.0, 0.0, 666.0, 978.0, 999.0, 999.0, 999.0, 999.0, 354.0, 683.0, 0.0, 705.0], [-84.641845703125, 14.917373657226562, 89.22079467773438], [-0.4605255126953125, 0.5426483154296875, 0.4004974365234375, -0.5770721435546875], [-81.76881408691406, 35.09397506713867, -141.6935577392578], [0.42291259765625, 0.01055908203125, 0.664306640625, -0.6161956787109375]
1280200, 1285.5894775390625, [1000.0, 132.0, 547.0, 537.0, 224.0, 783.0, 307.0, 762.0, 368.0, 1000.0, 320.0, 750.0, 0.0, 666.0, 966.0, 999.0, 999.0, 999.0, 999.0, 353.0, 682.0, 0.0, 704.0], [-84.31275177001953, 14.714411735534668, 89.58222961425781], [-0.461212158203125, 0.5392608642578125, 0.401580810546875, -0.5789642333984375], [-81.57715606689453, 34.80989074707031, -141.55628967285156], [0.42236328125, 0.0086212158203125, 0.6631622314453125, -0.6178436279296875]
1280250, 1285.6495361328125, [1000.0, 132.0, 546.0, 537.0, 224.0, 781.0, 307.0, 761.0, 367.0, 1000.0, 319.0, 750.0, 0.0, 666.0, 979.0, 999.0, 999.0, 999.0, 999.0, 353.0, 682.0, 0.0, 704.0], [-84.15486145019531, 14.652474403381348, 89.61710357666016], [-0.462066650390625, 0.5382537841796875, 0.4012603759765625, -0.579437255859375], [-81.20211791992188, 34.999290466308594, -141.393310546875], [0.4240570068359375, 0.0102996826171875, 0.6612396240234375, -0.61871337890625]
