1369150, 1374.9290771484375, [1000.0, 97.0, 403.0, 87.0, 233.0, 67.0, 151.0, 37.0, 71.0, 1000.0, 0.0, 750.0, 0.0, 666.0, 949.0, 999.0, 999.0, 999.0, 999.0, 469.0, 699.0, 0.0, 0.0], [-19.105546951293945, -1.961980938911438, -105.3266830444336], [0.595733642578125, -0.1140594482421875, 0.1216888427734375, -0.7856597900390625], [-31.53309440612793, 21.134153366088867, -148.9173583984375], [0.301483154296875, 0.0984649658203125, 0.30462646484375, -0.898101806640625]
1369210, 1374.9892578125, [1000.0, 96.0, 404.0, 87.0, 233.0, 66.0, 150.0, 37.0, 70.0, 1000.0, 0.0, 750.0, 0.0, 666.0, 947.0, 999.0, 999.0, 999.0, 999.0, 470.0, 698.0, 0.0, 0.0], [-19.08981704711914, -1.9202556610107422, -105.15381622314453], [0.59698486328125, -0.1138763427734375, 0.1216278076171875, -0.7847442626953125], [-31.77879524230957, 21.071855545043945, -148.89634704589844], [0.3017425537109375, 0.097259521484375, 0.30645751953125, -0.89752197265625]
1369260, 1375.03955078125, [1000.0, 96.0, 407.0, 87.0, 232.0, 66.0, 149.0, 37.0, 70.0, 1000.0, 0.0, 750.0, 0.0, 666.0, 944.0, 999.0, 999.0, 999.0, 999.0, 471.0, 698.0, 0.0, 0.0], [-19.138429641723633, -1.9694924354553223, -105.03324127197266], [0.5977020263671875, -0.114593505859375, 0.12158203125, -0.7841033935546875], [-31.715044021606445, 20.87852668762207, -148.86907958984375], [0.301544189453125, 0.095794677734375, 0.305633544921875, -0.8980255126953125]
1369310, 1375.0897216796875, [1000.0, 96.0, 400.0, 87.0, 232.0, 65.0, 149.0, 37.0, 69.0, 1000.0, 0.0, 750.0, 0.0, 666.0, 934.0, 999.0, 999.0, 999.0, 999.0, 471.0, 697.0, 0.0, 0.0], [-19.140056610107422, -1.983066201210022, -104.94117736816406], [0.5983123779296875, -0.1147918701171875, 0.121429443359375, -0.78363037109375], [-31.90555763244629, 20.597658157348633, -148.9566650390625], [0.3004913330078125, 0.09326171875, 0.306549072265625, -0.8983306884765625]
1369370, 1375.1494140625, [1000.0, 96.0, 394.0, 87.0, 231.0, 65.0, 148.0, 37.0, 69.0, 1000.0, 0.0, 750.0, 0.0, 666.0, 943.0, 999.0, 999.0, 999.0, 999.0, 471.0, 697.0, 0.0, 0.0], [-19.08403778076172, -1.993525743484497, -104.87593841552734], [0.5988006591796875, -0.1146392822265625, 0.1209259033203125, -0.783355712890625], [-31.575929641723633, 20.955123901367188, -148.8778533935547], [0.3014984130859375, 0.0968017578125, 0.3046722412109375, -0.89825439453125]
1369420, 1375.1993408203125, [1000.0, 96.0, 392.0, 87.0, 231.0, 64.0, 147.0, 37.0, 69.0, 1000.0, 0.0, 750.0, 0.0, 666.0, 942.0, 999.0, 999.0, 999.0, 999.0, 471.0, 695.0, 0.0, 0.0], [-19.192588806152344, -2.0341756343841553, -104.8367919921875], [0.598907470703125, -0.1155242919921875, 0.1214141845703125, -0.7830657958984375], [-31.691635131835938, 20.947839736938477, -148.9279022216797], [0.3011932373046875, 0.0965728759765625, 0.3055267333984375, -0.898101806640625]
1369480, 1375.2593994140625, [1000.0, 96.0, 391.0, 87.0, 230.0, 64.0, 146.0, 36.0, 68.0, 1000.0, 0.0, 750.0, 0.0, 1000.0, 933.0, 999.0, 999.0, 999.0, 999.0, 472.0, 695.0, 0.0, 0.0], [-19.15715217590332, -1.9626874923706055, -104.77898406982422], [0.59942626953125, -0.1149139404296875, 0.121490478515625, -0.782745361328125], [-31.68549156188965, 20.883447647094727, -148.9335479736328], [0.301025390625, 0.0960845947265625, 0.30535888671875, -0.8982696533203125]
1369530, 1375.3094482421875, [1000.0, 96.0, 393.0, 86.0, 229.0, 64.0, 146.0, 36.0, 68.0, 1000.0, 0.0, 750.0, 0.0, 666.0, 932.0, 999.0, 999.0, 999.0, 999.0, 471.0, 695.0, 0.0, 0.0], [-19.189403533935547, -1.8643274307250977, -104.72584533691406], [0.599884033203125, -0.114471435546875, 0.1221771240234375, -0.7823638916015625], [-31.632999420166016, 21.070926666259766, -148.9154052734375], [0.3014678955078125, 0.097686767578125, 0.3052978515625, -0.8979644775390625]
1369580, 1375.3695068359375, [1000.0, 96.0, 393.0, 86.0, 229.0, 63.0, 145.0, 36.0, 68.0, 1000.0, 0.0, 750.0, 0.0, 666.0, 932.0, 999.0, 999.0, 999.0, 999.0, 471.0, 695.0, 0.0, 0.0], [-19.2757568359375, -1.9598602056503296, -104.67110443115234], [0.6000518798828125, -0.115631103515625, 0.1222076416015625, -0.7820587158203125], [-31.676589965820312, 20.995370864868164, -148.94114685058594], [0.3011627197265625, 0.0970306396484375, 0.30548095703125, -0.8980712890625]
1369640, 1375.41943359375, [1000.0, 96.0, 392.0, 86.0, 229.0, 63.0, 144.0, 36.0, 67.0, 1000.0, 0.0, 750.0, 0.0, 1000.0, 932.0, 999.0, 999.0, 999.0, 999.0, 472.0, 695.0, 0.0, 0.0], [-19.274368286132812, -1.9088140726089478, -104.58116149902344], [0.6007232666015625, -0.1153717041015625, 0.12237548828125, -0.7815399169921875], [-31.894777297973633, 20.925556182861328, -148.99502563476562], [0.3007965087890625, 0.096038818359375, 0.3070220947265625, -0.8977813720703125]
1369650, 1375.469482421875, [1000.0, 96.0, 392.0, 86.0, 229.0, 63.0, 144.0, 36.0, 67.0, 1000.0, 0.0, 750.0, 0.0, 1000.0, 932.0, 999.0, 999.0, 999.0, 999.0, 472.0, 695.0, 0.0, 0.0], [-19.256526947021484, -1.9070607423782349, -104.56976318359375], [0.600830078125, -0.1152801513671875, 0.12225341796875, -0.7815093994140625], [-31.741065979003906, 20.846540451049805, -148.934326171875], [0.300994873046875, 0.09564208984375, 0.30572509765625, -0.898193359375]
1369690, 1375.4794921875, [1000.0, 96.0, 391.0, 86.0, 228.0, 63.0, 144.0, 36.0, 67.0, 1000.0, 0.0, 750.0, 0.0, 1000.0, 932.0, 999.0, 999.0, 999.0, 999.0, 472.0, 694.0, 0.0, 0.0], [-19.17733383178711, -2.0035688877105713, -104.53685760498047], [0.60101318359375, -0.1155548095703125, 0.1211700439453125, -0.781494140625], [-32.06660461425781, 21.156902313232422, -149.05328369140625], [0.3009185791015625, 0.0976104736328125, 0.3087310791015625, -0.8969879150390625]
1369750, 1375.5294189453125, [1000.0, 96.0, 390.0, 86.0, 228.0, 63.0, 143.0, 36.0, 66.0, 1000.0, 0.0, 750.0, 0.0, 666.0, 932.0, 999.0, 999.0, 999.0, 999.0, 472.0, 694.0, 0.0, 0.0], [-19.29981803894043, -2.0546560287475586, -104.46183013916016], [0.6013336181640625, -0.1166229248046875, 0.1216583251953125, -0.781005859375], [-31.87773895263672, 20.899913787841797, -148.99868774414062], [0.3007049560546875, 0.09588623046875, 0.3068389892578125, -0.89788818359375]
1369780, 1375.57958984375, [1000.0, 96.0, 389.0, 86.0, 228.0, 62.0, 143.0, 36.0, 66.0, 1000.0, 0.0, 750.0, 0.0, 1000.0, 931.0, 999.0, 999.0, 999.0, 999.0, 472.0, 693.0, 0.0, 0.0], [-19.305967330932617, -2.0644466876983643, -104.42597961425781], [0.6015625, -0.11676025390625, 0.121612548828125, -0.78082275390625], [-31.734588623046875, 20.729358673095703, -148.95068359375], [0.3006439208984375, 0.094757080078125, 0.305450439453125, -0.89849853515625]
1369800, 1375.58935546875, [1000.0, 96.0, 389.0, 86.0, 227.0, 62.0, 142.0, 36.0, 65.0, 1000.0, 0.0, 750.0, 0.0, 666.0, 931.0, 999.0, 999.0, 999.0, 999.0, 472.0, 693.0, 0.0, 0.0], [-19.30496597290039, -2.0621652603149414, -104.40615844726562], [0.6016998291015625, -0.11676025390625, 0.1215972900390625, -0.7807159423828125], [-31.857030868530273, 20.991941452026367, -149.00294494628906], [0.3008270263671875, 0.0966949462890625, 0.3068389892578125, -0.89776611328125]
1369850, 1375.639404296875, [1000.0, 96.0, 389.0, 86.0, 227.0, 62.0, 142.0, 35.0, 65.0, 1000.0, 0.0, 750.0, 0.0, 1000.0, 931.0, 999.0, 999.0, 999.0, 999.0, 472.0, 691.0, 0.0, 0.0], [-19.27890968322754, -2.0562024116516113, -104.36904907226562], [0.60198974609375, -0.1166229248046875, 0.1214141845703125, -0.780548095703125], [-31.862600326538086, 20.75920867919922, -149.01443481445312], [0.3003082275390625, 0.0948333740234375, 0.30645751953125, -0.8982696533203125]
1369910, 1375.699462890625, [1000.0, 96.0, 390.0, 86.0, 227.0, 62.0, 141.0, 35.0, 65.0, 1000.0, 0.0, 750.0, 0.0, 1000.0, 931.0, 999.0, 999.0, 999.0, 999.0, 472.0, 691.0, 0.0, 0.0], [-19.212610244750977, -2.049001932144165, -104.31062316894531], [0.6024627685546875, -0.1162872314453125, 0.120941162109375, -0.780303955078125], [-31.80744743347168, 20.83880615234375, -148.99423217773438], [0.300567626953125, 0.0955657958984375, 0.306182861328125, -0.898193359375]
1369960, 1375.74951171875, [1000.0, 96.0, 391.0, 86.0, 226.0, 62.0, 141.0, 35.0, 64.0, 1000.0, 0.0, 750.0, 0.0, 666.0, 930.0, 999.0, 999.0, 999.0, 999.0, 472.0, 690.0, 0.0, 0.0], [-19.11834144592285, -2.003156900405884, -104.25360870361328], [0.602996826171875, -0.11553955078125, 0.1204833984375, -0.780059814453125], [-31.737031936645508, 20.824594497680664, -148.96212768554688], [0.3007354736328125, 0.095550537109375, 0.305633544921875, -0.8983306884765625]
1370010, 1375.799560546875, [1000.0, 96.0, 391.0, 86.0, 226.0, 62.0, 140.0, 35.0, 64.0, 1000.0, 0.0, 750.0, 0.0, 666.0, 930.0, 999.0, 999.0, 999.0, 999.0, 472.0, 690.0, 0.0, 0.0], [-19.114360809326172, -2.0437936782836914, -104.19114685058594], [0.6033782958984375, -0.1158599853515625, 0.12017822265625, -0.7797698974609375], [-31.66485595703125, 20.87268829345703, -148.93447875976562], [0.3009796142578125, 0.0960540771484375, 0.30517578125, -0.898345947265625]
1370070, 1375.859375, [1000.0, 96.0, 392.0, 86.0, 226.0, 62.0, 140.0, 35.0, 64.0, 1000.0, 0.0, 750.0, 0.0, 666.0, 929.0, 999.0, 999.0, 999.0, 999.0, 473.0, 689.0, 0.0, 0.0], [-19.085046768188477, -2.096329689025879, -104.09138488769531], [0.6040191650390625, -0.1161651611328125, 0.119598388671875, -0.7793121337890625], [-31.43011474609375, 20.804868698120117, -148.83335876464844], [0.30145263671875, 0.095855712890625, 0.3032989501953125, -0.8988494873046875]
1370120, 1375.9097900390625, [1000.0, 96.0, 392.0, 86.0, 225.0, 61.0, 140.0, 35.0, 64.0, 1000.0, 0.0, 750.0, 0.0, 666.0, 930.0, 999.0, 999.0, 999.0, 999.0, 473.0, 688.0, 0.0, 0.0], [-19.094411849975586, -2.0253944396972656, -103.98680877685547], [0.6048126220703125, -0.1158447265625, 0.11993408203125, -0.7787017822265625], [-31.605093002319336, 20.95699119567871, -148.88360595703125], [0.301483154296875, 0.0967559814453125, 0.304901123046875, -0.898193359375]
1370180, 1375.969482421875, [1000.0, 96.0, 392.0, 86.0, 225.0, 61.0, 139.0, 35.0, 63.0, 1000.0, 0.0, 750.0, 0.0, 666.0, 929.0, 999.0, 999.0, 999.0, 999.0, 474.0, 688.0, 0.0, 0.0], [-18.9527645111084, -1.9597821235656738, -103.85321044921875], [0.6059417724609375, -0.1147918701171875, 0.1191864013671875, -0.7780914306640625], [-30.49993133544922, 20.81898307800293, -148.46990966796875], [0.3035430908203125, 0.09747314453125, 0.29632568359375, -0.9002838134765625]
1370230, 1376.01953125, [1000.0, 95.0, 389.0, 86.0, 224.0, 61.0, 139.0, 35.0, 63.0, 1000.0, 0.0, 750.0, 0.0, 666.0, 931.0, 999.0, 999.0, 999.0, 999.0, 474.0, 688.0, 0.0, 0.0], [-18.848899841308594, -1.7926080226898193, -103.5583267211914], [0.608245849609375, -0.1134185791015625, 0.11907958984375, -0.7765045166015625], [-30.629337310791016, 20.496578216552734, -148.37071228027344], [0.303863525390625, 0.094268798828125, 0.2968292236328125, -0.900360107421875]
1370280, 1376.0694580078125, [1000.0, 95.0, 388.0, 86.0, 224.0, 61.0, 138.0, 35.0, 63.0, 1000.0, 0.0, 750.0, 0.0, 666.0, 953.0, 999.0, 999.0, 999.0, 999.0, 473.0, 688.0, 0.0, 0.0], [-18.58106231689453, -1.761501431465149, -103.27693939208984], [0.6104583740234375, -0.1120758056640625, 0.117156982421875, -0.7752685546875], [-30.427532196044922, 20.484712600708008, -148.01092529296875], [0.3065032958984375, 0.093780517578125, 0.2955169677734375, -0.8999481201171875]
1370340, 1376.1295166015625, [1000.0, 95.0, 389.0, 87.0, 224.0, 61.0, 138.0, 35.0, 63.0, 1000.0, 0.0, 750.0, 0.0, 666.0, 958.0, 999.0, 999.0, 999.0, 999.0, 470.0, 686.0, 0.0, 0.0], [-19.773542404174805, -1.9419082403182983, -102.9717788696289], [0.611083984375, -0.119964599609375, 0.123931884765625, -0.77252197265625], [-32.168052673339844, 21.231557846069336, -148.39898681640625], [0.3062591552734375, 0.0961761474609375, 0.310211181640625, -0.8948211669921875]
1370390, 1376.1798095703125, [1000.0, 96.0, 404.0, 94.0, 224.0, 74.0, 137.0, 35.0, 63.0, 1000.0, 0.0, 750.0, 0.0, 666.0, 963.0, 999.0, 999.0, 999.0, 999.0, 464.0, 691.0, 0.0, 0.0], [-20.225557327270508, -0.1220138892531395, -103.6397476196289], [0.6083831787109375, -0.1093597412109375, 0.1373748779296875, -0.7739715576171875], [-32.45707321166992, 22.65584945678711, -148.7270965576172], [0.306610107421875, 0.107757568359375, 0.3147125244140625, -0.8917999267578125]
1370450, 1376.2396240234375, [1000.0, 97.0, 420.0, 99.0, 226.0, 86.0, 132.0, 35.0, 67.0, 1000.0, 0.0, 750.0, 0.0, 666.0, 964.0, 999.0, 999.0, 999.0, 999.0, 456.0, 689.0, 0.0, 0.0], [-23.4273681640625, 3.478337287902832, -105.48554229736328], [0.597412109375, -0.0991973876953125, 0.17950439453125, -0.7752532958984375], [-35.93672561645508, 25.543636322021484, -150.1497802734375], [0.3048248291015625, 0.125701904296875, 0.3448638916015625, -0.878814697265625]
1370500, 1376.2894287109375, [1000.0, 98.0, 481.0, 103.0, 232.0, 95.0, 151.0, 35.0, 74.0, 1000.0, 0.0, 750.0, 0.0, 1000.0, 962.0, 999.0, 999.0, 999.0, 999.0, 448.0, 693.0, 0.0, 0.0], [-27.529481887817383, 9.267590522766113, -109.13179779052734], [0.576934814453125, -0.0735626220703125, 0.2387237548828125, -0.77764892578125], [-37.3696403503418, 28.175010681152344, -150.7864990234375], [0.307159423828125, 0.1447601318359375, 0.35882568359375, -0.8694305419921875]
1370550, 1376.339599609375, [1000.0, 99.0, 655.0, 103.0, 290.0, 92.0, 184.0, 34.0, 77.0, 1000.0, 0.0, 750.0, 0.0, 666.0, 957.0, 999.0, 999.0, 999.0, 999.0, 439.0, 693.0, 0.0, 0.0], [-30.159400939941406, 13.702505111694336, -112.50167083740234], [0.5583953857421875, -0.0477294921875, 0.2787628173828125, -0.7798614501953125], [-38.64545440673828, 30.450775146484375, -151.47628784179688], [0.30853271484375, 0.161529541015625, 0.3704833984375, -0.8610687255859375]
1370610, 1376.3995361328125, [1000.0, 99.0, 699.0, 104.0, 417.0, 93.0, 228.0, 33.0, 79.0, 1000.0, 0.0, 750.0, 0.0, 666.0, 951.0, 999.0, 999.0, 999.0, 999.0, 428.0, 690.0, 0.0, 0.0], [-34.16614532470703, 15.49148178100586, -115.34278869628906], [0.5399627685546875, -0.0467987060546875, 0.314849853515625, -0.7791595458984375], [-42.04063034057617, 33.05410385131836, -153.5681915283203], [0.303924560546875, 0.1798858642578125, 0.395477294921875, -0.8478546142578125]
1370660, 1376.4495849609375, [1000.0, 98.0, 633.0, 101.0, 452.0, 91.0, 251.0, 34.0, 80.0, 1000.0, 0.0, 750.0, 0.0, 1000.0, 952.0, 999.0, 999.0, 999.0, 999.0, 419.0, 687.0, 0.0, 0.0], [-37.99477005004883, 15.188840866088867, -116.97057342529297], [0.526580810546875, -0.0621337890625, 0.34039306640625, -0.7765045166015625], [-45.602760314941406, 34.0618782043457, -155.78294372558594], [0.295867919921875, 0.1862640380859375, 0.4189300537109375, -0.8379974365234375]
1370720, 1376.509521484375, [1000.0, 96.0, 563.0, 95.0, 423.0, 81.0, 250.0, 33.0, 79.0, 1000.0, 0.0, 750.0, 0.0, 1000.0, 957.0, 999.0, 999.0, 999.0, 999.0, 405.0, 696.0, 0.0, 0.0], [-43.89656448364258, 13.812600135803223, -118.10295867919922], [0.5120697021484375, -0.0951690673828125, 0.375579833984375, -0.766571044921875], [-51.80669021606445, 34.331172943115234, -159.3347930908203], [0.2809906005859375, 0.186309814453125, 0.4582366943359375, -0.8223876953125]
1370770, 1376.5595703125, [1000.0, 97.0, 530.0, 89.0, 384.0, 71.0, 234.0, 34.0, 77.0, 1000.0, 0.0, 750.0, 0.0, 666.0, 948.0, 999.0, 999.0, 999.0, 999.0, 392.0, 714.0, 0.0, 0.0], [-48.98686599731445, 11.73827075958252, -118.54390716552734], [0.4989776611328125, -0.1307373046875, 0.4020538330078125, -0.7564697265625], [-56.46603012084961, 33.54301834106445, -162.0464630126953], [0.266448974609375, 0.1804351806640625, 0.4870452880859375, -0.8119049072265625]
1370820, 1376.6094970703125, [1000.0, 97.0, 506.0, 82.0, 353.0, 60.0, 219.0, 34.0, 78.0, 1000.0, 0.0, 750.0, 0.0, 666.0, 950.0, 999.0, 999.0, 999.0, 999.0, 380.0, 737.0, 0.0, 0.0], [-51.06544876098633, 10.099390029907227, -118.84728240966797], [0.4898834228515625, -0.1500244140625, 0.4100494384765625, -0.754547119140625], [-57.85432052612305, 31.873672485351562, -163.3387908935547], [0.2533416748046875, 0.1703948974609375, 0.4950103759765625, -0.8134613037109375]
1370880, 1376.6727294921875, [1000.0, 97.0, 481.0, 74.0, 333.0, 51.0, 210.0, 44.0, 80.0, 1000.0, 0.0, 750.0, 0.0, 666.0, 946.0, 999.0, 999.0, 999.0, 999.0, 365.0, 760.0, 0.0, 0.0], [-53.4933967590332, 8.682981491088867, -119.01692962646484], [0.481170654296875, -0.1694488525390625, 0.420989990234375, -0.75], [-58.661888122558594, 29.714282989501953, -164.0150604248047], [0.241546630859375, 0.1555328369140625, 0.4999542236328125, -0.8170013427734375]
1370930, 1376.724853515625, [1000.0, 97.0, 465.0, 71.0, 328.0, 47.0, 208.0, 50.0, 76.0, 1000.0, 0.0, 750.0, 0.0, 666.0, 936.0, 999.0, 999.0, 999.0, 999.0, 354.0, 766.0, 0.0, 0.0], [-55.442325592041016, 7.276062965393066, -119.40122985839844], [0.47119140625, -0.1857147216796875, 0.4291534423828125, -0.74786376953125], [-60.236202239990234, 27.82587242126465, -164.12876892089844], [0.23541259765625, 0.1387481689453125, 0.5111083984375, -0.814910888671875]
1370990, 1376.7803955078125, [1000.0, 96.0, 494.0, 74.0, 537.0, 56.0, 266.0, 64.0, 70.0, 1000.0, 0.0, 750.0, 0.0, 1000.0, 943.0, 999.0, 999.0, 999.0, 999.0, 343.0, 762.0, 0.0, 0.0], [-58.461151123046875, 9.152446746826172, -122.39117431640625], [0.4532623291015625, -0.17352294921875, 0.4600830078125, -0.74346923828125], [-63.132442474365234, 26.11064338684082, -164.9462890625], [0.2259521484375, 0.1240081787109375, 0.53076171875, -0.8073577880859375]
1371040, 1376.829345703125, [1000.0, 101.0, 682.0, 76.0, 767.0, 65.0, 482.0, 58.0, 64.0, 1000.0, 0.0, 750.0, 0.0, 1000.0, 921.0, 999.0, 999.0, 999.0, 999.0, 331.0, 756.0, 0.0, 0.0], [-58.551918029785156, 10.732810974121094, -124.578857421875], [0.4443206787109375, -0.1541748046875, 0.468963623046875, -0.7475738525390625], [-63.66241455078125, 25.41140365600586, -165.2182159423828], [0.221649169921875, 0.1191253662109375, 0.5342559814453125, -0.806976318359375]
1371090, 1376.8792724609375, [1000.0, 101.0, 844.0, 78.0, 876.0, 70.0, 788.0, 49.0, 72.0, 1000.0, 0.0, 750.0, 0.0, 666.0, 920.0, 999.0, 633.0, 999.0, 999.0, 322.0, 751.0, 0.0, 0.0], [-58.84526824951172, 12.155404090881348, -125.8555908203125], [0.44049072265625, -0.14019775390625, 0.4769287109375, -0.7475433349609375], [-61.82853317260742, 19.117643356323242, -164.67056274414062], [0.1973876953125, 0.0736236572265625, 0.521087646484375, -0.8270721435546875]
1371150, 1376.9393310546875, [1000.0, 100.0, 904.0, 78.0, 898.0, 74.0, 862.0, 44.0, 102.0, 1000.0, 0.0, 750.0, 0.0, 666.0, 882.0, 999.0, 232.0, 999.0, 999.0, 312.0, 752.0, 0.0, 0.0], [-59.93510437011719, 12.528595924377441, -126.74549102783203], [0.434661865234375, -0.138031005859375, 0.4862213134765625, -0.745361328125], [-63.04945373535156, 18.95295524597168, -164.92672729492188], [0.19561767578125, 0.0714874267578125, 0.5296783447265625, -0.8222198486328125]
1371200, 1376.9893798828125, [1000.0, 99.0, 911.0, 78.0, 899.0, 77.0, 874.0, 44.0, 157.0, 1000.0, 0.0, 750.0, 0.0, 666.0, 917.0, 999.0, 214.0, 999.0, 999.0, 308.0, 756.0, 0.0, 0.0], [-59.20179748535156, 12.237170219421387, -126.45947265625], [0.4364013671875, -0.1384735107421875, 0.4802398681640625, -0.7481536865234375], [-68.00838470458984, 19.658809661865234, -166.2122344970703], [0.1928253173828125, 0.0743560791015625, 0.5640411376953125, -0.7994537353515625]
1371250, 1377.0394287109375, [1000.0, 98.0, 902.0, 79.0, 897.0, 79.0, 879.0, 44.0, 238.0, 1000.0, 0.0, 750.0, 0.0, 666.0, 976.0, 999.0, 211.0, 999.0, 999.0, 304.0, 760.0, 0.0, 0.0], [-58.41106033325195, 13.194131851196289, -125.90715789794922], [0.4441986083984375, -0.1310882568359375, 0.477294921875, -0.74676513671875], [-67.11918640136719, 20.09973907470703, -165.6035919189453], [0.198516845703125, 0.0760650634765625, 0.5582427978515625, -0.8019561767578125]
1371310, 1377.0989990234375, [1000.0, 97.0, 902.0, 79.0, 894.0, 81.0, 874.0, 46.0, 293.0, 1000.0, 0.0, 750.0, 0.0, 666.0, 999.0, 999.0, 233.0, 999.0, 999.0, 299.0, 762.0, 0.0, 0.0], [-57.94569396972656, 13.996715545654297, -124.67523193359375], [0.4553985595703125, -0.1287994384765625, 0.475311279296875, -0.741668701171875], [-66.69683074951172, 21.360689163208008, -165.08180236816406], [0.20758056640625, 0.0833740234375, 0.55572509765625, -0.800689697265625]
1371360, 1377.1492919921875, [1000.0, 97.0, 899.0, 79.0, 891.0, 82.0, 869.0, 45.0, 323.0, 1000.0, 0.0, 750.0, 0.0, 666.0, 999.0, 999.0, 251.0, 999.0, 999.0, 298.0, 764.0, 0.0, 0.0], [-58.08034896850586, 14.88082218170166, -123.5687026977539], [0.4652557373046875, -0.1278076171875, 0.4776611328125, -0.7341766357421875], [-66.52664947509766, 22.821800231933594, -164.62939453125], [0.2171478271484375, 0.092041015625, 0.554931640625, -0.7977447509765625]
1371420, 1377.2095947265625, [1000.0, 96.0, 899.0, 79.0, 887.0, 84.0, 864.0, 45.0, 351.0, 1000.0, 0.0, 1000.0, 0.0, 666.0, 999.0, 999.0, 281.0, 999.0, 999.0, 295.0, 763.0, 0.0, 0.0], [-57.931427001953125, 16.314348220825195, -122.35931396484375], [0.477691650390625, -0.1223297119140625, 0.4798431396484375, -0.72564697265625], [-65.97518920898438, 24.944774627685547, -164.01705932617188], [0.2303009033203125, 0.1054840087890625, 0.5516204833984375, -0.794677734375]
1371470, 1377.259521484375, [1000.0, 96.0, 899.0, 79.0, 883.0, 87.0, 861.0, 45.0, 383.0, 1000.0, 0.0, 750.0, 0.0, 666.0, 999.0, 999.0, 313.0, 999.0, 999.0, 293.0, 763.0, 0.0, 0.0], [-57.816734313964844, 17.4971923828125, -121.17125701904297], [0.4889678955078125, -0.1186676025390625, 0.4815826416015625, -0.717559814453125], [-65.34893798828125, 26.846195220947266, -163.4834747314453], [0.2416229248046875, 0.117950439453125, 0.5477294921875, -0.7922515869140625]
1371520, 1377.3094482421875, [1000.0, 96.0, 899.0, 80.0, 879.0, 89.0, 859.0, 46.0, 418.0, 1000.0, 0.0, 750.0, 0.0, 1000.0, 999.0, 999.0, 356.0, 999.0, 999.0, 291.0, 763.0, 0.0, 0.0], [-57.59102249145508, 18.579059600830078, -120.24608612060547], [0.49822998046875, -0.1141357421875, 0.4826507568359375, -0.7111663818359375], [-64.96186065673828, 28.610469818115234, -163.134033203125], [0.251129150390625, 0.1298675537109375, 0.5453033447265625, -0.7891082763671875]
1371580, 1377.3695068359375, [1000.0, 96.0, 900.0, 80.0, 876.0, 91.0, 859.0, 46.0, 461.0, 1000.0, 0.0, 750.0, 0.0, 666.0, 999.0, 999.0, 378.0, 999.0, 999.0, 289.0, 764.0, 0.0, 0.0], [-57.2980842590332, 19.8641300201416, -119.31420135498047], [0.5080413818359375, -0.107940673828125, 0.4840240478515625, -0.7042236328125], [-64.56568145751953, 30.79781723022461, -162.88555908203125], [0.2615203857421875, 0.1453704833984375, 0.5425872802734375, -0.784881591796875]
1371630, 1377.41943359375, [1000.0, 96.0, 903.0, 80.0, 873.0, 93.0, 858.0, 47.0, 488.0, 1000.0, 0.0, 750.0, 0.0, 666.0, 999.0, 999.0, 403.0, 999.0, 999.0, 287.0, 763.0, 0.0, 0.0], [-57.62092971801758, 20.753787994384766, -118.59193420410156], [0.51470947265625, -0.1063385009765625, 0.4881591796875, -0.6967315673828125], [-64.69963836669922, 32.51459503173828, -162.72018432617188], [0.269927978515625, 0.156646728515625, 0.5433807373046875, -0.779296875]
1371690, 1377.4796142578125, [1000.0, 95.0, 905.0, 80.0, 871.0, 96.0, 857.0, 47.0, 508.0, 1000.0, 0.0, 1000.0, 0.0, 666.0, 999.0, 999.0, 414.0, 999.0, 999.0, 285.0, 764.0, 0.0, 0.0], [-58.08805847167969, 22.484838485717773, -117.91722106933594], [0.52325439453125, -0.0995025634765625, 0.4958648681640625, -0.6858673095703125], [-64.68588256835938, 34.55693054199219, -162.55172729492188], [0.2794189453125, 0.1705474853515625, 0.5429840087890625, -0.773284912109375]
1371740, 1377.529541015625, [1000.0, 95.0, 906.0, 80.0, 868.0, 98.0, 856.0, 45.0, 520.0, 1000.0, 0.0, 750.0, 0.0, 666.0, 999.0, 999.0, 445.0, 999.0, 999.0, 284.0, 765.0, 0.0, 0.0], [-58.1547737121582, 23.765869140625, -117.12544250488281], [0.53143310546875, -0.0944976806640625, 0.4996185302734375, -0.677490234375], [-64.56351470947266, 36.13431167602539, -162.4806365966797], [0.286102294921875, 0.1818084716796875, 0.541748046875, -0.769134521484375]
1371790, 1377.589599609375, [1000.0, 95.0, 908.0, 80.0, 866.0, 99.0, 855.0, 45.0, 524.0, 1000.0, 0.0, 750.0, 0.0, 666.0, 999.0, 999.0, 442.0, 999.0, 999.0, 283.0, 765.0, 0.0, 0.0], [-58.112247467041016, 25.53964614868164, -116.88317108154297], [0.5376434326171875, -0.083251953125, 0.5047149658203125, -0.6702423095703125], [-63.63324737548828, 37.31413269042969, -162.22354125976562], [0.291015625, 0.1913909912109375, 0.535491943359375, -0.76934814453125]
1371850, 1377.6395263671875, [1000.0, 95.0, 911.0, 80.0, 864.0, 100.0, 854.0, 45.0, 534.0, 1000.0, 0.0, 750.0, 0.0, 1000.0, 999.0, 999.0, 435.0, 999.0, 999.0, 282.0, 765.0, 0.0, 0.0], [-57.69473648071289, 27.09117889404297, -116.70647430419922], [0.5429840087890625, -0.0714569091796875, 0.5069427490234375, -0.665618896484375], [-63.38730239868164, 43.10348892211914, -162.484375], [0.3112335205078125, 0.2345123291015625, 0.5305328369140625, -0.7527618408203125]
1371860, 1377.689697265625, [1000.0, 95.0, 911.0, 80.0, 864.0, 101.0, 853.0, 45.0, 535.0, 1000.0, 0.0, 750.0, 0.0, 1000.0, 999.0, 999.0, 432.0, 999.0, 999.0, 282.0, 765.0, 0.0, 0.0], [-57.839088439941406, 27.420753479003906, -116.75494384765625], [0.54345703125, -0.069671630859375, 0.508819580078125, -0.66400146484375], [-63.447200775146484, 43.29700469970703, -162.55677795410156], [0.311614990234375, 0.236053466796875, 0.5306549072265625, -0.7520294189453125]
1371900, 1377.6993408203125, [1000.0, 95.0, 911.0, 80.0, 863.0, 102.0, 853.0, 45.0, 538.0, 1000.0, 0.0, 750.0, 0.0, 666.0, 999.0, 999.0, 427.0, 999.0, 999.0, 281.0, 766.0, 0.0, 0.0], [-58.429019927978516, 27.511730194091797, -116.89991760253906], [0.54248046875, -0.071197509765625, 0.5125885009765625, -0.661712646484375], [-63.89455795288086, 43.353885650634766, -162.90284729003906], [0.31048583984375, 0.236846923828125, 0.5328369140625, -0.750701904296875]
1371960, 1377.74951171875, [1000.0, 95.0, 911.0, 80.0, 861.0, 103.0, 851.0, 45.0, 544.0, 1000.0, 0.0, 750.0, 0.0, 666.0, 999.0, 999.0, 426.0, 999.0, 999.0, 280.0, 767.0, 0.0, 0.0], [-59.2955436706543, 25.312789916992188, -116.95059967041016], [0.5357513427734375, -0.0900421142578125, 0.5109710693359375, -0.6661376953125], [-65.56788635253906, 42.260833740234375, -163.80654907226562], [0.3036956787109375, 0.228912353515625, 0.5427093505859375, -0.748870849609375]
1372010, 1377.799560546875, [1000.0, 94.0, 910.0, 79.0, 860.0, 104.0, 850.0, 46.0, 545.0, 1000.0, 0.0, 750.0, 0.0, 666.0, 999.0, 999.0, 417.0, 999.0, 999.0, 279.0, 767.0, 0.0, 0.0], [-59.3845100402832, 22.755094528198242, -116.4590835571289], [0.531463623046875, -0.1099853515625, 0.5030670166015625, -0.6725616455078125], [-66.00731658935547, 40.9924430847168, -163.90670776367188], [0.298797607421875, 0.219329833984375, 0.5462799072265625, -0.7510986328125]
1372060, 1377.8594970703125, [1000.0, 94.0, 909.0, 79.0, 858.0, 105.0, 848.0, 45.0, 546.0, 1000.0, 0.0, 750.0, 0.0, 666.0, 999.0, 999.0, 422.0, 999.0, 999.0, 278.0, 766.0, 0.0, 0.0], [-58.28823471069336, 21.405874252319336, -115.69023132324219], [0.5333099365234375, -0.1173553466796875, 0.491455078125, -0.6784210205078125], [-64.08647155761719, 40.25713348388672, -162.4322967529297], [0.301971435546875, 0.2122039794921875, 0.5368499755859375, -0.7586517333984375]
1372120, 1377.9093017578125, [1000.0, 94.0, 909.0, 79.0, 857.0, 106.0, 847.0, 45.0, 551.0, 1000.0, 0.0, 750.0, 0.0, 1000.0, 999.0, 999.0, 416.0, 999.0, 999.0, 277.0, 767.0, 0.0, 0.0], [-56.091758728027344, 22.17363166809082, -114.26594543457031], [0.54595947265625, -0.10784912109375, 0.479644775390625, -0.6783905029296875], [-62.46751022338867, 42.4531364440918, -161.2384033203125], [0.3151397705078125, 0.226654052734375, 0.52734375, -0.7557830810546875]
1372170, 1377.969482421875, [1000.0, 94.0, 909.0, 79.0, 856.0, 106.0, 846.0, 46.0, 552.0, 1000.0, 0.0, 750.0, 0.0, 1000.0, 999.0, 999.0, 416.0, 999.0, 999.0, 276.0, 766.0, 0.0, 0.0], [-54.667423248291016, 24.13092041015625, -113.56132507324219], [0.55621337890625, -0.0906524658203125, 0.4773712158203125, -0.674163818359375], [-60.61019515991211, 43.7367057800293, -160.22267150878906], [0.32275390625, 0.2363739013671875, 0.5165557861328125, -0.7570343017578125]
1372220, 1378.01953125, [1000.0, 94.0, 909.0, 79.0, 855.0, 107.0, 845.0, 46.0, 553.0, 1000.0, 0.0, 750.0, 0.0, 666.0, 999.0, 999.0, 417.0, 999.0, 999.0, 276.0, 766.0, 0.0, 0.0], [-54.39917755126953, 24.74126625061035, -113.42713928222656], [0.55865478515625, -0.08575439453125, 0.4777984619140625, -0.6724853515625], [-61.498390197753906, 43.9917106628418, -161.02456665039062], [0.320220947265625, 0.2393341064453125, 0.5206298828125, -0.7543792724609375]
1372230, 1378.029541015625, [1000.0, 94.0, 909.0, 79.0, 855.0, 107.0, 845.0, 46.0, 553.0, 1000.0, 0.0, 750.0, 0.0, 1000.0, 999.0, 999.0, 418.0, 999.0, 999.0, 275.0, 766.0, 0.0, 0.0], [-54.43577575683594, 24.749605178833008, -113.43061828613281], [0.558624267578125, -0.0858612060546875, 0.4780426025390625, -0.6723175048828125], [-62.17203903198242, 44.09221267700195, -161.520263671875], [0.3187408447265625, 0.2404327392578125, 0.5239715576171875, -0.752349853515625]
1372240, 1378.0697021484375, [1000.0, 94.0, 909.0, 79.0, 855.0, 107.0, 845.0, 46.0, 554.0, 1000.0, 0.0, 750.0, 0.0, 666.0, 999.0, 999.0, 419.0, 999.0, 999.0, 275.0, 766.0, 0.0, 0.0], [-54.50346374511719, 24.75755500793457, -113.44935607910156], [0.5584869384765625, -0.0860595703125, 0.478485107421875, -0.6721038818359375], [-62.7202033996582, 43.656837463378906, -161.9300079345703], [0.315582275390625, 0.237701416015625, 0.5269622802734375, -0.7524566650390625]
1372280, 1378.0794677734375, [1000.0, 94.0, 909.0, 79.0, 854.0, 108.0, 844.0, 46.0, 554.0, 1000.0, 0.0, 750.0, 0.0, 666.0, 999.0, 999.0, 426.0, 999.0, 999.0, 275.0, 766.0, 0.0, 0.0], [-54.925804138183594, 24.748125076293945, -113.63475799560547], [0.5570526123046875, -0.08740234375, 0.4810638427734375, -0.6712646484375], [-64.98744201660156, 42.75498962402344, -163.63336181640625], [0.3056182861328125, 0.2331085205078125, 0.538909912109375, -0.749542236328125]
1372330, 1378.129638671875, [1000.0, 94.0, 907.0, 79.0, 854.0, 108.0, 843.0, 46.0, 551.0, 1000.0, 0.0, 750.0, 0.0, 1000.0, 999.0, 999.0, 422.0, 999.0, 999.0, 274.0, 766.0, 0.0, 0.0], [-56.25930404663086, 24.326875686645508, -114.21000671386719], [0.551605224609375, -0.0942840576171875, 0.4878997802734375, -0.6699066162109375], [-65.76559448242188, 41.866493225097656, -164.27130126953125], [0.299468994140625, 0.2278289794921875, 0.543365478515625, -0.75042724609375]
1372390, 1378.189453125, [1000.0, 94.0, 906.0, 78.0, 853.0, 108.0, 841.0, 46.0, 546.0, 1000.0, 0.0, 1000.0, 0.0, 666.0, 999.0, 999.0, 432.0, 999.0, 999.0, 273.0, 765.0, 0.0, 0.0], [-58.10858154296875, 23.016141891479492, -114.86272430419922], [0.542755126953125, -0.10919189453125, 0.4949188232421875, -0.6697235107421875], [-66.05943298339844, 41.652442932128906, -164.48199462890625], [0.2978057861328125, 0.2265625, 0.5450286865234375, -0.7502593994140625]
1372440, 1378.239501953125, [1000.0, 94.0, 906.0, 78.0, 851.0, 107.0, 838.0, 46.0, 539.0, 1000.0, 0.0, 750.0, 0.0, 666.0, 999.0, 999.0, 440.0, 999.0, 999.0, 273.0, 765.0, 0.0, 0.0], [-58.306358337402344, 22.913532257080078, -114.85823822021484], [0.5423126220703125, -0.11083984375, 0.4957275390625, -0.6692047119140625], [-65.47112274169922, 42.04521560668945, -164.1656494140625], [0.30029296875, 0.2293548583984375, 0.5415191650390625, -0.7509765625]
1372490, 1378.2896728515625, [1000.0, 94.0, 906.0, 78.0, 851.0, 107.0, 836.0, 47.0, 534.0, 1000.0, 0.0, 750.0, 0.0, 1000.0, 999.0, 999.0, 452.0, 999.0, 999.0, 272.0, 764.0, 0.0, 0.0], [-58.03779983520508, 23.462993621826172, -114.5596923828125], [0.5457763671875, -0.107147216796875, 0.495697021484375, -0.6670074462890625], [-64.68474578857422, 42.63931655883789, -163.6446990966797], [0.304473876953125, 0.233154296875, 0.5369873046875, -0.751373291015625]
1372550, 1378.3494873046875, [1000.0, 94.0, 904.0, 78.0, 850.0, 107.0, 834.0, 47.0, 529.0, 1000.0, 0.0, 750.0, 0.0, 1000.0, 999.0, 999.0, 452.0, 999.0, 999.0, 271.0, 764.0, 0.0, 0.0], [-57.17188262939453, 24.2386417388916, -114.03524780273438], [0.5516204833984375, -0.1000213623046875, 0.492767333984375, -0.66546630859375], [-63.6871223449707, 43.74409866333008, -162.9807891845703], [0.31103515625, 0.2405242919921875, 0.5310516357421875, -0.7505645751953125]
1372600, 1378.39990234375, [1000.0, 94.0, 904.0, 77.0, 849.0, 107.0, 833.0, 46.0, 526.0, 1000.0, 0.0, 750.0, 0.0, 666.0, 999.0, 999.0, 462.0, 999.0, 999.0, 270.0, 763.0, 0.0, 0.0], [-57.276710510253906, 24.685338973999023, -113.87702941894531], [0.5535888671875, -0.0981903076171875, 0.4947357177734375, -0.66265869140625], [-64.2179183959961, 43.703941345214844, -163.31170654296875], [0.3098297119140625, 0.2403411865234375, 0.5338592529296875, -0.7491302490234375]
1372660, 1378.4595947265625, [1000.0, 94.0, 903.0, 77.0, 848.0, 106.0, 831.0, 46.0, 523.0, 1000.0, 0.0, 750.0, 0.0, 1000.0, 999.0, 999.0, 459.0, 999.0, 999.0, 270.0, 762.0, 0.0, 0.0], [-57.719451904296875, 24.202375411987305, -113.90756225585938], [0.551788330078125, -0.10345458984375, 0.4957122802734375, -0.662628173828125], [-64.7032699584961, 42.82914733886719, -163.60794067382812], [0.3054962158203125, 0.2342681884765625, 0.53704833984375, -0.7505645751953125]
1372710, 1378.5096435546875, [1000.0, 93.0, 902.0, 77.0, 848.0, 106.0, 829.0, 46.0, 521.0, 1000.0, 0.0, 750.0, 0.0, 666.0, 999.0, 999.0, 463.0, 999.0, 999.0, 269.0, 762.0, 0.0, 0.0], [-57.823455810546875, 23.78936767578125, -113.8272476196289], [0.55108642578125, -0.107086181640625, 0.4948577880859375, -0.66326904296875], [-64.69146728515625, 42.814083099365234, -163.52020263671875], [0.3059844970703125, 0.2337799072265625, 0.5371551513671875, -0.75042724609375]
1372760, 1378.5596923828125, [1000.0, 94.0, 902.0, 77.0, 847.0, 106.0, 828.0, 46.0, 519.0, 1000.0, 0.0, 750.0, 0.0, 1000.0, 999.0, 999.0, 455.0, 999.0, 999.0, 268.0, 762.0, 0.0, 0.0], [-57.93822479248047, 23.80462074279785, -113.6380844116211], [0.5521087646484375, -0.1083526611328125, 0.495391845703125, -0.66180419921875], [-64.4830322265625, 42.43566131591797, -163.25640869140625], [0.305816650390625, 0.230438232421875, 0.536590576171875, -0.751953125]
