1356540, 1362.26904296875, [1000.0, 109.0, 226.0, 126.0, 61.0, 120.0, 39.0, 45.0, 3.0, 1000.0, 0.0, 750.0, 0.0, 1000.0, 894.0, 999.0, 999.0, 999.0, 999.0, 392.0, 609.0, 0.0, 0.0], [-20.582189559936523, -0.17062313854694366, -137.89846801757812], [0.3531646728515625, -0.0655364990234375, 0.16619873046875, -0.9183349609375], [-32.8223876953125, 19.3960018157959, -165.88311767578125], [0.163421630859375, 0.1261444091796875, 0.296234130859375, -0.932525634765625]
1356590, 1362.3192138671875, [1000.0, 109.0, 226.0, 126.0, 61.0, 120.0, 38.0, 45.0, 4.0, 1000.0, 0.0, 750.0, 0.0, 666.0, 893.0, 999.0, 999.0, 999.0, 999.0, 392.0, 609.0, 0.0, 0.0], [-20.56764030456543, -0.21603146195411682, -137.8133087158203], [0.353790283203125, -0.06597900390625, 0.1658935546875, -0.918121337890625], [-32.60074234008789, 19.32645606994629, -165.81150817871094], [0.163604736328125, 0.125701904296875, 0.294464111328125, -0.93310546875]
1356640, 1362.369140625, [1000.0, 109.0, 226.0, 126.0, 61.0, 120.0, 39.0, 45.0, 3.0, 1000.0, 0.0, 750.0, 0.0, 666.0, 893.0, 999.0, 999.0, 999.0, 999.0, 392.0, 608.0, 0.0, 0.0], [-20.517812728881836, -0.18487735092639923, -137.7559051513672], [0.3543243408203125, -0.0656585693359375, 0.165557861328125, -0.917999267578125], [-32.80409240722656, 19.561159133911133, -165.90731811523438], [0.16357421875, 0.127593994140625, 0.2961578369140625, -0.9323272705078125]
1356700, 1362.42919921875, [1000.0, 109.0, 226.0, 126.0, 61.0, 120.0, 38.0, 45.0, 3.0, 1000.0, 0.0, 750.0, 0.0, 1000.0, 891.0, 999.0, 999.0, 999.0, 999.0, 392.0, 609.0, 0.0, 0.0], [-20.361886978149414, -0.1652023047208786, -137.67160034179688], [0.3551177978515625, -0.0651397705078125, 0.1643218994140625, -0.9179534912109375], [-32.609336853027344, 19.37548065185547, -165.84866333007812], [0.163421630859375, 0.126190185546875, 0.294525146484375, -0.9330596923828125]
1356750, 1362.4791259765625, [1000.0, 109.0, 226.0, 126.0, 61.0, 120.0, 38.0, 45.0, 3.0, 1000.0, 0.0, 750.0, 0.0, 666.0, 891.0, 999.0, 999.0, 999.0, 999.0, 391.0, 608.0, 0.0, 0.0], [-20.319101333618164, -0.24329519271850586, -137.57809448242188], [0.35577392578125, -0.065765380859375, 0.1636810302734375, -0.917755126953125], [-32.43800354003906, 18.89301872253418, -165.7937774658203], [0.1626129150390625, 0.122314453125, 0.2928924560546875, -0.934234619140625]
1356810, 1362.5391845703125, [1000.0, 109.0, 226.0, 126.0, 61.0, 120.0, 38.0, 45.0, 3.0, 1000.0, 0.0, 750.0, 0.0, 1000.0, 891.0, 999.0, 999.0, 999.0, 999.0, 391.0, 609.0, 0.0, 0.0], [-20.352479934692383, -0.24866575002670288, -137.51046752929688], [0.356292724609375, -0.066009521484375, 0.1638946533203125, -0.917510986328125], [-32.574684143066406, 18.810941696166992, -165.83030700683594], [0.1622772216796875, 0.1215362548828125, 0.293914794921875, -0.9340667724609375]
1356860, 1362.589111328125, [1000.0, 109.0, 226.0, 126.0, 61.0, 120.0, 38.0, 45.0, 3.0, 1000.0, 0.0, 750.0, 0.0, 666.0, 891.0, 999.0, 999.0, 999.0, 999.0, 391.0, 609.0, 0.0, 0.0], [-20.42760467529297, -0.2792361378669739, -137.4287109375], [0.3568572998046875, -0.0666046142578125, 0.1643524169921875, -0.9171600341796875], [-32.54913330078125, 18.959434509277344, -165.8206329345703], [0.16265869140625, 0.122772216796875, 0.2938079833984375, -0.933868408203125]
1356910, 1362.6390380859375, [1000.0, 109.0, 226.0, 126.0, 61.0, 120.0, 38.0, 45.0, 3.0, 1000.0, 0.0, 750.0, 0.0, 1000.0, 890.0, 999.0, 999.0, 999.0, 999.0, 391.0, 609.0, 0.0, 0.0], [-20.416723251342773, -0.30904480814933777, -137.34747314453125], [0.3574676513671875, -0.066925048828125, 0.16412353515625, -0.91693115234375], [-32.51028060913086, 19.09865951538086, -165.80877685546875], [0.16302490234375, 0.1239471435546875, 0.2935943603515625, -0.9337310791015625]
1356970, 1362.69921875, [1000.0, 109.0, 226.0, 126.0, 61.0, 120.0, 38.0, 45.0, 3.0, 1000.0, 0.0, 750.0, 0.0, 666.0, 889.0, 999.0, 999.0, 999.0, 999.0, 391.0, 609.0, 0.0, 0.0], [-20.369136810302734, -0.2543478310108185, -137.2583770751953], [0.3582916259765625, -0.06646728515625, 0.1638641357421875, -0.9167022705078125], [-32.473716735839844, 19.224529266357422, -165.80052185058594], [0.163330078125, 0.1250152587890625, 0.2933807373046875, -0.93359375]
1357020, 1362.749267578125, [1000.0, 109.0, 226.0, 126.0, 61.0, 120.0, 38.0, 45.0, 3.0, 1000.0, 0.0, 750.0, 0.0, 666.0, 889.0, 999.0, 999.0, 999.0, 999.0, 391.0, 609.0, 0.0, 0.0], [-20.379751205444336, -0.21213658154010773, -137.173583984375], [0.3590240478515625, -0.0662841796875, 0.164031982421875, -0.9163970947265625], [-32.3946418762207, 19.298179626464844, -165.7816925048828], [0.1635589599609375, 0.1256866455078125, 0.2928009033203125, -0.9336395263671875]
1357080, 1362.8092041015625, [1000.0, 109.0, 226.0, 126.0, 61.0, 120.0, 38.0, 45.0, 3.0, 1000.0, 0.0, 750.0, 0.0, 666.0, 888.0, 999.0, 999.0, 999.0, 999.0, 391.0, 609.0, 0.0, 0.0], [-20.384206771850586, -0.2480691820383072, -137.09619140625], [0.359588623046875, -0.0666961669921875, 0.163909912109375, -0.916168212890625], [-32.52459716796875, 19.337778091430664, -165.82713317871094], [0.163421630859375, 0.125946044921875, 0.2938385009765625, -0.933319091796875]
1357130, 1362.859130859375, [1000.0, 109.0, 226.0, 126.0, 61.0, 120.0, 38.0, 45.0, 3.0, 1000.0, 0.0, 750.0, 0.0, 1000.0, 889.0, 999.0, 999.0, 999.0, 999.0, 391.0, 609.0, 0.0, 0.0], [-20.43337059020996, -0.23179249465465546, -137.0169219970703], [0.3602142333984375, -0.06683349609375, 0.164306640625, -0.91583251953125], [-31.914796829223633, 19.15319061279297, -165.6522979736328], [0.1637725830078125, 0.124847412109375, 0.2889404296875, -0.9349212646484375]
1357180, 1362.9091796875, [1000.0, 109.0, 226.0, 125.0, 61.0, 120.0, 38.0, 45.0, 3.0, 1000.0, 0.0, 750.0, 0.0, 666.0, 889.0, 999.0, 999.0, 999.0, 999.0, 391.0, 609.0, 0.0, 0.0], [-20.280994415283203, -0.23314540088176727, -136.96670532226562], [0.3607025146484375, -0.066436767578125, 0.163055419921875, -0.9158935546875], [-33.7106819152832, 19.03964614868164, -166.2887420654297], [0.1602783203125, 0.123016357421875, 0.3028106689453125, -0.9313812255859375]
1357240, 1362.9691162109375, [1000.0, 109.0, 226.0, 126.0, 61.0, 120.0, 38.0, 45.0, 3.0, 1000.0, 0.0, 750.0, 0.0, 666.0, 897.0, 999.0, 999.0, 999.0, 999.0, 391.0, 608.0, 0.0, 0.0], [-21.076854705810547, -0.40079358220100403, -137.0673828125], [0.3591766357421875, -0.07012939453125, 0.1689453125, -0.9151458740234375], [-30.960268020629883, 21.53167152404785, -165.11842346191406], [0.1720428466796875, 0.1445465087890625, 0.2833099365234375, -0.9323272705078125]
1357290, 1363.0191650390625, [1000.0, 109.0, 228.0, 125.0, 61.0, 120.0, 38.0, 45.0, 3.0, 1000.0, 0.0, 750.0, 0.0, 666.0, 919.0, 999.0, 999.0, 999.0, 999.0, 396.0, 610.0, 0.0, 0.0], [-22.48244857788086, -1.1072778701782227, -136.96966552734375], [0.357940673828125, -0.0803070068359375, 0.1778717041015625, -0.913116455078125], [-32.86204528808594, 21.729074478149414, -165.1316680908203], [0.17474365234375, 0.1433258056640625, 0.2988433837890625, -0.9271392822265625]
1357350, 1363.0792236328125, [1000.0, 109.0, 229.0, 125.0, 62.0, 119.0, 39.0, 45.0, 4.0, 1000.0, 0.0, 750.0, 0.0, 666.0, 912.0, 999.0, 999.0, 999.0, 999.0, 403.0, 637.0, 0.0, 0.0], [-23.93265151977539, -1.9457112550735474, -137.41156005859375], [0.3519287109375, -0.09075927734375, 0.1871185302734375, -0.9126129150390625], [-34.1511116027832, 22.401403427124023, -165.1140899658203], [0.1780242919921875, 0.1468048095703125, 0.309661865234375, -0.9224090576171875]
1357400, 1363.129150390625, [1000.0, 109.0, 229.0, 126.0, 62.0, 117.0, 40.0, 45.0, 5.0, 1000.0, 0.0, 750.0, 0.0, 666.0, 912.0, 999.0, 999.0, 999.0, 999.0, 406.0, 659.0, 0.0, 0.0], [-26.48106575012207, -1.3092737197875977, -138.16879272460938], [0.34503173828125, -0.0921478271484375, 0.2099609375, -0.9101409912109375], [-37.31025695800781, 23.780738830566406, -165.67538452148438], [0.1809844970703125, 0.1546630859375, 0.33489990234375, -0.9116668701171875]
1357450, 1363.1790771484375, [1000.0, 109.0, 235.0, 126.0, 62.0, 117.0, 45.0, 45.0, 13.0, 1000.0, 0.0, 750.0, 0.0, 1000.0, 912.0, 999.0, 999.0, 999.0, 999.0, 408.0, 668.0, 0.0, 0.0], [-31.265493392944336, 0.5961864590644836, -139.48764038085938], [0.334716796875, -0.088592529296875, 0.2545318603515625, -0.9029388427734375], [-41.188209533691406, 25.701080322265625, -166.64871215820312], [0.1837921142578125, 0.1669158935546875, 0.36480712890625, -0.8973541259765625]
1357510, 1363.2391357421875, [1000.0, 109.0, 239.0, 127.0, 64.0, 120.0, 49.0, 44.0, 16.0, 1000.0, 0.0, 750.0, 0.0, 666.0, 920.0, 999.0, 999.0, 999.0, 999.0, 409.0, 685.0, 0.0, 0.0], [-33.91279602050781, 3.475071907043457, -140.11663818359375], [0.3343963623046875, -0.0721588134765625, 0.2839202880859375, -0.8957366943359375], [-42.77554702758789, 28.199783325195312, -166.2715301513672], [0.196136474609375, 0.1829376220703125, 0.378265380859375, -0.885986328125]
1357560, 1363.2891845703125, [1000.0, 109.0, 249.0, 129.0, 67.0, 122.0, 52.0, 44.0, 19.0, 1000.0, 0.0, 750.0, 0.0, 1000.0, 925.0, 999.0, 999.0, 999.0, 999.0, 410.0, 691.0, 0.0, 0.0], [-35.76142120361328, 6.461690902709961, -140.4105682373047], [0.3380584716796875, -0.0533447265625, 0.3065948486328125, -0.8881683349609375], [-43.66719436645508, 30.130380630493164, -165.607177734375], [0.20819091796875, 0.1943817138671875, 0.3865203857421875, -0.8771820068359375]
1357610, 1363.339111328125, [1000.0, 109.0, 259.0, 130.0, 70.0, 123.0, 56.0, 44.0, 20.0, 1000.0, 0.0, 750.0, 0.0, 666.0, 927.0, 999.0, 999.0, 999.0, 999.0, 411.0, 694.0, 0.0, 0.0], [-37.4428596496582, 8.534631729125977, -140.29270935058594], [0.3432159423828125, -0.04241943359375, 0.324981689453125, -0.8802032470703125], [-44.59425354003906, 31.622514724731445, -165.09237670898438], [0.217987060546875, 0.202606201171875, 0.3946685791015625, -0.8692779541015625]
1357670, 1363.399169921875, [1000.0, 109.0, 327.0, 130.0, 74.0, 125.0, 62.0, 44.0, 21.0, 1000.0, 0.0, 750.0, 0.0, 666.0, 937.0, 999.0, 999.0, 999.0, 999.0, 412.0, 693.0, 0.0, 0.0], [-39.357086181640625, 9.533644676208496, -139.95953369140625], [0.3475341796875, -0.0413665771484375, 0.3420867919921875, -0.8720550537109375], [-45.99252700805664, 32.766326904296875, -165.0167236328125], [0.224395751953125, 0.20855712890625, 0.40545654296875, -0.861236572265625]
1357720, 1363.4490966796875, [1000.0, 109.0, 301.0, 128.0, 78.0, 122.0, 66.0, 44.0, 21.0, 1000.0, 0.0, 750.0, 0.0, 666.0, 921.0, 999.0, 999.0, 999.0, 999.0, 411.0, 696.0, 0.0, 0.0], [-41.80707550048828, 9.431851387023926, -139.73040771484375], [0.3480224609375, -0.05029296875, 0.36029052734375, -0.864013671875], [-47.97064208984375, 33.05268859863281, -165.55030822753906], [0.2248687744140625, 0.2088165283203125, 0.4192962646484375, -0.854400634765625]
1357780, 1363.5091552734375, [1000.0, 112.0, 300.0, 124.0, 83.0, 116.0, 72.0, 45.0, 21.0, 1000.0, 0.0, 750.0, 0.0, 1000.0, 901.0, 999.0, 999.0, 999.0, 999.0, 410.0, 708.0, 0.0, 2.0], [-46.1251335144043, 8.761171340942383, -138.3390350341797], [0.35418701171875, -0.073211669921875, 0.390045166015625, -0.846771240234375], [-51.95273208618164, 33.126495361328125, -166.63409423828125], [0.2242889404296875, 0.2056732177734375, 0.4467926025390625, -0.841278076171875]
1357830, 1363.55908203125, [1000.0, 113.0, 324.0, 119.0, 90.0, 108.0, 78.0, 45.0, 19.0, 1000.0, 0.0, 750.0, 0.0, 666.0, 898.0, 999.0, 999.0, 999.0, 999.0, 406.0, 747.0, 0.0, 0.0], [-50.985713958740234, 8.486191749572754, -137.54457092285156], [0.3556060791015625, -0.0931549072265625, 0.4242706298828125, -0.827545166015625], [-56.30979537963867, 32.663719177246094, -167.79075622558594], [0.2219085693359375, 0.1983642578125, 0.4766082763671875, -0.827178955078125]
1357880, 1363.609130859375, [1000.0, 114.0, 269.0, 114.0, 115.0, 101.0, 83.0, 43.0, 18.0, 1000.0, 0.0, 750.0, 0.0, 1000.0, 903.0, 999.0, 999.0, 999.0, 999.0, 399.0, 776.0, 0.0, 0.0], [-55.51462936401367, 8.323495864868164, -137.68170166015625], [0.35009765625, -0.1077728271484375, 0.45635986328125, -0.810882568359375], [-60.595401763916016, 31.620960235595703, -168.797119140625], [0.2178802490234375, 0.186737060546875, 0.50604248046875, -0.8133544921875]
1357940, 1363.669189453125, [1000.0, 113.0, 374.0, 109.0, 246.0, 93.0, 93.0, 41.0, 18.0, 1000.0, 0.0, 750.0, 0.0, 666.0, 894.0, 999.0, 999.0, 999.0, 999.0, 386.0, 795.0, 0.0, 0.0], [-60.273101806640625, 7.970085620880127, -137.96609497070312], [0.34197998046875, -0.1235198974609375, 0.48907470703125, -0.792816162109375], [-64.18268585205078, 29.56009864807129, -169.14076232910156], [0.212432861328125, 0.1665496826171875, 0.531829833984375, -0.8026580810546875]
1357990, 1363.7191162109375, [1000.0, 112.0, 501.0, 106.0, 441.0, 88.0, 133.0, 39.0, 15.0, 1000.0, 0.0, 750.0, 0.0, 666.0, 885.0, 999.0, 999.0, 999.0, 999.0, 376.0, 801.0, 0.0, 0.0], [-61.8145866394043, 8.44699764251709, -139.40704345703125], [0.3322906494140625, -0.1184234619140625, 0.5023651123046875, -0.7894134521484375], [-66.17304229736328, 27.955472946166992, -169.5300750732422], [0.2054901123046875, 0.1531982421875, 0.545989990234375, -0.797607421875]
1358050, 1363.7791748046875, [1000.0, 114.0, 765.0, 106.0, 735.0, 91.0, 468.0, 35.0, 16.0, 1000.0, 0.0, 750.0, 0.0, 1000.0, 874.0, 999.0, 999.0, 999.0, 999.0, 364.0, 792.0, 0.0, 0.0], [-62.246551513671875, 10.629436492919922, -142.04263305664062], [0.322479248046875, -0.0923919677734375, 0.5124664306640625, -0.79046630859375], [-71.5052261352539, 23.331104278564453, -171.13653564453125], [0.17919921875, 0.119384765625, 0.5831756591796875, -0.78326416015625]
1358100, 1363.8291015625, [1000.0, 115.0, 866.0, 105.0, 854.0, 92.0, 716.0, 33.0, 26.0, 1000.0, 0.0, 750.0, 0.0, 666.0, 858.0, 999.0, 965.0, 999.0, 999.0, 353.0, 783.0, 0.0, 0.0], [-63.069190979003906, 11.615424156188965, -143.66078186035156], [0.314697265625, -0.0803070068359375, 0.521270751953125, -0.789154052734375], [-72.17772674560547, 21.471881866455078, -170.83299255371094], [0.172821044921875, 0.1038055419921875, 0.588897705078125, -0.7826385498046875]
1358150, 1363.88916015625, [1000.0, 115.0, 899.0, 105.0, 890.0, 95.0, 829.0, 33.0, 38.0, 1000.0, 0.0, 750.0, 0.0, 666.0, 846.0, 999.0, 353.0, 999.0, 999.0, 342.0, 782.0, 0.0, 0.0], [-62.73893737792969, 12.536643028259277, -144.12908935546875], [0.3154296875, -0.070648193359375, 0.52099609375, -0.7899627685546875], [-69.36669921875, 21.818248748779297, -169.667236328125], [0.179962158203125, 0.10467529296875, 0.57049560546875, -0.794464111328125]
1358210, 1363.9390869140625, [1000.0, 114.0, 909.0, 105.0, 897.0, 100.0, 861.0, 34.0, 80.0, 1000.0, 0.0, 750.0, 0.0, 666.0, 860.0, 999.0, 268.0, 999.0, 999.0, 332.0, 783.0, 0.0, 0.0], [-62.254051208496094, 13.996826171875, -144.15798950195312], [0.3213653564453125, -0.0586395263671875, 0.5202789306640625, -0.789031982421875], [-69.39714050292969, 22.68526268005371, -169.4830322265625], [0.18536376953125, 0.10986328125, 0.5706024169921875, -0.7924346923828125]
1358260, 1363.9991455078125, [1000.0, 114.0, 908.0, 105.0, 892.0, 102.0, 863.0, 34.0, 131.0, 1000.0, 0.0, 750.0, 0.0, 666.0, 921.0, 999.0, 253.0, 999.0, 999.0, 327.0, 782.0, 0.0, 0.0], [-62.886871337890625, 14.906573295593262, -144.22360229492188], [0.3242340087890625, -0.053558349609375, 0.5262298583984375, -0.7842559814453125], [-69.92588806152344, 24.698678970336914, -169.62640380859375], [0.194427490234375, 0.1239471435546875, 0.573333740234375, -0.78619384765625]
1358320, 1364.0491943359375, [1000.0, 113.0, 907.0, 106.0, 883.0, 107.0, 861.0, 35.0, 182.0, 1000.0, 0.0, 750.0, 0.0, 666.0, 989.0, 999.0, 261.0, 999.0, 999.0, 321.0, 780.0, 0.0, 15.0], [-63.538848876953125, 17.052072525024414, -143.43190002441406], [0.337890625, -0.043670654296875, 0.533935546875, -0.773834228515625], [-70.04995727539062, 27.838573455810547, -169.58834838867188], [0.2096099853515625, 0.1456298828125, 0.5726470947265625, -0.7790374755859375]
1358370, 1364.0989990234375, [1000.0, 112.0, 904.0, 106.0, 876.0, 110.0, 858.0, 36.0, 213.0, 1000.0, 0.0, 750.0, 0.0, 1000.0, 988.0, 999.0, 293.0, 999.0, 999.0, 317.0, 779.0, 0.0, 30.0], [-63.67188262939453, 18.730146408081055, -142.82762145996094], [0.3485260009765625, -0.03485107421875, 0.5373687744140625, -0.76715087890625], [-69.67064666748047, 30.324373245239258, -169.2263946533203], [0.223114013671875, 0.1619720458984375, 0.5690460205078125, -0.774688720703125]
1358420, 1364.1591796875, [1000.0, 112.0, 901.0, 106.0, 869.0, 113.0, 855.0, 37.0, 239.0, 1000.0, 0.0, 750.0, 0.0, 1000.0, 990.0, 999.0, 324.0, 999.0, 999.0, 315.0, 779.0, 0.0, 43.0], [-62.972679138183594, 20.40555191040039, -141.8551025390625], [0.3616790771484375, -0.02520751953125, 0.5351715087890625, -0.762969970703125], [-68.45137023925781, 32.481689453125, -168.55706787109375], [0.23565673828125, 0.1762542724609375, 0.56036376953125, -0.7741851806640625]
1358480, 1364.2091064453125, [1000.0, 111.0, 899.0, 106.0, 864.0, 116.0, 851.0, 37.0, 270.0, 1000.0, 0.0, 750.0, 0.0, 1000.0, 999.0, 999.0, 333.0, 999.0, 999.0, 311.0, 777.0, 0.0, 52.0], [-61.50346755981445, 22.180971145629883, -140.9286346435547], [0.37469482421875, -0.011993408203125, 0.5281524658203125, -0.7618865966796875], [-66.6865234375, 34.407020568847656, -167.63999938964844], [0.247528076171875, 0.189117431640625, 0.5485992431640625, -0.7758636474609375]
1358530, 1364.2691650390625, [1000.0, 111.0, 898.0, 106.0, 861.0, 119.0, 853.0, 37.0, 322.0, 1000.0, 0.0, 750.0, 0.0, 666.0, 999.0, 999.0, 322.0, 999.0, 999.0, 309.0, 777.0, 0.0, 59.0], [-60.2209358215332, 23.332805633544922, -140.01947021484375], [0.38494873046875, -0.003570556640625, 0.5214996337890625, -0.7614593505859375], [-65.49834442138672, 35.46075439453125, -167.0030059814453], [0.2543487548828125, 0.1961669921875, 0.5409393310546875, -0.7772979736328125]
1358590, 1364.319091796875, [1000.0, 110.0, 898.0, 106.0, 860.0, 122.0, 857.0, 38.0, 404.0, 1000.0, 0.0, 1000.0, 0.0, 666.0, 999.0, 999.0, 332.0, 999.0, 999.0, 307.0, 776.0, 0.0, 67.0], [-61.69886016845703, 23.240875244140625, -140.29518127441406], [0.382720947265625, -0.0079193115234375, 0.5311431884765625, -0.755859375], [-66.70056915283203, 37.38272476196289, -167.5611114501953], [0.2608642578125, 0.2097015380859375, 0.54669189453125, -0.76751708984375]
1358640, 1364.379150390625, [1000.0, 110.0, 899.0, 106.0, 858.0, 124.0, 859.0, 38.0, 457.0, 1000.0, 0.0, 750.0, 0.0, 666.0, 999.0, 999.0, 349.0, 999.0, 999.0, 305.0, 776.0, 0.0, 73.0], [-62.94498825073242, 23.152503967285156, -140.4126739501953], [0.3815155029296875, -0.0121612548828125, 0.5391998291015625, -0.7506866455078125], [-68.24115753173828, 39.078514099121094, -168.41119384765625], [0.265411376953125, 0.2220916748046875, 0.5538787841796875, -0.7572479248046875]
1358690, 1364.4290771484375, [1000.0, 110.0, 899.0, 106.0, 857.0, 126.0, 859.0, 38.0, 486.0, 1000.0, 0.0, 750.0, 0.0, 666.0, 999.0, 999.0, 365.0, 999.0, 999.0, 304.0, 776.0, 0.0, 79.0], [-62.38815689086914, 23.233173370361328, -139.93116760253906], [0.3850250244140625, -0.0119781494140625, 0.5356292724609375, -0.7514495849609375], [-68.53900146484375, 39.568336486816406, -168.7738800048828], [0.2657318115234375, 0.2265472412109375, 0.554656982421875, -0.7552337646484375]
1358750, 1364.4891357421875, [1000.0, 109.0, 900.0, 106.0, 854.0, 127.0, 857.0, 38.0, 504.0, 1000.0, 0.0, 750.0, 0.0, 666.0, 999.0, 999.0, 409.0, 999.0, 999.0, 302.0, 776.0, 0.0, 82.0], [-61.009830474853516, 23.3701171875, -139.57469177246094], [0.3879852294921875, -0.00799560546875, 0.526763916015625, -0.7562408447265625], [-67.04708099365234, 39.62044906616211, -168.25013732910156], [0.2664642333984375, 0.2278594970703125, 0.5457763671875, -0.7610321044921875]
1358800, 1364.5390625, [1000.0, 109.0, 900.0, 106.0, 852.0, 128.0, 854.0, 38.0, 509.0, 1000.0, 0.0, 750.0, 0.0, 666.0, 999.0, 999.0, 441.0, 999.0, 999.0, 301.0, 776.0, 0.0, 83.0], [-60.452606201171875, 22.855934143066406, -139.22373962402344], [0.3885345458984375, -0.0114288330078125, 0.52215576171875, -0.75909423828125], [-66.4642333984375, 40.474586486816406, -167.9437713623047], [0.27093505859375, 0.233734130859375, 0.5417327880859375, -0.76055908203125]
1358850, 1364.5892333984375, [1000.0, 109.0, 899.0, 105.0, 850.0, 129.0, 849.0, 39.0, 508.0, 1000.0, 0.0, 750.0, 0.0, 666.0, 999.0, 999.0, 482.0, 999.0, 999.0, 299.0, 774.0, 0.0, 83.0], [-59.484371185302734, 23.336429595947266, -138.80807495117188], [0.393035888671875, -0.00653076171875, 0.5165557861328125, -0.7606658935546875], [-66.41043090820312, 41.05792999267578, -168.0011749267578], [0.27288818359375, 0.2382049560546875, 0.54071044921875, -0.7592010498046875]
1358910, 1364.649169921875, [1000.0, 109.0, 899.0, 105.0, 847.0, 130.0, 846.0, 39.0, 509.0, 1000.0, 0.0, 750.0, 0.0, 1000.0, 999.0, 999.0, 489.0, 999.0, 999.0, 297.0, 773.0, 0.0, 84.0], [-59.57027816772461, 23.863008499145508, -138.80152893066406], [0.3948822021484375, -0.0030364990234375, 0.51806640625, -0.7587127685546875], [-67.37925720214844, 41.57676315307617, -168.7052459716797], [0.2724609375, 0.2428436279296875, 0.5451202392578125, -0.754730224609375]
1358960, 1364.6990966796875, [1000.0, 109.0, 898.0, 105.0, 846.0, 130.0, 844.0, 39.0, 510.0, 1000.0, 0.0, 750.0, 0.0, 1000.0, 999.0, 999.0, 486.0, 999.0, 999.0, 296.0, 772.0, 0.0, 85.0], [-60.11406707763672, 23.780458450317383, -139.05616760253906], [0.3928985595703125, -0.0043487548828125, 0.5215301513671875, -0.7573699951171875], [-68.4283447265625, 41.5462532043457, -169.61209106445312], [0.2686004638671875, 0.2444915771484375, 0.5501251220703125, -0.751953125]
1359020, 1364.7591552734375, [1000.0, 109.0, 897.0, 105.0, 844.0, 131.0, 844.0, 39.0, 517.0, 1000.0, 0.0, 750.0, 0.0, 666.0, 999.0, 999.0, 477.0, 999.0, 999.0, 294.0, 772.0, 0.0, 84.0], [-61.19600296020508, 23.470073699951172, -139.46893310546875], [0.3890228271484375, -0.008392333984375, 0.5281524658203125, -0.754730224609375], [-68.10739135742188, 40.62980270385742, -169.4180908203125], [0.265228271484375, 0.2379913330078125, 0.5494232177734375, -0.7557373046875]
1359070, 1364.8092041015625, [1000.0, 108.0, 897.0, 104.0, 843.0, 132.0, 843.0, 39.0, 522.0, 1000.0, 0.0, 750.0, 0.0, 1000.0, 999.0, 999.0, 467.0, 999.0, 999.0, 293.0, 772.0, 0.0, 85.0], [-61.61186599731445, 22.77012062072754, -139.4351043701172], [0.3867034912109375, -0.0149993896484375, 0.529693603515625, -0.7547454833984375], [-68.82306671142578, 39.784812927246094, -169.7313232421875], [0.2609405517578125, 0.232025146484375, 0.5543975830078125, -0.7554473876953125]
