1417730, 1423.7193603515625, [1000.0, 92.0, 507.0, 60.0, 202.0, 56.0, 170.0, 65.0, 73.0, 1000.0, 0.0, 1000.0, 0.0, 1000.0, 977.0, 999.0, 999.0, 999.0, 999.0, 590.0, 670.0, 0.0, 0.0], [-19.07097053527832, -6.327304840087891, -18.357297897338867], [0.9705963134765625, -0.171966552734375, -0.02734375, -0.1660919189453125], [-37.083038330078125, 11.499216079711914, -156.49098205566406], [0.223358154296875, 0.028533935546875, 0.3291015625, -0.9170379638671875]
1417780, 1423.7694091796875, [1000.0, 91.0, 504.0, 59.0, 198.0, 54.0, 168.0, 65.0, 72.0, 1000.0, 0.0, 750.0, 0.0, 666.0, 986.0, 999.0, 999.0, 999.0, 999.0, 609.0, 668.0, 0.0, 0.0], [-18.15746307373047, -7.599062919616699, -18.215652465820312], [0.971221923828125, -0.1658172607421875, -0.0396881103515625, -0.166290283203125], [-36.635093688964844, 12.010581970214844, -156.4935760498047], [0.2245025634765625, 0.0335693359375, 0.32623291015625, -0.9176177978515625]
1417840, 1423.8294677734375, [1000.0, 91.0, 500.0, 58.0, 194.0, 52.0, 165.0, 63.0, 71.0, 1000.0, 0.0, 750.0, 0.0, 666.0, 988.0, 999.0, 999.0, 999.0, 999.0, 618.0, 667.0, 0.0, 0.0], [-18.06661033630371, -8.03518009185791, -18.06472396850586], [0.971221923828125, -0.1655426025390625, -0.0437469482421875, -0.16552734375], [-35.94908142089844, 12.673786163330078, -156.46226501464844], [0.226165771484375, 0.04022216796875, 0.3216705322265625, -0.918548583984375]
1417890, 1423.879638671875, [1000.0, 91.0, 498.0, 57.0, 190.0, 51.0, 163.0, 63.0, 71.0, 1000.0, 0.0, 750.0, 0.0, 666.0, 988.0, 999.0, 999.0, 999.0, 999.0, 622.0, 666.0, 0.0, 0.0], [-17.84259605407715, -7.5899529457092285, -17.945823669433594], [0.9720611572265625, -0.1630401611328125, -0.0404510498046875, -0.16387939453125], [-35.107276916503906, 12.938748359680176, -156.332275390625], [0.2275390625, 0.0436859130859375, 0.315338134765625, -0.920257568359375]
1417920, 1423.9295654296875, [1000.0, 91.0, 497.0, 57.0, 189.0, 50.0, 163.0, 63.0, 70.0, 1000.0, 0.0, 750.0, 0.0, 666.0, 984.0, 999.0, 999.0, 999.0, 999.0, 624.0, 665.0, 0.0, 0.0], [-17.830711364746094, -7.424087047576904, -17.866313934326172], [0.972320556640625, -0.1627044677734375, -0.0391693115234375, -0.162994384765625], [-34.75815200805664, 12.849846839904785, -156.238037109375], [0.2279510498046875, 0.04339599609375, 0.31243896484375, -0.921142578125]
1417940, 1423.9393310546875, [1000.0, 91.0, 496.0, 57.0, 188.0, 50.0, 162.0, 63.0, 70.0, 1000.0, 0.0, 750.0, 0.0, 666.0, 985.0, 999.0, 999.0, 999.0, 999.0, 624.0, 665.0, 0.0, 0.0], [-17.65597915649414, -7.27021598815918, -17.85991096496582], [0.972686767578125, -0.1610260009765625, -0.038116455078125, -0.162689208984375], [-34.72388458251953, 12.788219451904297, -156.20712280273438], [0.2280426025390625, 0.042877197265625, 0.3120880126953125, -0.9212646484375]
1418000, 1423.989501953125, [1000.0, 91.0, 495.0, 56.0, 186.0, 49.0, 160.0, 61.0, 70.0, 1000.0, 0.0, 750.0, 0.0, 666.0, 983.0, 999.0, 999.0, 999.0, 999.0, 625.0, 664.0, 0.0, 0.0], [-17.628395080566406, -6.954841136932373, -17.76827621459961], [0.9730987548828125, -0.160369873046875, -0.0355987548828125, -0.1615142822265625], [-35.27036666870117, 12.622441291809082, -156.344482421875], [0.22674560546875, 0.0408172607421875, 0.316192626953125, -0.9202728271484375]
1418050, 1424.039306640625, [1000.0, 91.0, 493.0, 56.0, 184.0, 48.0, 159.0, 61.0, 69.0, 1000.0, 0.0, 750.0, 0.0, 1000.0, 983.0, 999.0, 999.0, 999.0, 999.0, 626.0, 663.0, 0.0, 0.0], [-17.995628356933594, -7.23036003112793, -17.690784454345703], [0.97247314453125, -0.1638031005859375, -0.03753662109375, -0.16131591796875], [-35.11909866333008, 12.392440795898438, -156.3515625], [0.2260894775390625, 0.0392608642578125, 0.3146514892578125, -0.9210357666015625]
1418110, 1424.099609375, [1000.0, 91.0, 492.0, 55.0, 182.0, 47.0, 156.0, 59.0, 69.0, 1000.0, 0.0, 750.0, 0.0, 666.0, 984.0, 999.0, 999.0, 999.0, 999.0, 627.0, 663.0, 0.0, 0.0], [-17.863452911376953, -7.404245853424072, -17.66112518310547], [0.9725799560546875, -0.1628875732421875, -0.03924560546875, -0.1612396240234375], [-34.540592193603516, 12.635217666625977, -156.30245971679688], [0.2268524169921875, 0.0422515869140625, 0.31036376953125, -0.92218017578125]
1418160, 1424.149658203125, [1000.0, 91.0, 490.0, 55.0, 181.0, 47.0, 155.0, 60.0, 69.0, 1000.0, 0.0, 750.0, 0.0, 666.0, 984.0, 999.0, 999.0, 999.0, 999.0, 629.0, 662.0, 0.0, 0.0], [-17.862974166870117, -7.410826206207275, -17.60442543029785], [0.97265625, -0.162872314453125, -0.0393829345703125, -0.1607666015625], [-34.475669860839844, 12.28848934173584, -156.3146514892578], [0.225921630859375, 0.039581298828125, 0.3093414306640625, -0.9228668212890625]
1418210, 1424.20947265625, [1000.0, 91.0, 491.0, 55.0, 179.0, 46.0, 155.0, 60.0, 69.0, 1000.0, 0.0, 750.0, 0.0, 666.0, 984.0, 999.0, 999.0, 999.0, 999.0, 630.0, 662.0, 0.0, 0.0], [-17.908584594726562, -7.420375347137451, -17.509483337402344], [0.97271728515625, -0.163238525390625, -0.0395355224609375, -0.1599884033203125], [-34.76728057861328, 12.05490493774414, -156.363037109375], [0.2250823974609375, 0.0372314453125, 0.31134033203125, -0.9225006103515625]
1418270, 1424.2596435546875, [1000.0, 91.0, 490.0, 55.0, 178.0, 46.0, 155.0, 60.0, 68.0, 1000.0, 0.0, 750.0, 0.0, 666.0, 984.0, 999.0, 999.0, 999.0, 999.0, 631.0, 660.0, 0.0, 0.0], [-17.950016021728516, -7.413779258728027, -17.440399169921875], [0.9727630615234375, -0.1635589599609375, -0.039520263671875, -0.1594085693359375], [-34.985374450683594, 12.077781677246094, -156.4125213623047], [0.2248077392578125, 0.0371246337890625, 0.3131103515625, -0.921966552734375]
1418280, 1424.3094482421875, [1000.0, 91.0, 490.0, 55.0, 178.0, 45.0, 154.0, 60.0, 68.0, 1000.0, 0.0, 1000.0, 0.0, 666.0, 983.0, 999.0, 999.0, 999.0, 999.0, 632.0, 660.0, 0.0, 0.0], [-17.958358764648438, -7.396984100341797, -17.428218841552734], [0.9727783203125, -0.163604736328125, -0.0393829345703125, -0.1592864990234375], [-34.962799072265625, 12.074199676513672, -156.4069366455078], [0.2248382568359375, 0.0371246337890625, 0.31292724609375, -0.922027587890625]
1418320, 1424.3194580078125, [1000.0, 91.0, 490.0, 54.0, 177.0, 45.0, 153.0, 59.0, 68.0, 1000.0, 0.0, 750.0, 0.0, 1000.0, 983.0, 999.0, 999.0, 999.0, 999.0, 633.0, 660.0, 0.0, 0.0], [-18.032241821289062, -7.326582908630371, -17.363941192626953], [0.972808837890625, -0.16412353515625, -0.0387725830078125, -0.1586761474609375], [-34.904117584228516, 12.057031631469727, -156.3824920654297], [0.2249755859375, 0.0370330810546875, 0.31243896484375, -0.9221649169921875]
1418370, 1424.36962890625, [1000.0, 91.0, 485.0, 54.0, 176.0, 44.0, 151.0, 57.0, 68.0, 1000.0, 0.0, 750.0, 0.0, 666.0, 984.0, 999.0, 999.0, 999.0, 999.0, 633.0, 660.0, 0.0, 0.0], [-18.03883934020996, -7.40109395980835, -17.289493560791016], [0.9728546142578125, -0.16424560546875, -0.0395050048828125, -0.15814208984375], [-34.869022369384766, 12.148849487304688, -156.3735809326172], [0.225250244140625, 0.0378265380859375, 0.312286376953125, -0.9221038818359375]
1418410, 1424.4195556640625, [1000.0, 91.0, 483.0, 54.0, 175.0, 44.0, 151.0, 57.0, 67.0, 1000.0, 0.0, 750.0, 0.0, 666.0, 984.0, 999.0, 999.0, 999.0, 999.0, 634.0, 660.0, 0.0, 0.0], [-18.001169204711914, -7.449857711791992, -17.25333023071289], [0.9729156494140625, -0.163970947265625, -0.0400238037109375, -0.1578826904296875], [-34.89877700805664, 12.029364585876465, -156.39451599121094], [0.2248077392578125, 0.0368499755859375, 0.312347412109375, -0.9222259521484375]
1418430, 1424.4298095703125, [1000.0, 91.0, 486.0, 54.0, 175.0, 44.0, 150.0, 57.0, 67.0, 1000.0, 0.0, 750.0, 0.0, 1000.0, 984.0, 999.0, 999.0, 999.0, 999.0, 634.0, 659.0, 0.0, 0.0], [-17.97930908203125, -7.5001654624938965, -17.22171401977539], [0.9729461669921875, -0.1638336181640625, -0.04052734375, -0.1576690673828125], [-34.858665466308594, 12.080556869506836, -156.3913116455078], [0.224945068359375, 0.0373382568359375, 0.312103271484375, -0.922271728515625]
1418480, 1424.4794921875, [1000.0, 91.0, 485.0, 54.0, 174.0, 44.0, 149.0, 55.0, 67.0, 1000.0, 0.0, 750.0, 0.0, 1000.0, 984.0, 999.0, 999.0, 999.0, 999.0, 634.0, 658.0, 0.0, 0.0], [-17.927318572998047, -7.505599021911621, -17.15468406677246], [0.973114013671875, -0.1633758544921875, -0.040740966796875, -0.1570892333984375], [-34.49790573120117, 12.226093292236328, -156.34457397460938], [0.2255401611328125, 0.0391082763671875, 0.309417724609375, -0.922943115234375]
1418540, 1424.529541015625, [1000.0, 91.0, 486.0, 53.0, 172.0, 43.0, 149.0, 56.0, 66.0, 1000.0, 0.0, 750.0, 0.0, 1000.0, 984.0, 999.0, 999.0, 999.0, 999.0, 635.0, 657.0, 0.0, 0.0], [-17.80337142944336, -7.433079719543457, -17.01068115234375], [0.973541259765625, -0.1621856689453125, -0.040496826171875, -0.155731201171875], [-34.67388153076172, 12.176433563232422, -156.40786743164062], [0.2249755859375, 0.0385284423828125, 0.3107452392578125, -0.92266845703125]
1418590, 1424.589599609375, [1000.0, 91.0, 481.0, 53.0, 172.0, 43.0, 148.0, 55.0, 66.0, 1000.0, 0.0, 750.0, 0.0, 666.0, 985.0, 999.0, 999.0, 999.0, 999.0, 635.0, 657.0, 0.0, 0.0], [-17.856975555419922, -7.572378158569336, -16.81734275817871], [0.9736175537109375, -0.1627349853515625, -0.0418853759765625, -0.1542816162109375], [-32.35402297973633, 11.746150970458984, -155.8056182861328], [0.22808837890625, 0.0380096435546875, 0.2915802001953125, -0.92816162109375]
1418640, 1424.6396484375, [1000.0, 91.0, 482.0, 53.0, 171.0, 42.0, 147.0, 55.0, 65.0, 1000.0, 0.0, 750.0, 0.0, 1000.0, 985.0, 999.0, 999.0, 999.0, 999.0, 635.0, 657.0, 0.0, 0.0], [-17.751325607299805, -7.706594467163086, -16.63701629638672], [0.973907470703125, -0.16192626953125, -0.043426513671875, -0.1528778076171875], [-34.35756301879883, 12.1361665725708, -156.10076904296875], [0.2272491455078125, 0.037994384765625, 0.3082427978515625, -0.9229736328125]
1418700, 1424.699462890625, [1000.0, 90.0, 483.0, 52.0, 170.0, 42.0, 146.0, 55.0, 65.0, 1000.0, 0.0, 750.0, 0.0, 666.0, 986.0, 999.0, 999.0, 999.0, 999.0, 635.0, 656.0, 0.0, 0.0], [-17.699960708618164, -7.905444145202637, -16.42715072631836], [0.9741058349609375, -0.1616363525390625, -0.0454864501953125, -0.1513214111328125], [-31.44892120361328, 12.953946113586426, -155.44766235351562], [0.2332305908203125, 0.0488433837890625, 0.2862091064453125, -0.9280548095703125]
1418750, 1424.74951171875, [1000.0, 90.0, 481.0, 53.0, 170.0, 41.0, 146.0, 55.0, 64.0, 1000.0, 0.0, 750.0, 0.0, 1000.0, 998.0, 999.0, 999.0, 999.0, 999.0, 626.0, 658.0, 0.0, 0.0], [-19.792348861694336, -5.965084552764893, -16.731266021728516], [0.972015380859375, -0.1772613525390625, -0.0257415771484375, -0.1519775390625], [-33.16270446777344, 14.041332244873047, -156.1097869873047], [0.2310028076171875, 0.0559844970703125, 0.3013458251953125, -0.92340087890625]
1418810, 1424.809326171875, [1000.0, 91.0, 489.0, 61.0, 169.0, 51.0, 148.0, 54.0, 77.0, 1000.0, 0.0, 750.0, 0.0, 1000.0, 993.0, 999.0, 999.0, 999.0, 999.0, 593.0, 666.0, 0.0, 0.0], [-22.308849334716797, -1.268049716949463, -19.548376083374023], [0.9664306640625, -0.192474365234375, 0.0221405029296875, -0.1686553955078125], [-34.279022216796875, 16.85687255859375, -156.64846801757812], [0.2335968017578125, 0.0781707763671875, 0.3138275146484375, -0.916961669921875]
1418860, 1424.85986328125, [1000.0, 91.0, 506.0, 65.0, 171.0, 57.0, 156.0, 55.0, 86.0, 1000.0, 0.0, 750.0, 0.0, 1000.0, 987.0, 999.0, 999.0, 999.0, 999.0, 579.0, 664.0, 0.0, 0.0], [-24.759033203125, 2.489351511001587, -20.560871124267578], [0.961669921875, -0.2071075439453125, 0.0591278076171875, -0.1696929931640625], [-36.477962493896484, 20.7835693359375, -157.54364013671875], [0.237274169921875, 0.10809326171875, 0.3353118896484375, -0.905303955078125]
1418910, 1424.9095458984375, [1000.0, 91.0, 518.0, 65.0, 175.0, 59.0, 170.0, 54.0, 90.0, 1000.0, 0.0, 750.0, 0.0, 1000.0, 971.0, 999.0, 999.0, 999.0, 999.0, 568.0, 664.0, 0.0, 0.0], [-24.584617614746094, 6.929075241088867, -21.868871688842773], [0.9600067138671875, -0.19744873046875, 0.0982818603515625, -0.17236328125], [-34.47529983520508, 24.106170654296875, -156.8463592529297], [0.2480621337890625, 0.1372222900390625, 0.3239288330078125, -0.9026031494140625]
1418970, 1424.9696044921875, [1000.0, 92.0, 529.0, 64.0, 181.0, 55.0, 193.0, 55.0, 92.0, 1000.0, 0.0, 750.0, 0.0, 666.0, 970.0, 999.0, 999.0, 999.0, 999.0, 548.0, 656.0, 0.0, 0.0], [-26.20064926147461, 11.088717460632324, -23.21863555908203], [0.9539794921875, -0.2020416259765625, 0.1375732421875, -0.1736297607421875], [-35.4594612121582, 28.235828399658203, -156.9753875732422], [0.25714111328125, 0.1687164306640625, 0.33575439453125, -0.89031982421875]
1419020, 1425.019775390625, [1000.0, 93.0, 531.0, 63.0, 191.0, 53.0, 213.0, 60.0, 94.0, 1000.0, 0.0, 750.0, 0.0, 666.0, 961.0, 999.0, 999.0, 999.0, 999.0, 536.0, 654.0, 0.0, 0.0], [-30.042539596557617, 12.796612739562988, -24.221105575561523], [0.9445037841796875, -0.229248046875, 0.159271240234375, -0.173126220703125], [-39.3624153137207, 31.113422393798828, -158.00904846191406], [0.2616729736328125, 0.186004638671875, 0.3666534423828125, -0.873199462890625]
1419080, 1425.0794677734375, [1000.0, 93.0, 521.0, 63.0, 221.0, 53.0, 241.0, 60.0, 96.0, 1000.0, 0.0, 1000.0, 0.0, 1000.0, 953.0, 999.0, 999.0, 999.0, 999.0, 508.0, 654.0, 0.0, 0.0], [-36.68903732299805, 14.695802688598633, -25.70014190673828], [0.9267578125, -0.2773284912109375, 0.187774658203125, -0.1701202392578125], [-43.517921447753906, 33.282020568847656, -159.44549560546875], [0.263214111328125, 0.198333740234375, 0.3969268798828125, -0.85662841796875]
1419130, 1425.1295166015625, [1000.0, 92.0, 515.0, 61.0, 237.0, 57.0, 252.0, 59.0, 94.0, 1000.0, 0.0, 750.0, 0.0, 666.0, 959.0, 999.0, 999.0, 999.0, 999.0, 481.0, 663.0, 0.0, 0.0], [-40.85637664794922, 15.138153076171875, -26.533342361450195], [0.9146881103515625, -0.3084259033203125, 0.1995391845703125, -0.168426513671875], [-46.29002380371094, 34.15968322753906, -161.1260223388672], [0.25799560546875, 0.204803466796875, 0.4149169921875, -0.8481292724609375]
1419180, 1425.1795654296875, [1000.0, 93.0, 503.0, 58.0, 235.0, 51.0, 245.0, 62.0, 91.0, 1000.0, 0.0, 1000.0, 0.0, 666.0, 950.0, 999.0, 999.0, 999.0, 999.0, 457.0, 677.0, 0.0, 0.0], [-44.41299057006836, 15.024799346923828, -26.50176239013672], [0.904754638671875, -0.33697509765625, 0.203704833984375, -0.16229248046875], [-49.37421798706055, 34.486083984375, -162.62998962402344], [0.25341796875, 0.2060089111328125, 0.4349822998046875, -0.839111328125]
1419240, 1425.2398681640625, [1000.0, 93.0, 485.0, 54.0, 232.0, 43.0, 236.0, 61.0, 93.0, 1000.0, 0.0, 750.0, 0.0, 1000.0, 937.0, 999.0, 999.0, 999.0, 999.0, 434.0, 698.0, 0.0, 0.0], [-47.83225631713867, 15.84904956817627, -26.911663055419922], [0.8935546875, -0.361175537109375, 0.21600341796875, -0.1563262939453125], [-52.05150604248047, 33.90626525878906, -164.41259765625], [0.243316650390625, 0.2026824951171875, 0.45135498046875, -0.8342437744140625]
1419290, 1425.289794921875, [1000.0, 93.0, 471.0, 50.0, 228.0, 35.0, 205.0, 34.0, 88.0, 1000.0, 0.0, 750.0, 0.0, 666.0, 937.0, 999.0, 999.0, 999.0, 999.0, 417.0, 710.0, 0.0, 0.0], [-50.95703125, 15.956536293029785, -27.833011627197266], [0.882110595703125, -0.38336181640625, 0.2240753173828125, -0.1570587158203125], [-55.97124481201172, 33.333187103271484, -166.3239288330078], [0.234344482421875, 0.19793701171875, 0.4764862060546875, -0.82391357421875]
1419350, 1425.349853515625, [1000.0, 92.0, 453.0, 49.0, 247.0, 30.0, 184.0, 15.0, 80.0, 1000.0, 0.0, 750.0, 0.0, 1000.0, 936.0, 999.0, 999.0, 999.0, 999.0, 401.0, 717.0, 0.0, 0.0], [-55.60503387451172, 16.838747024536133, -30.15428924560547], [0.8626556396484375, -0.4118194580078125, 0.2450714111328125, -0.1616668701171875], [-60.22272491455078, 32.346534729003906, -168.46929931640625], [0.2224884033203125, 0.1913299560546875, 0.5035858154296875, -0.81256103515625]
1419400, 1425.3997802734375, [1000.0, 91.0, 494.0, 47.0, 316.0, 29.0, 221.0, 13.0, 75.0, 1000.0, 0.0, 750.0, 0.0, 666.0, 934.0, 999.0, 999.0, 999.0, 999.0, 388.0, 725.0, 0.0, 0.0], [-57.94300079345703, 16.27743148803711, -32.52920150756836], [0.8505859375, -0.4256134033203125, 0.2531890869140625, -0.176727294921875], [-63.04457092285156, 31.340919494628906, -169.95120239257812], [0.212554931640625, 0.185272216796875, 0.5216217041015625, -0.8052215576171875]
1419450, 1425.449462890625, [1000.0, 90.0, 613.0, 57.0, 467.0, 37.0, 334.0, 12.0, 70.0, 1000.0, 0.0, 750.0, 0.0, 1000.0, 937.0, 999.0, 999.0, 999.0, 999.0, 378.0, 727.0, 0.0, 0.0], [-59.63453674316406, 15.660717964172363, -34.129920959472656], [0.841552734375, -0.43621826171875, 0.2575531005859375, -0.187469482421875], [-64.4044418334961, 30.4936466217041, -170.42823791503906], [0.207763671875, 0.1788482666015625, 0.530914306640625, -0.8018341064453125]
1419510, 1425.509521484375, [1000.0, 101.0, 820.0, 55.0, 751.0, 55.0, 642.0, 14.0, 73.0, 1000.0, 0.0, 750.0, 0.0, 666.0, 929.0, 999.0, 999.0, 999.0, 999.0, 366.0, 720.0, 0.0, 0.0], [-60.42715835571289, 16.51235008239746, -36.1777229309082], [0.835357666015625, -0.4348602294921875, 0.2725830078125, -0.19683837890625], [-66.02484893798828, 29.774871826171875, -170.81568908691406], [0.20440673828125, 0.1725921630859375, 0.542083740234375, -0.7965850830078125]
1419560, 1425.5596923828125, [1000.0, 101.0, 906.0, 56.0, 867.0, 69.0, 827.0, 15.0, 130.0, 1000.0, 0.0, 750.0, 0.0, 666.0, 866.0, 999.0, 527.0, 999.0, 999.0, 355.0, 717.0, 0.0, 0.0], [-61.4854736328125, 18.178943634033203, -37.87853240966797], [0.8289337158203125, -0.4333648681640625, 0.2922515869140625, -0.199066162109375], [-69.39956665039062, 28.86246681213379, -172.24276733398438], [0.195404052734375, 0.1671295166015625, 0.56390380859375, -0.7847747802734375]
1419610, 1425.609619140625, [1000.0, 100.0, 924.0, 56.0, 892.0, 78.0, 874.0, 16.0, 413.0, 1000.0, 0.0, 1000.0, 0.0, 666.0, 813.0, 999.0, 254.0, 999.0, 999.0, 347.0, 720.0, 0.0, 0.0], [-61.74225616455078, 18.791662216186523, -38.31268310546875], [0.827392578125, -0.4322052001953125, 0.2984771728515625, -0.1987457275390625], [-69.74024200439453, 30.232515335083008, -171.86297607421875], [0.2049102783203125, 0.17425537109375, 0.5657196044921875, -0.77947998046875]
1419670, 1425.6697998046875, [1000.0, 99.0, 924.0, 60.0, 908.0, 87.0, 902.0, 16.0, 747.0, 1000.0, 0.0, 1000.0, 0.0, 666.0, 989.0, 999.0, 204.0, 999.0, 999.0, 337.0, 727.0, 0.0, 0.0], [-62.88053894042969, 19.304828643798828, -37.650611877441406], [0.8243255615234375, -0.4405517578125, 0.30133056640625, -0.188629150390625], [-72.60472869873047, 26.501922607421875, -172.6396942138672], [0.1857757568359375, 0.1473541259765625, 0.586944580078125, -0.77410888671875]
1419720, 1425.7197265625, [1000.0, 98.0, 921.0, 64.0, 909.0, 92.0, 909.0, 16.0, 801.0, 1000.0, 0.0, 1000.0, 0.0, 1000.0, 999.0, 999.0, 208.0, 999.0, 991.0, 331.0, 731.0, 0.0, 0.0], [-62.51729202270508, 19.912612915039062, -36.67996597290039], [0.8274078369140625, -0.4386138916015625, 0.3011016845703125, -0.1797637939453125], [-71.6341323852539, 27.763761520385742, -171.98304748535156], [0.1950836181640625, 0.15435791015625, 0.5803070068359375, -0.77545166015625]
1419780, 1425.779541015625, [1000.0, 97.0, 918.0, 63.0, 908.0, 97.0, 918.0, 16.0, 844.0, 1000.0, 0.0, 750.0, 0.0, 666.0, 999.0, 999.0, 244.0, 999.0, 922.0, 326.0, 732.0, 0.0, 0.0], [-62.06177520751953, 22.23288917541504, -35.25718688964844], [0.8314208984375, -0.432037353515625, 0.310638427734375, -0.159912109375], [-70.56954956054688, 29.996397018432617, -171.18197631835938], [0.20965576171875, 0.167724609375, 0.572540283203125, -0.7746429443359375]
1419830, 1425.82958984375, [1000.0, 96.0, 917.0, 64.0, 902.0, 103.0, 914.0, 16.0, 853.0, 1000.0, 0.0, 1000.0, 0.0, 1000.0, 999.0, 999.0, 269.0, 999.0, 926.0, 322.0, 731.0, 0.0, 0.0], [-61.07595443725586, 24.383451461791992, -33.50939178466797], [0.8370513916015625, -0.423126220703125, 0.3173370361328125, -0.1399383544921875], [-68.87339782714844, 32.383880615234375, -169.99990844726562], [0.2261199951171875, 0.1817779541015625, 0.56103515625, -0.7752685546875]
1419880, 1425.87939453125, [1000.0, 96.0, 912.0, 64.0, 893.0, 109.0, 903.0, 18.0, 850.0, 1000.0, 0.0, 750.0, 0.0, 1000.0, 999.0, 999.0, 330.0, 999.0, 871.0, 318.0, 731.0, 0.0, 0.0], [-59.92319869995117, 26.278688430786133, -31.443265914916992], [0.842864990234375, -0.4147796630859375, 0.32135009765625, -0.11932373046875], [-67.4134521484375, 34.843536376953125, -168.8355255126953], [0.2425689697265625, 0.196380615234375, 0.5511932373046875, -0.7737884521484375]
1419940, 1425.939697265625, [1000.0, 95.0, 906.0, 62.0, 883.0, 116.0, 891.0, 20.0, 844.0, 1000.0, 0.0, 750.0, 0.0, 666.0, 999.0, 999.0, 372.0, 999.0, 888.0, 315.0, 731.0, 0.0, 0.0], [-59.02513122558594, 28.458189010620117, -29.402650833129883], [0.846649169921875, -0.4075775146484375, 0.3280792236328125, -0.096954345703125], [-66.11354064941406, 37.777488708496094, -167.51031494140625], [0.2617950439453125, 0.2135772705078125, 0.54254150390625, -0.769073486328125]
1419990, 1425.9896240234375, [1000.0, 94.0, 906.0, 64.0, 877.0, 122.0, 886.0, 21.0, 839.0, 1000.0, 0.0, 750.0, 0.0, 666.0, 999.0, 999.0, 358.0, 999.0, 859.0, 312.0, 729.0, 0.0, 0.0], [-58.725101470947266, 29.99942970275879, -28.261821746826172], [0.8473358154296875, -0.4042205810546875, 0.3343658447265625, -0.08245849609375], [-65.59959411621094, 40.13151931762695, -166.88388061523438], [0.274810791015625, 0.2283935546875, 0.538421630859375, -0.7631378173828125]
1420050, 1426.0496826171875, [1000.0, 94.0, 903.0, 76.0, 871.0, 131.0, 881.0, 22.0, 838.0, 1000.0, 0.0, 750.0, 0.0, 1000.0, 999.0, 999.0, 404.0, 999.0, 858.0, 309.0, 728.0, 0.0, 0.0], [-59.49420166015625, 31.276195526123047, -27.449270248413086], [0.84393310546875, -0.40863037109375, 0.3407135009765625, -0.0684356689453125], [-66.11747741699219, 42.65879821777344, -166.7151336669922], [0.287384033203125, 0.2440185546875, 0.53997802734375, -0.75250244140625]
1420100, 1426.099609375, [1000.0, 93.0, 900.0, 69.0, 868.0, 134.0, 876.0, 23.0, 826.0, 1000.0, 0.0, 750.0, 0.0, 1000.0, 999.0, 999.0, 425.0, 999.0, 921.0, 307.0, 727.0, 0.0, 0.0], [-60.55487060546875, 31.690521240234375, -27.024028778076172], [0.839935302734375, -0.41650390625, 0.34259033203125, -0.0602569580078125], [-67.30962371826172, 44.34933090209961, -167.00784301757812], [0.2950286865234375, 0.25408935546875, 0.545440673828125, -0.7422027587890625]
1420130, 1426.149658203125, [1000.0, 93.0, 897.0, 67.0, 866.0, 136.0, 873.0, 24.0, 820.0, 1000.0, 0.0, 750.0, 0.0, 666.0, 999.0, 999.0, 446.0, 999.0, 943.0, 307.0, 727.0, 0.0, 0.0], [-61.395050048828125, 31.973468780517578, -26.98616600036621], [0.8365936279296875, -0.4219512939453125, 0.34478759765625, -0.05615234375], [-68.08605194091797, 45.25334167480469, -167.26385498046875], [0.2988739013671875, 0.2595062255859375, 0.54888916015625, -0.7362213134765625]
1420150, 1426.1595458984375, [1000.0, 93.0, 895.0, 65.0, 863.0, 137.0, 870.0, 24.0, 813.0, 1000.0, 0.0, 750.0, 0.0, 1000.0, 999.0, 999.0, 463.0, 999.0, 991.0, 306.0, 726.0, 0.0, 0.0], [-61.866268157958984, 32.0537109375, -26.97678565979004], [0.83477783203125, -0.4251861572265625, 0.34552001953125, -0.054290771484375], [-68.57091522216797, 45.820465087890625, -167.49728393554688], [0.3008575439453125, 0.2632293701171875, 0.550811767578125, -0.7326507568359375]
1420210, 1426.209716796875, [1000.0, 92.0, 890.0, 65.0, 858.0, 139.0, 862.0, 25.0, 796.0, 1000.0, 0.0, 750.0, 0.0, 666.0, 999.0, 999.0, 547.0, 999.0, 999.0, 304.0, 724.0, 0.0, 0.0], [-63.08401870727539, 31.848325729370117, -26.84401512145996], [0.830474853515625, -0.435028076171875, 0.344207763671875, -0.050628662109375], [-70.14044952392578, 47.2636604309082, -168.3197784423828], [0.305419921875, 0.2728118896484375, 0.557037353515625, -0.72247314453125]
1420260, 1426.259521484375, [1000.0, 92.0, 885.0, 65.0, 853.0, 141.0, 855.0, 26.0, 790.0, 1000.0, 0.0, 750.0, 0.0, 1000.0, 999.0, 999.0, 709.0, 999.0, 999.0, 302.0, 720.0, 0.0, 0.0], [-65.08940887451172, 32.698875427246094, -27.514665603637695], [0.821685791015625, -0.4449615478515625, 0.353240966796875, -0.0452728271484375], [-70.73139190673828, 48.351654052734375, -168.85543823242188], [0.3081512451171875, 0.2811126708984375, 0.557952880859375, -0.7174072265625]
1420320, 1426.319580078125, [1000.0, 91.0, 874.0, 66.0, 846.0, 148.0, 845.0, 29.0, 784.0, 1000.0, 0.0, 750.0, 0.0, 1000.0, 999.0, 999.0, 819.0, 999.0, 999.0, 300.0, 715.0, 0.0, 0.0], [-67.50425720214844, 34.15723419189453, -29.052806854248047], [0.8102874755859375, -0.4528656005859375, 0.3695831298828125, -0.0413970947265625], [-70.26348114013672, 49.3792724609375, -168.9770965576172], [0.3106231689453125, 0.2898101806640625, 0.5532379150390625, -0.7165374755859375]
1420370, 1426.3695068359375, [1000.0, 91.0, 872.0, 69.0, 842.0, 152.0, 838.0, 31.0, 781.0, 1000.0, 0.0, 750.0, 0.0, 666.0, 999.0, 999.0, 764.0, 999.0, 999.0, 299.0, 712.0, 0.0, 0.0], [-67.62256622314453, 34.35895919799805, -29.455549240112305], [0.8094940185546875, -0.4517669677734375, 0.37249755859375, -0.0428466796875], [-69.70442199707031, 50.30515670776367, -168.84445190429688], [0.313934326171875, 0.2968597412109375, 0.5487213134765625, -0.7156829833984375]
1420420, 1426.4295654296875, [1000.0, 91.0, 872.0, 70.0, 840.0, 153.0, 834.0, 32.0, 776.0, 1000.0, 0.0, 750.0, 0.0, 1000.0, 999.0, 999.0, 731.0, 999.0, 999.0, 298.0, 710.0, 0.0, 8.0], [-67.37346649169922, 34.15520095825195, -29.237545013427734], [0.8107452392578125, -0.45135498046875, 0.3702545166015625, -0.0431365966796875], [-69.84477233886719, 51.11930847167969, -168.863037109375], [0.317596435546875, 0.301971435546875, 0.5483245849609375, -0.71221923828125]
1420480, 1426.4796142578125, [1000.0, 91.0, 871.0, 71.0, 838.0, 152.0, 831.0, 32.0, 771.0, 1000.0, 0.0, 750.0, 0.0, 666.0, 999.0, 999.0, 722.0, 999.0, 999.0, 297.0, 709.0, 0.0, 12.0], [-65.57371520996094, 32.1500244140625, -27.750961303710938], [0.8201904296875, -0.4493255615234375, 0.35076904296875, -0.04815673828125], [-70.34036254882812, 51.193450927734375, -169.0376739501953], [0.3181304931640625, 0.3019256591796875, 0.5508270263671875, -0.7100677490234375]
1420530, 1426.53955078125, [1000.0, 90.0, 870.0, 72.0, 837.0, 152.0, 830.0, 33.0, 768.0, 1000.0, 0.0, 750.0, 0.0, 666.0, 999.0, 999.0, 739.0, 999.0, 999.0, 296.0, 708.0, 0.0, 15.0], [-64.77056884765625, 31.113733291625977, -27.052547454833984], [0.824554443359375, -0.448699951171875, 0.34088134765625, -0.0506134033203125], [-69.97798919677734, 51.798255920410156, -168.66114807128906], [0.3220367431640625, 0.3051300048828125, 0.54864501953125, -0.7086181640625]
1420590, 1426.5894775390625, [1000.0, 90.0, 869.0, 73.0, 836.0, 151.0, 829.0, 34.0, 764.0, 1000.0, 0.0, 750.0, 0.0, 666.0, 999.0, 999.0, 750.0, 999.0, 999.0, 294.0, 706.0, 0.0, 15.0], [-63.4489631652832, 31.0833740234375, -26.014162063598633], [0.8301544189453125, -0.4423065185546875, 0.3360748291015625, -0.0471649169921875], [-69.20104217529297, 52.822410583496094, -168.09820556640625], [0.3276519775390625, 0.311431884765625, 0.543792724609375, -0.7070465087890625]
1420640, 1426.6397705078125, [1000.0, 90.0, 869.0, 74.0, 835.0, 151.0, 828.0, 35.0, 763.0, 1000.0, 0.0, 750.0, 0.0, 666.0, 999.0, 999.0, 739.0, 999.0, 999.0, 294.0, 704.0, 0.0, 14.0], [-63.44015884399414, 31.293970108032227, -25.874958038330078], [0.830047607421875, -0.4420623779296875, 0.336944580078125, -0.0451812744140625], [-68.75736236572266, 53.01948165893555, -167.78526306152344], [0.3291778564453125, 0.312530517578125, 0.5416107177734375, -0.7075347900390625]
1420690, 1426.6995849609375, [1000.0, 90.0, 868.0, 75.0, 834.0, 151.0, 827.0, 35.0, 760.0, 1000.0, 0.0, 1000.0, 0.0, 666.0, 999.0, 999.0, 709.0, 999.0, 999.0, 293.0, 704.0, 0.0, 14.0], [-63.37344741821289, 31.363889694213867, -25.58203125], [0.830352783203125, -0.4422454833984375, 0.3362579345703125, -0.0429229736328125], [-68.83124542236328, 52.587100982666016, -167.84754943847656], [0.327239990234375, 0.3097381591796875, 0.54254150390625, -0.7089385986328125]
1420720, 1426.74951171875, [1000.0, 89.0, 868.0, 75.0, 834.0, 151.0, 827.0, 35.0, 759.0, 1000.0, 0.0, 750.0, 0.0, 666.0, 999.0, 999.0, 703.0, 999.0, 999.0, 292.0, 703.0, 0.0, 15.0], [-63.2751579284668, 31.461708068847656, -25.338947296142578], [0.830718994140625, -0.4419708251953125, 0.3359375, -0.040985107421875], [-70.36126708984375, 52.60350799560547, -169.07443237304688], [0.323883056640625, 0.31134033203125, 0.5486297607421875, -0.705078125]
1420750, 1426.7593994140625, [1000.0, 89.0, 867.0, 75.0, 833.0, 152.0, 827.0, 35.0, 758.0, 1000.0, 0.0, 750.0, 0.0, 666.0, 999.0, 999.0, 684.0, 999.0, 999.0, 292.0, 702.0, 0.0, 15.0], [-63.20079803466797, 31.39580726623535, -25.139602661132812], [0.831146240234375, -0.44219970703125, 0.3347015380859375, -0.040069580078125], [-69.21726989746094, 53.08652114868164, -168.16665649414062], [0.3283538818359375, 0.3134613037109375, 0.543304443359375, -0.706207275390625]
1420800, 1426.809814453125, [1000.0, 89.0, 867.0, 75.0, 833.0, 152.0, 826.0, 36.0, 758.0, 1000.0, 0.0, 750.0, 0.0, 666.0, 999.0, 999.0, 672.0, 999.0, 999.0, 291.0, 702.0, 0.0, 15.0], [-63.034793853759766, 31.368398666381836, -24.731279373168945], [0.8319549560546875, -0.4422607421875, 0.3328857421875, -0.0377197265625], [-69.39937591552734, 53.50590896606445, -168.3074951171875], [0.3296966552734375, 0.316375732421875, 0.5433807373046875, -0.7042083740234375]
1420850, 1426.859619140625, [1000.0, 89.0, 867.0, 76.0, 832.0, 152.0, 825.0, 36.0, 758.0, 1000.0, 0.0, 750.0, 0.0, 666.0, 999.0, 999.0, 670.0, 999.0, 999.0, 290.0, 701.0, 0.0, 14.0], [-62.74988555908203, 31.716264724731445, -24.3323974609375], [0.8328094482421875, -0.440399169921875, 0.3336029052734375, -0.0340118408203125], [-68.45219421386719, 53.59725570678711, -167.5388641357422], [0.332183837890625, 0.3160858154296875, 0.5395355224609375, -0.7061309814453125]
1420910, 1426.91943359375, [1000.0, 89.0, 866.0, 76.0, 831.0, 153.0, 825.0, 37.0, 758.0, 1000.0, 0.0, 750.0, 0.0, 1000.0, 999.0, 999.0, 662.0, 999.0, 999.0, 289.0, 701.0, 0.0, 14.0], [-62.64591598510742, 31.854907989501953, -24.021427154541016], [0.8331451416015625, -0.4401702880859375, 0.33331298828125, -0.031402587890625], [-68.82423400878906, 53.55226135253906, -167.77540588378906], [0.331573486328125, 0.315826416015625, 0.5412445068359375, -0.705230712890625]
1420960, 1426.969970703125, [1000.0, 89.0, 865.0, 76.0, 830.0, 153.0, 825.0, 37.0, 757.0, 1000.0, 0.0, 750.0, 0.0, 666.0, 999.0, 999.0, 675.0, 999.0, 999.0, 288.0, 700.0, 0.0, 11.0], [-62.7850456237793, 31.7757511138916, -23.881032943725586], [0.832733154296875, -0.441802978515625, 0.332275390625, -0.0303497314453125], [-69.4695053100586, 53.125267028808594, -168.32643127441406], [0.328216552734375, 0.313751220703125, 0.5443572998046875, -0.705322265625]
1421020, 1427.029541015625, [1000.0, 89.0, 864.0, 76.0, 830.0, 152.0, 824.0, 38.0, 756.0, 1000.0, 0.0, 750.0, 0.0, 666.0, 999.0, 999.0, 664.0, 999.0, 999.0, 288.0, 700.0, 0.0, 9.0], [-63.17953109741211, 31.59637451171875, -23.768407821655273], [0.8314361572265625, -0.4454803466796875, 0.3307342529296875, -0.02923583984375], [-69.29065704345703, 53.072906494140625, -168.11097717285156], [0.3288421630859375, 0.312896728515625, 0.5439300537109375, -0.70574951171875]
1421070, 1427.07958984375, [1000.0, 89.0, 864.0, 76.0, 829.0, 153.0, 824.0, 38.0, 756.0, 1000.0, 0.0, 750.0, 0.0, 666.0, 999.0, 999.0, 669.0, 999.0, 999.0, 287.0, 699.0, 0.0, 8.0], [-63.21794509887695, 31.61233139038086, -23.463851928710938], [0.8313446044921875, -0.44659423828125, 0.3296661376953125, -0.0268402099609375], [-69.4057846069336, 52.82865905761719, -168.1649932861328], [0.32781982421875, 0.3112030029296875, 0.54486083984375, -0.70623779296875]
1421120, 1427.1295166015625, [1000.0, 89.0, 864.0, 77.0, 829.0, 153.0, 823.0, 38.0, 755.0, 1000.0, 0.0, 750.0, 0.0, 666.0, 999.0, 999.0, 657.0, 999.0, 999.0, 286.0, 699.0, 0.0, 8.0], [-62.83560562133789, 31.749332427978516, -22.985361099243164], [0.8327789306640625, -0.44482421875, 0.328643798828125, -0.0238189697265625], [-68.4061279296875, 52.988983154296875, -167.34608459472656], [0.330810546875, 0.3112640380859375, 0.540679931640625, -0.708038330078125]
1421180, 1427.1895751953125, [1000.0, 88.0, 863.0, 78.0, 828.0, 153.0, 823.0, 39.0, 755.0, 1000.0, 0.0, 750.0, 0.0, 1000.0, 999.0, 999.0, 652.0, 999.0, 999.0, 285.0, 698.0, 0.0, 6.0], [-62.500091552734375, 31.87784767150879, -22.42620277404785], [0.83404541015625, -0.4436492919921875, 0.3272857666015625, -0.020111083984375], [-68.57398223876953, 52.60746765136719, -167.38880920410156], [0.3294677734375, 0.308441162109375, 0.5421600341796875, -0.708770751953125]
1421230, 1427.23974609375, [1000.0, 88.0, 863.0, 78.0, 827.0, 153.0, 823.0, 39.0, 754.0, 1000.0, 0.0, 750.0, 0.0, 666.0, 999.0, 999.0, 650.0, 999.0, 999.0, 285.0, 698.0, 0.0, 6.0], [-62.19422912597656, 31.81500816345215, -21.9899959564209], [0.8353729248046875, -0.4428253173828125, 0.3251190185546875, -0.018096923828125], [-68.76231384277344, 53.0155029296875, -167.56198120117188], [0.3305511474609375, 0.311431884765625, 0.5422515869140625, -0.706878662109375]
1421290, 1427.2999267578125, [1000.0, 88.0, 862.0, 79.0, 827.0, 154.0, 822.0, 40.0, 753.0, 1000.0, 0.0, 750.0, 0.0, 666.0, 999.0, 999.0, 651.0, 999.0, 999.0, 284.0, 698.0, 0.0, 6.0], [-62.03398132324219, 31.80807876586914, -21.605365753173828], [0.8360595703125, -0.4427642822265625, 0.3235626220703125, -0.015777587890625], [-68.08949279785156, 53.00392150878906, -167.031005859375], [0.3319549560546875, 0.310791015625, 0.53955078125, -0.70855712890625]
1421340, 1427.349609375, [1000.0, 88.0, 861.0, 79.0, 826.0, 155.0, 822.0, 40.0, 752.0, 1000.0, 0.0, 750.0, 0.0, 666.0, 999.0, 999.0, 662.0, 999.0, 999.0, 284.0, 698.0, 0.0, 6.0], [-62.28180694580078, 31.811426162719727, -21.441810607910156], [0.835113525390625, -0.4450225830078125, 0.3229827880859375, -0.0138702392578125], [-69.30333709716797, 52.539894104003906, -167.9311065673828], [0.3278045654296875, 0.3084716796875, 0.5453033447265625, -0.7071075439453125]
1421390, 1427.3997802734375, [1000.0, 88.0, 861.0, 79.0, 826.0, 155.0, 822.0, 40.0, 750.0, 1000.0, 0.0, 750.0, 0.0, 666.0, 999.0, 999.0, 641.0, 999.0, 999.0, 283.0, 697.0, 0.0, 5.0], [-62.55422592163086, 31.647563934326172, -21.379484176635742], [0.834259033203125, -0.447601318359375, 0.3216552734375, -0.0134124755859375], [-69.09567260742188, 52.49489212036133, -167.7467803955078], [0.3282012939453125, 0.307891845703125, 0.544586181640625, -0.707733154296875]
1421450, 1427.4593505859375, [1000.0, 88.0, 861.0, 79.0, 825.0, 155.0, 821.0, 40.0, 749.0, 1000.0, 0.0, 750.0, 0.0, 1000.0, 999.0, 999.0, 612.0, 999.0, 999.0, 283.0, 697.0, 0.0, 5.0], [-62.655357360839844, 31.386552810668945, -21.09187889099121], [0.834197998046875, -0.449798583984375, 0.318756103515625, -0.0122528076171875], [-69.09320068359375, 52.23677062988281, -167.6666717529297], [0.32763671875, 0.3058013916015625, 0.545166015625, -0.7084503173828125]
1421500, 1427.509521484375, [1000.0, 88.0, 861.0, 79.0, 824.0, 155.0, 821.0, 41.0, 748.0, 1000.0, 0.0, 750.0, 0.0, 666.0, 999.0, 999.0, 595.0, 999.0, 999.0, 282.0, 697.0, 0.0, 5.0], [-62.622562408447266, 30.875398635864258, -20.71256446838379], [0.8349761962890625, -0.4518890380859375, 0.3137664794921875, -0.011962890625], [-69.02041625976562, 52.08721160888672, -167.5689697265625], [0.3274383544921875, 0.3045501708984375, 0.545196533203125, -0.7090606689453125]
1421560, 1427.5699462890625, [1000.0, 88.0, 861.0, 80.0, 824.0, 156.0, 821.0, 41.0, 747.0, 1000.0, 0.0, 750.0, 0.0, 1000.0, 999.0, 999.0, 591.0, 999.0, 999.0, 281.0, 696.0, 0.0, 4.0], [-62.25706100463867, 30.818349838256836, -20.340675354003906], [0.836517333984375, -0.45037841796875, 0.3118743896484375, -0.0105133056640625], [-67.94485473632812, 52.1186408996582, -166.72525024414062], [0.3299407958984375, 0.3038482666015625, 0.5407257080078125, -0.7116241455078125]
1421610, 1427.61962890625, [1000.0, 88.0, 860.0, 80.0, 824.0, 156.0, 820.0, 41.0, 746.0, 1000.0, 0.0, 750.0, 0.0, 1000.0, 999.0, 999.0, 584.0, 999.0, 999.0, 281.0, 695.0, 0.0, 4.0], [-61.824092864990234, 31.147804260253906, -19.902864456176758], [0.8378448486328125, -0.447601318359375, 0.3123931884765625, -0.0069732666015625], [-68.1563720703125, 51.805599212646484, -166.8717498779297], [0.328338623046875, 0.3018341064453125, 0.542083740234375, -0.712188720703125]
1421660, 1427.669677734375, [1000.0, 88.0, 860.0, 80.0, 824.0, 156.0, 820.0, 42.0, 746.0, 1000.0, 0.0, 750.0, 0.0, 666.0, 999.0, 999.0, 584.0, 999.0, 999.0, 280.0, 695.0, 0.0, 3.0], [-61.57790756225586, 31.19338035583496, -19.677127838134766], [0.8387603759765625, -0.4463043212890625, 0.3118133544921875, -0.0057830810546875], [-67.55628204345703, 52.073036193847656, -166.42970275878906], [0.33056640625, 0.3032684326171875, 0.539154052734375, -0.7127685546875]
1421720, 1427.7294921875, [1000.0, 88.0, 859.0, 80.0, 823.0, 156.0, 819.0, 42.0, 745.0, 1000.0, 0.0, 750.0, 0.0, 666.0, 999.0, 999.0, 585.0, 999.0, 999.0, 280.0, 695.0, 0.0, 3.0], [-61.50808334350586, 31.119462966918945, -19.47159194946289], [0.839141845703125, -0.446533203125, 0.3105010986328125, -0.0048065185546875], [-67.37845611572266, 51.97018814086914, -166.24720764160156], [0.3308258056640625, 0.3022308349609375, 0.538665771484375, -0.7134552001953125]
