206840, 207.6493682861328, [1000.0, 240.0, 319.0, 60.0, 163.0, 48.0, 131.0, 0.0, 79.0, 1000.0, 0.0, 750.0, 0.0, 1000.0, 999.0, 999.0, 999.0, 999.0, 999.0, 583.0, 659.0, 0.0, 0.0], [-20.58547019958496, -6.3503289222717285, -146.7306671142578], [0.2717437744140625, -0.1032867431640625, 0.15533447265625, -0.9441070556640625], [-29.79695701599121, 3.9345576763153076, -89.65052032470703], [0.69122314453125, -0.1588592529296875, 0.2046661376953125, -0.6745758056640625]
206850, 207.6995086669922, [1000.0, 241.0, 319.0, 60.0, 163.0, 48.0, 131.0, 0.0, 79.0, 1000.0, 0.0, 750.0, 0.0, 1000.0, 999.0, 999.0, 999.0, 999.0, 999.0, 583.0, 659.0, 0.0, 0.0], [-20.575571060180664, -6.352075099945068, -146.7240753173828], [0.2718048095703125, -0.1032867431640625, 0.155242919921875, -0.9441070556640625], [-29.791234970092773, 3.9142775535583496, -89.63981628417969], [0.6912689208984375, -0.158966064453125, 0.204498291015625, -0.674560546875]
206890, 207.70938110351562, [1000.0, 241.0, 320.0, 60.0, 163.0, 48.0, 131.0, 0.0, 79.0, 1000.0, 0.0, 750.0, 0.0, 1000.0, 999.0, 999.0, 999.0, 999.0, 999.0, 583.0, 658.0, 0.0, 0.0], [-20.453174591064453, -6.369212627410889, -146.6911163330078], [0.27215576171875, -0.103179931640625, 0.1541595458984375, -0.944183349609375], [-29.428003311157227, 3.7380058765411377, -89.59294891357422], [0.691802978515625, -0.1579132080078125, 0.2012481689453125, -0.67523193359375]
206950, 207.7595977783203, [1000.0, 241.0, 320.0, 60.0, 163.0, 48.0, 131.0, 0.0, 78.0, 1000.0, 0.0, 1000.0, 0.0, 1000.0, 999.0, 999.0, 999.0, 999.0, 999.0, 583.0, 657.0, 0.0, 0.0], [-20.446990966796875, -6.369014263153076, -146.57711791992188], [0.273101806640625, -0.1033172607421875, 0.1540069580078125, -0.9439239501953125], [-29.501516342163086, 3.6988441944122314, -89.57986450195312], [0.6917266845703125, -0.1586151123046875, 0.2014312744140625, -0.6750946044921875]
207000, 207.8126678466797, [1000.0, 242.0, 320.0, 60.0, 162.0, 47.0, 131.0, 0.0, 78.0, 1000.0, 0.0, 750.0, 0.0, 1000.0, 999.0, 999.0, 999.0, 999.0, 999.0, 583.0, 657.0, 0.0, 0.0], [-20.511003494262695, -6.33817195892334, -146.44651794433594], [0.274169921875, -0.1033935546875, 0.1544952392578125, -0.9435272216796875], [-29.36463165283203, 3.5782482624053955, -89.55550384521484], [0.69189453125, -0.1585540771484375, 0.1998748779296875, -0.6753997802734375]
207060, 207.86959838867188, [1000.0, 241.0, 320.0, 60.0, 162.0, 47.0, 130.0, 0.0, 78.0, 1000.0, 0.0, 750.0, 0.0, 1000.0, 999.0, 999.0, 999.0, 999.0, 999.0, 582.0, 657.0, 0.0, 0.0], [-20.49761962890625, -6.353774070739746, -146.29119873046875], [0.2754364013671875, -0.10369873046875, 0.154205322265625, -0.94317626953125], [-29.406021118164062, 3.7128968238830566, -89.55113220214844], [0.692047119140625, -0.1580047607421875, 0.2009124755859375, -0.6750640869140625]
207070, 207.9194793701172, [1000.0, 241.0, 320.0, 60.0, 162.0, 47.0, 130.0, 0.0, 78.0, 1000.0, 0.0, 750.0, 0.0, 1000.0, 999.0, 999.0, 999.0, 999.0, 999.0, 582.0, 657.0, 0.0, 0.0], [-20.477750778198242, -6.335181713104248, -146.2673797607422], [0.2756805419921875, -0.1035308837890625, 0.1540679931640625, -0.943145751953125], [-29.52220344543457, 3.581019878387451, -89.55714416503906], [0.6916656494140625, -0.15948486328125, 0.2008209228515625, -0.6751251220703125]
207110, 207.9295196533203, [1000.0, 241.0, 319.0, 59.0, 161.0, 47.0, 130.0, 0.0, 78.0, 1000.0, 0.0, 750.0, 0.0, 1000.0, 999.0, 999.0, 999.0, 999.0, 999.0, 582.0, 657.0, 0.0, 0.0], [-20.485553741455078, -6.310859680175781, -146.17845153808594], [0.2764434814453125, -0.1034698486328125, 0.15411376953125, -0.9429168701171875], [-29.773889541625977, 3.8450207710266113, -89.59139251708984], [0.6914825439453125, -0.15936279296875, 0.20391845703125, -0.6744232177734375]
207160, 207.97930908203125, [1000.0, 241.0, 319.0, 60.0, 161.0, 47.0, 129.0, 0.0, 77.0, 1000.0, 0.0, 1000.0, 0.0, 1000.0, 999.0, 999.0, 999.0, 999.0, 999.0, 582.0, 656.0, 0.0, 0.0], [-20.619686126708984, -6.410912990570068, -146.0865936279297], [0.27691650390625, -0.104736328125, 0.154876708984375, -0.9425201416015625], [-29.302963256835938, 3.8303110599517822, -89.58625793457031], [0.692138671875, -0.1566162109375, 0.2010498046875, -0.6752471923828125]
207220, 208.0294189453125, [1000.0, 242.0, 319.0, 60.0, 161.0, 47.0, 129.0, 0.0, 77.0, 1000.0, 0.0, 750.0, 0.0, 1000.0, 999.0, 999.0, 999.0, 999.0, 999.0, 582.0, 656.0, 0.0, 0.0], [-20.61662483215332, -6.417976379394531, -146.0336456298828], [0.27734375, -0.1048583984375, 0.15478515625, -0.9423980712890625], [-29.95484161376953, 3.9376649856567383, -89.66048431396484], [0.690948486328125, -0.1597747802734375, 0.20562744140625, -0.674346923828125]
207270, 208.0895233154297, [1000.0, 244.0, 319.0, 60.0, 161.0, 47.0, 129.0, 0.0, 77.0, 1000.0, 0.0, 1000.0, 0.0, 1000.0, 999.0, 999.0, 999.0, 999.0, 999.0, 582.0, 656.0, 0.0, 0.0], [-20.546520233154297, -6.430079460144043, -146.0148162841797], [0.2775421142578125, -0.1048126220703125, 0.1541595458984375, -0.94244384765625], [-28.76972770690918, 3.8277029991149902, -89.575927734375], [0.6929168701171875, -0.1534271240234375, 0.1978759765625, -0.676116943359375]
207330, 208.13951110839844, [1000.0, 241.0, 318.0, 59.0, 160.0, 46.0, 129.0, 0.0, 77.0, 1000.0, 0.0, 1000.0, 0.0, 1000.0, 999.0, 999.0, 999.0, 999.0, 999.0, 582.0, 656.0, 0.0, 0.0], [-20.46885871887207, -6.40983247756958, -145.9216766357422], [0.278411865234375, -0.104583740234375, 0.1534881591796875, -0.94232177734375], [-28.953689575195312, 3.7682688236236572, -89.55252075195312], [0.6927337646484375, -0.154937744140625, 0.198577880859375, -0.6757659912109375]
207380, 208.19956970214844, [1000.0, 242.0, 318.0, 59.0, 160.0, 46.0, 129.0, 0.0, 76.0, 1000.0, 0.0, 750.0, 0.0, 1000.0, 999.0, 999.0, 999.0, 999.0, 999.0, 581.0, 655.0, 0.0, 0.0], [-20.410064697265625, -6.474921703338623, -145.8354034423828], [0.2790679931640625, -0.1050872802734375, 0.1527557373046875, -0.9421844482421875], [-29.344276428222656, 3.653627872467041, -89.59379577636719], [0.691802978515625, -0.1579132080078125, 0.20025634765625, -0.675537109375]
207430, 208.24935913085938, [1000.0, 240.0, 318.0, 59.0, 160.0, 46.0, 128.0, 0.0, 76.0, 1000.0, 0.0, 1000.0, 0.0, 1000.0, 999.0, 999.0, 999.0, 999.0, 999.0, 581.0, 655.0, 0.0, 0.0], [-20.614572525024414, -6.581803321838379, -145.754150390625], [0.2793731689453125, -0.1065673828125, 0.154083251953125, -0.94171142578125], [-29.469133377075195, 3.49159574508667, -89.63691711425781], [0.6911468505859375, -0.1595611572265625, 0.2000885009765625, -0.6758575439453125]
207490, 208.2995147705078, [1000.0, 241.0, 318.0, 59.0, 160.0, 46.0, 128.0, 0.0, 76.0, 1000.0, 0.0, 1000.0, 0.0, 1000.0, 999.0, 999.0, 999.0, 999.0, 999.0, 581.0, 654.0, 0.0, 0.0], [-20.53704833984375, -6.54127836227417, -145.71884155273438], [0.2798004150390625, -0.1060943603515625, 0.1535186767578125, -0.9417266845703125], [-28.650264739990234, 3.3941142559051514, -89.54310607910156], [0.6927032470703125, -0.155364990234375, 0.194549560546875, -0.6768798828125]
207540, 208.35980224609375, [1000.0, 239.0, 318.0, 59.0, 160.0, 46.0, 128.0, 0.0, 76.0, 1000.0, 0.0, 1000.0, 0.0, 1000.0, 999.0, 999.0, 999.0, 999.0, 999.0, 580.0, 654.0, 0.0, 0.0], [-20.11451530456543, -6.5242085456848145, -145.62887573242188], [0.2809600830078125, -0.10504150390625, 0.1500091552734375, -0.94207763671875], [-28.246726989746094, 3.6530187129974365, -89.48950958251953], [0.6938934326171875, -0.151458740234375, 0.193634033203125, -0.676788330078125]
207600, 208.409423828125, [1000.0, 237.0, 318.0, 59.0, 160.0, 45.0, 128.0, 0.0, 75.0, 1000.0, 0.0, 750.0, 0.0, 1000.0, 999.0, 999.0, 999.0, 999.0, 999.0, 579.0, 655.0, 0.0, 0.0], [-20.503862380981445, -5.946364402770996, -145.4277801513672], [0.2831878662109375, -0.1015472412109375, 0.154541015625, -0.9410552978515625], [-29.440885543823242, 4.20920467376709, -89.59173583984375], [0.6924285888671875, -0.1551666259765625, 0.2041168212890625, -0.6743621826171875]
207650, 208.46945190429688, [1000.0, 236.0, 319.0, 60.0, 160.0, 49.0, 130.0, 0.0, 76.0, 1000.0, 0.0, 1000.0, 0.0, 1000.0, 999.0, 999.0, 999.0, 999.0, 999.0, 581.0, 655.0, 0.0, 0.0], [-20.584074020385742, -4.489528179168701, -145.58299255371094], [0.2841796875, -0.089630126953125, 0.1591339111328125, -0.9412078857421875], [-29.85280990600586, 4.879705429077148, -89.7198486328125], [0.6920166015625, -0.1533966064453125, 0.2106781005859375, -0.6731719970703125]
207700, 208.51943969726562, [1000.0, 237.0, 339.0, 64.0, 165.0, 55.0, 135.0, 0.0, 78.0, 1000.0, 0.0, 1000.0, 0.0, 1000.0, 999.0, 999.0, 999.0, 999.0, 999.0, 575.0, 658.0, 0.0, 0.0], [-21.171491622924805, -2.753486394882202, -145.8765106201172], [0.2841033935546875, -0.0764617919921875, 0.16864013671875, -0.94073486328125], [-30.106359481811523, 6.205923557281494, -89.86787414550781], [0.6925506591796875, -0.14666748046875, 0.2201690673828125, -0.6710968017578125]
207760, 208.5794677734375, [1000.0, 237.0, 364.0, 66.0, 173.0, 59.0, 157.0, 0.0, 79.0, 1000.0, 0.0, 1000.0, 0.0, 1000.0, 999.0, 999.0, 999.0, 999.0, 999.0, 566.0, 656.0, 0.0, 0.0], [-22.555355072021484, 0.9581580758094788, -146.00082397460938], [0.28826904296875, -0.0493316650390625, 0.1894073486328125, -0.93731689453125], [-31.620824813842773, 8.722254753112793, -90.14070892333984], [0.6922149658203125, -0.1400604248046875, 0.2440032958984375, -0.664581298828125]
207810, 208.6294403076172, [1000.0, 237.0, 384.0, 66.0, 181.0, 59.0, 178.0, 0.0, 79.0, 1000.0, 0.0, 750.0, 0.0, 1000.0, 999.0, 999.0, 999.0, 999.0, 999.0, 561.0, 653.0, 0.0, 0.0], [-23.578989028930664, 2.6952619552612305, -146.30215454101562], [0.2882537841796875, -0.03717041015625, 0.2021636962890625, -0.9352264404296875], [-31.988008499145508, 11.036008834838867, -90.15322875976562], [0.694427490234375, -0.1282196044921875, 0.25946044921875, -0.6587677001953125]
207870, 208.67947387695312, [1000.0, 236.0, 400.0, 66.0, 192.0, 57.0, 196.0, 0.0, 80.0, 1000.0, 0.0, 750.0, 0.0, 1000.0, 999.0, 999.0, 999.0, 999.0, 999.0, 555.0, 649.0, 0.0, 0.0], [-25.281036376953125, 5.341629981994629, -146.71438598632812], [0.2889251708984375, -0.01904296875, 0.2224578857421875, -0.930938720703125], [-33.12853240966797, 13.825427055358887, -90.54716491699219], [0.6939849853515625, -0.1172027587890625, 0.282257080078125, -0.651885986328125]
207920, 208.73956298828125, [1000.0, 240.0, 408.0, 66.0, 200.0, 57.0, 208.0, 0.0, 80.0, 1000.0, 0.0, 1000.0, 0.0, 1000.0, 999.0, 999.0, 999.0, 999.0, 999.0, 551.0, 649.0, 0.0, 0.0], [-27.058353424072266, 7.504993438720703, -147.37359619140625], [0.287200927734375, -0.0045013427734375, 0.241912841796875, -0.9268035888671875], [-34.35317611694336, 16.26912498474121, -90.90560150146484], [0.6932373046875, -0.108734130859375, 0.3031768798828125, -0.64471435546875]
207970, 208.78958129882812, [1000.0, 236.0, 413.0, 66.0, 208.0, 58.0, 227.0, 0.0, 80.0, 1000.0, 0.0, 1000.0, 0.0, 1000.0, 999.0, 999.0, 999.0, 999.0, 999.0, 544.0, 647.0, 0.0, 0.0], [-29.64699935913086, 8.755048751831055, -148.08349609375], [0.283782958984375, 0.0008087158203125, 0.2655487060546875, -0.9213714599609375], [-36.42463684082031, 18.490436553955078, -91.65277099609375], [0.6893310546875, -0.105499267578125, 0.3275909423828125, -0.637451171875]
208030, 208.84942626953125, [1000.0, 238.0, 412.0, 67.0, 217.0, 60.0, 247.0, 0.0, 81.0, 1000.0, 0.0, 1000.0, 0.0, 1000.0, 999.0, 999.0, 999.0, 999.0, 999.0, 533.0, 641.0, 0.0, 0.0], [-33.857208251953125, 7.477915287017822, -149.0059051513672], [0.2733612060546875, -0.01751708984375, 0.296661376953125, -0.9148406982421875], [-40.81910705566406, 20.60184097290039, -93.04865264892578], [0.6797027587890625, -0.1144561767578125, 0.364288330078125, -0.6262359619140625]
208080, 208.89974975585938, [1000.0, 239.0, 400.0, 67.0, 227.0, 61.0, 262.0, 0.0, 81.0, 1000.0, 0.0, 750.0, 0.0, 666.0, 999.0, 999.0, 999.0, 999.0, 999.0, 524.0, 638.0, 0.0, 0.0], [-39.556243896484375, 7.357932090759277, -149.29100036621094], [0.26959228515625, -0.03118896484375, 0.34161376953125, -0.8997955322265625], [-46.06184005737305, 22.09326171875, -94.71524047851562], [0.6670074462890625, -0.130401611328125, 0.4019012451171875, -0.6136322021484375]
208130, 208.94972229003906, [1000.0, 239.0, 387.0, 67.0, 240.0, 60.0, 273.0, 0.0, 81.0, 1000.0, 0.0, 1000.0, 0.0, 1000.0, 999.0, 999.0, 999.0, 999.0, 999.0, 514.0, 641.0, 0.0, 0.0], [-45.338191986083984, 6.264883518218994, -149.12966918945312], [0.2655181884765625, -0.0538177490234375, 0.384368896484375, -0.8825225830078125], [-51.411075592041016, 23.07492446899414, -96.45357513427734], [0.6528167724609375, -0.148712158203125, 0.4369964599609375, -0.6006011962890625]
208190, 209.00987243652344, [1000.0, 238.0, 372.0, 66.0, 252.0, 59.0, 285.0, 0.0, 80.0, 1000.0, 0.0, 1000.0, 0.0, 1000.0, 999.0, 999.0, 999.0, 999.0, 999.0, 502.0, 656.0, 0.0, 0.0], [-53.11720275878906, 5.342827320098877, -148.06549072265625], [0.2658233642578125, -0.0827789306640625, 0.44085693359375, -0.8532867431640625], [-58.296714782714844, 23.08161163330078, -98.82789611816406], [0.630706787109375, -0.1777801513671875, 0.4760894775390625, -0.5864410400390625]
208240, 209.05972290039062, [1000.0, 237.0, 361.0, 65.0, 261.0, 57.0, 293.0, 0.0, 78.0, 1000.0, 0.0, 1000.0, 0.0, 1000.0, 999.0, 999.0, 999.0, 999.0, 999.0, 488.0, 675.0, 0.0, 0.0], [-56.65481185913086, 5.958937168121338, -147.46800231933594], [0.2698974609375, -0.08880615234375, 0.46771240234375, -0.8369598388671875], [-60.8260612487793, 19.778614044189453, -99.59831237792969], [0.614776611328125, -0.208770751953125, 0.47650146484375, -0.5927734375]
208300, 209.1195068359375, [1000.0, 237.0, 351.0, 64.0, 273.0, 53.0, 294.0, 0.0, 78.0, 1000.0, 0.0, 750.0, 0.0, 1000.0, 987.0, 999.0, 999.0, 999.0, 999.0, 471.0, 702.0, 0.0, 0.0], [-61.103919982910156, 2.61795973777771, -146.66903686523438], [0.258026123046875, -0.12689208984375, 0.4924774169921875, -0.821441650390625], [-63.7041130065918, 19.587955474853516, -99.63562774658203], [0.608642578125, -0.2251434326171875, 0.4905242919921875, -0.5815582275390625]
208350, 209.1697235107422, [1000.0, 235.0, 342.0, 63.0, 295.0, 50.0, 288.0, 0.0, 77.0, 1000.0, 0.0, 1000.0, 0.0, 1000.0, 987.0, 999.0, 999.0, 999.0, 999.0, 460.0, 717.0, 0.0, 0.0], [-63.59705352783203, 1.4005728960037231, -146.68121337890625], [0.2498016357421875, -0.1410980224609375, 0.50775146484375, -0.81231689453125], [-64.8735580444336, 19.338525772094727, -99.34699249267578], [0.607086181640625, -0.234100341796875, 0.4948272705078125, -0.5759735107421875]
208400, 209.2195587158203, [1000.0, 236.0, 343.0, 62.0, 332.0, 47.0, 286.0, 0.0, 75.0, 1000.0, 0.0, 1000.0, 0.0, 1000.0, 989.0, 999.0, 999.0, 999.0, 999.0, 450.0, 732.0, 0.0, 0.0], [-64.4868392944336, 2.2078285217285156, -146.41189575195312], [0.2541656494140625, -0.138519287109375, 0.5153656005859375, -0.80657958984375], [-66.2510757446289, 18.912630081176758, -99.0736312866211], [0.604400634765625, -0.2451324462890625, 0.4994049072265625, -0.5702362060546875]
208460, 209.27967834472656, [1000.0, 234.0, 413.0, 60.0, 399.0, 42.0, 285.0, 0.0, 71.0, 1000.0, 0.0, 750.0, 0.0, 1000.0, 992.0, 999.0, 999.0, 999.0, 999.0, 440.0, 746.0, 0.0, 0.0], [-65.68943786621094, 3.8511099815368652, -147.25350952148438], [0.254180908203125, -0.1257171630859375, 0.5280303955078125, -0.80047607421875], [-67.43789672851562, 18.775497436523438, -98.54277801513672], [0.6040496826171875, -0.2545318603515625, 0.5035552978515625, -0.5627899169921875]
208510, 209.32965087890625, [1000.0, 233.0, 481.0, 58.0, 481.0, 38.0, 311.0, 0.0, 67.0, 1000.0, 0.0, 1000.0, 0.0, 1000.0, 995.0, 999.0, 999.0, 999.0, 999.0, 433.0, 750.0, 0.0, 0.0], [-66.3098373413086, 4.951635837554932, -148.48268127441406], [0.2498931884765625, -0.11358642578125, 0.535675048828125, -0.798553466796875], [-68.38399505615234, 18.724258422851562, -98.30220031738281], [0.6029510498046875, -0.2608795166015625, 0.5074310302734375, -0.55755615234375]
208570, 209.389892578125, [1000.0, 236.0, 677.0, 55.0, 722.0, 39.0, 628.0, 0.0, 71.0, 1000.0, 0.0, 750.0, 0.0, 1000.0, 930.0, 999.0, 999.0, 999.0, 999.0, 426.0, 748.0, 0.0, 0.0], [-65.81709289550781, 7.144410610198975, -151.11898803710938], [0.241729736328125, -0.084564208984375, 0.53814697265625, -0.802978515625], [-70.05461883544922, 18.655759811401367, -98.52798461914062], [0.5977935791015625, -0.2690277099609375, 0.5157623291015625, -0.5515594482421875]
208620, 209.4395751953125, [1000.0, 239.0, 838.0, 53.0, 874.0, 45.0, 829.0, 0.0, 94.0, 1000.0, 0.0, 1000.0, 0.0, 1000.0, 935.0, 999.0, 999.0, 999.0, 999.0, 420.0, 737.0, 0.0, 0.0], [-66.66361236572266, 8.233851432800293, -152.16993713378906], [0.2386932373046875, -0.073577880859375, 0.5464019775390625, -0.7993927001953125], [-70.09638214111328, 19.365039825439453, -98.28536987304688], [0.6009674072265625, -0.26617431640625, 0.518218994140625, -0.54718017578125]
208670, 209.48968505859375, [1000.0, 236.0, 895.0, 52.0, 916.0, 51.0, 884.0, 0.0, 152.0, 1000.0, 5.0, 1000.0, 0.0, 1000.0, 918.0, 999.0, 495.0, 999.0, 999.0, 413.0, 737.0, 0.0, 0.0], [-67.6736068725586, 8.474717140197754, -152.58851623535156], [0.236236572265625, -0.0719451904296875, 0.5540313720703125, -0.795013427734375], [-70.57432556152344, 17.638080596923828, -98.36668395996094], [0.5942535400390625, -0.278411865234375, 0.5138092041015625, -0.55255126953125]
208730, 209.5497283935547, [1000.0, 236.0, 908.0, 52.0, 924.0, 59.0, 895.0, 0.0, 283.0, 1000.0, 22.0, 1000.0, 0.0, 1000.0, 928.0, 999.0, 295.0, 999.0, 999.0, 407.0, 740.0, 0.0, 0.0], [-67.37308502197266, 9.373516082763672, -152.22445678710938], [0.2430419921875, -0.066680908203125, 0.552947998046875, -0.7941741943359375], [-71.5177230834961, 19.137117385864258, -98.67675018310547], [0.5950775146484375, -0.2731475830078125, 0.5250091552734375, -0.543701171875]
208780, 209.59962463378906, [1000.0, 238.0, 918.0, 52.0, 925.0, 66.0, 895.0, 0.0, 375.0, 1000.0, 34.0, 750.0, 0.0, 1000.0, 945.0, 999.0, 214.0, 999.0, 999.0, 403.0, 743.0, 0.0, 0.0], [-67.96743774414062, 10.108677864074707, -152.24490356445312], [0.24591064453125, -0.0626220703125, 0.55804443359375, -0.7900390625], [-71.75643157958984, 19.557132720947266, -98.59148406982422], [0.59619140625, -0.2723236083984375, 0.5275726318359375, -0.5404052734375]
208840, 209.65980529785156, [1000.0, 239.0, 914.0, 52.0, 925.0, 73.0, 895.0, 0.0, 522.0, 1000.0, 44.0, 1000.0, 0.0, 1000.0, 999.0, 999.0, 184.0, 999.0, 999.0, 399.0, 746.0, 0.0, 0.0], [-69.02853393554688, 10.047005653381348, -152.3642120361328], [0.2442169189453125, -0.0647430419921875, 0.5653228759765625, -0.7852020263671875], [-73.65050506591797, 18.73147201538086, -98.92081451416016], [0.58746337890625, -0.2853851318359375, 0.534088134765625, -0.53680419921875]
208890, 209.7095184326172, [1000.0, 240.0, 911.0, 53.0, 924.0, 79.0, 896.0, 0.0, 598.0, 1000.0, 50.0, 1000.0, 0.0, 1000.0, 999.0, 999.0, 185.0, 999.0, 999.0, 394.0, 748.0, 0.0, 0.0], [-70.04931640625, 10.50472354888916, -152.3089141845703], [0.24615478515625, -0.0639801025390625, 0.572845458984375, -0.7791900634765625], [-74.14710998535156, 18.595596313476562, -99.06484985351562], [0.585113525390625, -0.2880401611328125, 0.5362548828125, -0.535797119140625]
208940, 209.759521484375, [1000.0, 240.0, 912.0, 53.0, 925.0, 83.0, 898.0, 0.0, 638.0, 1000.0, 46.0, 1000.0, 0.0, 1000.0, 999.0, 999.0, 183.0, 999.0, 999.0, 391.0, 748.0, 0.0, 0.0], [-70.1384048461914, 10.19397258758545, -152.0262908935547], [0.2465667724609375, -0.0677642822265625, 0.5728912353515625, -0.7787017822265625], [-73.90730285644531, 18.509206771850586, -98.96194458007812], [0.5859222412109375, -0.2877960205078125, 0.5345458984375, -0.5367584228515625]
209000, 209.8195343017578, [1000.0, 239.0, 913.0, 53.0, 924.0, 86.0, 898.0, 0.0, 666.0, 1000.0, 41.0, 1000.0, 0.0, 1000.0, 999.0, 999.0, 195.0, 999.0, 999.0, 388.0, 748.0, 0.0, 0.0], [-69.66043090820312, 10.98520278930664, -151.41297912597656], [0.25469970703125, -0.0642242431640625, 0.5703125, -0.7782745361328125], [-73.30499267578125, 19.4924373626709, -98.89815521240234], [0.5908203125, -0.279296875, 0.5353240966796875, -0.5350799560546875]
209050, 209.86929321289062, [1000.0, 238.0, 914.0, 53.0, 922.0, 89.0, 897.0, 0.0, 684.0, 1000.0, 38.0, 1000.0, 0.0, 1000.0, 999.0, 999.0, 204.0, 999.0, 999.0, 386.0, 749.0, 0.0, 0.0], [-69.13499450683594, 11.969173431396484, -151.13829040527344], [0.261383056640625, -0.0574798583984375, 0.56787109375, -0.77838134765625], [-72.69735717773438, 20.64000701904297, -98.97271728515625], [0.5954742431640625, -0.26910400390625, 0.5370330810546875, -0.5334320068359375]
209110, 209.92953491210938, [1000.0, 239.0, 914.0, 53.0, 921.0, 93.0, 899.0, 0.0, 712.0, 1000.0, 33.0, 750.0, 0.0, 1000.0, 999.0, 999.0, 215.0, 999.0, 999.0, 383.0, 751.0, 0.0, 0.0], [-69.09579467773438, 13.12876033782959, -150.82810974121094], [0.268798828125, -0.050750732421875, 0.5689239501953125, -0.775543212890625], [-72.56261444091797, 22.290761947631836, -99.20511627197266], [0.5996856689453125, -0.257598876953125, 0.5431365966796875, -0.5281982421875]
209160, 209.97946166992188, [1000.0, 238.0, 914.0, 54.0, 919.0, 96.0, 899.0, 0.0, 732.0, 1000.0, 29.0, 750.0, 0.0, 1000.0, 999.0, 999.0, 230.0, 999.0, 999.0, 382.0, 752.0, 0.0, 0.0], [-68.99923706054688, 14.096656799316406, -150.65745544433594], [0.274383544921875, -0.0445404052734375, 0.56939697265625, -0.77362060546875], [-72.34661102294922, 23.802310943603516, -99.49554443359375], [0.603271484375, -0.246124267578125, 0.54833984375, -0.5241851806640625]
209210, 210.0294647216797, [1000.0, 238.0, 913.0, 54.0, 916.0, 99.0, 897.0, 0.0, 747.0, 1000.0, 25.0, 750.0, 0.0, 1000.0, 999.0, 999.0, 258.0, 999.0, 979.0, 380.0, 754.0, 0.0, 0.0], [-69.19599151611328, 15.448649406433105, -150.59930419921875], [0.2808074951171875, -0.0357666015625, 0.5723114013671875, -0.7696075439453125], [-72.27303314208984, 25.445844650268555, -99.78370666503906], [0.606842041015625, -0.2345428466796875, 0.554534912109375, -0.5188446044921875]
209270, 210.0895233154297, [1000.0, 240.0, 912.0, 54.0, 913.0, 103.0, 895.0, 0.0, 762.0, 1000.0, 21.0, 750.0, 0.0, 1000.0, 999.0, 999.0, 270.0, 999.0, 902.0, 378.0, 754.0, 0.0, 0.0], [-69.22135925292969, 16.87047576904297, -150.56488037109375], [0.28741455078125, -0.025970458984375, 0.5740814208984375, -0.7662353515625], [-72.1890869140625, 27.28097152709961, -100.05016326904297], [0.6109466552734375, -0.221771240234375, 0.5611419677734375, -0.5124969482421875]
209320, 210.13951110839844, [1000.0, 241.0, 911.0, 55.0, 911.0, 106.0, 894.0, 0.0, 777.0, 1000.0, 17.0, 1000.0, 0.0, 1000.0, 999.0, 999.0, 276.0, 999.0, 928.0, 375.0, 755.0, 0.0, 0.0], [-69.49401092529297, 17.966650009155273, -150.4515380859375], [0.2930145263671875, -0.019500732421875, 0.577056884765625, -0.762054443359375], [-72.47352600097656, 28.5542049407959, -100.24427795410156], [0.613037109375, -0.2146453857421875, 0.5671539306640625, -0.5063934326171875]
209340, 210.1897735595703, [1000.0, 242.0, 911.0, 55.0, 910.0, 108.0, 893.0, 0.0, 779.0, 1000.0, 15.0, 1000.0, 0.0, 1000.0, 999.0, 999.0, 280.0, 999.0, 907.0, 375.0, 755.0, 0.0, 0.0], [-69.65414428710938, 18.458370208740234, -150.38796997070312], [0.2956085205078125, -0.0167694091796875, 0.5786285400390625, -0.7599334716796875], [-72.57189178466797, 29.07733917236328, -100.32396697998047], [0.613922119140625, -0.21160888671875, 0.5695037841796875, -0.5039520263671875]
209370, 210.19952392578125, [1000.0, 240.0, 910.0, 55.0, 908.0, 110.0, 892.0, 0.0, 780.0, 1000.0, 13.0, 1000.0, 0.0, 1000.0, 999.0, 999.0, 276.0, 999.0, 920.0, 374.0, 755.0, 0.0, 0.0], [-69.73648071289062, 19.148433685302734, -150.27236938476562], [0.2994384765625, -0.0127105712890625, 0.579864501953125, -0.757568359375], [-72.52985382080078, 29.865564346313477, -100.40275573730469], [0.6157684326171875, -0.206207275390625, 0.5720977783203125, -0.5009765625]
209430, 210.24952697753906, [1000.0, 238.0, 907.0, 56.0, 905.0, 114.0, 891.0, 0.0, 795.0, 1000.0, 9.0, 1000.0, 0.0, 1000.0, 999.0, 999.0, 277.0, 999.0, 918.0, 371.0, 755.0, 0.0, 0.0], [-69.91922760009766, 21.295127868652344, -149.98521423339844], [0.310821533203125, 0.0004425048828125, 0.5831298828125, -0.75054931640625], [-72.29000854492188, 31.34690284729004, -100.5310287475586], [0.619537353515625, -0.19525146484375, 0.576171875, -0.4960479736328125]
209480, 210.30006408691406, [1000.0, 241.0, 904.0, 57.0, 901.0, 118.0, 890.0, 0.0, 798.0, 1000.0, 6.0, 1000.0, 0.0, 1000.0, 999.0, 999.0, 273.0, 999.0, 923.0, 370.0, 755.0, 0.0, 0.0], [-69.59170532226562, 22.48271369934082, -149.37783813476562], [0.319976806640625, 0.0066070556640625, 0.5821075439453125, -0.747467041015625], [-72.170654296875, 32.30615234375, -100.64917755126953], [0.6216888427734375, -0.188140869140625, 0.5789642333984375, -0.492828369140625]
209540, 210.35952758789062, [1000.0, 240.0, 901.0, 57.0, 898.0, 121.0, 887.0, 0.0, 797.0, 1000.0, 3.0, 750.0, 0.0, 1000.0, 999.0, 999.0, 270.0, 999.0, 885.0, 368.0, 755.0, 0.0, 0.0], [-69.61114501953125, 24.637582778930664, -149.32760620117188], [0.3296051025390625, 0.021453857421875, 0.5841217041015625, -0.7414093017578125], [-70.97752380371094, 37.24565124511719, -100.3731918334961], [0.636444091796875, -0.15252685546875, 0.5890655517578125, -0.4739837646484375]
209580, 210.40948486328125, [1000.0, 241.0, 900.0, 58.0, 896.0, 122.0, 886.0, 0.0, 796.0, 1000.0, 0.0, 1000.0, 0.0, 1000.0, 999.0, 999.0, 271.0, 999.0, 882.0, 367.0, 755.0, 0.0, 0.0], [-69.22229766845703, 25.997623443603516, -149.19186401367188], [0.336181640625, 0.031463623046875, 0.582733154296875, -0.7391815185546875], [-70.01173400878906, 39.564231872558594, -100.0452651977539], [0.6439666748046875, -0.1343841552734375, 0.5917510986328125, -0.46588134765625]
209590, 210.4194793701172, [1000.0, 241.0, 899.0, 58.0, 896.0, 123.0, 885.0, 0.0, 797.0, 1000.0, 0.0, 1000.0, 0.0, 1000.0, 999.0, 999.0, 272.0, 999.0, 893.0, 367.0, 754.0, 0.0, 0.0], [-69.1484603881836, 26.113094329833984, -149.1573486328125], [0.3368682861328125, 0.032318115234375, 0.5823516845703125, -0.7391204833984375], [-69.85041046142578, 39.401084899902344, -99.9695053100586], [0.644134521484375, -0.1348876953125, 0.59051513671875, -0.4670867919921875]
209640, 210.46954345703125, [1000.0, 239.0, 897.0, 58.0, 893.0, 125.0, 883.0, 0.0, 797.0, 1000.0, 0.0, 750.0, 0.0, 1000.0, 999.0, 999.0, 273.0, 999.0, 897.0, 366.0, 755.0, 0.0, 0.0], [-69.19837188720703, 25.227359771728516, -149.1979522705078], [0.3328704833984375, 0.0261383056640625, 0.5819549560546875, -0.741485595703125], [-70.43318939208984, 38.67592239379883, -100.42671203613281], [0.640045166015625, -0.14031982421875, 0.59124755859375, -0.4701690673828125]
209700, 210.51947021484375, [1000.0, 237.0, 895.0, 58.0, 892.0, 127.0, 882.0, 0.0, 799.0, 1000.0, 0.0, 750.0, 0.0, 1000.0, 999.0, 999.0, 272.0, 999.0, 883.0, 365.0, 754.0, 0.0, 0.0], [-70.07801055908203, 24.335235595703125, -149.34852600097656], [0.3282470703125, 0.018096923828125, 0.586883544921875, -0.7399139404296875], [-72.09935760498047, 37.6751594543457, -101.07962036132812], [0.6330108642578125, -0.1524200439453125, 0.595916748046875, -0.4700164794921875]
209750, 210.5796356201172, [1000.0, 238.0, 893.0, 59.0, 889.0, 130.0, 881.0, 0.0, 802.0, 1000.0, 0.0, 750.0, 0.0, 1000.0, 999.0, 999.0, 271.0, 999.0, 876.0, 364.0, 754.0, 0.0, 0.0], [-70.9603271484375, 21.818008422851562, -149.35321044921875], [0.3172454833984375, -0.001983642578125, 0.59039306640625, -0.7421417236328125], [-72.95085906982422, 36.932960510253906, -101.33137512207031], [0.6290740966796875, -0.160400390625, 0.597564697265625, -0.4705657958984375]
209810, 210.6294708251953, [1000.0, 236.0, 892.0, 60.0, 887.0, 131.0, 880.0, 0.0, 802.0, 1000.0, 0.0, 1000.0, 0.0, 1000.0, 999.0, 999.0, 270.0, 999.0, 697.0, 363.0, 754.0, 0.0, 0.0], [-70.85518646240234, 18.808683395385742, -149.28379821777344], [0.3042449951171875, -0.0230712890625, 0.5867156982421875, -0.750091552734375], [-73.58789825439453, 36.28998947143555, -101.66744232177734], [0.625213623046875, -0.166107177734375, 0.5987701416015625, -0.4721832275390625]
209860, 210.6895751953125, [1000.0, 236.0, 891.0, 60.0, 886.0, 132.0, 879.0, 0.0, 802.0, 1000.0, 0.0, 1000.0, 0.0, 1000.0, 999.0, 999.0, 269.0, 999.0, 672.0, 362.0, 752.0, 0.0, 0.0], [-70.92418670654297, 20.2115421295166, -149.2514190673828], [0.3107452392578125, -0.0136260986328125, 0.5886077880859375, -0.7461700439453125], [-72.38447570800781, 36.59687042236328, -100.81781005859375], [0.6311798095703125, -0.1620330810546875, 0.593505859375, -0.4723052978515625]
209910, 210.73963928222656, [1000.0, 234.0, 891.0, 60.0, 886.0, 133.0, 878.0, 0.0, 801.0, 1000.0, 0.0, 1000.0, 0.0, 1000.0, 999.0, 999.0, 268.0, 999.0, 667.0, 361.0, 752.0, 0.0, 0.0], [-70.67814636230469, 20.719911575317383, -149.10650634765625], [0.3139801025390625, -0.0101470947265625, 0.587493896484375, -0.7457427978515625], [-71.94680786132812, 36.87360763549805, -100.5245361328125], [0.6336517333984375, -0.159423828125, 0.592132568359375, -0.47161865234375]
209960, 210.7893829345703, [1000.0, 236.0, 891.0, 60.0, 885.0, 134.0, 878.0, 0.0, 803.0, 1000.0, 0.0, 750.0, 0.0, 1000.0, 999.0, 999.0, 266.0, 999.0, 645.0, 360.0, 752.0, 0.0, 0.0], [-70.34483337402344, 21.078542709350586, -148.8483123779297], [0.3172760009765625, -0.0080413818359375, 0.585662841796875, -0.745819091796875], [-71.00849914550781, 37.36765670776367, -99.96821594238281], [0.638336181640625, -0.154022216796875, 0.589019775390625, -0.470977783203125]
209970, 210.7993927001953, [1000.0, 235.0, 891.0, 60.0, 885.0, 134.0, 878.0, 0.0, 804.0, 1000.0, 0.0, 750.0, 0.0, 1000.0, 999.0, 999.0, 266.0, 999.0, 640.0, 360.0, 752.0, 0.0, 0.0], [-70.24186706542969, 21.146142959594727, -148.7893524169922], [0.317962646484375, -0.0075836181640625, 0.585052490234375, -0.746002197265625], [-70.77621459960938, 37.81046676635742, -99.85010528564453], [0.640106201171875, -0.1505889892578125, 0.5892791748046875, -0.4693756103515625]
210020, 210.84942626953125, [1000.0, 235.0, 891.0, 60.0, 884.0, 135.0, 877.0, 0.0, 806.0, 1000.0, 0.0, 1000.0, 0.0, 1000.0, 999.0, 999.0, 265.0, 999.0, 626.0, 359.0, 752.0, 0.0, 0.0], [-69.8292236328125, 21.595888137817383, -148.5403594970703], [0.3215789794921875, -0.004547119140625, 0.5828094482421875, -0.746246337890625], [-70.74238586425781, 38.461185455322266, -99.87911987304688], [0.6414337158203125, -0.146209716796875, 0.5911712646484375, -0.466552734375]
210040, 210.89987182617188, [1000.0, 235.0, 890.0, 61.0, 884.0, 135.0, 877.0, 0.0, 805.0, 1000.0, 0.0, 1000.0, 0.0, 1000.0, 999.0, 999.0, 265.0, 999.0, 624.0, 359.0, 752.0, 0.0, 0.0], [-69.60005950927734, 21.877336502075195, -148.41473388671875], [0.3236236572265625, -0.0025634765625, 0.5815887451171875, -0.746307373046875], [-70.53691101074219, 38.326778411865234, -99.79420471191406], [0.641754150390625, -0.146331787109375, 0.589813232421875, -0.4677886962890625]
210080, 210.90939331054688, [1000.0, 236.0, 890.0, 61.0, 883.0, 136.0, 877.0, 0.0, 806.0, 1000.0, 0.0, 1000.0, 0.0, 1000.0, 999.0, 999.0, 265.0, 999.0, 610.0, 358.0, 752.0, 0.0, 0.0], [-69.31106567382812, 22.427906036376953, -148.20849609375], [0.3273468017578125, 0.0010833740234375, 0.58026123046875, -0.7457275390625], [-70.91732025146484, 38.06101989746094, -100.08322143554688], [0.6395111083984375, -0.14862060546875, 0.5909271240234375, -0.4687347412109375]
210130, 210.95956420898438, [1000.0, 235.0, 890.0, 61.0, 883.0, 137.0, 876.0, 0.0, 806.0, 1000.0, 0.0, 750.0, 0.0, 1000.0, 999.0, 999.0, 260.0, 999.0, 590.0, 358.0, 752.0, 0.0, 0.0], [-69.58263397216797, 22.6944637298584, -148.27786254882812], [0.3280487060546875, 0.002532958984375, 0.5822906494140625, -0.74383544921875], [-71.52739715576172, 37.94410705566406, -100.51194763183594], [0.6367034912109375, -0.1505279541015625, 0.5936279296875, -0.468536376953125]
210180, 211.00955200195312, [1000.0, 237.0, 890.0, 61.0, 882.0, 138.0, 876.0, 0.0, 808.0, 1000.0, 0.0, 1000.0, 0.0, 1000.0, 999.0, 999.0, 259.0, 999.0, 580.0, 357.0, 752.0, 0.0, 0.0], [-70.15583801269531, 22.71921157836914, -148.43057250976562], [0.327178955078125, 0.0018463134765625, 0.586029052734375, -0.7412872314453125], [-72.1878890991211, 38.087913513183594, -100.802001953125], [0.634979248046875, -0.15179443359375, 0.597137451171875, -0.4660186767578125]
210240, 211.0695343017578, [1000.0, 237.0, 889.0, 62.0, 881.0, 138.0, 876.0, 0.0, 810.0, 1000.0, 0.0, 750.0, 0.0, 666.0, 999.0, 999.0, 257.0, 999.0, 569.0, 357.0, 752.0, 0.0, 0.0], [-70.32953643798828, 22.487422943115234, -148.38539123535156], [0.3264617919921875, -0.0005035400390625, 0.5869293212890625, -0.7408905029296875], [-72.91661071777344, 37.776145935058594, -101.12234497070312], [0.6319732666015625, -0.1560821533203125, 0.599609375, -0.4654998779296875]
210290, 211.11988830566406, [1000.0, 237.0, 889.0, 62.0, 880.0, 140.0, 876.0, 0.0, 815.0, 1000.0, 0.0, 750.0, 0.0, 1000.0, 999.0, 999.0, 256.0, 999.0, 553.0, 356.0, 752.0, 0.0, 0.0], [-71.06937408447266, 22.299158096313477, -148.43014526367188], [0.3253326416015625, -0.003692626953125, 0.591522216796875, -0.7377166748046875], [-73.01004791259766, 37.71118927001953, -100.97396850585938], [0.632293701171875, -0.15777587890625, 0.5995941162109375, -0.464508056640625]
210350, 211.1795196533203, [1000.0, 236.0, 889.0, 63.0, 879.0, 140.0, 876.0, 0.0, 823.0, 1000.0, 0.0, 1000.0, 0.0, 1000.0, 999.0, 999.0, 254.0, 999.0, 537.0, 355.0, 751.0, 0.0, 0.0], [-71.19479370117188, 22.098291397094727, -148.14382934570312], [0.3262786865234375, -0.006927490234375, 0.5921173095703125, -0.736785888671875], [-72.3713150024414, 37.4239616394043, -100.3093490600586], [0.6352081298828125, -0.15948486328125, 0.5952301025390625, -0.4655609130859375]
210400, 211.22988891601562, [1000.0, 236.0, 889.0, 63.0, 879.0, 140.0, 875.0, 0.0, 822.0, 1000.0, 0.0, 1000.0, 0.0, 1000.0, 999.0, 999.0, 257.0, 999.0, 532.0, 354.0, 750.0, 0.0, 0.0], [-70.90730285644531, 21.799022674560547, -147.69081115722656], [0.3278961181640625, -0.010528564453125, 0.589935302734375, -0.7377777099609375], [-71.42965698242188, 37.230228424072266, -99.46565246582031], [0.6395111083984375, -0.1598052978515625, 0.589630126953125, -0.4666748046875]
210450, 211.27967834472656, [1000.0, 237.0, 888.0, 63.0, 877.0, 140.0, 875.0, 0.0, 821.0, 1000.0, 0.0, 1000.0, 0.0, 1000.0, 999.0, 999.0, 258.0, 999.0, 535.0, 354.0, 750.0, 0.0, 0.0], [-70.81883239746094, 21.900020599365234, -147.27032470703125], [0.3310546875, -0.0117340087890625, 0.5894317626953125, -0.73675537109375], [-71.7637939453125, 38.42486572265625, -99.47693634033203], [0.6416473388671875, -0.15423583984375, 0.59466552734375, -0.459197998046875]
210510, 211.3395233154297, [1000.0, 238.0, 887.0, 64.0, 877.0, 140.0, 874.0, 0.0, 821.0, 1000.0, 0.0, 1000.0, 0.0, 1000.0, 999.0, 999.0, 267.0, 999.0, 542.0, 353.0, 749.0, 0.0, 0.0], [-70.37419891357422, 22.171436309814453, -146.7444610595703], [0.335662841796875, -0.0112457275390625, 0.5868072509765625, -0.7367706298828125], [-73.56658172607422, 38.444244384765625, -100.22106170654297], [0.6362457275390625, -0.1602783203125, 0.6029205322265625, -0.453826904296875]
210560, 211.38966369628906, [1000.0, 237.0, 886.0, 64.0, 876.0, 140.0, 873.0, 1.0, 820.0, 1000.0, 0.0, 1000.0, 0.0, 1000.0, 999.0, 999.0, 273.0, 999.0, 547.0, 353.0, 749.0, 0.0, 0.0], [-70.31678009033203, 22.205059051513672, -146.52857971191406], [0.3372039794921875, -0.0119476318359375, 0.586456298828125, -0.7363433837890625], [-73.04725646972656, 37.67807388305664, -99.58351135253906], [0.63775634765625, -0.1654510498046875, 0.597686767578125, -0.4567718505859375]
210610, 211.439697265625, [1000.0, 239.0, 885.0, 64.0, 875.0, 140.0, 873.0, 1.0, 820.0, 1000.0, 0.0, 1000.0, 0.0, 1000.0, 999.0, 999.0, 278.0, 999.0, 541.0, 352.0, 749.0, 0.0, 0.0], [-70.4707260131836, 22.136701583862305, -146.4390869140625], [0.33746337890625, -0.013336181640625, 0.5873565673828125, -0.7354736328125], [-73.69568634033203, 37.78997039794922, -99.68326568603516], [0.6366729736328125, -0.1678466796875, 0.600738525390625, -0.4533843994140625]
210670, 211.49966430664062, [1000.0, 237.0, 885.0, 65.0, 875.0, 140.0, 872.0, 1.0, 820.0, 1000.0, 0.0, 1000.0, 0.0, 1000.0, 999.0, 999.0, 288.0, 999.0, 530.0, 351.0, 748.0, 0.0, 0.0], [-71.48776245117188, 22.603466033935547, -146.59214782714844], [0.338409423828125, -0.012298583984375, 0.5943756103515625, -0.729400634765625], [-74.13963317871094, 37.42028045654297, -99.57627868652344], [0.6355743408203125, -0.1731414794921875, 0.6012420654296875, -0.4522857666015625]
210720, 211.54971313476562, [1000.0, 236.0, 884.0, 65.0, 874.0, 141.0, 872.0, 1.0, 822.0, 1000.0, 0.0, 1000.0, 0.0, 1000.0, 999.0, 999.0, 289.0, 999.0, 522.0, 351.0, 748.0, 0.0, 0.0], [-72.10118103027344, 22.371952056884766, -146.76065063476562], [0.33624267578125, -0.01483154296875, 0.598052978515625, -0.7273406982421875], [-74.15802001953125, 36.59843444824219, -99.31426239013672], [0.6346282958984375, -0.1796417236328125, 0.59844970703125, -0.45477294921875]
210780, 211.60952758789062, [1000.0, 238.0, 883.0, 65.0, 873.0, 141.0, 872.0, 1.0, 822.0, 1000.0, 0.0, 750.0, 0.0, 1000.0, 999.0, 999.0, 299.0, 999.0, 519.0, 350.0, 747.0, 0.0, 0.0], [-72.16859436035156, 20.726308822631836, -146.70664978027344], [0.3292388916015625, -0.0266876220703125, 0.5967254638671875, -0.731292724609375], [-74.21016693115234, 35.639034271240234, -98.88349914550781], [0.633941650390625, -0.188018798828125, 0.59503173828125, -0.4568023681640625]
210830, 211.6595458984375, [1000.0, 236.0, 883.0, 65.0, 873.0, 141.0, 871.0, 2.0, 824.0, 1000.0, 0.0, 1000.0, 0.0, 1000.0, 999.0, 999.0, 312.0, 999.0, 510.0, 350.0, 747.0, 0.0, 0.0], [-71.78894805908203, 19.315166473388672, -146.5470428466797], [0.32403564453125, -0.03619384765625, 0.5926361083984375, -0.73651123046875], [-74.05542755126953, 34.785804748535156, -98.65841674804688], [0.633026123046875, -0.193511962890625, 0.5913848876953125, -0.46051025390625]
210880, 211.7095489501953, [1000.0, 236.0, 882.0, 65.0, 872.0, 141.0, 871.0, 2.0, 822.0, 1000.0, 0.0, 1000.0, 0.0, 1000.0, 999.0, 999.0, 309.0, 999.0, 514.0, 349.0, 747.0, 0.0, 0.0], [-70.96611022949219, 18.89293098449707, -146.23663330078125], [0.3244171142578125, -0.03839111328125, 0.5867156982421875, -0.7409515380859375], [-72.82221221923828, 34.958030700683594, -97.93093872070312], [0.638427734375, -0.189361572265625, 0.58575439453125, -0.46197509765625]
210940, 211.76954650878906, [1000.0, 238.0, 881.0, 65.0, 872.0, 140.0, 870.0, 2.0, 815.0, 1000.0, 0.0, 1000.0, 0.0, 1000.0, 999.0, 999.0, 305.0, 999.0, 542.0, 349.0, 747.0, 0.0, 0.0], [-69.7832260131836, 19.386734008789062, -145.92306518554688], [0.3289947509765625, -0.033172607421875, 0.5795745849609375, -0.74481201171875], [-70.51359558105469, 36.80213928222656, -96.69654083251953], [0.651092529296875, -0.171417236328125, 0.58056640625, -0.4578399658203125]
210990, 211.81954956054688, [1000.0, 236.0, 881.0, 65.0, 871.0, 139.0, 868.0, 2.0, 808.0, 1000.0, 0.0, 1000.0, 0.0, 1000.0, 999.0, 999.0, 315.0, 999.0, 569.0, 348.0, 746.0, 0.0, 0.0], [-68.89985656738281, 19.837520599365234, -145.6678009033203], [0.3328399658203125, -0.02874755859375, 0.5743255615234375, -0.747344970703125], [-69.88867950439453, 38.015995025634766, -96.56292724609375], [0.6549835205078125, -0.161102294921875, 0.581878662109375, -0.4543304443359375]
211050, 211.8793487548828, [1000.0, 236.0, 880.0, 65.0, 870.0, 137.0, 866.0, 2.0, 804.0, 1000.0, 0.0, 1000.0, 0.0, 1000.0, 999.0, 999.0, 314.0, 999.0, 593.0, 347.0, 746.0, 0.0, 0.0], [-68.27771759033203, 20.932537078857422, -145.45294189453125], [0.339019775390625, -0.020294189453125, 0.5716094970703125, -0.746917724609375], [-71.02175903320312, 37.91926574707031, -97.3463134765625], [0.65008544921875, -0.164154052734375, 0.5871734619140625, -0.4534912109375]
211100, 211.9293670654297, [1000.0, 235.0, 880.0, 65.0, 869.0, 137.0, 864.0, 2.0, 802.0, 1000.0, 0.0, 1000.0, 0.0, 1000.0, 999.0, 999.0, 310.0, 999.0, 591.0, 347.0, 745.0, 0.0, 0.0], [-68.53529357910156, 21.670866012573242, -145.5821075439453], [0.34124755859375, -0.0152130126953125, 0.57421875, -0.7440185546875], [-72.48751068115234, 37.304744720458984, -98.20868682861328], [0.6432037353515625, -0.1717529296875, 0.5923004150390625, -0.453826904296875]
