1458540, 1464.70947265625, [1000.0, 85.0, 487.0, 45.0, 176.0, 8.0, 113.0, 0.0, 55.0, 1000.0, 0.0, 750.0, 0.0, 666.0, 970.0, 999.0, 999.0, 999.0, 999.0, 553.0, 643.0, 0.0, 0.0], [-18.72817039489746, -5.078949928283691, 45.24298858642578], [0.912628173828125, -0.1332244873046875, -0.102874755859375, 0.3724822998046875], [-33.604957580566406, 17.577577590942383, -156.2270050048828], [0.2380828857421875, 0.08428955078125, 0.3096771240234375, -0.9166717529296875]
1458590, 1464.75927734375, [1000.0, 84.0, 486.0, 45.0, 175.0, 8.0, 112.0, 0.0, 54.0, 1000.0, 0.0, 750.0, 0.0, 666.0, 966.0, 999.0, 999.0, 999.0, 999.0, 554.0, 643.0, 0.0, 0.0], [-18.607912063598633, -5.227867126464844, 45.30039596557617], [0.9126129150390625, -0.1317138671875, -0.103729248046875, 0.372833251953125], [-32.85796356201172, 17.612831115722656, -156.0054473876953], [0.2393798828125, 0.085540771484375, 0.3039093017578125, -0.91815185546875]
1458650, 1464.819580078125, [1000.0, 85.0, 484.0, 45.0, 174.0, 8.0, 111.0, 0.0, 54.0, 1000.0, 0.0, 750.0, 0.0, 666.0, 965.0, 999.0, 999.0, 999.0, 999.0, 554.0, 642.0, 0.0, 0.0], [-18.535371780395508, -5.36004638671875, 45.36599349975586], [0.912506103515625, -0.1306304931640625, -0.1046142578125, 0.37322998046875], [-32.9462776184082, 17.64731788635254, -156.03219604492188], [0.2393035888671875, 0.0857086181640625, 0.3046417236328125, -0.91790771484375]
1458700, 1464.869384765625, [1000.0, 84.0, 482.0, 45.0, 173.0, 8.0, 110.0, 0.0, 54.0, 1000.0, 0.0, 750.0, 0.0, 666.0, 965.0, 999.0, 999.0, 999.0, 999.0, 554.0, 642.0, 0.0, 0.0], [-18.587596893310547, -5.556551456451416, 45.459835052490234], [0.91217041015625, -0.1302947998046875, -0.1064453125, 0.3736419677734375], [-33.10755157470703, 17.51968765258789, -156.06280517578125], [0.2389068603515625, 0.08441162109375, 0.3057403564453125, -0.9177703857421875]
1458760, 1464.9293212890625, [1000.0, 84.0, 482.0, 45.0, 172.0, 7.0, 109.0, 0.0, 53.0, 1000.0, 0.0, 750.0, 0.0, 1000.0, 966.0, 999.0, 999.0, 999.0, 999.0, 555.0, 641.0, 0.0, 0.0], [-18.43959617614746, -5.469779014587402, 45.57643508911133], [0.9119415283203125, -0.129302978515625, -0.10540771484375, 0.3748321533203125], [-33.13270950317383, 17.462430953979492, -156.04605102539062], [0.2389373779296875, 0.0838470458984375, 0.305877685546875, -0.9177703857421875]
1458810, 1464.9796142578125, [1000.0, 84.0, 481.0, 44.0, 171.0, 7.0, 108.0, 0.0, 53.0, 1000.0, 0.0, 750.0, 0.0, 666.0, 964.0, 999.0, 999.0, 999.0, 999.0, 555.0, 640.0, 0.0, 0.0], [-18.448408126831055, -5.43174409866333, 45.694820404052734], [0.9115447998046875, -0.12939453125, -0.1052703857421875, 0.375823974609375], [-33.34909439086914, 17.30331039428711, -156.10110473632812], [0.238311767578125, 0.082244873046875, 0.3073577880859375, -0.9175872802734375]
1458860, 1465.02978515625, [1000.0, 85.0, 481.0, 44.0, 170.0, 7.0, 108.0, 0.0, 53.0, 1000.0, 0.0, 750.0, 0.0, 1000.0, 960.0, 999.0, 999.0, 999.0, 999.0, 556.0, 640.0, 0.0, 0.0], [-18.456241607666016, -5.392213344573975, 45.75956344604492], [0.91131591796875, -0.1295318603515625, -0.1050567626953125, 0.3763885498046875], [-33.34035110473633, 17.273035049438477, -156.11280822753906], [0.2381439208984375, 0.0820465087890625, 0.3072357177734375, -0.9176788330078125]
1458920, 1465.089599609375, [1000.0, 84.0, 481.0, 44.0, 169.0, 7.0, 107.0, 0.0, 53.0, 1000.0, 0.0, 750.0, 0.0, 666.0, 966.0, 999.0, 999.0, 999.0, 999.0, 556.0, 640.0, 0.0, 0.0], [-18.426044464111328, -5.393750190734863, 45.82384490966797], [0.9111328125, -0.1292266845703125, -0.10504150390625, 0.376922607421875], [-33.350494384765625, 17.32781219482422, -156.1360626220703], [0.2380828857421875, 0.0825347900390625, 0.307373046875, -0.9176025390625]
1458940, 1465.1395263671875, [1000.0, 84.0, 481.0, 44.0, 169.0, 7.0, 107.0, 0.0, 52.0, 1000.0, 0.0, 750.0, 0.0, 666.0, 964.0, 999.0, 999.0, 999.0, 999.0, 556.0, 639.0, 0.0, 0.0], [-18.492328643798828, -5.393146514892578, 45.83660888671875], [0.9110260009765625, -0.1297454833984375, -0.1052703857421875, 0.3769683837890625], [-33.37805938720703, 17.371870040893555, -156.14280700683594], [0.2381439208984375, 0.082855224609375, 0.307647705078125, -0.9174652099609375]
1458970, 1465.1494140625, [1000.0, 84.0, 481.0, 44.0, 168.0, 7.0, 106.0, 0.0, 52.0, 1000.0, 0.0, 750.0, 0.0, 666.0, 963.0, 999.0, 999.0, 999.0, 999.0, 556.0, 639.0, 0.0, 0.0], [-18.638795852661133, -5.3679280281066895, 45.883968353271484], [0.9106903076171875, -0.130950927734375, -0.1056060791015625, 0.3772430419921875], [-32.98078918457031, 17.39208221435547, -156.0227508544922], [0.238861083984375, 0.083526611328125, 0.3045806884765625, -0.918243408203125]
1459030, 1465.199462890625, [1000.0, 84.0, 481.0, 44.0, 167.0, 7.0, 106.0, 0.0, 52.0, 1000.0, 0.0, 750.0, 0.0, 666.0, 966.0, 999.0, 999.0, 999.0, 999.0, 557.0, 639.0, 0.0, 0.0], [-18.579076766967773, -5.363194942474365, 45.96780014038086], [0.910491943359375, -0.1304168701171875, -0.10546875, 0.3779754638671875], [-33.39283752441406, 17.362632751464844, -156.14779663085938], [0.23809814453125, 0.082763671875, 0.3077545166015625, -0.9174652099609375]
1459080, 1465.24951171875, [1000.0, 84.0, 481.0, 44.0, 166.0, 7.0, 105.0, 0.0, 52.0, 1000.0, 0.0, 750.0, 0.0, 1000.0, 978.0, 999.0, 999.0, 999.0, 999.0, 557.0, 638.0, 0.0, 0.0], [-18.48909568786621, -5.435812473297119, 46.04763412475586], [0.91033935546875, -0.1293792724609375, -0.1058349609375, 0.3785858154296875], [-33.51171875, 17.122983932495117, -156.15023803710938], [0.237640380859375, 0.08056640625, 0.308380126953125, -0.9175567626953125]
1459130, 1465.3094482421875, [1000.0, 84.0, 482.0, 44.0, 166.0, 7.0, 105.0, 0.0, 52.0, 1000.0, 0.0, 750.0, 0.0, 666.0, 977.0, 999.0, 999.0, 999.0, 999.0, 557.0, 638.0, 0.0, 0.0], [-18.53192138671875, -5.446778297424316, 46.143192291259766], [0.90997314453125, -0.1295928955078125, -0.106170654296875, 0.3792877197265625], [-33.46054458618164, 17.0264892578125, -156.1026611328125], [0.2377777099609375, 0.0797576904296875, 0.3078765869140625, -0.9177703857421875]
1459190, 1465.3592529296875, [1000.0, 84.0, 481.0, 44.0, 165.0, 6.0, 104.0, 0.0, 51.0, 1000.0, 0.0, 750.0, 0.0, 1000.0, 968.0, 999.0, 999.0, 999.0, 999.0, 557.0, 638.0, 0.0, 0.0], [-18.325366973876953, -5.5324296951293945, 46.245975494384766], [0.909881591796875, -0.1275634765625, -0.1062774658203125, 0.3801727294921875], [-33.24024963378906, 16.991928100585938, -156.03762817382812], [0.238067626953125, 0.0797576904296875, 0.3061065673828125, -0.91827392578125]
1459240, 1465.4193115234375, [1000.0, 84.0, 479.0, 44.0, 164.0, 6.0, 103.0, 0.0, 51.0, 1000.0, 0.0, 750.0, 0.0, 666.0, 966.0, 999.0, 999.0, 999.0, 999.0, 556.0, 638.0, 0.0, 0.0], [-18.321861267089844, -5.487752437591553, 46.299137115478516], [0.909698486328125, -0.1276397705078125, -0.1059722900390625, 0.3806610107421875], [-33.348876953125, 16.880966186523438, -156.08963012695312], [0.23748779296875, 0.078765869140625, 0.306793212890625, -0.9182891845703125]
1459290, 1465.4696044921875, [1000.0, 84.0, 476.0, 44.0, 163.0, 6.0, 103.0, 0.0, 50.0, 1000.0, 0.0, 750.0, 0.0, 666.0, 963.0, 999.0, 999.0, 999.0, 999.0, 556.0, 638.0, 0.0, 0.0], [-18.30402946472168, -5.497588634490967, 46.323848724365234], [0.909637451171875, -0.12744140625, -0.10601806640625, 0.380859375], [-32.88623809814453, 16.741344451904297, -155.98587036132812], [0.237701416015625, 0.07830810546875, 0.3029632568359375, -0.9195404052734375]
1459350, 1465.529541015625, [1000.0, 84.0, 476.0, 44.0, 163.0, 6.0, 102.0, 0.0, 49.0, 1000.0, 0.0, 750.0, 0.0, 666.0, 972.0, 999.0, 999.0, 999.0, 999.0, 556.0, 638.0, 0.0, 0.0], [-18.30573844909668, -5.389901161193848, 46.32754135131836], [0.90960693359375, -0.1278228759765625, -0.1051788330078125, 0.38104248046875], [-32.87846374511719, 16.69335174560547, -156.00106811523438], [0.2374725341796875, 0.077972412109375, 0.302825927734375, -0.919677734375]
1459400, 1465.57958984375, [1000.0, 84.0, 476.0, 43.0, 162.0, 6.0, 102.0, 0.0, 49.0, 1000.0, 0.0, 750.0, 0.0, 1000.0, 977.0, 999.0, 999.0, 999.0, 999.0, 556.0, 636.0, 0.0, 0.0], [-18.284656524658203, -5.4185614585876465, 46.337684631347656], [0.90960693359375, -0.1275482177734375, -0.1053466796875, 0.381103515625], [-32.3862419128418, 16.489328384399414, -155.85256958007812], [0.2378997802734375, 0.076934814453125, 0.2986907958984375, -0.9210052490234375]
1459420, 1465.6297607421875, [1000.0, 84.0, 477.0, 43.0, 162.0, 6.0, 101.0, 0.0, 49.0, 1000.0, 0.0, 750.0, 0.0, 666.0, 977.0, 999.0, 999.0, 999.0, 999.0, 555.0, 636.0, 0.0, 0.0], [-18.272768020629883, -5.514209270477295, 46.34039306640625], [0.9096221923828125, -0.1271209716796875, -0.1060638427734375, 0.3809967041015625], [-31.809036254882812, 16.437501907348633, -155.69412231445312], [0.238677978515625, 0.077301025390625, 0.2940826416015625, -0.9222564697265625]
1459460, 1465.639404296875, [1000.0, 84.0, 478.0, 43.0, 161.0, 6.0, 101.0, 0.0, 49.0, 1000.0, 0.0, 750.0, 0.0, 666.0, 978.0, 999.0, 999.0, 999.0, 999.0, 555.0, 636.0, 0.0, 0.0], [-18.111631393432617, -5.568594932556152, 46.35457992553711], [0.909759521484375, -0.125640869140625, -0.1059722900390625, 0.3811798095703125], [-32.51247024536133, 16.540067672729492, -155.89915466308594], [0.2377166748046875, 0.07720947265625, 0.29974365234375, -0.920684814453125]
1459510, 1465.689453125, [1000.0, 84.0, 477.0, 43.0, 160.0, 6.0, 101.0, 0.0, 48.0, 1000.0, 0.0, 750.0, 0.0, 1000.0, 978.0, 999.0, 999.0, 999.0, 999.0, 555.0, 635.0, 0.0, 0.0], [-17.97547149658203, -5.579817771911621, 46.381160736083984], [0.909820556640625, -0.1244964599609375, -0.1056365966796875, 0.381500244140625], [-31.98552703857422, 15.728608131408691, -155.6922149658203], [0.237335205078125, 0.0711212158203125, 0.29449462890625, -0.9229583740234375]
1459560, 1465.7396240234375, [1000.0, 84.0, 477.0, 43.0, 160.0, 6.0, 100.0, 0.0, 48.0, 1000.0, 0.0, 750.0, 0.0, 1000.0, 978.0, 999.0, 999.0, 999.0, 999.0, 552.0, 636.0, 0.0, 0.0], [-18.37509536743164, -5.57133150100708, 46.49333572387695], [0.9090118408203125, -0.127593994140625, -0.107025146484375, 0.3820343017578125], [-33.18940353393555, 16.224626541137695, -155.86473083496094], [0.237762451171875, 0.0731353759765625, 0.3047637939453125, -0.9193572998046875]
1459620, 1465.7998046875, [1000.0, 84.0, 476.0, 43.0, 159.0, 5.0, 99.0, 0.0, 47.0, 1000.0, 0.0, 750.0, 0.0, 666.0, 970.0, 999.0, 999.0, 999.0, 999.0, 551.0, 635.0, 0.0, 0.0], [-18.26019287109375, -5.604847431182861, 46.68402862548828], [0.90850830078125, -0.1263885498046875, -0.10711669921875, 0.38360595703125], [-32.75536346435547, 15.42566967010498, -155.47665405273438], [0.2388916015625, 0.0664825439453125, 0.300384521484375, -0.9210052490234375]
1459670, 1465.849853515625, [1000.0, 84.0, 475.0, 43.0, 159.0, 5.0, 99.0, 0.0, 47.0, 1000.0, 0.0, 750.0, 0.0, 1000.0, 960.0, 999.0, 999.0, 999.0, 999.0, 550.0, 635.0, 0.0, 0.0], [-18.166278839111328, -6.010878562927246, 46.85448455810547], [0.9080963134765625, -0.1240692138671875, -0.1101837158203125, 0.38446044921875], [-33.145694732666016, 15.157176971435547, -155.51190185546875], [0.238250732421875, 0.063568115234375, 0.3031158447265625, -0.9204864501953125]
1459730, 1465.9095458984375, [1000.0, 84.0, 473.0, 43.0, 158.0, 5.0, 98.0, 0.0, 47.0, 1000.0, 0.0, 750.0, 0.0, 666.0, 966.0, 999.0, 999.0, 999.0, 999.0, 550.0, 634.0, 0.0, 0.0], [-18.122098922729492, -5.831937313079834, 46.86895751953125], [0.9080657958984375, -0.12432861328125, -0.108642578125, 0.3848724365234375], [-32.88077926635742, 14.634610176086426, -155.54090881347656], [0.2367401123046875, 0.0599212646484375, 0.3002166748046875, -0.9220733642578125]
1459780, 1465.959716796875, [1000.0, 84.0, 473.0, 43.0, 157.0, 5.0, 98.0, 0.0, 46.0, 1000.0, 0.0, 750.0, 0.0, 1000.0, 978.0, 999.0, 999.0, 999.0, 999.0, 550.0, 634.0, 0.0, 0.0], [-18.10863494873047, -5.870056629180908, 46.858516693115234], [0.9081268310546875, -0.1240997314453125, -0.10888671875, 0.3847503662109375], [-32.28933334350586, 14.67621898651123, -155.50344848632812], [0.23681640625, 0.0613861083984375, 0.2955322265625, -0.9234619140625]
1459830, 1466.009521484375, [1000.0, 84.0, 473.0, 43.0, 157.0, 5.0, 97.0, 0.0, 46.0, 1000.0, 0.0, 750.0, 0.0, 1000.0, 974.0, 999.0, 999.0, 999.0, 999.0, 550.0, 634.0, 0.0, 0.0], [-18.423933029174805, -5.768258094787598, 46.77778244018555], [0.9080352783203125, -0.1270294189453125, -0.1090545654296875, 0.3839569091796875], [-31.90274429321289, 15.76513385772705, -155.37159729003906], [0.2399444580078125, 0.070770263671875, 0.2940826416015625, -0.922454833984375]
1459890, 1466.06982421875, [1000.0, 83.0, 472.0, 44.0, 156.0, 6.0, 97.0, 0.0, 46.0, 1000.0, 0.0, 750.0, 0.0, 666.0, 998.0, 999.0, 999.0, 999.0, 999.0, 549.0, 637.0, 0.0, 0.0], [-18.670772552490234, -4.585487365722656, 46.6449089050293], [0.907958984375, -0.133209228515625, -0.1004180908203125, 0.3843841552734375], [-32.31742858886719, 16.52660369873047, -155.3759002685547], [0.24176025390625, 0.076141357421875, 0.2985076904296875, -0.9201202392578125]
1459940, 1466.11962890625, [1000.0, 84.0, 473.0, 51.0, 154.0, 19.0, 96.0, 0.0, 48.0, 1000.0, 0.0, 750.0, 0.0, 666.0, 984.0, 999.0, 999.0, 999.0, 999.0, 544.0, 641.0, 0.0, 0.0], [-18.32082176208496, -1.7350857257843018, 45.790828704833984], [0.9102935791015625, -0.1408233642578125, -0.0756988525390625, 0.3818206787109375], [-31.779964447021484, 18.42276954650879, -155.46409606933594], [0.2445526123046875, 0.093017578125, 0.2967987060546875, -0.9183807373046875]
1460000, 1466.1795654296875, [1000.0, 84.0, 483.0, 62.0, 154.0, 48.0, 101.0, 0.0, 56.0, 1000.0, 0.0, 750.0, 0.0, 666.0, 951.0, 999.0, 999.0, 999.0, 999.0, 529.0, 645.0, 0.0, 0.0], [-21.827810287475586, 2.830564022064209, 43.8001708984375], [0.909027099609375, -0.184661865234375, -0.048095703125, 0.3704681396484375], [-34.02769088745117, 22.398801803588867, -156.52877807617188], [0.246429443359375, 0.1234588623046875, 0.3188018798828125, -0.9068450927734375]
1460050, 1466.2294921875, [1000.0, 84.0, 500.0, 65.0, 156.0, 54.0, 112.0, 0.0, 59.0, 1000.0, 0.0, 750.0, 0.0, 666.0, 943.0, 999.0, 999.0, 999.0, 999.0, 523.0, 645.0, 0.0, 0.0], [-23.24314308166504, 6.650329113006592, 42.40195846557617], [0.9074249267578125, -0.208038330078125, -0.0197601318359375, 0.3645172119140625], [-33.628204345703125, 25.69721794128418, -156.7669677734375], [0.2509307861328125, 0.1517181396484375, 0.3191070556640625, -0.9011993408203125]
1460100, 1466.27978515625, [1000.0, 85.0, 524.0, 65.0, 162.0, 50.0, 136.0, 0.0, 63.0, 1000.0, 0.0, 750.0, 0.0, 666.0, 934.0, 999.0, 999.0, 999.0, 999.0, 511.0, 649.0, 0.0, 0.0], [-25.023330688476562, 11.89435863494873, 39.94469451904297], [0.9049224853515625, -0.237060546875, 0.0214691162109375, 0.352752685546875], [-33.97325897216797, 28.75699806213379, -157.55419921875], [0.25146484375, 0.1778717041015625, 0.3238067626953125, -0.8945770263671875]
1460160, 1466.339599609375, [1000.0, 85.0, 523.0, 65.0, 186.0, 52.0, 183.0, 0.0, 66.0, 1000.0, 0.0, 750.0, 0.0, 666.0, 939.0, 999.0, 999.0, 999.0, 999.0, 492.0, 647.0, 0.0, 0.0], [-29.51460075378418, 15.709527015686035, 36.98747634887695], [0.8974151611328125, -0.281219482421875, 0.0452880859375, 0.3368682861328125], [-38.36231231689453, 31.662321090698242, -160.36422729492188], [0.243255615234375, 0.199981689453125, 0.3553924560546875, -0.8800506591796875]
1460210, 1466.3895263671875, [1000.0, 84.0, 516.0, 65.0, 209.0, 52.0, 203.0, 0.0, 66.0, 1000.0, 0.0, 750.0, 0.0, 1000.0, 943.0, 999.0, 999.0, 999.0, 999.0, 478.0, 644.0, 0.0, 0.0], [-36.2966194152832, 13.926835060119629, 34.440406799316406], [0.8897705078125, -0.3294219970703125, 0.0185089111328125, 0.3153076171875], [-45.726112365722656, 32.365936279296875, -164.522705078125], [0.2264556884765625, 0.2042236328125, 0.4043121337890625, -0.862274169921875]
1460270, 1466.4493408203125, [1000.0, 85.0, 511.0, 62.0, 226.0, 49.0, 208.0, 0.0, 66.0, 1000.0, 0.0, 750.0, 0.0, 666.0, 940.0, 999.0, 999.0, 999.0, 999.0, 454.0, 652.0, 0.0, 0.0], [-45.96358108520508, 9.767525672912598, 32.83671569824219], [0.8704833984375, -0.3953094482421875, -0.0347747802734375, 0.2911529541015625], [-56.06156921386719, 31.242177963256836, -169.8683319091797], [0.20111083984375, 0.1967926025390625, 0.4718017578125, -0.8355865478515625]
1460320, 1466.49951171875, [1000.0, 85.0, 506.0, 61.0, 235.0, 46.0, 209.0, 0.0, 65.0, 1000.0, 0.0, 750.0, 0.0, 666.0, 948.0, 999.0, 999.0, 999.0, 999.0, 437.0, 666.0, 0.0, 0.0], [-51.06880569458008, 7.8062944412231445, 32.44256591796875], [0.8561859130859375, -0.430084228515625, -0.0611572265625, 0.2796478271484375], [-60.03919219970703, 29.541101455688477, -172.4780731201172], [0.18218994140625, 0.18853759765625, 0.4971923828125, -0.827056884765625]
1460370, 1466.5496826171875, [1000.0, 85.0, 493.0, 60.0, 253.0, 41.0, 204.0, 0.0, 63.0, 1000.0, 0.0, 750.0, 0.0, 666.0, 944.0, 999.0, 999.0, 999.0, 999.0, 420.0, 688.0, 0.0, 0.0], [-53.20292663574219, 5.879724979400635, 31.99944496154785], [0.8520355224609375, -0.4425048828125, -0.0791778564453125, 0.2682037353515625], [-61.047664642333984, 28.053504943847656, -173.27078247070312], [0.17193603515625, 0.17950439453125, 0.504150390625, -0.827056884765625]
1460430, 1466.6097412109375, [1000.0, 84.0, 510.0, 58.0, 351.0, 37.0, 218.0, 0.0, 61.0, 1000.0, 0.0, 750.0, 0.0, 666.0, 950.0, 999.0, 999.0, 999.0, 999.0, 399.0, 708.0, 0.0, 0.0], [-57.1185302734375, 4.215827465057373, 31.414825439453125], [0.840179443359375, -0.4686431884765625, -0.098236083984375, 0.254547119140625], [-64.88658905029297, 27.178110122680664, -174.8527069091797], [0.162750244140625, 0.1746673583984375, 0.529815673828125, -0.8137969970703125]
1460480, 1466.65966796875, [1000.0, 84.0, 599.0, 56.0, 514.0, 34.0, 261.0, 0.0, 59.0, 1000.0, 0.0, 750.0, 0.0, 1000.0, 947.0, 999.0, 999.0, 999.0, 999.0, 386.0, 711.0, 0.0, 0.0], [-57.511566162109375, 5.818864822387695, 30.630443572998047], [0.8379974365234375, -0.4751434326171875, -0.083984375, 0.2548065185546875], [-68.57455444335938, 20.20184326171875, -176.23406982421875], [0.1254730224609375, 0.1266021728515625, 0.5590667724609375, -0.809722900390625]
1460530, 1466.7095947265625, [1000.0, 87.0, 719.0, 55.0, 639.0, 31.0, 340.0, 0.0, 57.0, 1000.0, 0.0, 750.0, 0.0, 666.0, 944.0, 999.0, 999.0, 999.0, 999.0, 376.0, 713.0, 0.0, 0.0], [-58.45374298095703, 6.930172443389893, 29.152925491333008], [0.8356170654296875, -0.484954833984375, -0.0716094970703125, 0.2477874755859375], [-68.44844055175781, 19.632749557495117, -175.8550567626953], [0.1252899169921875, 0.1208343505859375, 0.558929443359375, -0.81072998046875]
1460590, 1466.769775390625, [1000.0, 88.0, 823.0, 54.0, 776.0, 30.0, 607.0, 0.0, 62.0, 1000.0, 0.0, 1000.0, 0.0, 666.0, 923.0, 999.0, 999.0, 999.0, 999.0, 363.0, 716.0, 0.0, 0.0], [-60.555206298828125, 7.828817367553711, 28.149110794067383], [0.82733154296875, -0.5022430419921875, -0.0651397705078125, 0.2429046630859375], [-70.29302978515625, 19.91358184814453, -176.25994873046875], [0.125762939453125, 0.122802734375, 0.5713043212890625, -0.8016815185546875]
1460640, 1466.819580078125, [1000.0, 88.0, 841.0, 54.0, 812.0, 30.0, 713.0, 0.0, 70.0, 1000.0, 0.0, 750.0, 0.0, 666.0, 838.0, 999.0, 999.0, 999.0, 999.0, 355.0, 718.0, 0.0, 0.0], [-59.99875259399414, 8.595414161682129, 28.098325729370117], [0.8286590576171875, -0.499420166015625, -0.058074951171875, 0.2459869384765625], [-66.98590850830078, 16.76968002319336, -174.7954864501953], [0.1178436279296875, 0.0966949462890625, 0.5508880615234375, -0.820526123046875]
1460700, 1466.87939453125, [1000.0, 88.0, 845.0, 53.0, 835.0, 31.0, 773.0, 0.0, 88.0, 1000.0, 0.0, 750.0, 0.0, 666.0, 900.0, 999.0, 795.0, 999.0, 999.0, 344.0, 722.0, 0.0, 0.0], [-59.559452056884766, 10.102113723754883, 28.854154586791992], [0.8264007568359375, -0.4981689453125, -0.04925537109375, 0.25775146484375], [-66.36210632324219, 18.01896858215332, -173.96615600585938], [0.12908935546875, 0.1024322509765625, 0.5466766357421875, -0.820953369140625]
1460750, 1466.9298095703125, [1000.0, 87.0, 837.0, 53.0, 835.0, 31.0, 788.0, 0.0, 108.0, 1000.0, 0.0, 750.0, 0.0, 666.0, 977.0, 999.0, 919.0, 999.0, 999.0, 338.0, 724.0, 0.0, 0.0], [-58.751625061035156, 10.529394149780273, 29.827226638793945], [0.8269195556640625, -0.492584228515625, -0.0484466552734375, 0.266815185546875], [-65.6760025024414, 19.708812713623047, -173.3784637451172], [0.1404571533203125, 0.112701416015625, 0.5416717529296875, -0.8210601806640625]
1460800, 1466.979736328125, [1000.0, 87.0, 836.0, 53.0, 836.0, 31.0, 794.0, 0.0, 136.0, 1000.0, 0.0, 750.0, 0.0, 666.0, 989.0, 999.0, 945.0, 999.0, 999.0, 334.0, 725.0, 0.0, 0.0], [-58.31743240356445, 12.086121559143066, 30.797731399536133], [0.8236083984375, -0.4915313720703125, -0.0400238037109375, 0.2800445556640625], [-64.83831024169922, 21.81215476989746, -172.6172637939453], [0.1545867919921875, 0.12548828125, 0.535614013671875, -0.820648193359375]
1460860, 1467.03955078125, [1000.0, 87.0, 829.0, 53.0, 830.0, 33.0, 798.0, 0.0, 173.0, 1000.0, 0.0, 750.0, 0.0, 666.0, 999.0, 999.0, 974.0, 999.0, 999.0, 330.0, 725.0, 0.0, 0.0], [-56.99262619018555, 14.338985443115234, 31.88384437561035], [0.82208251953125, -0.48529052734375, -0.0245513916015625, 0.2967529296875], [-62.89585876464844, 24.35199546813965, -171.3634796142578], [0.172515869140625, 0.141021728515625, 0.5220794677734375, -0.8232574462890625]
1460910, 1467.089599609375, [1000.0, 87.0, 828.0, 52.0, 827.0, 34.0, 803.0, 0.0, 220.0, 1000.0, 0.0, 750.0, 0.0, 666.0, 999.0, 999.0, 999.0, 999.0, 999.0, 327.0, 726.0, 0.0, 0.0], [-55.745567321777344, 15.980806350708008, 33.05883026123047], [0.8207244873046875, -0.478790283203125, -0.013916015625, 0.3113555908203125], [-61.24595642089844, 26.3934326171875, -170.39315795898438], [0.18603515625, 0.15423583984375, 0.5106353759765625, -0.8251190185546875]
1460970, 1467.1495361328125, [1000.0, 86.0, 825.0, 52.0, 820.0, 36.0, 806.0, 0.0, 276.0, 1000.0, 0.0, 750.0, 0.0, 666.0, 999.0, 999.0, 999.0, 999.0, 999.0, 323.0, 724.0, 0.0, 0.0], [-54.41862487792969, 17.91836929321289, 33.88054275512695], [0.819610595703125, -0.472412109375, 0.000885009765625, 0.3240814208984375], [-59.5412712097168, 28.706897735595703, -169.48434448242188], [0.1996307373046875, 0.170196533203125, 0.49871826171875, -0.8260955810546875]
1461000, 1467.199462890625, [1000.0, 86.0, 825.0, 52.0, 818.0, 37.0, 812.0, 0.0, 318.0, 1000.0, 0.0, 750.0, 0.0, 666.0, 999.0, 999.0, 999.0, 999.0, 999.0, 321.0, 724.0, 0.0, 0.0], [-53.98762130737305, 18.96577262878418, 34.28727722167969], [0.817779541015625, -0.4710693359375, 0.0083160400390625, 0.3305206298828125], [-59.19858169555664, 29.910860061645508, -169.3050994873047], [0.2052001953125, 0.1789398193359375, 0.49603271484375, -0.8245086669921875]
1461020, 1467.20947265625, [1000.0, 86.0, 824.0, 52.0, 817.0, 37.0, 814.0, 0.0, 332.0, 1000.0, 0.0, 750.0, 0.0, 666.0, 999.0, 999.0, 999.0, 999.0, 999.0, 321.0, 725.0, 0.0, 0.0], [-53.99162673950195, 19.22315788269043, 34.4211540222168], [0.8167572021484375, -0.471527099609375, 0.0096893310546875, 0.33233642578125], [-59.13815689086914, 30.777864456176758, -169.21214294433594], [0.209197998046875, 0.18505859375, 0.495361328125, -0.822540283203125]
1461040, 1467.2496337890625, [1000.0, 86.0, 821.0, 52.0, 815.0, 38.0, 819.0, 0.0, 386.0, 1000.0, 0.0, 750.0, 0.0, 666.0, 999.0, 999.0, 999.0, 999.0, 999.0, 319.0, 724.0, 0.0, 0.0], [-54.06550216674805, 20.10323143005371, 34.7515983581543], [0.8133544921875, -0.4735260009765625, 0.0147247314453125, 0.3376312255859375], [-58.949920654296875, 31.623735427856445, -169.1114959716797], [0.2129364013671875, 0.19122314453125, 0.4937896728515625, -0.8211212158203125]
1461070, 1467.2593994140625, [1000.0, 86.0, 818.0, 52.0, 812.0, 39.0, 827.0, 0.0, 444.0, 1000.0, 0.0, 750.0, 0.0, 1000.0, 999.0, 999.0, 999.0, 999.0, 999.0, 318.0, 724.0, 0.0, 0.0], [-54.46452331542969, 21.305740356445312, 34.74764633178711], [0.8087005615234375, -0.478271484375, 0.0225830078125, 0.3416595458984375], [-58.71246337890625, 32.876827239990234, -168.95677185058594], [0.2185211181640625, 0.20025634765625, 0.4917449951171875, -0.8187255859375]
1461130, 1467.3096923828125, [1000.0, 86.0, 816.0, 52.0, 808.0, 41.0, 827.0, 0.0, 514.0, 1000.0, 0.0, 750.0, 0.0, 666.0, 999.0, 999.0, 999.0, 999.0, 999.0, 315.0, 722.0, 0.0, 0.0], [-54.67092514038086, 22.824430465698242, 35.25246047973633], [0.8023681640625, -0.482208251953125, 0.031219482421875, 0.3502655029296875], [-58.6834602355957, 35.2585563659668, -169.03726196289062], [0.227081298828125, 0.2181854248046875, 0.490081787109375, -0.8127899169921875]
1461180, 1467.359375, [1000.0, 85.0, 815.0, 52.0, 805.0, 43.0, 826.0, 0.0, 549.0, 1000.0, 0.0, 750.0, 0.0, 666.0, 999.0, 999.0, 999.0, 999.0, 999.0, 314.0, 722.0, 0.0, 0.0], [-54.27862548828125, 23.931285858154297, 35.69217300415039], [0.7996826171875, -0.4813079833984375, 0.0388641357421875, 0.3568115234375], [-58.00265884399414, 36.78486251831055, -168.87734985351562], [0.2326812744140625, 0.230072021484375, 0.4846343994140625, -0.811187744140625]
1461240, 1467.4195556640625, [1000.0, 85.0, 811.0, 52.0, 800.0, 45.0, 825.0, 0.0, 572.0, 1000.0, 0.0, 750.0, 0.0, 666.0, 999.0, 999.0, 999.0, 999.0, 999.0, 311.0, 724.0, 0.0, 0.0], [-53.83915710449219, 25.903535842895508, 36.04532241821289], [0.794921875, -0.4813995361328125, 0.05352783203125, 0.3653411865234375], [-57.224578857421875, 37.85847091674805, -168.9007110595703], [0.23492431640625, 0.2396392822265625, 0.4783935546875, -0.8114776611328125]
1461280, 1467.469482421875, [1000.0, 85.0, 810.0, 52.0, 799.0, 47.0, 823.0, 0.0, 580.0, 1000.0, 0.0, 750.0, 0.0, 666.0, 999.0, 999.0, 999.0, 999.0, 999.0, 310.0, 724.0, 0.0, 0.0], [-53.88806915283203, 28.406770706176758, 35.97859573364258], [0.78759765625, -0.4853363037109375, 0.0723724365234375, 0.3726348876953125], [-58.3728141784668, 45.907676696777344, -169.8812713623047], [0.2603302001953125, 0.2995452880859375, 0.4773101806640625, -0.78399658203125]
1461290, 1467.4794921875, [1000.0, 85.0, 809.0, 52.0, 799.0, 47.0, 822.0, 0.0, 581.0, 1000.0, 0.0, 750.0, 0.0, 666.0, 999.0, 999.0, 999.0, 999.0, 999.0, 310.0, 724.0, 0.0, 0.0], [-53.9197883605957, 28.810733795166016, 35.96443176269531], [0.7863006591796875, -0.486114501953125, 0.075347900390625, 0.3737945556640625], [-58.59410858154297, 45.90350341796875, -170.0348358154297], [0.2598419189453125, 0.299652099609375, 0.478424072265625, -0.7834320068359375]
1461340, 1467.529541015625, [1000.0, 85.0, 807.0, 52.0, 796.0, 48.0, 818.0, 0.0, 583.0, 1000.0, 0.0, 750.0, 0.0, 1000.0, 999.0, 999.0, 999.0, 999.0, 999.0, 308.0, 724.0, 0.0, 0.0], [-54.78690719604492, 28.028823852539062, 35.77500915527344], [0.7855682373046875, -0.4908599853515625, 0.0675048828125, 0.3706207275390625], [-60.32261657714844, 45.801239013671875, -170.9907989501953], [0.2574615478515625, 0.2990570068359375, 0.487823486328125, -0.7786407470703125]
1461400, 1467.57958984375, [1000.0, 84.0, 802.0, 52.0, 794.0, 51.0, 816.0, 0.0, 587.0, 1000.0, 0.0, 750.0, 0.0, 666.0, 999.0, 999.0, 999.0, 999.0, 999.0, 306.0, 725.0, 0.0, 0.0], [-56.70014190673828, 26.99627113342285, 35.50356674194336], [0.7812042236328125, -0.50238037109375, 0.0548553466796875, 0.3664703369140625], [-62.93581008911133, 45.680938720703125, -172.30538940429688], [0.254913330078125, 0.2980499267578125, 0.5022125244140625, -0.7706756591796875]
1461450, 1467.6396484375, [1000.0, 84.0, 804.0, 52.0, 794.0, 51.0, 816.0, 0.0, 595.0, 1000.0, 0.0, 750.0, 0.0, 1000.0, 999.0, 999.0, 989.0, 999.0, 999.0, 304.0, 726.0, 0.0, 0.0], [-57.79037094116211, 26.582183837890625, 35.30844497680664], [0.778228759765625, -0.5091552734375, 0.0491790771484375, 0.3642578125], [-65.6072769165039, 43.085025787353516, -174.03273010253906], [0.239349365234375, 0.281982421875, 0.519287109375, -0.7703857421875]
1461510, 1467.6895751953125, [1000.0, 84.0, 804.0, 52.0, 795.0, 52.0, 815.0, 0.0, 594.0, 1000.0, 0.0, 750.0, 0.0, 666.0, 999.0, 999.0, 861.0, 999.0, 999.0, 302.0, 725.0, 0.0, 0.0], [-58.035850524902344, 20.76565933227539, 35.20683670043945], [0.793426513671875, -0.5024566650390625, 0.00592041015625, 0.3434600830078125], [-65.59733581542969, 40.3923225402832, -174.1186981201172], [0.22723388671875, 0.26373291015625, 0.5225982666015625, -0.77825927734375]
1461560, 1467.74951171875, [1000.0, 84.0, 806.0, 51.0, 795.0, 52.0, 814.0, 0.0, 589.0, 1000.0, 0.0, 750.0, 0.0, 666.0, 999.0, 999.0, 775.0, 999.0, 999.0, 301.0, 726.0, 0.0, 0.0], [-58.27622985839844, 20.598875045776367, 35.189964294433594], [0.7928466796875, -0.5038604736328125, 0.0040435791015625, 0.3427581787109375], [-65.90947723388672, 40.258079528808594, -174.4353790283203], [0.2252197265625, 0.2636260986328125, 0.5241546630859375, -0.7778167724609375]
1461610, 1467.7998046875, [1000.0, 84.0, 808.0, 51.0, 796.0, 52.0, 813.0, 1.0, 587.0, 1000.0, 0.0, 750.0, 0.0, 1000.0, 999.0, 999.0, 709.0, 999.0, 999.0, 299.0, 725.0, 0.0, 0.0], [-58.1759033203125, 20.79279136657715, 35.20548629760742], [0.7927398681640625, -0.5034637451171875, 0.005706787109375, 0.3435516357421875], [-65.33911895751953, 40.36211395263672, -174.19375610351562], [0.2259979248046875, 0.264373779296875, 0.5207061767578125, -0.7796630859375]
1461640, 1467.849853515625, [1000.0, 84.0, 811.0, 51.0, 796.0, 52.0, 812.0, 1.0, 585.0, 1000.0, 0.0, 750.0, 0.0, 666.0, 999.0, 999.0, 685.0, 999.0, 999.0, 298.0, 726.0, 0.0, 0.0], [-57.8711051940918, 21.02686882019043, 35.37714767456055], [0.7929534912109375, -0.5017242431640625, 0.007598876953125, 0.345550537109375], [-64.95985412597656, 40.57630157470703, -173.9884490966797], [0.2274322509765625, 0.26568603515625, 0.5183258056640625, -0.7803802490234375]
1461670, 1467.859375, [1000.0, 83.0, 812.0, 51.0, 796.0, 52.0, 812.0, 0.0, 583.0, 1000.0, 0.0, 1000.0, 0.0, 1000.0, 999.0, 999.0, 677.0, 999.0, 999.0, 297.0, 726.0, 0.0, 0.0], [-57.472267150878906, 21.247339248657227, 35.67739486694336], [0.793212890625, -0.49932861328125, 0.009124755859375, 0.3483734130859375], [-65.35977172851562, 40.745849609375, -174.31951904296875], [0.226837158203125, 0.267578125, 0.5200653076171875, -0.7787628173828125]
1461720, 1467.90966796875, [1000.0, 83.0, 813.0, 51.0, 796.0, 52.0, 811.0, 0.0, 580.0, 1000.0, 0.0, 750.0, 0.0, 666.0, 999.0, 999.0, 658.0, 999.0, 999.0, 296.0, 725.0, 0.0, 0.0], [-57.0432243347168, 21.46196746826172, 35.887542724609375], [0.79388427734375, -0.4967193603515625, 0.0111083984375, 0.3505401611328125], [-64.66960906982422, 41.30442810058594, -174.01927185058594], [0.2296295166015625, 0.271484375, 0.515350341796875, -0.7797088623046875]
1461770, 1467.959716796875, [1000.0, 83.0, 813.0, 51.0, 796.0, 52.0, 810.0, 1.0, 580.0, 1000.0, 0.0, 750.0, 0.0, 666.0, 964.0, 999.0, 643.0, 999.0, 999.0, 295.0, 725.0, 0.0, 0.0], [-56.93537139892578, 21.71703338623047, 35.99838638305664], [0.7933349609375, -0.4963836669921875, 0.012847900390625, 0.3521728515625], [-64.8282699584961, 41.67725372314453, -174.26882934570312], [0.229888916015625, 0.2748870849609375, 0.515350341796875, -0.7784423828125]
1461830, 1468.0196533203125, [1000.0, 83.0, 813.0, 51.0, 796.0, 51.0, 809.0, 1.0, 576.0, 1000.0, 0.0, 750.0, 0.0, 666.0, 926.0, 999.0, 637.0, 999.0, 999.0, 294.0, 722.0, 0.0, 0.0], [-57.0660514831543, 22.145971298217773, 36.03630447387695], [0.7915191650390625, -0.4979705810546875, 0.0154571533203125, 0.3539276123046875], [-65.16899108886719, 42.1889762878418, -174.6072540283203], [0.2305908203125, 0.2792816162109375, 0.5161590576171875, -0.7761383056640625]
1461880, 1468.0694580078125, [1000.0, 83.0, 812.0, 50.0, 795.0, 51.0, 809.0, 1.0, 575.0, 1000.0, 0.0, 750.0, 0.0, 666.0, 885.0, 999.0, 642.0, 999.0, 999.0, 293.0, 722.0, 0.0, 0.0], [-57.28886795043945, 22.40100860595703, 36.07304382324219], [0.7897491455078125, -0.499908447265625, 0.0164947509765625, 0.3550872802734375], [-65.89706420898438, 41.91748046875, -175.1862030029297], [0.2272796630859375, 0.278564453125, 0.520050048828125, -0.7747650146484375]
1461940, 1468.1295166015625, [1000.0, 83.0, 811.0, 50.0, 795.0, 51.0, 808.0, 1.0, 575.0, 1000.0, 0.0, 750.0, 0.0, 666.0, 848.0, 999.0, 635.0, 999.0, 999.0, 291.0, 721.0, 0.0, 0.0], [-57.84735107421875, 22.339393615722656, 36.020179748535156], [0.787628173828125, -0.5036468505859375, 0.0145416259765625, 0.354583740234375], [-65.8421401977539, 42.031742095947266, -175.23715209960938], [0.227294921875, 0.279693603515625, 0.5193939208984375, -0.7747955322265625]
1461990, 1468.1796875, [1000.0, 82.0, 810.0, 50.0, 795.0, 51.0, 807.0, 1.0, 573.0, 1000.0, 0.0, 750.0, 0.0, 666.0, 846.0, 999.0, 647.0, 999.0, 999.0, 291.0, 721.0, 0.0, 0.0], [-58.14260482788086, 22.264636993408203, 35.97526550292969], [0.7866668701171875, -0.50555419921875, 0.013275146484375, 0.3540496826171875], [-65.0027084350586, 42.33705139160156, -174.70529174804688], [0.2301483154296875, 0.2810821533203125, 0.51458740234375, -0.7766571044921875]
1462040, 1468.2298583984375, [1000.0, 82.0, 810.0, 50.0, 795.0, 51.0, 806.0, 1.0, 573.0, 1000.0, 0.0, 750.0, 0.0, 666.0, 826.0, 999.0, 653.0, 999.0, 999.0, 290.0, 720.0, 0.0, 0.0], [-57.899173736572266, 22.654211044311523, 36.192466735839844], [0.7860260009765625, -0.5045166015625, 0.0159454345703125, 0.35687255859375], [-64.96641540527344, 42.431270599365234, -174.74427795410156], [0.230194091796875, 0.281982421875, 0.5141143798828125, -0.7766265869140625]
1462100, 1468.28955078125, [1000.0, 82.0, 810.0, 50.0, 794.0, 51.0, 806.0, 1.0, 572.0, 1000.0, 0.0, 750.0, 0.0, 666.0, 870.0, 999.0, 677.0, 999.0, 999.0, 289.0, 720.0, 0.0, 0.0], [-57.49415969848633, 22.893085479736328, 36.51731491088867], [0.7861328125, -0.5021514892578125, 0.017547607421875, 0.35986328125], [-65.08757781982422, 42.36833572387695, -174.83438110351562], [0.2296142578125, 0.281707763671875, 0.514801025390625, -0.7764434814453125]
1462150, 1468.3394775390625, [1000.0, 82.0, 809.0, 50.0, 794.0, 51.0, 805.0, 1.0, 573.0, 1000.0, 0.0, 750.0, 0.0, 1000.0, 938.0, 999.0, 742.0, 999.0, 999.0, 289.0, 718.0, 0.0, 0.0], [-57.25995635986328, 22.792102813720703, 36.776947021484375], [0.78662109375, -0.50042724609375, 0.0164031982421875, 0.36126708984375], [-65.21353912353516, 42.04125213623047, -174.8992462158203], [0.22808837890625, 0.27947998046875, 0.5159454345703125, -0.7769317626953125]
1462210, 1468.399658203125, [1000.0, 82.0, 809.0, 50.0, 794.0, 51.0, 805.0, 1.0, 574.0, 1000.0, 0.0, 750.0, 0.0, 666.0, 999.0, 999.0, 783.0, 999.0, 999.0, 288.0, 718.0, 0.0, 0.0], [-56.944297790527344, 22.462800979614258, 37.2392692565918], [0.7874298095703125, -0.4977874755859375, 0.0129547119140625, 0.36328125], [-64.7359390258789, 42.143768310546875, -174.60296630859375], [0.2293701171875, 0.279815673828125, 0.5132904052734375, -0.7781982421875]
1462260, 1468.449462890625, [1000.0, 82.0, 809.0, 50.0, 794.0, 51.0, 804.0, 1.0, 574.0, 1000.0, 0.0, 750.0, 0.0, 1000.0, 999.0, 999.0, 812.0, 999.0, 999.0, 287.0, 717.0, 0.0, 0.0], [-56.86526870727539, 22.520360946655273, 37.423152923583984], [0.7870330810546875, -0.4973602294921875, 0.0128326416015625, 0.3647308349609375], [-64.81546783447266, 42.029052734375, -174.64561462402344], [0.228790283203125, 0.279052734375, 0.513885498046875, -0.77825927734375]
1462310, 1468.4993896484375, [1000.0, 82.0, 809.0, 50.0, 794.0, 51.0, 804.0, 1.0, 574.0, 1000.0, 0.0, 750.0, 0.0, 666.0, 999.0, 999.0, 817.0, 999.0, 999.0, 286.0, 717.0, 0.0, 0.0], [-56.70809555053711, 22.464794158935547, 37.697509765625], [0.7869873046875, -0.4962158203125, 0.0117340087890625, 0.3664093017578125], [-65.36386108398438, 41.73604965209961, -175.01077270507812], [0.2263946533203125, 0.2775726318359375, 0.517120361328125, -0.77734375]
1462370, 1468.5595703125, [1000.0, 82.0, 809.0, 50.0, 793.0, 52.0, 803.0, 1.0, 574.0, 1000.0, 0.0, 750.0, 0.0, 1000.0, 999.0, 999.0, 821.0, 999.0, 999.0, 286.0, 717.0, 0.0, 0.0], [-56.66348648071289, 22.340084075927734, 37.83486557006836], [0.787078857421875, -0.4957122802734375, 0.0103607177734375, 0.3669281005859375], [-64.35150909423828, 41.73439025878906, -174.3242950439453], [0.228607177734375, 0.2764892578125, 0.51190185546875, -0.7805328369140625]
1462420, 1468.6094970703125, [1000.0, 82.0, 809.0, 50.0, 793.0, 52.0, 803.0, 1.0, 573.0, 1000.0, 0.0, 750.0, 0.0, 666.0, 999.0, 999.0, 807.0, 999.0, 999.0, 285.0, 716.0, 0.0, 0.0], [-56.96211242675781, 22.179428100585938, 37.89683151245117], [0.7860260009765625, -0.49749755859375, 0.0079498291015625, 0.3668365478515625], [-64.93685150146484, 41.49674606323242, -174.67462158203125], [0.22662353515625, 0.275238037109375, 0.515350341796875, -0.779266357421875]
1462480, 1468.669677734375, [1000.0, 82.0, 809.0, 50.0, 793.0, 52.0, 802.0, 1.0, 570.0, 1000.0, 0.0, 750.0, 0.0, 666.0, 999.0, 999.0, 806.0, 999.0, 999.0, 284.0, 716.0, 0.0, 0.0], [-57.117462158203125, 22.19302749633789, 38.05106735229492], [0.784820556640625, -0.49859619140625, 0.0068817138671875, 0.367950439453125], [-64.77522277832031, 41.555084228515625, -174.59381103515625], [0.2270355224609375, 0.275604248046875, 0.514373779296875, -0.7796783447265625]
1462530, 1468.7196044921875, [1000.0, 81.0, 808.0, 50.0, 792.0, 52.0, 801.0, 1.0, 564.0, 1000.0, 0.0, 750.0, 0.0, 666.0, 999.0, 999.0, 806.0, 999.0, 999.0, 284.0, 715.0, 0.0, 0.0], [-57.214271545410156, 22.214651107788086, 38.142364501953125], [0.7840423583984375, -0.499298095703125, 0.0063323974609375, 0.36865234375], [-64.23714447021484, 42.03662109375, -174.27272033691406], [0.229949951171875, 0.278594970703125, 0.5108489990234375, -0.7800750732421875]
1462580, 1468.76953125, [1000.0, 81.0, 808.0, 50.0, 791.0, 52.0, 799.0, 1.0, 560.0, 1000.0, 0.0, 750.0, 0.0, 1000.0, 999.0, 999.0, 823.0, 999.0, 999.0, 284.0, 714.0, 0.0, 0.0], [-57.02948760986328, 22.384084701538086, 38.320743560791016], [0.7838134765625, -0.4983367919921875, 0.0074005126953125, 0.3704376220703125], [-63.90386962890625, 41.283409118652344, -174.0929412841797], [0.2272186279296875, 0.273193359375, 0.509979248046875, -0.7833404541015625]
1462640, 1468.8297119140625, [1000.0, 81.0, 807.0, 50.0, 791.0, 52.0, 797.0, 1.0, 555.0, 1000.0, 0.0, 750.0, 0.0, 1000.0, 999.0, 999.0, 802.0, 999.0, 999.0, 283.0, 713.0, 0.0, 0.0], [-56.63111877441406, 22.1351375579834, 38.54653549194336], [0.785491943359375, -0.4951934814453125, 0.0058746337890625, 0.371124267578125], [-64.15489196777344, 41.42966079711914, -174.28631591796875], [0.22711181640625, 0.2745819091796875, 0.51104736328125, -0.782196044921875]
1462690, 1468.87939453125, [1000.0, 81.0, 807.0, 50.0, 790.0, 52.0, 794.0, 1.0, 548.0, 1000.0, 0.0, 750.0, 0.0, 1000.0, 999.0, 999.0, 810.0, 999.0, 999.0, 283.0, 713.0, 0.0, 0.0], [-56.9075927734375, 21.951396942138672, 38.52385711669922], [0.7848663330078125, -0.49676513671875, 0.00372314453125, 0.370361328125], [-64.39244842529297, 41.437461853027344, -174.4170684814453], [0.2268218994140625, 0.274749755859375, 0.5123443603515625, -0.7813720703125]
