140100, 140.6395263671875, [1000.0, 312.0, 393.0, 89.0, 209.0, 67.0, 142.0, 0.0, 11.0, 1000.0, 0.0, 1000.0, 0.0, 1000.0, 978.0, 999.0, 999.0, 999.0, 999.0, 525.0, 609.0, 0.0, 0.0], [-19.75324249267578, -4.903802394866943, 101.50904083251953], [-0.6283721923828125, 0.075775146484375, 0.1593780517578125, -0.7576141357421875], [-26.844104766845703, 9.885377883911133, -111.88752746582031], [0.5592498779296875, -0.0600738525390625, 0.238525390625, -0.791656494140625]
140150, 140.6893310546875, [1000.0, 310.0, 393.0, 89.0, 209.0, 67.0, 142.0, 0.0, 10.0, 1000.0, 0.0, 1000.0, 0.0, 1000.0, 978.0, 999.0, 999.0, 999.0, 999.0, 525.0, 609.0, 0.0, 0.0], [-19.712060928344727, -5.000410556793213, 101.57292938232422], [-0.6280670166015625, 0.0748138427734375, 0.15966796875, -0.757904052734375], [-26.879384994506836, 10.117615699768066, -111.89582061767578], [0.5594635009765625, -0.0585784912109375, 0.239837646484375, -0.7912139892578125]
140200, 140.74948120117188, [1000.0, 310.0, 393.0, 89.0, 209.0, 67.0, 142.0, 0.0, 10.0, 1000.0, 0.0, 1000.0, 0.0, 1000.0, 976.0, 999.0, 999.0, 999.0, 999.0, 525.0, 609.0, 0.0, 0.0], [-19.692350387573242, -5.010217189788818, 101.6453857421875], [-0.6276092529296875, 0.0745391845703125, 0.159637451171875, -0.7583160400390625], [-26.72039794921875, 10.046757698059082, -111.87470245361328], [0.559600830078125, -0.058349609375, 0.2384033203125, -0.79156494140625]
140260, 140.79934692382812, [1000.0, 313.0, 392.0, 89.0, 209.0, 67.0, 141.0, 0.0, 10.0, 1000.0, 0.0, 750.0, 0.0, 1000.0, 978.0, 999.0, 999.0, 999.0, 999.0, 525.0, 609.0, 0.0, 0.0], [-19.7208309173584, -4.944294452667236, 101.73504638671875], [-0.6269378662109375, 0.07501220703125, 0.1595306396484375, -0.75885009765625], [-26.912471771240234, 10.09611988067627, -111.90760803222656], [0.5593414306640625, -0.058868408203125, 0.2399749755859375, -0.7912445068359375]
140310, 140.85983276367188, [1000.0, 311.0, 392.0, 89.0, 209.0, 67.0, 141.0, 0.0, 10.0, 1000.0, 0.0, 1000.0, 0.0, 1000.0, 978.0, 999.0, 999.0, 999.0, 999.0, 525.0, 609.0, 0.0, 0.0], [-19.710222244262695, -4.866114616394043, 101.78485107421875], [-0.6265411376953125, 0.075408935546875, 0.1590728759765625, -0.7592315673828125], [-26.79157066345215, 10.127519607543945, -111.89051818847656], [0.5595550537109375, -0.0580902099609375, 0.2392730712890625, -0.791351318359375]
140370, 140.9095001220703, [1000.0, 314.0, 392.0, 89.0, 208.0, 67.0, 141.0, 0.0, 10.0, 1000.0, 0.0, 1000.0, 0.0, 1000.0, 979.0, 999.0, 999.0, 999.0, 999.0, 525.0, 610.0, 0.0, 0.0], [-19.70839500427246, -4.815145492553711, 101.87027740478516], [-0.6259307861328125, 0.07562255859375, 0.158843994140625, -0.759765625], [-26.97810935974121, 10.18537712097168, -111.92514038085938], [0.559295654296875, -0.0585174560546875, 0.2408447265625, -0.7910308837890625]
140420, 140.969482421875, [1000.0, 312.0, 392.0, 89.0, 209.0, 67.0, 141.0, 0.0, 10.0, 1000.0, 0.0, 1000.0, 0.0, 1000.0, 979.0, 999.0, 999.0, 999.0, 999.0, 524.0, 609.0, 0.0, 0.0], [-19.80130958557129, -4.793839454650879, 101.94276428222656], [-0.6253662109375, 0.076171875, 0.159393310546875, -0.7600555419921875], [-26.719562530517578, 10.047582626342773, -111.87733459472656], [0.5595855712890625, -0.0583343505859375, 0.2384033203125, -0.7915802001953125]
140470, 141.01947021484375, [1000.0, 311.0, 392.0, 89.0, 208.0, 67.0, 141.0, 0.0, 10.0, 1000.0, 0.0, 1000.0, 0.0, 1000.0, 979.0, 999.0, 999.0, 999.0, 999.0, 524.0, 609.0, 0.0, 0.0], [-19.757339477539062, -4.832403659820557, 102.00123596191406], [-0.6250457763671875, 0.075592041015625, 0.1593475341796875, -0.7603912353515625], [-26.95263671875, 10.081976890563965, -111.91070556640625], [0.5592803955078125, -0.0591583251953125, 0.2401885986328125, -0.79119873046875]
140520, 141.0693817138672, [1000.0, 311.0, 392.0, 89.0, 208.0, 67.0, 141.0, 0.0, 10.0, 1000.0, 0.0, 750.0, 0.0, 1000.0, 979.0, 999.0, 999.0, 999.0, 999.0, 524.0, 609.0, 0.0, 0.0], [-19.769575119018555, -4.911281585693359, 102.09564208984375], [-0.624481201171875, 0.0749969482421875, 0.159912109375, -0.7607879638671875], [-26.94280433654785, 10.034646987915039, -111.90253448486328], [0.5592803955078125, -0.0594635009765625, 0.239898681640625, -0.791259765625]
140530, 141.07936096191406, [1000.0, 313.0, 392.0, 89.0, 208.0, 67.0, 141.0, 0.0, 10.0, 1000.0, 0.0, 750.0, 0.0, 1000.0, 979.0, 999.0, 999.0, 999.0, 999.0, 524.0, 609.0, 0.0, 0.0], [-19.847339630126953, -4.940973281860352, 102.1360092163086], [-0.6241912841796875, 0.075164794921875, 0.160614013671875, -0.7608642578125], [-26.94688606262207, 10.035411834716797, -111.90206146240234], [0.5592803955078125, -0.059478759765625, 0.23992919921875, -0.7912445068359375]
140580, 141.12940979003906, [1000.0, 314.0, 391.0, 89.0, 208.0, 67.0, 141.0, 0.0, 10.0, 1000.0, 0.0, 750.0, 0.0, 1000.0, 979.0, 999.0, 999.0, 999.0, 999.0, 524.0, 609.0, 0.0, 0.0], [-19.88589859008789, -4.964231967926025, 102.20693969726562], [-0.62371826171875, 0.0751190185546875, 0.161041259765625, -0.76116943359375], [-26.80076026916504, 9.834612846374512, -111.88578033447266], [0.5592193603515625, -0.0602264404296875, 0.2379913330078125, -0.7918243408203125]
140590, 141.17971801757812, [1000.0, 314.0, 391.0, 89.0, 208.0, 67.0, 140.0, 0.0, 10.0, 1000.0, 0.0, 750.0, 0.0, 1000.0, 979.0, 999.0, 999.0, 999.0, 999.0, 524.0, 609.0, 0.0, 0.0], [-19.853553771972656, -4.957043647766113, 102.22398376464844], [-0.6236114501953125, 0.0749664306640625, 0.160797119140625, -0.7613067626953125], [-26.892927169799805, 9.776693344116211, -111.90379333496094], [0.5589752197265625, -0.0610504150390625, 0.238372802734375, -0.7918243408203125]
140640, 141.18934631347656, [1000.0, 314.0, 391.0, 89.0, 208.0, 67.0, 140.0, 0.0, 10.0, 1000.0, 0.0, 750.0, 0.0, 1000.0, 979.0, 999.0, 999.0, 999.0, 999.0, 524.0, 609.0, 0.0, 0.0], [-19.688602447509766, -4.960541248321533, 102.3077392578125], [-0.6231689453125, 0.0739288330078125, 0.1597747802734375, -0.761993408203125], [-26.671131134033203, 9.866484642028809, -111.86134338378906], [0.5594940185546875, -0.059417724609375, 0.2372283935546875, -0.7919158935546875]
140690, 141.23936462402344, [1000.0, 314.0, 391.0, 89.0, 208.0, 67.0, 140.0, 0.0, 10.0, 1000.0, 0.0, 1000.0, 0.0, 1000.0, 979.0, 999.0, 999.0, 999.0, 999.0, 523.0, 609.0, 0.0, 0.0], [-19.713329315185547, -5.066322326660156, 102.40763092041016], [-0.622589111328125, 0.073211669921875, 0.1605682373046875, -0.7623748779296875], [-26.89252471923828, 10.103508949279785, -111.90162658691406], [0.5594024658203125, -0.0587310791015625, 0.2398681640625, -0.7912445068359375]
140740, 141.28958129882812, [1000.0, 312.0, 390.0, 89.0, 208.0, 67.0, 140.0, 0.0, 10.0, 1000.0, 0.0, 750.0, 0.0, 1000.0, 979.0, 999.0, 999.0, 999.0, 999.0, 523.0, 609.0, 0.0, 0.0], [-19.70087432861328, -5.102097511291504, 102.50289916992188], [-0.6219940185546875, 0.0727691650390625, 0.160736083984375, -0.7628631591796875], [-26.681198120117188, 10.1207914352417, -111.85979461669922], [0.559814453125, -0.0576629638671875, 0.23846435546875, -0.79144287109375]
140800, 141.34945678710938, [1000.0, 314.0, 390.0, 89.0, 207.0, 66.0, 140.0, 0.0, 10.0, 1000.0, 0.0, 1000.0, 0.0, 1000.0, 978.0, 999.0, 999.0, 999.0, 999.0, 523.0, 609.0, 0.0, 0.0], [-19.676767349243164, -5.10454797744751, 102.61544799804688], [-0.6212615966796875, 0.0724639892578125, 0.1606597900390625, -0.7635040283203125], [-26.719745635986328, 10.025755882263184, -111.8641586303711], [0.5596466064453125, -0.0585174560546875, 0.2382965087890625, -0.7915496826171875]
140850, 141.39944458007812, [1000.0, 315.0, 388.0, 89.0, 207.0, 66.0, 139.0, 0.0, 9.0, 1000.0, 0.0, 750.0, 0.0, 1000.0, 979.0, 999.0, 999.0, 999.0, 999.0, 522.0, 609.0, 0.0, 0.0], [-19.52142333984375, -5.183075904846191, 102.72550964355469], [-0.620697021484375, 0.0709381103515625, 0.1601104736328125, -0.76422119140625], [-27.029455184936523, 9.670595169067383, -111.88178253173828], [0.5589141845703125, -0.0625152587890625, 0.2388153076171875, -0.7916107177734375]
140910, 141.4595489501953, [1000.0, 314.0, 388.0, 88.0, 206.0, 66.0, 139.0, 0.0, 9.0, 1000.0, 0.0, 1000.0, 0.0, 1000.0, 979.0, 999.0, 999.0, 999.0, 999.0, 522.0, 608.0, 0.0, 0.0], [-19.41707420349121, -5.373683929443359, 102.83050537109375], [-0.6202392578125, 0.068939208984375, 0.160491943359375, -0.76470947265625], [-26.254423141479492, 10.663799285888672, -111.88401794433594], [0.560516357421875, -0.051666259765625, 0.2380218505859375, -0.79150390625]
140960, 141.50961303710938, [1000.0, 315.0, 390.0, 88.0, 206.0, 65.0, 139.0, 0.0, 9.0, 1000.0, 0.0, 1000.0, 0.0, 1000.0, 994.0, 999.0, 999.0, 999.0, 999.0, 523.0, 608.0, 0.0, 0.0], [-19.480300903320312, -5.4021315574646, 103.04557037353516], [-0.6187896728515625, 0.06878662109375, 0.16119384765625, -0.7657470703125], [-22.910375595092773, 10.335539817810059, -111.37905883789062], [0.564971923828125, -0.03857421875, 0.213134765625, -0.7961578369140625]
141010, 141.5597686767578, [1000.0, 317.0, 408.0, 89.0, 208.0, 65.0, 141.0, 0.0, 9.0, 1000.0, 0.0, 1000.0, 0.0, 1000.0, 998.0, 999.0, 999.0, 999.0, 999.0, 534.0, 613.0, 0.0, 0.0], [-21.597454071044922, -5.130411624908447, 102.78023529052734], [-0.618896484375, 0.0824432373046875, 0.1736907958984375, -0.761566162109375], [-25.679000854492188, 10.904170036315918, -112.01273345947266], [0.560150146484375, -0.046875, 0.235198974609375, -0.7928924560546875]
141070, 141.6199188232422, [1000.0, 318.0, 429.0, 88.0, 216.0, 63.0, 152.0, 0.0, 9.0, 1000.0, 0.0, 1000.0, 0.0, 1000.0, 997.0, 999.0, 999.0, 999.0, 999.0, 537.0, 623.0, 0.0, 0.0], [-26.416933059692383, -4.9996185302734375, 102.5147476196289], [-0.616455078125, 0.1097412109375, 0.204620361328125, -0.7523651123046875], [-30.229328155517578, 12.96293830871582, -113.1895751953125], [0.55267333984375, -0.051666259765625, 0.276275634765625, -0.7845458984375]
141120, 141.66954040527344, [1000.0, 316.0, 433.0, 87.0, 220.0, 61.0, 172.0, 0.0, 12.0, 1000.0, 0.0, 750.0, 0.0, 1000.0, 989.0, 999.0, 999.0, 999.0, 999.0, 538.0, 631.0, 0.0, 0.0], [-31.108823776245117, -3.6357815265655518, 101.95592498779297], [-0.61285400390625, 0.1450042724609375, 0.2274627685546875, -0.742706298828125], [-33.94557571411133, 15.401150703430176, -113.95791625976562], [0.5493011474609375, -0.0501861572265625, 0.3123931884765625, -0.7733917236328125]
141170, 141.7195587158203, [1000.0, 316.0, 436.0, 86.0, 226.0, 60.0, 201.0, 0.0, 13.0, 1000.0, 0.0, 1000.0, 0.0, 1000.0, 972.0, 999.0, 999.0, 999.0, 999.0, 538.0, 637.0, 0.0, 0.0], [-33.89520263671875, -0.5702590346336365, 101.49297332763672], [-0.60638427734375, 0.180755615234375, 0.228729248046875, -0.7397918701171875], [-35.859527587890625, 18.004390716552734, -114.28780364990234], [0.5502777099609375, -0.0399017333984375, 0.336181640625, -0.76324462890625]
141230, 141.77955627441406, [1000.0, 317.0, 432.0, 86.0, 235.0, 61.0, 220.0, 0.0, 12.0, 1000.0, 0.0, 1000.0, 0.0, 1000.0, 959.0, 999.0, 999.0, 999.0, 999.0, 539.0, 644.0, 0.0, 0.0], [-36.297054290771484, 1.4610297679901123, 101.32978057861328], [-0.5991973876953125, 0.206787109375, 0.23321533203125, -0.7374267578125], [-37.2303581237793, 20.955257415771484, -114.38919830322266], [0.5536651611328125, -0.02520751953125, 0.3571929931640625, -0.751800537109375]
141280, 141.82955932617188, [1000.0, 315.0, 419.0, 83.0, 244.0, 60.0, 227.0, 0.0, 12.0, 1000.0, 0.0, 1000.0, 0.0, 1000.0, 958.0, 999.0, 999.0, 999.0, 999.0, 537.0, 651.0, 0.0, 0.0], [-39.53219223022461, 3.0739057064056396, 101.11168670654297], [-0.590667724609375, 0.2342681884765625, 0.245025634765625, -0.73223876953125], [-39.89421081542969, 22.960033416748047, -114.87089538574219], [0.5530548095703125, -0.02227783203125, 0.3824615478515625, -0.7398223876953125]
141340, 141.88954162597656, [1000.0, 311.0, 405.0, 81.0, 253.0, 59.0, 235.0, 0.0, 11.0, 1000.0, 0.0, 750.0, 0.0, 1000.0, 959.0, 999.0, 999.0, 999.0, 999.0, 533.0, 664.0, 0.0, 0.0], [-44.090301513671875, 4.966483116149902, 100.37657928466797], [-0.5803985595703125, 0.27093505859375, 0.2623291015625, -0.7217254638671875], [-43.454833984375, 24.591915130615234, -115.9674072265625], [0.54803466796875, -0.024017333984375, 0.41156005859375, -0.727783203125]
141390, 141.93955993652344, [1000.0, 309.0, 393.0, 78.0, 259.0, 56.0, 238.0, 0.0, 9.0, 1000.0, 0.0, 750.0, 0.0, 1000.0, 940.0, 999.0, 999.0, 999.0, 999.0, 527.0, 682.0, 0.0, 0.0], [-47.68600082397461, 5.96282434463501, 99.37459564208984], [-0.5749053955078125, 0.2974395751953125, 0.27703857421875, -0.7100982666015625], [-46.472660064697266, 25.36202049255371, -117.46893310546875], [0.5392913818359375, -0.02734375, 0.433685302734375, -0.7213134765625]
141440, 141.9895477294922, [1000.0, 310.0, 376.0, 75.0, 261.0, 49.0, 230.0, 0.0, 8.0, 1000.0, 0.0, 1000.0, 0.0, 1000.0, 935.0, 999.0, 999.0, 999.0, 999.0, 518.0, 712.0, 0.0, 0.0], [-51.3099479675293, 6.8404436111450195, 98.90653991699219], [-0.5653076171875, 0.321807861328125, 0.2934417724609375, -0.700531005859375], [-48.5443115234375, 25.24165916442871, -118.61722564697266], [0.531280517578125, -0.0334625244140625, 0.4466094970703125, -0.7191162109375]
141500, 142.04957580566406, [1000.0, 312.0, 361.0, 72.0, 260.0, 42.0, 216.0, 0.0, 9.0, 1000.0, 0.0, 750.0, 0.0, 1000.0, 932.0, 999.0, 999.0, 999.0, 999.0, 508.0, 737.0, 0.0, 0.0], [-52.92112350463867, 6.399571418762207, 98.69865417480469], [-0.56341552734375, 0.327728271484375, 0.3049774169921875, -0.6943511962890625], [-49.62158203125, 24.39081573486328, -119.32941436767578], [0.52459716796875, -0.041656494140625, 0.450836181640625, -0.7209625244140625]
141550, 142.09954833984375, [1000.0, 312.0, 352.0, 70.0, 260.0, 37.0, 205.0, 0.0, 10.0, 1000.0, 0.0, 750.0, 0.0, 1000.0, 927.0, 999.0, 999.0, 999.0, 999.0, 500.0, 752.0, 0.0, 0.0], [-55.615718841552734, 6.751311302185059, 98.77230072021484], [-0.553924560546875, 0.342681884765625, 0.319610595703125, -0.6881561279296875], [-52.357215881347656, 23.589336395263672, -120.03325653076172], [0.517120361328125, -0.0569305419921875, 0.465728759765625, -0.7158355712890625]
141610, 142.1598358154297, [1000.0, 308.0, 343.0, 68.0, 265.0, 33.0, 195.0, 0.0, 7.0, 1000.0, 0.0, 750.0, 0.0, 1000.0, 933.0, 999.0, 999.0, 999.0, 999.0, 491.0, 764.0, 0.0, 0.0], [-58.202476501464844, 7.160407066345215, 98.59884643554688], [-0.5456390380859375, 0.3578948974609375, 0.3324127197265625, -0.6809234619140625], [-54.26917266845703, 22.547964096069336, -120.27957916259766], [0.5118560791015625, -0.071807861328125, 0.474517822265625, -0.712493896484375]
141660, 142.20953369140625, [1000.0, 307.0, 343.0, 67.0, 279.0, 31.0, 191.0, 0.0, 5.0, 1000.0, 0.0, 750.0, 0.0, 1000.0, 940.0, 999.0, 999.0, 999.0, 999.0, 484.0, 770.0, 0.0, 0.0], [-58.82733917236328, 7.8591389656066895, 98.06422424316406], [-0.5443572998046875, 0.366302490234375, 0.330810546875, -0.678253173828125], [-55.05193328857422, 21.61562156677246, -120.11068725585938], [0.5098876953125, -0.0825042724609375, 0.476348876953125, -0.711517333984375]
141710, 142.25950622558594, [1000.0, 308.0, 402.0, 66.0, 321.0, 31.0, 189.0, 0.0, 3.0, 1000.0, 0.0, 1000.0, 0.0, 1000.0, 944.0, 999.0, 999.0, 999.0, 999.0, 476.0, 767.0, 0.0, 0.0], [-60.768497467041016, 8.508613586425781, 96.4810562133789], [-0.544952392578125, 0.3836669921875, 0.3336334228515625, -0.6667022705078125], [-57.308013916015625, 20.69140625, -120.247802734375], [0.5046844482421875, -0.09832763671875, 0.4875335693359375, -0.7056427001953125]
141770, 142.3197479248047, [1000.0, 318.0, 632.0, 64.0, 555.0, 37.0, 320.0, 0.0, 0.0, 1000.0, 0.0, 750.0, 0.0, 1000.0, 954.0, 999.0, 999.0, 999.0, 999.0, 466.0, 765.0, 0.0, 0.0], [-60.914791107177734, 7.782415866851807, 94.59805297851562], [-0.557952880859375, 0.385955810546875, 0.3319854736328125, -0.6553497314453125], [-59.18511199951172, 20.168716430664062, -120.35908508300781], [0.5007476806640625, -0.10968017578125, 0.497528076171875, -0.6997528076171875]
141820, 142.3696746826172, [1000.0, 324.0, 802.0, 63.0, 751.0, 50.0, 542.0, 0.0, 0.0, 1000.0, 0.0, 750.0, 0.0, 1000.0, 909.0, 999.0, 999.0, 999.0, 999.0, 460.0, 762.0, 0.0, 0.0], [-62.009490966796875, 9.353667259216309, 92.15540313720703], [-0.5623321533203125, 0.406463623046875, 0.3213043212890625, -0.644439697265625], [-61.123226165771484, 19.76006317138672, -120.32537841796875], [0.49774169921875, -0.121063232421875, 0.508026123046875, -0.69244384765625]
141880, 142.4296875, [1000.0, 326.0, 911.0, 62.0, 882.0, 69.0, 764.0, 0.0, 10.0, 1000.0, 0.0, 1000.0, 0.0, 1000.0, 926.0, 999.0, 973.0, 999.0, 999.0, 452.0, 747.0, 0.0, 0.0], [-62.26533126831055, 9.576848030090332, 91.4442367553711], [-0.5645904541015625, 0.4108428955078125, 0.3189849853515625, -0.6408233642578125], [-63.95912170410156, 16.455942153930664, -120.81121826171875], [0.480499267578125, -0.1533050537109375, 0.5157318115234375, -0.6925506591796875]
141930, 142.4795379638672, [1000.0, 326.0, 929.0, 63.0, 912.0, 87.0, 827.0, 10.0, 20.0, 1000.0, 0.0, 750.0, 0.0, 1000.0, 924.0, 999.0, 684.0, 999.0, 999.0, 444.0, 746.0, 0.0, 0.0], [-61.25664138793945, 10.236804008483887, 91.71817779541016], [-0.5642547607421875, 0.408477783203125, 0.3106842041015625, -0.646697998046875], [-64.15143585205078, 16.145280838012695, -120.63468170166016], [0.480224609375, -0.156982421875, 0.5157012939453125, -0.691925048828125]
141980, 142.5297088623047, [1000.0, 327.0, 933.0, 64.0, 920.0, 112.0, 862.0, 23.0, 37.0, 1000.0, 0.0, 1000.0, 0.0, 1000.0, 886.0, 999.0, 375.0, 999.0, 999.0, 437.0, 747.0, 0.0, 0.0], [-61.70347595214844, 10.690653800964355, 92.03681945800781], [-0.5591888427734375, 0.412109375, 0.311859130859375, -0.648223876953125], [-63.88981246948242, 16.82438087463379, -120.57110595703125], [0.483306884765625, -0.1516265869140625, 0.51611328125, -0.690673828125]
142040, 142.58953857421875, [1000.0, 326.0, 938.0, 65.0, 922.0, 137.0, 872.0, 38.0, 86.0, 1000.0, 0.0, 1000.0, 0.0, 1000.0, 919.0, 999.0, 326.0, 999.0, 999.0, 431.0, 748.0, 0.0, 14.0], [-62.499385833740234, 11.971287727355957, 92.56312561035156], [-0.54852294921875, 0.4210052490234375, 0.311279296875, -0.6519012451171875], [-63.056617736816406, 18.846609115600586, -120.51423645019531], [0.4915008544921875, -0.1347503662109375, 0.5171356201171875, -0.6876220703125]
142090, 142.63954162597656, [1000.0, 331.0, 937.0, 66.0, 921.0, 149.0, 874.0, 43.0, 140.0, 1000.0, 0.0, 1000.0, 0.0, 1000.0, 935.0, 999.0, 303.0, 999.0, 999.0, 428.0, 750.0, 0.0, 18.0], [-62.577327728271484, 13.77475643157959, 93.32809448242188], [-0.53692626953125, 0.428375244140625, 0.3046875, -0.6598052978515625], [-62.639591217041016, 21.175636291503906, -120.57469940185547], [0.4991607666015625, -0.1169281005859375, 0.521575927734375, -0.681976318359375]
142150, 142.6995391845703, [1000.0, 331.0, 936.0, 67.0, 917.0, 159.0, 870.0, 50.0, 183.0, 1000.0, 0.0, 750.0, 0.0, 1000.0, 949.0, 999.0, 299.0, 999.0, 999.0, 424.0, 749.0, 0.0, 24.0], [-62.551788330078125, 15.934324264526367, 93.9034194946289], [-0.5251922607421875, 0.437530517578125, 0.29486083984375, -0.66766357421875], [-62.074546813964844, 24.065906524658203, -120.6795883178711], [0.508087158203125, -0.0943145751953125, 0.526580810546875, -0.6750030517578125]
142200, 142.74952697753906, [1000.0, 332.0, 936.0, 68.0, 914.0, 168.0, 863.0, 56.0, 207.0, 1000.0, 0.0, 1000.0, 0.0, 1000.0, 946.0, 999.0, 297.0, 999.0, 999.0, 422.0, 749.0, 0.0, 30.0], [-63.1909294128418, 17.237897872924805, 94.10848999023438], [-0.5162811279296875, 0.44635009765625, 0.292205810546875, -0.6699371337890625], [-62.61234664916992, 26.388042449951172, -121.24510955810547], [0.51141357421875, -0.0782318115234375, 0.5364990234375, -0.66668701171875]
142250, 142.7994842529297, [1000.0, 330.0, 935.0, 69.0, 910.0, 177.0, 859.0, 61.0, 227.0, 1000.0, 0.0, 750.0, 0.0, 1000.0, 959.0, 999.0, 301.0, 999.0, 999.0, 421.0, 749.0, 0.0, 38.0], [-64.20545196533203, 18.005300521850586, 94.03007507324219], [-0.5095977783203125, 0.454833984375, 0.2935943603515625, -0.668731689453125], [-63.730648040771484, 28.473552703857422, -121.94020080566406], [0.5129852294921875, -0.0656890869140625, 0.54876708984375, -0.656768798828125]
142310, 142.85955810546875, [1000.0, 328.0, 937.0, 70.0, 906.0, 190.0, 853.0, 70.0, 267.0, 1000.0, 0.0, 1000.0, 0.0, 1000.0, 945.0, 999.0, 293.0, 999.0, 999.0, 417.0, 752.0, 0.0, 50.0], [-65.7408447265625, 19.298402786254883, 93.92890930175781], [-0.4985809326171875, 0.468048095703125, 0.295013427734375, -0.66729736328125], [-64.67498779296875, 30.877365112304688, -122.92916107177734], [0.5141448974609375, -0.0487060546875, 0.5604095458984375, -0.6474609375]
142360, 142.9093017578125, [1000.0, 327.0, 935.0, 71.0, 899.0, 207.0, 848.0, 78.0, 312.0, 1000.0, 0.0, 750.0, 0.0, 1000.0, 965.0, 999.0, 296.0, 999.0, 999.0, 414.0, 757.0, 0.0, 61.0], [-68.44317626953125, 20.053577423095703, 93.05438232421875], [-0.4891357421875, 0.4854888916015625, 0.3028411865234375, -0.6582489013671875], [-64.9205551147461, 32.42599868774414, -123.65788269042969], [0.5146026611328125, -0.0356292724609375, 0.5655364990234375, -0.6434783935546875]
142410, 142.9695587158203, [1000.0, 327.0, 931.0, 73.0, 891.0, 225.0, 845.0, 85.0, 360.0, 1000.0, 0.0, 1000.0, 0.0, 1000.0, 967.0, 999.0, 299.0, 999.0, 999.0, 413.0, 758.0, 0.0, 68.0], [-70.74303436279297, 22.47059440612793, 92.4244384765625], [-0.472015380859375, 0.5075836181640625, 0.2999420166015625, -0.6554107666015625], [-65.36588287353516, 33.9670524597168, -124.25823974609375], [0.5157318115234375, -0.0240936279296875, 0.5714569091796875, -0.637847900390625]
142470, 143.01954650878906, [1000.0, 327.0, 929.0, 74.0, 885.0, 240.0, 843.0, 91.0, 413.0, 1000.0, 0.0, 750.0, 0.0, 1000.0, 978.0, 999.0, 294.0, 999.0, 999.0, 411.0, 758.0, 0.0, 75.0], [-70.47808074951172, 24.458417892456055, 92.64056396484375], [-0.4628753662109375, 0.514556884765625, 0.288330078125, -0.66168212890625], [-66.69099426269531, 37.93107986450195, -125.46459197998047], [0.5207366943359375, 0.0031585693359375, 0.586456298828125, -0.6203765869140625]
142510, 143.06982421875, [1000.0, 327.0, 928.0, 75.0, 883.0, 246.0, 842.0, 93.0, 442.0, 1000.0, 0.0, 750.0, 0.0, 1000.0, 975.0, 999.0, 282.0, 999.0, 999.0, 410.0, 758.0, 0.0, 76.0], [-70.19374084472656, 24.392343521118164, 92.85746765136719], [-0.46319580078125, 0.5125732421875, 0.28802490234375, -0.663116455078125], [-67.0723876953125, 38.80418395996094, -125.78655242919922], [0.5215911865234375, 0.0090484619140625, 0.5900115966796875, -0.6162109375]
142520, 143.07945251464844, [1000.0, 326.0, 928.0, 75.0, 882.0, 247.0, 842.0, 94.0, 449.0, 1000.0, 0.0, 750.0, 0.0, 1000.0, 979.0, 999.0, 281.0, 999.0, 999.0, 409.0, 758.0, 0.0, 76.0], [-70.15263366699219, 24.362096786499023, 92.8928451538086], [-0.46331787109375, 0.5121917724609375, 0.288116455078125, -0.663299560546875], [-66.9872817993164, 39.098201751708984, -125.73567962646484], [0.5227203369140625, 0.0111846923828125, 0.590057373046875, -0.61517333984375]
142580, 143.12953186035156, [1000.0, 328.0, 927.0, 76.0, 880.0, 247.0, 840.0, 95.0, 473.0, 1000.0, 0.0, 1000.0, 0.0, 1000.0, 988.0, 999.0, 277.0, 999.0, 999.0, 408.0, 758.0, 0.0, 74.0], [-69.62317657470703, 24.01256561279297, 93.37944030761719], [-0.464447021484375, 0.507293701171875, 0.289154052734375, -0.665802001953125], [-67.95233154296875, 39.71057891845703, -126.41932678222656], [0.5209808349609375, 0.0145111083984375, 0.5961456298828125, -0.610687255859375]
142590, 143.17959594726562, [1000.0, 325.0, 926.0, 76.0, 880.0, 248.0, 840.0, 95.0, 477.0, 1000.0, 0.0, 1000.0, 0.0, 1000.0, 992.0, 999.0, 277.0, 999.0, 999.0, 407.0, 758.0, 0.0, 73.0], [-69.53019714355469, 23.918611526489258, 93.46202087402344], [-0.464813232421875, 0.5063018798828125, 0.2895050048828125, -0.666168212890625], [-68.1228256225586, 39.54567337036133, -126.52912902832031], [0.519927978515625, 0.01318359375, 0.5967864990234375, -0.6110076904296875]
142630, 143.18948364257812, [1000.0, 327.0, 926.0, 76.0, 879.0, 248.0, 839.0, 96.0, 490.0, 1000.0, 0.0, 1000.0, 0.0, 1000.0, 999.0, 999.0, 277.0, 999.0, 999.0, 407.0, 758.0, 0.0, 72.0], [-69.09331512451172, 23.60967254638672, 93.78203582763672], [-0.466278076171875, 0.502349853515625, 0.2900848388671875, -0.667877197265625], [-67.69564819335938, 38.93526840209961, -126.31777954101562], [0.5191802978515625, 0.009857177734375, 0.593536376953125, -0.6148529052734375]
142680, 143.23953247070312, [1000.0, 321.0, 925.0, 77.0, 878.0, 248.0, 838.0, 96.0, 499.0, 1000.0, 0.0, 1000.0, 0.0, 1000.0, 999.0, 999.0, 277.0, 999.0, 999.0, 405.0, 759.0, 0.0, 71.0], [-68.52999877929688, 22.863466262817383, 94.18402099609375], [-0.469757080078125, 0.4956817626953125, 0.2926788330078125, -0.669281005859375], [-67.86447143554688, 39.44857406616211, -126.45165252685547], [0.52001953125, 0.0132904052734375, 0.5952606201171875, -0.6124114990234375]
142740, 143.2895050048828, [1000.0, 324.0, 924.0, 77.0, 876.0, 248.0, 836.0, 97.0, 509.0, 1000.0, 0.0, 1000.0, 0.0, 1000.0, 999.0, 999.0, 281.0, 999.0, 999.0, 403.0, 759.0, 0.0, 70.0], [-68.381591796875, 22.256872177124023, 94.46211242675781], [-0.47149658203125, 0.491607666015625, 0.296356201171875, -0.6694488525390625], [-67.2524642944336, 37.7277717590332, -126.01126098632812], [0.517181396484375, 0.0020294189453125, 0.5891265869140625, -0.620819091796875]
142790, 143.3495635986328, [1000.0, 323.0, 923.0, 78.0, 875.0, 248.0, 835.0, 97.0, 516.0, 1000.0, 0.0, 1000.0, 0.0, 1000.0, 999.0, 999.0, 275.0, 999.0, 999.0, 402.0, 759.0, 0.0, 69.0], [-67.99066162109375, 21.142616271972656, 94.8097915649414], [-0.4760894775390625, 0.4839630126953125, 0.301666259765625, -0.6693878173828125], [-67.09159851074219, 37.769325256347656, -125.75505065917969], [0.5186920166015625, 0.0017242431640625, 0.5883331298828125, -0.6203155517578125]
142850, 143.39947509765625, [1000.0, 316.0, 921.0, 79.0, 874.0, 249.0, 834.0, 98.0, 522.0, 1000.0, 0.0, 1000.0, 0.0, 1000.0, 999.0, 999.0, 281.0, 999.0, 999.0, 400.0, 758.0, 0.0, 69.0], [-67.5138931274414, 20.34358024597168, 95.24560546875], [-0.47906494140625, 0.4770965576171875, 0.3050689697265625, -0.670654296875], [-67.73236083984375, 37.1966667175293, -125.99481964111328], [0.515655517578125, -0.00384521484375, 0.5908050537109375, -0.6204833984375]
142870, 143.44949340820312, [1000.0, 316.0, 921.0, 79.0, 873.0, 250.0, 834.0, 98.0, 524.0, 1000.0, 0.0, 750.0, 0.0, 1000.0, 999.0, 999.0, 281.0, 999.0, 999.0, 400.0, 758.0, 0.0, 68.0], [-67.4286880493164, 20.387929916381836, 95.29891204833984], [-0.478912353515625, 0.476806640625, 0.3045501708984375, -0.67120361328125], [-67.5949478149414, 37.232032775878906, -125.86341094970703], [0.5164794921875, -0.003662109375, 0.590118408203125, -0.620452880859375]
142900, 143.45941162109375, [1000.0, 315.0, 921.0, 79.0, 872.0, 249.0, 833.0, 98.0, 527.0, 1000.0, 0.0, 750.0, 0.0, 1000.0, 999.0, 999.0, 282.0, 999.0, 999.0, 400.0, 758.0, 0.0, 67.0], [-67.27093505859375, 20.46442413330078, 95.46331787109375], [-0.478271484375, 0.47607421875, 0.30389404296875, -0.6724853515625], [-67.2094497680664, 37.26067352294922, -125.50751495361328], [0.5185089111328125, -0.0035552978515625, 0.58807373046875, -0.6207122802734375]
142950, 143.50946044921875, [1000.0, 319.0, 919.0, 79.0, 871.0, 247.0, 831.0, 98.0, 532.0, 1000.0, 0.0, 750.0, 0.0, 1000.0, 999.0, 999.0, 280.0, 999.0, 999.0, 399.0, 757.0, 0.0, 64.0], [-66.66666412353516, 20.744596481323242, 95.98301696777344], [-0.4764862060546875, 0.4735107421875, 0.30096435546875, -0.6768646240234375], [-67.02560424804688, 37.35906982421875, -125.36284637451172], [0.51959228515625, -0.0027923583984375, 0.587249755859375, -0.6205902099609375]
142980, 143.5594940185547, [1000.0, 320.0, 918.0, 79.0, 870.0, 248.0, 831.0, 98.0, 535.0, 1000.0, 0.0, 750.0, 0.0, 1000.0, 999.0, 999.0, 274.0, 999.0, 999.0, 398.0, 757.0, 0.0, 64.0], [-66.54399108886719, 20.756938934326172, 96.14188385009766], [-0.4759979248046875, 0.4726409912109375, 0.3008270263671875, -0.6778717041015625], [-66.68367004394531, 37.617435455322266, -125.11380767822266], [0.5217132568359375, -0.0007476806640625, 0.5858612060546875, -0.6201324462890625]
143010, 143.5694122314453, [1000.0, 319.0, 918.0, 80.0, 869.0, 248.0, 831.0, 98.0, 538.0, 1000.0, 0.0, 1000.0, 0.0, 1000.0, 999.0, 999.0, 272.0, 999.0, 999.0, 397.0, 756.0, 0.0, 64.0], [-66.52037811279297, 20.75189971923828, 96.29869079589844], [-0.475189208984375, 0.47210693359375, 0.301361083984375, -0.6785736083984375], [-66.888427734375, 37.433895111083984, -125.21595764160156], [0.5206146240234375, -0.002410888671875, 0.586639404296875, -0.6203155517578125]
143060, 143.61964416503906, [1000.0, 319.0, 917.0, 80.0, 869.0, 249.0, 830.0, 98.0, 546.0, 1000.0, 0.0, 1000.0, 0.0, 1000.0, 999.0, 999.0, 271.0, 999.0, 999.0, 396.0, 756.0, 0.0, 64.0], [-66.63479614257812, 20.751785278320312, 96.48963928222656], [-0.4735870361328125, 0.472076416015625, 0.302825927734375, -0.6790618896484375], [-67.58914947509766, 38.111995697021484, -125.49602508544922], [0.5211181640625, 0.0004730224609375, 0.59161376953125, -0.615142822265625]
143110, 143.66969299316406, [1000.0, 319.0, 917.0, 80.0, 868.0, 249.0, 829.0, 98.0, 548.0, 1000.0, 0.0, 750.0, 0.0, 1000.0, 999.0, 999.0, 274.0, 999.0, 999.0, 395.0, 755.0, 0.0, 64.0], [-67.41240692138672, 20.597681045532227, 96.51837921142578], [-0.47088623046875, 0.4744720458984375, 0.308380126953125, -0.6767730712890625], [-69.09002685546875, 38.33142852783203, -126.16864013671875], [0.5181884765625, -0.0013427734375, 0.600006103515625, -0.609466552734375]
143120, 143.6793975830078, [1000.0, 318.0, 917.0, 81.0, 867.0, 250.0, 829.0, 99.0, 548.0, 1000.0, 0.0, 750.0, 0.0, 1000.0, 999.0, 999.0, 274.0, 999.0, 999.0, 395.0, 755.0, 0.0, 64.0], [-67.594970703125, 20.55754852294922, 96.515625], [-0.4703216552734375, 0.47503662109375, 0.309661865234375, -0.676177978515625], [-68.83737182617188, 38.01090621948242, -125.94905853271484], [0.51837158203125, -0.0035247802734375, 0.5981292724609375, -0.61114501953125]
143170, 143.72964477539062, [1000.0, 319.0, 915.0, 81.0, 866.0, 250.0, 828.0, 99.0, 548.0, 1000.0, 0.0, 1000.0, 0.0, 1000.0, 999.0, 999.0, 283.0, 999.0, 999.0, 395.0, 755.0, 0.0, 64.0], [-68.11177825927734, 20.24915885925293, 96.55452728271484], [-0.4693145751953125, 0.4755859375, 0.3145294189453125, -0.6742401123046875], [-68.6800308227539, 36.6850471496582, -125.64622497558594], [0.5158843994140625, -0.013397216796875, 0.595001220703125, -0.6161346435546875]
143220, 143.7798614501953, [1000.0, 319.0, 915.0, 81.0, 864.0, 248.0, 826.0, 99.0, 547.0, 1000.0, 0.0, 750.0, 0.0, 1000.0, 999.0, 999.0, 299.0, 999.0, 999.0, 394.0, 755.0, 0.0, 63.0], [-68.14166259765625, 19.45008087158203, 96.7744369506836], [-0.471435546875, 0.4712982177734375, 0.3199005126953125, -0.673248291015625], [-69.73619079589844, 37.67853927612305, -126.1083755493164], [0.5164337158203125, -0.009002685546875, 0.6023712158203125, -0.608551025390625]
143280, 143.8395538330078, [1000.0, 318.0, 914.0, 81.0, 863.0, 246.0, 824.0, 98.0, 544.0, 1000.0, 0.0, 1000.0, 0.0, 1000.0, 999.0, 999.0, 307.0, 999.0, 999.0, 393.0, 755.0, 0.0, 61.0], [-68.60430145263672, 19.787118911743164, 96.76699829101562], [-0.46807861328125, 0.474822998046875, 0.3207855224609375, -0.672698974609375], [-69.73693084716797, 39.551570892333984, -125.93817901611328], [0.5231781005859375, 0.002777099609375, 0.6053619384765625, -0.599822998046875]
143330, 143.88937377929688, [1000.0, 318.0, 913.0, 81.0, 862.0, 245.0, 822.0, 98.0, 543.0, 1000.0, 0.0, 1000.0, 0.0, 1000.0, 999.0, 999.0, 315.0, 999.0, 999.0, 392.0, 754.0, 0.0, 59.0], [-69.44670104980469, 20.784671783447266, 96.57195281982422], [-0.4612274169921875, 0.4834747314453125, 0.3195648193359375, -0.6718292236328125], [-69.8986587524414, 39.3634033203125, -125.92608642578125], [0.5226593017578125, 0.000701904296875, 0.6059112548828125, -0.5997161865234375]
143340, 143.93978881835938, [1000.0, 317.0, 913.0, 81.0, 862.0, 244.0, 822.0, 98.0, 543.0, 1000.0, 0.0, 750.0, 0.0, 1000.0, 999.0, 999.0, 316.0, 999.0, 999.0, 391.0, 754.0, 0.0, 59.0], [-69.58253479003906, 20.91902732849121, 96.54592895507812], [-0.460205078125, 0.4847259521484375, 0.3195343017578125, -0.671661376953125], [-69.9349365234375, 39.32896423339844, -125.93216705322266], [0.52252197265625, 0.000335693359375, 0.606048583984375, -0.599700927734375]
143390, 143.94943237304688, [1000.0, 319.0, 913.0, 81.0, 861.0, 244.0, 821.0, 98.0, 543.0, 1000.0, 0.0, 1000.0, 0.0, 1000.0, 999.0, 999.0, 314.0, 999.0, 999.0, 391.0, 752.0, 0.0, 59.0], [-70.23204803466797, 20.937532424926758, 96.40422058105469], [-0.45819091796875, 0.4878082275390625, 0.3226318359375, -0.6693115234375], [-70.19486999511719, 38.945152282714844, -125.95700073242188], [0.5211944580078125, -0.0033111572265625, 0.6068115234375, -0.6000823974609375]
143440, 143.99957275390625, [1000.0, 318.0, 912.0, 81.0, 860.0, 243.0, 820.0, 98.0, 543.0, 1000.0, 0.0, 1000.0, 0.0, 1000.0, 999.0, 999.0, 320.0, 999.0, 999.0, 390.0, 751.0, 0.0, 58.0], [-70.34351348876953, 20.063077926635742, 96.53438568115234], [-0.4609222412109375, 0.48382568359375, 0.3285064697265625, -0.6674652099609375], [-69.75872802734375, 37.69275665283203, -125.54345703125], [0.51947021484375, -0.0119781494140625, 0.6024627685546875, -0.6058197021484375]
143490, 144.04959106445312, [1000.0, 315.0, 912.0, 81.0, 860.0, 242.0, 819.0, 98.0, 544.0, 1000.0, 0.0, 750.0, 0.0, 1000.0, 999.0, 999.0, 332.0, 999.0, 999.0, 389.0, 751.0, 0.0, 57.0], [-69.11988067626953, 19.00379180908203, 97.20217895507812], [-0.4668731689453125, 0.471954345703125, 0.32977294921875, -0.6711883544921875], [-69.15081787109375, 36.94877243041992, -125.23897552490234], [0.518829345703125, -0.0158538818359375, 0.597930908203125, -0.610748291015625]
143550, 144.10952758789062, [1000.0, 316.0, 910.0, 81.0, 858.0, 240.0, 817.0, 97.0, 543.0, 1000.0, 0.0, 750.0, 0.0, 1000.0, 999.0, 999.0, 328.0, 999.0, 999.0, 389.0, 751.0, 0.0, 56.0], [-68.01607513427734, 18.917278289794922, 97.69092559814453], [-0.468902587890625, 0.46563720703125, 0.32574462890625, -0.6761474609375], [-67.9242172241211, 36.48182678222656, -124.69491577148438], [0.520477294921875, -0.0162811279296875, 0.5904541015625, -0.6165924072265625]
143600, 144.159423828125, [1000.0, 318.0, 909.0, 81.0, 857.0, 238.0, 816.0, 97.0, 542.0, 1000.0, 0.0, 1000.0, 0.0, 1000.0, 999.0, 999.0, 326.0, 999.0, 999.0, 388.0, 750.0, 0.0, 55.0], [-67.31549072265625, 18.766433715820312, 97.98548889160156], [-0.4706573486328125, 0.4611968994140625, 0.3235931396484375, -0.6790008544921875], [-67.796875, 36.587791442871094, -124.71823120117188], [0.52069091796875, -0.014862060546875, 0.5899658203125, -0.616912841796875]
143650, 144.20957946777344, [1000.0, 318.0, 909.0, 81.0, 857.0, 237.0, 815.0, 96.0, 542.0, 1000.0, 0.0, 750.0, 0.0, 1000.0, 999.0, 999.0, 329.0, 999.0, 999.0, 387.0, 749.0, 0.0, 53.0], [-66.90531921386719, 18.78089714050293, 98.12085723876953], [-0.471435546875, 0.459197998046875, 0.321624755859375, -0.6807403564453125], [-67.50914764404297, 36.852657318115234, -124.6859359741211], [0.521697998046875, -0.0119171142578125, 0.588897705078125, -0.6171417236328125]
143710, 144.26954650878906, [1000.0, 317.0, 909.0, 81.0, 857.0, 236.0, 814.0, 96.0, 541.0, 1000.0, 0.0, 1000.0, 0.0, 1000.0, 999.0, 999.0, 332.0, 999.0, 999.0, 386.0, 749.0, 0.0, 52.0], [-66.5834732055664, 18.924816131591797, 98.20194244384766], [-0.47161865234375, 0.4583587646484375, 0.31927490234375, -0.6822967529296875], [-67.2191162109375, 37.399658203125, -124.65357208251953], [0.523529052734375, -0.0070343017578125, 0.5883331298828125, -0.6161956787109375]
143760, 144.3197021484375, [1000.0, 317.0, 908.0, 81.0, 856.0, 234.0, 813.0, 96.0, 540.0, 1000.0, 0.0, 1000.0, 0.0, 1000.0, 999.0, 999.0, 330.0, 999.0, 999.0, 385.0, 749.0, 0.0, 50.0], [-66.88569641113281, 19.059972763061523, 98.16829681396484], [-0.4700164794921875, 0.460357666015625, 0.320220947265625, -0.681610107421875], [-68.10984802246094, 37.388153076171875, -125.12173461914062], [0.5209197998046875, -0.008758544921875, 0.5931243896484375, -0.6137847900390625]
143820, 144.3798370361328, [1000.0, 317.0, 908.0, 80.0, 855.0, 232.0, 812.0, 95.0, 539.0, 1000.0, 0.0, 750.0, 0.0, 1000.0, 999.0, 999.0, 323.0, 999.0, 999.0, 384.0, 749.0, 0.0, 49.0], [-67.4731216430664, 18.97479248046875, 98.11048889160156], [-0.4683685302734375, 0.4625091552734375, 0.3239288330078125, -0.679534912109375], [-68.31239318847656, 36.99494552612305, -125.18190002441406], [0.519378662109375, -0.0120391845703125, 0.5935211181640625, -0.614654541015625]
143870, 144.42953491210938, [1000.0, 318.0, 908.0, 80.0, 855.0, 230.0, 812.0, 95.0, 539.0, 1000.0, 0.0, 750.0, 0.0, 1000.0, 999.0, 999.0, 321.0, 999.0, 999.0, 384.0, 748.0, 0.0, 48.0], [-67.37216186523438, 18.793365478515625, 98.24860382080078], [-0.46875, 0.4608154296875, 0.3248443603515625, -0.6799774169921875], [-68.27821350097656, 36.923702239990234, -125.059814453125], [0.5198211669921875, -0.01300048828125, 0.59320068359375, -0.6145782470703125]
143920, 144.47955322265625, [1000.0, 316.0, 908.0, 80.0, 854.0, 229.0, 811.0, 95.0, 538.0, 1000.0, 0.0, 1000.0, 0.0, 1000.0, 999.0, 999.0, 321.0, 999.0, 999.0, 383.0, 747.0, 0.0, 47.0], [-67.35558319091797, 18.829784393310547, 98.38947296142578], [-0.4678192138671875, 0.4605255126953125, 0.3251190185546875, -0.6806793212890625], [-68.3230972290039, 36.90792465209961, -124.96954345703125], [0.5202484130859375, -0.0137786865234375, 0.5933990478515625, -0.6139984130859375]
143980, 144.53985595703125, [1000.0, 317.0, 907.0, 80.0, 854.0, 228.0, 810.0, 94.0, 536.0, 1000.0, 0.0, 1000.0, 0.0, 1000.0, 999.0, 999.0, 320.0, 999.0, 999.0, 382.0, 747.0, 0.0, 45.0], [-67.5367431640625, 18.912782669067383, 98.51893615722656], [-0.4659576416015625, 0.4613037109375, 0.3262786865234375, -0.680877685546875], [-68.26378631591797, 36.84199905395508, -124.7770004272461], [0.521087646484375, -0.01495361328125, 0.5929412841796875, -0.61370849609375]
