168990, 169.64907836914062, [1000.0, 249.0, 422.0, 54.0, 223.0, 20.0, 157.0, 0.0, 58.0, 1000.0, 0.0, 1000.0, 0.0, 1000.0, 999.0, 999.0, 999.0, 999.0, 999.0, 575.0, 671.0, 0.0, 0.0], [-19.41578483581543, -6.676814556121826, 159.6634979248047], [-0.183380126953125, -0.0267791748046875, 0.1758270263671875, -0.9668121337890625], [-26.284841537475586, 12.900367736816406, -104.34418487548828], [0.613616943359375, -0.052154541015625, 0.24554443359375, -0.748626708984375]
169050, 169.7095947265625, [1000.0, 250.0, 422.0, 54.0, 223.0, 20.0, 157.0, 0.0, 58.0, 1000.0, 0.0, 750.0, 0.0, 1000.0, 999.0, 999.0, 999.0, 999.0, 999.0, 575.0, 671.0, 0.0, 0.0], [-19.33652687072754, -6.644899845123291, 159.7374725341797], [-0.1826934814453125, -0.0267486572265625, 0.1750946044921875, -0.967071533203125], [-26.462854385375977, 12.759940147399902, -104.37315368652344], [0.6132049560546875, -0.0540008544921875, 0.2460174560546875, -0.7486724853515625]
169100, 169.75970458984375, [1000.0, 249.0, 422.0, 54.0, 223.0, 20.0, 156.0, 0.0, 58.0, 1000.0, 0.0, 1000.0, 0.0, 1000.0, 999.0, 999.0, 999.0, 999.0, 999.0, 575.0, 671.0, 0.0, 0.0], [-19.33878517150879, -6.6783294677734375, 159.82418823242188], [-0.1820068359375, -0.02716064453125, 0.175140380859375, -0.9671783447265625], [-26.426477432250977, 12.709562301635742, -104.34266662597656], [0.613372802734375, -0.0542144775390625, 0.245513916015625, -0.748687744140625]
169160, 169.81942749023438, [1000.0, 248.0, 422.0, 54.0, 222.0, 20.0, 156.0, 0.0, 57.0, 1000.0, 0.0, 750.0, 0.0, 1000.0, 999.0, 999.0, 999.0, 999.0, 999.0, 575.0, 670.0, 0.0, 0.0], [-19.44542121887207, -6.676063060760498, 159.9370574951172], [-0.1810760498046875, -0.0271453857421875, 0.1760101318359375, -0.967193603515625], [-26.417112350463867, 12.711782455444336, -104.35480499267578], [0.6132965087890625, -0.0541229248046875, 0.2454681396484375, -0.7487640380859375]
169210, 169.8697509765625, [1000.0, 252.0, 422.0, 54.0, 222.0, 19.0, 156.0, 0.0, 57.0, 1000.0, 0.0, 1000.0, 0.0, 1000.0, 999.0, 999.0, 999.0, 999.0, 999.0, 575.0, 670.0, 0.0, 0.0], [-19.429597854614258, -6.588082790374756, 160.01846313476562], [-0.180267333984375, -0.02655029296875, 0.1757354736328125, -0.9674224853515625], [-26.223115921020508, 12.65620231628418, -104.29583740234375], [0.6137237548828125, -0.0535888671875, 0.243896484375, -0.7489776611328125]
169260, 169.91944885253906, [1000.0, 253.0, 422.0, 54.0, 221.0, 19.0, 155.0, 0.0, 57.0, 1000.0, 0.0, 750.0, 0.0, 1000.0, 999.0, 999.0, 999.0, 999.0, 999.0, 575.0, 669.0, 0.0, 0.0], [-19.42410659790039, -6.658926486968994, 160.10911560058594], [-0.179595947265625, -0.0272979736328125, 0.1757659912109375, -0.9675140380859375], [-26.277320861816406, 12.55774974822998, -104.30229949951172], [0.613555908203125, -0.054534912109375, 0.2437591552734375, -0.74908447265625]
169320, 169.9795379638672, [1000.0, 252.0, 421.0, 54.0, 221.0, 19.0, 155.0, 0.0, 57.0, 1000.0, 0.0, 750.0, 0.0, 1000.0, 999.0, 999.0, 999.0, 999.0, 999.0, 575.0, 669.0, 0.0, 0.0], [-19.41614532470703, -6.779732704162598, 160.20960998535156], [-0.1789093017578125, -0.0284881591796875, 0.17584228515625, -0.96759033203125], [-26.448471069335938, 12.55184555053711, -104.3502197265625], [0.6131591796875, -0.055389404296875, 0.244873046875, -0.748992919921875]
169370, 170.02943420410156, [1000.0, 251.0, 421.0, 54.0, 221.0, 19.0, 155.0, 0.0, 56.0, 1000.0, 0.0, 1000.0, 0.0, 1000.0, 999.0, 999.0, 999.0, 999.0, 999.0, 575.0, 669.0, 0.0, 0.0], [-19.298368453979492, -6.745584964752197, 160.25865173339844], [-0.1784210205078125, -0.0284576416015625, 0.1747894287109375, -0.9678802490234375], [-26.46286964416504, 12.473481178283691, -104.37137603759766], [0.6129302978515625, -0.0559539794921875, 0.2445831298828125, -0.7492218017578125]
169430, 170.0897979736328, [1000.0, 249.0, 422.0, 54.0, 220.0, 19.0, 155.0, 0.0, 56.0, 1000.0, 0.0, 1000.0, 0.0, 1000.0, 999.0, 999.0, 999.0, 999.0, 999.0, 575.0, 669.0, 0.0, 0.0], [-19.26080894470215, -6.744950771331787, 160.32412719726562], [-0.1778564453125, -0.0286102294921875, 0.1744537353515625, -0.9680328369140625], [-26.250246047973633, 12.562705039978027, -104.33311462402344], [0.613372802734375, -0.054290771484375, 0.243621826171875, -0.749298095703125]
169480, 170.13961791992188, [1000.0, 249.0, 421.0, 53.0, 220.0, 19.0, 154.0, 0.0, 56.0, 1000.0, 0.0, 1000.0, 0.0, 1000.0, 999.0, 999.0, 999.0, 999.0, 999.0, 575.0, 669.0, 0.0, 0.0], [-19.25647735595703, -6.737269878387451, 160.38246154785156], [-0.1773529052734375, -0.0286407470703125, 0.1743927001953125, -0.9681396484375], [-26.392263412475586, 12.413784980773926, -104.36344909667969], [0.6129608154296875, -0.055999755859375, 0.2438201904296875, -0.74945068359375]
169530, 170.1898651123047, [1000.0, 248.0, 421.0, 53.0, 220.0, 19.0, 154.0, 0.0, 56.0, 1000.0, 0.0, 1000.0, 0.0, 1000.0, 999.0, 999.0, 999.0, 999.0, 999.0, 575.0, 669.0, 0.0, 0.0], [-19.2718448638916, -6.688164234161377, 160.45098876953125], [-0.1767120361328125, -0.0283050537109375, 0.1744384765625, -0.96826171875], [-26.582185745239258, 12.451859474182129, -104.40310668945312], [0.612640380859375, -0.056671142578125, 0.245269775390625, -0.749176025390625]
169590, 170.24937438964844, [1000.0, 251.0, 421.0, 53.0, 220.0, 18.0, 154.0, 0.0, 55.0, 1000.0, 0.0, 1000.0, 0.0, 1000.0, 999.0, 999.0, 999.0, 999.0, 999.0, 575.0, 668.0, 0.0, 0.0], [-19.24944305419922, -6.70709753036499, 160.5235595703125], [-0.176116943359375, -0.0286102294921875, 0.17425537109375, -0.9683837890625], [-26.27532196044922, 12.572077751159668, -104.33760070800781], [0.61334228515625, -0.054351806640625, 0.24383544921875, -0.7492523193359375]
169640, 170.29945373535156, [1000.0, 253.0, 421.0, 53.0, 219.0, 18.0, 153.0, 0.0, 55.0, 1000.0, 0.0, 1000.0, 0.0, 1000.0, 999.0, 999.0, 999.0, 999.0, 999.0, 575.0, 668.0, 0.0, 0.0], [-19.291866302490234, -6.7696943283081055, 160.59829711914062], [-0.1755828857421875, -0.0291900634765625, 0.1746826171875, -0.9683990478515625], [-26.159622192382812, 12.504462242126465, -104.29850769042969], [0.61358642578125, -0.0542755126953125, 0.2427215576171875, -0.749420166015625]
169690, 170.3494415283203, [1000.0, 253.0, 421.0, 53.0, 219.0, 18.0, 153.0, 0.0, 55.0, 1000.0, 0.0, 1000.0, 0.0, 1000.0, 999.0, 999.0, 999.0, 999.0, 999.0, 575.0, 668.0, 0.0, 0.0], [-19.398765563964844, -6.774150371551514, 160.6905975341797], [-0.174835205078125, -0.029205322265625, 0.175567626953125, -0.9683685302734375], [-26.234874725341797, 12.468659400939941, -104.31552124023438], [0.6134033203125, -0.0548858642578125, 0.2430419921875, -0.749420166015625]
169750, 170.4094696044922, [1000.0, 251.0, 421.0, 53.0, 219.0, 18.0, 153.0, 0.0, 55.0, 1000.0, 0.0, 1000.0, 0.0, 1000.0, 999.0, 999.0, 999.0, 999.0, 999.0, 575.0, 668.0, 0.0, 0.0], [-19.41883659362793, -6.673162937164307, 160.76158142089844], [-0.174102783203125, -0.0284271240234375, 0.1755828857421875, -0.9685211181640625], [-26.186344146728516, 12.369855880737305, -104.32302856445312], [0.61328125, -0.0552825927734375, 0.2422332763671875, -0.749755859375]
169800, 170.45941162109375, [1000.0, 251.0, 421.0, 53.0, 219.0, 18.0, 153.0, 0.0, 54.0, 1000.0, 0.0, 750.0, 0.0, 1000.0, 999.0, 999.0, 999.0, 999.0, 999.0, 575.0, 668.0, 0.0, 0.0], [-19.24323272705078, -6.638967990875244, 160.80697631835938], [-0.1736297607421875, -0.028472900390625, 0.174041748046875, -0.9688873291015625], [-26.020565032958984, 12.386128425598145, -104.28378295898438], [0.6136322021484375, -0.0543670654296875, 0.2412109375, -0.7498626708984375]
169860, 170.51947021484375, [1000.0, 249.0, 421.0, 53.0, 218.0, 18.0, 153.0, 0.0, 54.0, 1000.0, 0.0, 1000.0, 0.0, 1000.0, 999.0, 999.0, 999.0, 999.0, 999.0, 575.0, 667.0, 0.0, 0.0], [-19.265396118164062, -6.799771308898926, 160.8854522705078], [-0.173187255859375, -0.0299224853515625, 0.1744232177734375, -0.968841552734375], [-26.3731746673584, 12.162686347961426, -104.35792541503906], [0.6127471923828125, -0.0576171875, 0.242431640625, -0.74993896484375]
169910, 170.56968688964844, [1000.0, 250.0, 421.0, 53.0, 218.0, 18.0, 152.0, 0.0, 54.0, 1000.0, 0.0, 1000.0, 0.0, 1000.0, 999.0, 999.0, 999.0, 999.0, 999.0, 575.0, 667.0, 0.0, 0.0], [-19.41655731201172, -6.8479814529418945, 160.94676208496094], [-0.1727752685546875, -0.0301971435546875, 0.175750732421875, -0.9686737060546875], [-26.516101837158203, 12.420727729797363, -104.41566467285156], [0.6125640869140625, -0.0565032958984375, 0.24468994140625, -0.74945068359375]
169960, 170.62950134277344, [1000.0, 248.0, 421.0, 53.0, 218.0, 18.0, 152.0, 0.0, 53.0, 1000.0, 0.0, 750.0, 0.0, 1000.0, 999.0, 999.0, 999.0, 999.0, 999.0, 575.0, 667.0, 0.0, 0.0], [-19.41063690185547, -6.877230167388916, 161.0180206298828], [-0.172210693359375, -0.0305633544921875, 0.17572021484375, -0.9687652587890625], [-24.278047561645508, 12.30510139465332, -103.93533325195312], [0.616607666015625, -0.0462799072265625, 0.2292327880859375, -0.7517242431640625]
170020, 170.67970275878906, [1000.0, 248.0, 421.0, 53.0, 218.0, 17.0, 153.0, 0.0, 54.0, 1000.0, 0.0, 1000.0, 0.0, 1000.0, 999.0, 999.0, 999.0, 999.0, 999.0, 575.0, 668.0, 0.0, 0.0], [-19.87948989868164, -6.351459980010986, 161.284912109375], [-0.169342041015625, -0.02581787109375, 0.178924560546875, -0.9688262939453125], [-24.90749168395996, 12.79199504852295, -103.83150482177734], [0.617462158203125, -0.04656982421875, 0.23577880859375, -0.7489776611328125]
170070, 170.72955322265625, [1000.0, 248.0, 433.0, 55.0, 220.0, 21.0, 157.0, 0.0, 55.0, 1000.0, 0.0, 1000.0, 0.0, 1000.0, 999.0, 999.0, 999.0, 999.0, 999.0, 581.0, 668.0, 0.0, 0.0], [-20.319000244140625, -5.056545257568359, 160.97560119628906], [-0.1701812744140625, -0.013702392578125, 0.18096923828125, -0.9685516357421875], [-29.23946762084961, 16.434160232543945, -104.80746459960938], [0.61285400390625, -0.0428314208984375, 0.2823028564453125, -0.736785888671875]
170130, 170.78933715820312, [1000.0, 250.0, 464.0, 59.0, 226.0, 29.0, 166.0, 0.0, 57.0, 1000.0, 0.0, 1000.0, 0.0, 1000.0, 999.0, 999.0, 999.0, 999.0, 999.0, 577.0, 671.0, 0.0, 0.0], [-20.804513931274414, -2.644756317138672, 160.13722229003906], [-0.1736907958984375, 0.0087738037109375, 0.1817169189453125, -0.96783447265625], [-29.764184951782227, 17.89765167236328, -104.83479309082031], [0.613922119140625, -0.0355987548828125, 0.2927398681640625, -0.7321929931640625]
170180, 170.8397216796875, [1000.0, 248.0, 502.0, 61.0, 234.0, 35.0, 187.0, 0.0, 58.0, 1000.0, 0.0, 1000.0, 0.0, 1000.0, 999.0, 999.0, 999.0, 999.0, 999.0, 571.0, 666.0, 0.0, 0.0], [-23.08315086364746, -0.1091122254729271, 159.60716247558594], [-0.1736297607421875, 0.0345001220703125, 0.19708251953125, -0.964263916015625], [-31.21601104736328, 20.124134063720703, -105.12865447998047], [0.61376953125, -0.0274200439453125, 0.3126373291015625, -0.7244110107421875]
170230, 170.89939880371094, [1000.0, 252.0, 550.0, 64.0, 250.0, 40.0, 220.0, 0.0, 58.0, 1000.0, 0.0, 1000.0, 0.0, 1000.0, 999.0, 999.0, 999.0, 999.0, 999.0, 564.0, 663.0, 0.0, 0.0], [-23.923439025878906, 3.7918381690979004, 158.46449279785156], [-0.175933837890625, 0.07049560546875, 0.19744873046875, -0.9618072509765625], [-30.702848434448242, 22.466262817382812, -104.81239318847656], [0.6178741455078125, -0.0095672607421875, 0.320343017578125, -0.7179718017578125]
170290, 170.95066833496094, [1000.0, 247.0, 588.0, 64.0, 269.0, 40.0, 240.0, 0.0, 58.0, 1000.0, 0.0, 1000.0, 0.0, 1000.0, 999.0, 999.0, 999.0, 999.0, 999.0, 555.0, 660.0, 0.0, 0.0], [-25.8858642578125, 6.744086265563965, 157.4691619873047], [-0.1771392822265625, 0.0998992919921875, 0.2080841064453125, -0.95672607421875], [-32.82238006591797, 25.20281410217285, -105.10160064697266], [0.6181640625, -0.0015106201171875, 0.3461456298828125, -0.705718994140625]
170310, 171.0028533935547, [1000.0, 243.0, 592.0, 64.0, 273.0, 40.0, 242.0, 0.0, 58.0, 1000.0, 0.0, 1000.0, 0.0, 1000.0, 999.0, 999.0, 999.0, 999.0, 999.0, 552.0, 658.0, 0.0, 0.0], [-27.157258987426758, 6.972401142120361, 157.0625], [-0.178924560546875, 0.104522705078125, 0.2179107666015625, -0.953704833984375], [-33.82042694091797, 25.97920799255371, -105.30581665039062], [0.617523193359375, -0.0009765625, 0.35577392578125, -0.7014617919921875]
170340, 171.00941467285156, [1000.0, 243.0, 593.0, 64.0, 279.0, 40.0, 246.0, 0.0, 58.0, 1000.0, 0.0, 1000.0, 0.0, 1000.0, 988.0, 999.0, 999.0, 999.0, 999.0, 548.0, 657.0, 0.0, 0.0], [-29.364755630493164, 6.753628730773926, 156.53433227539062], [-0.1817474365234375, 0.10723876953125, 0.23614501953125, -0.948516845703125], [-35.71836853027344, 26.95237159729004, -105.73211669921875], [0.6157379150390625, -0.003204345703125, 0.3716583251953125, -0.69476318359375]
170400, 171.0594482421875, [1000.0, 244.0, 567.0, 65.0, 287.0, 45.0, 265.0, 0.0, 57.0, 1000.0, 0.0, 1000.0, 0.0, 1000.0, 962.0, 999.0, 999.0, 999.0, 999.0, 536.0, 653.0, 0.0, 0.0], [-35.190040588378906, 5.513687610626221, 155.63868713378906], [-0.186676025390625, 0.1085205078125, 0.28546142578125, -0.9337310791015625], [-41.45647048950195, 28.395584106445312, -107.33065032958984], [0.607147216796875, -0.0185089111328125, 0.412322998046875, -0.6789703369140625]
170450, 171.10939025878906, [1000.0, 249.0, 542.0, 65.0, 292.0, 46.0, 272.0, 0.0, 56.0, 1000.0, 0.0, 1000.0, 0.0, 1000.0, 959.0, 999.0, 999.0, 999.0, 999.0, 525.0, 658.0, 0.0, 0.0], [-41.903045654296875, 4.803174018859863, 154.99661254882812], [-0.187347412109375, 0.11553955078125, 0.3403167724609375, -0.9141693115234375], [-47.90800476074219, 29.06622314453125, -109.47978210449219], [0.5938720703125, -0.0396270751953125, 0.4532928466796875, -0.66351318359375]
170500, 171.16964721679688, [1000.0, 249.0, 518.0, 64.0, 298.0, 47.0, 270.0, 0.0, 53.0, 1000.0, 0.0, 1000.0, 0.0, 1000.0, 952.0, 999.0, 999.0, 999.0, 999.0, 513.0, 680.0, 0.0, 0.0], [-47.565948486328125, 3.4462921619415283, 154.98265075683594], [-0.1862640380859375, 0.114166259765625, 0.3875579833984375, -0.89556884765625], [-53.55436706542969, 29.28668785095215, -111.78047943115234], [0.57867431640625, -0.0575714111328125, 0.487457275390625, -0.6512908935546875]
170560, 171.2194366455078, [1000.0, 250.0, 490.0, 62.0, 302.0, 45.0, 255.0, 0.0, 52.0, 1000.0, 0.0, 1000.0, 0.0, 1000.0, 945.0, 999.0, 999.0, 999.0, 999.0, 496.0, 712.0, 0.0, 0.0], [-53.96855545043945, 2.6953492164611816, 155.651123046875], [-0.1774444580078125, 0.11614990234375, 0.438995361328125, -0.8730926513671875], [-57.712486267089844, 28.882572174072266, -113.45111846923828], [0.5659637451171875, -0.0738067626953125, 0.5105743408203125, -0.64306640625]
170610, 171.27947998046875, [1000.0, 249.0, 472.0, 60.0, 302.0, 42.0, 239.0, 0.0, 53.0, 1000.0, 0.0, 1000.0, 0.0, 1000.0, 955.0, 999.0, 999.0, 999.0, 999.0, 483.0, 731.0, 0.0, 0.0], [-56.7936897277832, 1.4893203973770142, 156.2127685546875], [-0.17523193359375, 0.10919189453125, 0.4629669189453125, -0.8619842529296875], [-62.42307662963867, 20.832612991333008, -115.38326263427734], [0.5287628173828125, -0.1417083740234375, 0.513397216796875, -0.660858154296875]
170670, 171.32949829101562, [1000.0, 242.0, 452.0, 59.0, 296.0, 37.0, 222.0, 0.0, 50.0, 1000.0, 0.0, 1000.0, 0.0, 1000.0, 958.0, 999.0, 999.0, 999.0, 999.0, 471.0, 756.0, 0.0, 0.0], [-59.486698150634766, 1.890464425086975, 156.64547729492188], [-0.167694091796875, 0.1144256591796875, 0.482879638671875, -0.8518218994140625], [-61.93537521362305, 20.66483497619629, -114.27955627441406], [0.53521728515625, -0.145477294921875, 0.5086517333984375, -0.6584930419921875]
170720, 171.38949584960938, [1000.0, 241.0, 436.0, 57.0, 297.0, 33.0, 211.0, 0.0, 46.0, 1000.0, 0.0, 1000.0, 0.0, 1000.0, 956.0, 999.0, 999.0, 999.0, 999.0, 462.0, 770.0, 0.0, 0.0], [-61.89983367919922, 2.830388069152832, 155.9929656982422], [-0.1658782958984375, 0.1276397705078125, 0.49847412109375, -0.8412322998046875], [-63.59321212768555, 19.949670791625977, -114.35580444335938], [0.5304107666015625, -0.157562255859375, 0.5158843994140625, -0.653961181640625]
170770, 171.4396209716797, [1000.0, 241.0, 427.0, 57.0, 317.0, 29.0, 204.0, 0.0, 43.0, 1000.0, 0.0, 1000.0, 0.0, 1000.0, 961.0, 999.0, 999.0, 999.0, 999.0, 455.0, 779.0, 0.0, 0.0], [-63.030818939208984, 3.9395601749420166, 154.9655303955078], [-0.1671142578125, 0.1418304443359375, 0.5036468505859375, -0.83563232421875], [-65.27901458740234, 19.317758560180664, -114.35333251953125], [0.5260162353515625, -0.1694793701171875, 0.5233917236328125, -0.6485443115234375]
170830, 171.49989318847656, [1000.0, 243.0, 499.0, 55.0, 452.0, 26.0, 212.0, 0.0, 39.0, 1000.0, 0.0, 1000.0, 0.0, 1000.0, 976.0, 999.0, 999.0, 999.0, 999.0, 443.0, 780.0, 0.0, 0.0], [-65.35453796386719, 5.183481216430664, 151.97445678710938], [-0.1799163818359375, 0.1675262451171875, 0.5140838623046875, -0.821746826171875], [-68.30474853515625, 18.874324798583984, -115.18649291992188], [0.5152130126953125, -0.1822357177734375, 0.5402679443359375, -0.6398773193359375]
170880, 171.54953002929688, [1000.0, 244.0, 667.0, 53.0, 636.0, 31.0, 418.0, 0.0, 36.0, 1000.0, 0.0, 1000.0, 0.0, 1000.0, 968.0, 999.0, 999.0, 999.0, 999.0, 437.0, 768.0, 0.0, 0.0], [-66.59939575195312, 6.16257381439209, 150.0198516845703], [-0.1873626708984375, 0.1851959228515625, 0.5179443359375, -0.8138275146484375], [-70.17369079589844, 18.466552734375, -115.65886688232422], [0.5081024169921875, -0.190948486328125, 0.5501556396484375, -0.634552001953125]
170930, 171.59954833984375, [1000.0, 247.0, 812.0, 52.0, 835.0, 44.0, 708.0, 0.0, 46.0, 1000.0, 32.0, 1000.0, 0.0, 1000.0, 937.0, 999.0, 999.0, 999.0, 999.0, 428.0, 751.0, 0.0, 0.0], [-65.99946594238281, 7.343168258666992, 149.3245391845703], [-0.187744140625, 0.195556640625, 0.50994873046875, -0.8163604736328125], [-69.63510131835938, 18.256725311279297, -115.69889831542969], [0.508026123046875, -0.1897125244140625, 0.5465850830078125, -0.6380615234375]
170990, 171.6598663330078, [1000.0, 256.0, 907.0, 51.0, 909.0, 54.0, 846.0, 0.0, 65.0, 1000.0, 36.0, 1000.0, 0.0, 1000.0, 899.0, 999.0, 475.0, 999.0, 999.0, 418.0, 747.0, 0.0, 0.0], [-65.15654754638672, 8.124199867248535, 149.51556396484375], [-0.184173583984375, 0.19879150390625, 0.50250244140625, -0.82098388671875], [-69.94789123535156, 18.469972610473633, -115.69420623779297], [0.50830078125, -0.18975830078125, 0.548980712890625, -0.6357879638671875]
171040, 171.70956420898438, [1000.0, 256.0, 926.0, 51.0, 916.0, 63.0, 870.0, 0.0, 81.0, 1000.0, 38.0, 1000.0, 0.0, 1000.0, 921.0, 999.0, 276.0, 999.0, 999.0, 413.0, 749.0, 0.0, 0.0], [-65.8609848022461, 8.376788139343262, 149.41258239746094], [-0.1824951171875, 0.2021331787109375, 0.5067901611328125, -0.817901611328125], [-68.21639251708984, 18.52988052368164, -114.82398223876953], [0.5161895751953125, -0.185760498046875, 0.5381011962890625, -0.639892578125]
171100, 171.76956176757812, [1000.0, 257.0, 931.0, 52.0, 921.0, 74.0, 889.0, 0.0, 166.0, 1000.0, 40.0, 1000.0, 0.0, 1000.0, 963.0, 999.0, 202.0, 999.0, 999.0, 407.0, 755.0, 0.0, 0.0], [-66.06883239746094, 8.905708312988281, 150.07196044921875], [-0.1749267578125, 0.203216552734375, 0.5082550048828125, -0.818389892578125], [-69.26968383789062, 18.087066650390625, -114.96588134765625], [0.512115478515625, -0.192657470703125, 0.5428009033203125, -0.63714599609375]
171150, 171.81968688964844, [1000.0, 256.0, 933.0, 52.0, 920.0, 81.0, 885.0, 0.0, 273.0, 1000.0, 45.0, 1000.0, 0.0, 1000.0, 995.0, 999.0, 187.0, 999.0, 999.0, 403.0, 757.0, 0.0, 0.0], [-65.54956817626953, 9.14885139465332, 150.36654663085938], [-0.1725921630859375, 0.20281982421875, 0.5045166015625, -0.8212890625], [-69.02143096923828, 18.44820785522461, -115.03580474853516], [0.5134124755859375, -0.18890380859375, 0.5426788330078125, -0.6373443603515625]
171200, 171.86929321289062, [1000.0, 257.0, 933.0, 52.0, 918.0, 85.0, 879.0, 0.0, 322.0, 1000.0, 47.0, 1000.0, 0.0, 1000.0, 999.0, 999.0, 182.0, 999.0, 999.0, 400.0, 760.0, 0.0, 0.0], [-66.32903289794922, 9.575399398803711, 150.54701232910156], [-0.1678924560546875, 0.206146240234375, 0.50946044921875, -0.8183746337890625], [-69.52156066894531, 19.531946182250977, -115.32125854492188], [0.514801025390625, -0.182830810546875, 0.5492706298828125, -0.6323089599609375]
171260, 171.9298553466797, [1000.0, 257.0, 932.0, 52.0, 916.0, 89.0, 875.0, 0.0, 354.0, 1000.0, 48.0, 1000.0, 0.0, 1000.0, 999.0, 999.0, 185.0, 999.0, 999.0, 397.0, 761.0, 0.0, 0.0], [-66.89347839355469, 10.744524955749512, 150.68763732910156], [-0.1602630615234375, 0.21441650390625, 0.5111083984375, -0.816741943359375], [-69.78273010253906, 21.1845703125, -115.59527587890625], [0.5186309814453125, -0.17205810546875, 0.556121826171875, -0.626190185546875]
171310, 171.97955322265625, [1000.0, 257.0, 933.0, 52.0, 913.0, 93.0, 871.0, 0.0, 376.0, 1000.0, 47.0, 1000.0, 0.0, 1000.0, 999.0, 999.0, 188.0, 999.0, 999.0, 396.0, 763.0, 0.0, 0.0], [-66.82144165039062, 11.803800582885742, 150.99362182617188], [-0.1531219482421875, 0.2202606201171875, 0.508758544921875, -0.818023681640625], [-69.54547119140625, 22.706279754638672, -115.75621795654297], [0.5233001708984375, -0.160369873046875, 0.559539794921875, -0.6223602294921875]
171370, 172.03953552246094, [1000.0, 257.0, 934.0, 52.0, 910.0, 96.0, 867.0, 0.0, 401.0, 1000.0, 44.0, 1000.0, 0.0, 1000.0, 999.0, 999.0, 199.0, 999.0, 999.0, 394.0, 764.0, 0.0, 0.0], [-66.78981018066406, 13.092803001403809, 151.4076690673828], [-0.144012451171875, 0.227264404296875, 0.506378173828125, -0.8192596435546875], [-69.37175750732422, 24.60172462463379, -115.9261703491211], [0.5289459228515625, -0.1464385986328125, 0.5642547607421875, -0.616729736328125]
171420, 172.0895538330078, [1000.0, 257.0, 934.0, 52.0, 909.0, 99.0, 864.0, 0.0, 429.0, 1000.0, 42.0, 1000.0, 0.0, 1000.0, 999.0, 999.0, 209.0, 999.0, 999.0, 392.0, 764.0, 0.0, 0.0], [-66.82887268066406, 14.137313842773438, 151.67147827148438], [-0.136993408203125, 0.2333221435546875, 0.5047454833984375, -0.8197479248046875], [-69.26132202148438, 26.04230308532715, -115.97698211669922], [0.5335235595703125, -0.13629150390625, 0.5677490234375, -0.6118927001953125]
171470, 172.13954162597656, [1000.0, 255.0, 934.0, 53.0, 907.0, 103.0, 864.0, 0.0, 465.0, 1000.0, 40.0, 1000.0, 0.0, 1000.0, 999.0, 999.0, 232.0, 999.0, 999.0, 390.0, 764.0, 0.0, 0.0], [-66.83601379394531, 15.205493927001953, 152.0798797607422], [-0.128875732421875, 0.238861083984375, 0.5031280517578125, -0.820465087890625], [-69.15979766845703, 27.3115291595459, -115.9879150390625], [0.53765869140625, -0.127471923828125, 0.5706939697265625, -0.607421875]
171530, 172.19956970214844, [1000.0, 253.0, 935.0, 53.0, 905.0, 108.0, 863.0, 0.0, 504.0, 1000.0, 38.0, 1000.0, 0.0, 1000.0, 999.0, 999.0, 246.0, 999.0, 999.0, 389.0, 764.0, 0.0, 0.0], [-67.40678405761719, 16.17293930053711, 152.2884521484375], [-0.1214599609375, 0.24517822265625, 0.5053558349609375, -0.818359375], [-69.11784362792969, 28.706403732299805, -116.02603912353516], [0.541900634765625, -0.117950439453125, 0.574249267578125, -0.602203369140625]
171580, 172.24948120117188, [1000.0, 252.0, 936.0, 53.0, 904.0, 112.0, 863.0, 0.0, 538.0, 1000.0, 36.0, 1000.0, 0.0, 1000.0, 999.0, 999.0, 257.0, 999.0, 999.0, 387.0, 765.0, 0.0, 0.0], [-68.41766357421875, 16.948888778686523, 152.36289978027344], [-0.1149139404296875, 0.25115966796875, 0.5108642578125, -0.8140716552734375], [-69.362060546875, 29.767351150512695, -116.12278747558594], [0.5444488525390625, -0.111663818359375, 0.578399658203125, -0.59710693359375]
171640, 172.3096160888672, [1000.0, 249.0, 936.0, 53.0, 903.0, 118.0, 864.0, 0.0, 565.0, 1000.0, 32.0, 750.0, 0.0, 1000.0, 999.0, 999.0, 263.0, 999.0, 999.0, 386.0, 765.0, 0.0, 0.0], [-68.98747253417969, 17.480504989624023, 152.5628662109375], [-0.109588623046875, 0.2544097900390625, 0.514068603515625, -0.8117828369140625], [-69.6885757446289, 30.887102127075195, -116.21434783935547], [0.547119140625, -0.10540771484375, 0.583038330078125, -0.5912628173828125]
171690, 172.35955810546875, [1000.0, 250.0, 937.0, 53.0, 903.0, 121.0, 863.0, 0.0, 582.0, 1000.0, 28.0, 1000.0, 0.0, 1000.0, 999.0, 999.0, 269.0, 999.0, 999.0, 384.0, 765.0, 0.0, 0.0], [-68.75995635986328, 17.843027114868164, 152.84112548828125], [-0.1063079833984375, 0.2553863525390625, 0.5121917724609375, -0.813079833984375], [-70.53070068359375, 33.65776062011719, -116.6551284790039], [0.5525970458984375, -0.0889892578125, 0.5944366455078125, -0.5773468017578125]
171740, 172.4093475341797, [1000.0, 251.0, 937.0, 54.0, 901.0, 125.0, 864.0, 0.0, 602.0, 1000.0, 23.0, 750.0, 0.0, 1000.0, 999.0, 999.0, 267.0, 999.0, 999.0, 383.0, 764.0, 0.0, 0.0], [-68.63285827636719, 18.64605140686035, 153.0150909423828], [-0.101348876953125, 0.2599029541015625, 0.509735107421875, -0.8138275146484375], [-69.41519165039062, 36.96666717529297, -116.04533386230469], [0.566009521484375, -0.064910888671875, 0.5960845947265625, -0.5657501220703125]
171800, 172.46929931640625, [1000.0, 251.0, 936.0, 54.0, 900.0, 129.0, 864.0, 0.0, 611.0, 1000.0, 20.0, 1000.0, 0.0, 1000.0, 999.0, 999.0, 266.0, 999.0, 999.0, 381.0, 765.0, 0.0, 0.0], [-68.24083709716797, 19.565858840942383, 153.23472595214844], [-0.096099853515625, 0.2647857666015625, 0.5052032470703125, -0.8157196044921875], [-68.0308837890625, 39.4125862121582, -115.30326080322266], [0.5768890380859375, -0.0456695556640625, 0.5944671630859375, -0.5583038330078125]
171850, 172.5190887451172, [1000.0, 250.0, 936.0, 54.0, 899.0, 131.0, 864.0, 0.0, 619.0, 1000.0, 18.0, 1000.0, 0.0, 1000.0, 999.0, 999.0, 281.0, 999.0, 999.0, 380.0, 764.0, 0.0, 0.0], [-67.99470520019531, 20.379653930664062, 153.43270874023438], [-0.091217041015625, 0.269195556640625, 0.5019073486328125, -0.8168792724609375], [-68.17778015136719, 38.625736236572266, -115.44258117675781], [0.5740966796875, -0.0509033203125, 0.5934600830078125, -0.5617828369140625]
171910, 172.5792694091797, [1000.0, 251.0, 935.0, 54.0, 898.0, 134.0, 863.0, 0.0, 622.0, 1000.0, 17.0, 1000.0, 0.0, 1000.0, 999.0, 999.0, 282.0, 999.0, 999.0, 379.0, 764.0, 0.0, 0.0], [-68.044921875, 21.215057373046875, 153.52890014648438], [-0.0862579345703125, 0.2744293212890625, 0.5004119873046875, -0.81658935546875], [-68.41535949707031, 38.321197509765625, -115.6080322265625], [0.5723724365234375, -0.053253173828125, 0.5940093994140625, -0.562744140625]
171960, 172.62937927246094, [1000.0, 250.0, 934.0, 55.0, 897.0, 136.0, 863.0, 0.0, 623.0, 1000.0, 16.0, 1000.0, 0.0, 1000.0, 999.0, 999.0, 290.0, 999.0, 999.0, 379.0, 764.0, 0.0, 0.0], [-67.77961730957031, 21.234317779541016, 153.60023498535156], [-0.0862884521484375, 0.2740478515625, 0.4986419677734375, -0.8177947998046875], [-68.34586334228516, 37.83546829223633, -115.67359161376953], [0.5707855224609375, -0.0557861328125, 0.59259033203125, -0.5655975341796875]
172010, 172.6795196533203, [1000.0, 251.0, 933.0, 55.0, 895.0, 137.0, 861.0, 0.0, 626.0, 1000.0, 15.0, 1000.0, 0.0, 1000.0, 999.0, 999.0, 283.0, 999.0, 999.0, 378.0, 763.0, 0.0, 0.0], [-67.74606323242188, 20.758249282836914, 153.62574768066406], [-0.0885467529296875, 0.2707061767578125, 0.4996490478515625, -0.81805419921875], [-68.5379409790039, 37.37665557861328, -115.76155090332031], [0.5690155029296875, -0.059326171875, 0.592529296875, -0.56707763671875]
172070, 172.73953247070312, [1000.0, 251.0, 932.0, 55.0, 893.0, 140.0, 861.0, 0.0, 628.0, 1000.0, 14.0, 750.0, 0.0, 1000.0, 999.0, 999.0, 278.0, 999.0, 999.0, 376.0, 763.0, 0.0, 0.0], [-68.23892974853516, 20.1990909576416, 153.51895141601562], [-0.0909271240234375, 0.267791748046875, 0.5042877197265625, -0.815887451171875], [-69.04198455810547, 36.67521667480469, -116.0350341796875], [0.565460205078125, -0.0650482177734375, 0.59356689453125, -0.5689239501953125]
172120, 172.78955078125, [1000.0, 249.0, 930.0, 55.0, 892.0, 140.0, 861.0, 0.0, 628.0, 1000.0, 14.0, 750.0, 0.0, 1000.0, 999.0, 999.0, 281.0, 999.0, 999.0, 376.0, 763.0, 0.0, 0.0], [-68.20905303955078, 19.698524475097656, 153.5594940185547], [-0.09320068359375, 0.26422119140625, 0.505401611328125, -0.8161163330078125], [-69.43328094482422, 35.73954391479492, -116.23033142089844], [0.561614990234375, -0.0721435546875, 0.593475341796875, -0.57196044921875]
172170, 172.8394317626953, [1000.0, 248.0, 930.0, 55.0, 891.0, 141.0, 860.0, 0.0, 629.0, 1000.0, 14.0, 1000.0, 0.0, 1000.0, 999.0, 999.0, 277.0, 999.0, 968.0, 375.0, 762.0, 0.0, 0.0], [-68.04637908935547, 19.147855758666992, 153.6894073486328], [-0.0953826904296875, 0.259796142578125, 0.5058746337890625, -0.816986083984375], [-68.84332275390625, 35.55027389526367, -115.81999969482422], [0.563507080078125, -0.0726165771484375, 0.5898284912109375, -0.573822021484375]
172230, 172.89938354492188, [1000.0, 246.0, 929.0, 55.0, 890.0, 141.0, 859.0, 0.0, 630.0, 1000.0, 14.0, 1000.0, 0.0, 1000.0, 999.0, 999.0, 273.0, 999.0, 969.0, 374.0, 763.0, 0.0, 0.0], [-67.76009368896484, 18.65251922607422, 153.89443969726562], [-0.097015380859375, 0.2552947998046875, 0.5054779052734375, -0.818450927734375], [-68.98493194580078, 35.18048095703125, -115.87516784667969], [0.5620880126953125, -0.075469970703125, 0.589691162109375, -0.5749664306640625]
172280, 172.9495086669922, [1000.0, 244.0, 928.0, 55.0, 889.0, 142.0, 859.0, 0.0, 631.0, 1000.0, 14.0, 750.0, 0.0, 1000.0, 999.0, 999.0, 267.0, 999.0, 968.0, 374.0, 762.0, 0.0, 0.0], [-67.52597045898438, 18.520198822021484, 153.9541015625], [-0.0977630615234375, 0.253936767578125, 0.5042572021484375, -0.819549560546875], [-68.40377807617188, 34.96881103515625, -115.47222137451172], [0.56390380859375, -0.076080322265625, 0.58599853515625, -0.5768890380859375]
172340, 173.00953674316406, [1000.0, 247.0, 927.0, 55.0, 889.0, 143.0, 858.0, 0.0, 631.0, 1000.0, 13.0, 750.0, 0.0, 1000.0, 999.0, 999.0, 264.0, 999.0, 959.0, 373.0, 762.0, 0.0, 0.0], [-67.47309112548828, 18.50747299194336, 154.00059509277344], [-0.0976104736328125, 0.25360107421875, 0.5040130615234375, -0.81982421875], [-69.01692199707031, 34.83293533325195, -115.81488037109375], [0.5613861083984375, -0.0782318115234375, 0.5889892578125, -0.576019287109375]
172390, 173.05946350097656, [1000.0, 248.0, 927.0, 55.0, 888.0, 143.0, 858.0, 0.0, 637.0, 1000.0, 13.0, 1000.0, 0.0, 1000.0, 999.0, 999.0, 266.0, 999.0, 958.0, 372.0, 763.0, 0.0, 0.0], [-67.41442108154297, 18.368839263916016, 154.00302124023438], [-0.0984039306640625, 0.252593994140625, 0.5039215087890625, -0.8200836181640625], [-68.51611328125, 35.069129943847656, -115.51930236816406], [0.563873291015625, -0.0757293701171875, 0.5868377685546875, -0.57611083984375]
172420, 173.10948181152344, [1000.0, 247.0, 927.0, 55.0, 887.0, 144.0, 858.0, 0.0, 637.0, 1000.0, 13.0, 1000.0, 0.0, 1000.0, 999.0, 999.0, 267.0, 999.0, 954.0, 371.0, 763.0, 0.0, 0.0], [-67.5552978515625, 18.322229385375977, 153.9725341796875], [-0.098541259765625, 0.252532958984375, 0.504974365234375, -0.8194427490234375], [-68.6158218383789, 35.08102798461914, -115.57872772216797], [0.56353759765625, -0.075836181640625, 0.58740234375, -0.575836181640625]
172440, 173.119384765625, [1000.0, 246.0, 927.0, 55.0, 887.0, 144.0, 857.0, 0.0, 637.0, 1000.0, 14.0, 1000.0, 0.0, 1000.0, 999.0, 999.0, 266.0, 999.0, 951.0, 371.0, 763.0, 0.0, 0.0], [-67.67295837402344, 18.279111862182617, 153.9532012939453], [-0.0986328125, 0.2524261474609375, 0.5058746337890625, -0.81890869140625], [-68.7140121459961, 35.1051025390625, -115.65397644042969], [0.56317138671875, -0.075775146484375, 0.5880126953125, -0.5756072998046875]
172500, 173.16954040527344, [1000.0, 247.0, 926.0, 55.0, 887.0, 144.0, 857.0, 0.0, 638.0, 1000.0, 14.0, 1000.0, 0.0, 1000.0, 999.0, 999.0, 263.0, 999.0, 948.0, 371.0, 763.0, 0.0, 0.0], [-68.044921875, 18.399267196655273, 153.8681182861328], [-0.0978240966796875, 0.253936767578125, 0.508056640625, -0.8171844482421875], [-69.03482055664062, 35.15611267089844, -115.87699890136719], [0.561981201171875, -0.07586669921875, 0.5898895263671875, -0.5748291015625]
172530, 173.2196502685547, [1000.0, 247.0, 926.0, 55.0, 886.0, 145.0, 857.0, 0.0, 637.0, 1000.0, 14.0, 1000.0, 0.0, 1000.0, 999.0, 999.0, 260.0, 999.0, 947.0, 370.0, 762.0, 0.0, 0.0], [-68.23953247070312, 18.4039363861084, 153.8470916748047], [-0.0975189208984375, 0.2542266845703125, 0.5093841552734375, -0.8162994384765625], [-69.33600616455078, 35.31513214111328, -116.03366088867188], [0.5614471435546875, -0.0754852294921875, 0.5918731689453125, -0.5733489990234375]
172550, 173.22940063476562, [1000.0, 242.0, 926.0, 55.0, 887.0, 145.0, 857.0, 0.0, 638.0, 1000.0, 14.0, 750.0, 0.0, 1000.0, 999.0, 999.0, 260.0, 999.0, 943.0, 370.0, 762.0, 0.0, 0.0], [-68.37974548339844, 18.36412239074707, 153.85488891601562], [-0.09735107421875, 0.2540435791015625, 0.510498046875, -0.8156890869140625], [-69.659423828125, 35.580806732177734, -116.18110656738281], [0.5612640380859375, -0.074554443359375, 0.594207763671875, -0.5712432861328125]
172610, 173.27952575683594, [1000.0, 248.0, 926.0, 56.0, 886.0, 145.0, 856.0, 0.0, 638.0, 1000.0, 14.0, 1000.0, 0.0, 1000.0, 999.0, 999.0, 258.0, 999.0, 943.0, 369.0, 762.0, 0.0, 0.0], [-68.49986267089844, 18.586393356323242, 153.89984130859375], [-0.0956573486328125, 0.2554473876953125, 0.51092529296875, -0.815185546875], [-69.59239196777344, 35.248905181884766, -116.08354187011719], [0.5608367919921875, -0.0769195556640625, 0.5930328369140625, -0.5725555419921875]
172660, 173.32936096191406, [1000.0, 249.0, 925.0, 56.0, 885.0, 144.0, 856.0, 0.0, 638.0, 1000.0, 14.0, 1000.0, 0.0, 1000.0, 999.0, 999.0, 260.0, 999.0, 945.0, 369.0, 761.0, 0.0, 0.0], [-68.05882263183594, 18.549949645996094, 154.2085418701172], [-0.0946197509765625, 0.2534637451171875, 0.5085601806640625, -0.817413330078125], [-69.30863189697266, 35.19483184814453, -115.79194641113281], [0.5623321533203125, -0.077392578125, 0.5912933349609375, -0.5728302001953125]
172710, 173.38949584960938, [1000.0, 248.0, 925.0, 56.0, 885.0, 143.0, 855.0, 0.0, 637.0, 1000.0, 13.0, 1000.0, 0.0, 1000.0, 999.0, 999.0, 267.0, 999.0, 947.0, 368.0, 761.0, 0.0, 0.0], [-67.49427795410156, 18.44059944152832, 154.53468322753906], [-0.0940704345703125, 0.2508087158203125, 0.5054931640625, -0.8201751708984375], [-68.84927368164062, 34.938175201416016, -115.5252914428711], [0.5632476806640625, -0.0782012939453125, 0.58819580078125, -0.5749969482421875]
172770, 173.43946838378906, [1000.0, 246.0, 925.0, 55.0, 884.0, 142.0, 854.0, 0.0, 635.0, 1000.0, 12.0, 1000.0, 0.0, 1000.0, 999.0, 999.0, 282.0, 999.0, 964.0, 368.0, 760.0, 0.0, 0.0], [-67.47041320800781, 18.555282592773438, 154.6699981689453], [-0.09259033203125, 0.2509765625, 0.5053558349609375, -0.8203887939453125], [-68.80221557617188, 36.27418899536133, -115.49203491210938], [0.5671844482421875, -0.0693206787109375, 0.59112548828125, -0.569244384765625]
172820, 173.4996337890625, [1000.0, 248.0, 924.0, 55.0, 883.0, 141.0, 852.0, 0.0, 631.0, 1000.0, 11.0, 1000.0, 0.0, 1000.0, 999.0, 999.0, 298.0, 999.0, 989.0, 367.0, 760.0, 0.0, 0.0], [-67.38333892822266, 18.659202575683594, 154.81483459472656], [-0.0912322998046875, 0.2509765625, 0.5048065185546875, -0.8208770751953125], [-69.59599304199219, 36.05331802368164, -115.92340850830078], [0.563934326171875, -0.0724639892578125, 0.594818115234375, -0.5682373046875]
172880, 173.54946899414062, [1000.0, 248.0, 924.0, 56.0, 883.0, 139.0, 850.0, 0.0, 626.0, 1000.0, 10.0, 1000.0, 0.0, 1000.0, 999.0, 999.0, 315.0, 999.0, 999.0, 366.0, 760.0, 0.0, 0.0], [-67.50556182861328, 18.847440719604492, 154.77781677246094], [-0.090301513671875, 0.2525177001953125, 0.505157470703125, -0.820281982421875], [-70.44230651855469, 36.665672302246094, -116.37458038330078], [0.56292724609375, -0.0702362060546875, 0.6006622314453125, -0.5633392333984375]
172930, 173.60955810546875, [1000.0, 249.0, 924.0, 55.0, 882.0, 137.0, 847.0, 0.0, 621.0, 1000.0, 9.0, 1000.0, 0.0, 666.0, 999.0, 999.0, 317.0, 999.0, 999.0, 365.0, 759.0, 0.0, 0.0], [-68.34866333007812, 18.875934600830078, 154.6575164794922], [-0.0891571044921875, 0.25390625, 0.5108489990234375, -0.8164520263671875], [-70.97071838378906, 36.41152572631836, -116.43995666503906], [0.5615386962890625, -0.07415771484375, 0.6027374267578125, -0.56201171875]
172980, 173.65956115722656, [1000.0, 249.0, 922.0, 55.0, 881.0, 135.0, 845.0, 0.0, 617.0, 1000.0, 8.0, 1000.0, 0.0, 1000.0, 999.0, 999.0, 316.0, 999.0, 999.0, 364.0, 758.0, 0.0, 0.0], [-69.67869567871094, 18.308780670166016, 154.32151794433594], [-0.0914459228515625, 0.2526397705078125, 0.5208740234375, -0.8102264404296875], [-71.67617797851562, 35.27463912963867, -116.5571517944336], [0.557098388671875, -0.084442138671875, 0.603759765625, -0.563873291015625]
173020, 173.70989990234375, [1000.0, 250.0, 922.0, 55.0, 881.0, 135.0, 844.0, 0.0, 614.0, 1000.0, 8.0, 1000.0, 0.0, 1000.0, 999.0, 999.0, 316.0, 999.0, 999.0, 364.0, 757.0, 0.0, 0.0], [-70.01861572265625, 16.968883514404297, 154.30812072753906], [-0.0975799560546875, 0.2439727783203125, 0.5263519287109375, -0.808624267578125], [-71.76927947998047, 33.76278305053711, -116.37018585205078], [0.5533447265625, -0.09576416015625, 0.60064697265625, -0.569061279296875]
173040, 173.71942138671875, [1000.0, 251.0, 921.0, 55.0, 880.0, 134.0, 843.0, 0.0, 612.0, 1000.0, 7.0, 750.0, 0.0, 1000.0, 999.0, 999.0, 313.0, 999.0, 999.0, 364.0, 757.0, 0.0, 0.0], [-69.9534683227539, 16.695518493652344, 154.3507843017578], [-0.0988006591796875, 0.24188232421875, 0.526611328125, -0.8089447021484375], [-71.58995056152344, 33.5780143737793, -116.23131561279297], [0.553619384765625, -0.096832275390625, 0.599212646484375, -0.57012939453125]
173090, 173.76954650878906, [1000.0, 249.0, 921.0, 55.0, 880.0, 133.0, 841.0, 0.0, 611.0, 1000.0, 7.0, 750.0, 0.0, 1000.0, 999.0, 999.0, 315.0, 999.0, 999.0, 363.0, 757.0, 0.0, 0.0], [-69.155029296875, 15.900066375732422, 154.70208740234375], [-0.1019744873046875, 0.23419189453125, 0.5234832763671875, -0.812835693359375], [-70.45868682861328, 33.34007263183594, -115.44007110595703], [0.55780029296875, -0.097015380859375, 0.5923309326171875, -0.5731964111328125]
173150, 173.81947326660156, [1000.0, 250.0, 921.0, 55.0, 880.0, 133.0, 840.0, 0.0, 608.0, 1000.0, 6.0, 1000.0, 0.0, 1000.0, 999.0, 999.0, 326.0, 999.0, 999.0, 363.0, 756.0, 0.0, 0.0], [-67.9555892944336, 16.502506256103516, 155.168701171875], [-0.098114013671875, 0.235137939453125, 0.514556884765625, -0.8187103271484375], [-69.06442260742188, 33.84297561645508, -114.50605010986328], [0.565093994140625, -0.0916900634765625, 0.5858306884765625, -0.5736236572265625]
173170, 173.87025451660156, [1000.0, 250.0, 921.0, 55.0, 879.0, 132.0, 840.0, 0.0, 607.0, 1000.0, 6.0, 750.0, 0.0, 1000.0, 999.0, 999.0, 330.0, 999.0, 999.0, 362.0, 756.0, 0.0, 0.0], [-67.65512084960938, 16.75680923461914, 155.2762908935547], [-0.096710205078125, 0.23614501953125, 0.5120697021484375, -0.820159912109375], [-68.91605377197266, 33.76413345336914, -114.37425994873047], [0.565643310546875, -0.0921478271484375, 0.58477783203125, -0.574066162109375]
173200, 173.8794708251953, [1000.0, 251.0, 921.0, 55.0, 879.0, 132.0, 840.0, 0.0, 606.0, 1000.0, 6.0, 1000.0, 0.0, 1000.0, 999.0, 999.0, 331.0, 999.0, 999.0, 362.0, 756.0, 0.0, 0.0], [-67.40611267089844, 17.010639190673828, 155.4038848876953], [-0.095062255859375, 0.2371063232421875, 0.509979248046875, -0.8213653564453125], [-68.83320617675781, 33.54844665527344, -114.27554321289062], [0.5655975341796875, -0.093658447265625, 0.583740234375, -0.5749359130859375]
173250, 173.92974853515625, [1000.0, 247.0, 920.0, 55.0, 879.0, 131.0, 839.0, 0.0, 603.0, 1000.0, 6.0, 750.0, 0.0, 1000.0, 999.0, 999.0, 329.0, 999.0, 999.0, 362.0, 755.0, 0.0, 0.0], [-67.34524536132812, 16.887683868408203, 155.53529357910156], [-0.0948486328125, 0.235626220703125, 0.5100860595703125, -0.821746826171875], [-69.10965728759766, 33.74558639526367, -114.50759887695312], [0.5647735595703125, -0.0925445556640625, 0.5858154296875, -0.573822021484375]
173310, 173.98968505859375, [1000.0, 249.0, 920.0, 55.0, 878.0, 130.0, 838.0, 0.0, 602.0, 1000.0, 5.0, 1000.0, 0.0, 1000.0, 999.0, 999.0, 333.0, 999.0, 999.0, 361.0, 755.0, 0.0, 0.0], [-67.042236328125, 17.039993286132812, 155.73934936523438], [-0.09326171875, 0.2355194091796875, 0.50799560546875, -0.8232574462890625], [-69.36380004882812, 34.78368377685547, -114.6523666381836], [0.566802978515625, -0.08624267578125, 0.5897674560546875, -0.5687255859375]
