913160, 916.9390869140625, [1000.0, 188.0, 278.0, 116.0, 66.0, 127.0, 44.0, 29.0, 21.0, 1000.0, 0.0, 1000.0, 0.0, 1000.0, 894.0, 999.0, 999.0, 999.0, 999.0, 395.0, 589.0, 0.0, 0.0], [-18.656707763671875, -0.4036884009838104, -135.43124389648438], [0.3736572265625, -0.0646820068359375, 0.1486663818359375, -0.9132843017578125], [-26.276426315307617, 11.50675106048584, -91.80644989013672], [0.6905975341796875, -0.0872650146484375, 0.2303466796875, -0.6799774169921875]
913210, 916.99951171875, [1000.0, 188.0, 277.0, 116.0, 66.0, 127.0, 44.0, 30.0, 21.0, 1000.0, 0.0, 750.0, 0.0, 1000.0, 893.0, 999.0, 999.0, 999.0, 999.0, 395.0, 590.0, 0.0, 0.0], [-18.62310791015625, -0.4749810993671417, -135.3486328125], [0.374237060546875, -0.06524658203125, 0.1481170654296875, -0.9130859375], [-26.33506965637207, 11.550700187683105, -91.8165512084961], [0.6905364990234375, -0.0873260498046875, 0.23095703125, -0.679840087890625]
913260, 917.0494384765625, [1000.0, 188.0, 276.0, 116.0, 66.0, 127.0, 44.0, 29.0, 21.0, 1000.0, 0.0, 1000.0, 0.0, 1000.0, 894.0, 999.0, 999.0, 999.0, 999.0, 395.0, 589.0, 0.0, 0.0], [-18.670194625854492, -0.4673698842525482, -135.29071044921875], [0.3746795654296875, -0.0654144287109375, 0.1484832763671875, -0.9128265380859375], [-26.581226348876953, 11.32550048828125, -91.87561798095703], [0.6898040771484375, -0.090087890625, 0.231170654296875, -0.680145263671875]
913320, 917.1094360351562, [1000.0, 188.0, 275.0, 116.0, 66.0, 127.0, 44.0, 29.0, 21.0, 1000.0, 0.0, 750.0, 0.0, 1000.0, 893.0, 999.0, 999.0, 999.0, 999.0, 395.0, 589.0, 0.0, 0.0], [-18.64357566833496, -0.4843001067638397, -135.1979217529297], [0.3754119873046875, -0.065582275390625, 0.148162841796875, -0.912567138671875], [-26.62506866455078, 11.518988609313965, -91.9019546508789], [0.6897735595703125, -0.0890960693359375, 0.2325592041015625, -0.6798248291015625]
913370, 917.159423828125, [1000.0, 188.0, 277.0, 116.0, 66.0, 127.0, 44.0, 29.0, 21.0, 1000.0, 0.0, 1000.0, 0.0, 1000.0, 893.0, 999.0, 999.0, 999.0, 999.0, 395.0, 589.0, 0.0, 0.0], [-18.664323806762695, -0.4324249029159546, -135.143798828125], [0.3759002685546875, -0.0653076171875, 0.148468017578125, -0.9123382568359375], [-26.327802658081055, 11.274721145629883, -91.85033416748047], [0.6901092529296875, -0.08892822265625, 0.2293548583984375, -0.68060302734375]
913430, 917.2194213867188, [1000.0, 186.0, 276.0, 116.0, 66.0, 127.0, 44.0, 29.0, 21.0, 1000.0, 0.0, 1000.0, 0.0, 1000.0, 896.0, 999.0, 999.0, 999.0, 999.0, 395.0, 589.0, 0.0, 0.0], [-18.751985549926758, -0.4882170557975769, -135.0725555419922], [0.3763427734375, -0.066131591796875, 0.1489410400390625, -0.912017822265625], [-26.404619216918945, 11.55966567993164, -91.86807250976562], [0.690185546875, -0.08758544921875, 0.2314605712890625, -0.67999267578125]
913480, 917.2694702148438, [1000.0, 186.0, 275.0, 116.0, 66.0, 127.0, 44.0, 29.0, 21.0, 1000.0, 0.0, 1000.0, 0.0, 1000.0, 896.0, 999.0, 999.0, 999.0, 999.0, 395.0, 589.0, 0.0, 0.0], [-18.714059829711914, -0.5433292388916016, -135.0090789794922], [0.376800537109375, -0.0665283203125, 0.1484222412109375, -0.911895751953125], [-26.360403060913086, 11.604899406433105, -91.85366821289062], [0.690338134765625, -0.087066650390625, 0.2314453125, -0.679901123046875]
913530, 917.3194580078125, [1000.0, 186.0, 275.0, 116.0, 66.0, 127.0, 44.0, 29.0, 21.0, 1000.0, 0.0, 750.0, 0.0, 1000.0, 894.0, 999.0, 999.0, 999.0, 999.0, 395.0, 589.0, 0.0, 0.0], [-18.751998901367188, -0.5163383483886719, -134.9398956298828], [0.3773651123046875, -0.0665283203125, 0.148773193359375, -0.9116058349609375], [-26.735578536987305, 11.496244430541992, -91.93108367919922], [0.6894989013671875, -0.08984375, 0.2331085205078125, -0.6798248291015625]
913590, 917.3794555664062, [1000.0, 187.0, 277.0, 115.0, 66.0, 127.0, 44.0, 29.0, 21.0, 1000.0, 0.0, 1000.0, 0.0, 1000.0, 894.0, 999.0, 999.0, 999.0, 999.0, 395.0, 590.0, 0.0, 0.0], [-18.76458740234375, -0.5474637150764465, -134.86817932128906], [0.3778839111328125, -0.0669097900390625, 0.1487274169921875, -0.9113616943359375], [-26.182371139526367, 11.295662879943848, -91.82757568359375], [0.69036865234375, -0.0879669189453125, 0.2285919189453125, -0.6807098388671875]
913640, 917.429443359375, [1000.0, 186.0, 276.0, 116.0, 66.0, 127.0, 44.0, 29.0, 21.0, 1000.0, 0.0, 750.0, 0.0, 1000.0, 893.0, 999.0, 999.0, 999.0, 999.0, 395.0, 589.0, 0.0, 0.0], [-18.756242752075195, -0.5334287881851196, -134.79649353027344], [0.37847900390625, -0.066864013671875, 0.1486663818359375, -0.9111328125], [-26.23880958557129, 11.33379077911377, -91.84103393554688], [0.690277099609375, -0.088043212890625, 0.229156494140625, -0.68060302734375]
913690, 917.4794921875, [1000.0, 186.0, 276.0, 115.0, 66.0, 127.0, 44.0, 29.0, 21.0, 1000.0, 0.0, 750.0, 0.0, 1000.0, 893.0, 999.0, 999.0, 999.0, 999.0, 395.0, 590.0, 0.0, 0.0], [-18.762174606323242, -0.47605612874031067, -134.73056030273438], [0.3790740966796875, -0.0665130615234375, 0.14886474609375, -0.9108734130859375], [-26.35300636291504, 11.324322700500488, -91.86331939697266], [0.6900482177734375, -0.0887451171875, 0.22979736328125, -0.6805267333984375]
913750, 917.5394897460938, [1000.0, 186.0, 276.0, 115.0, 66.0, 127.0, 44.0, 29.0, 21.0, 1000.0, 0.0, 1000.0, 0.0, 1000.0, 891.0, 999.0, 999.0, 999.0, 999.0, 395.0, 589.0, 0.0, 0.0], [-18.73786163330078, -0.4163912832736969, -134.64413452148438], [0.379852294921875, -0.066070556640625, 0.1488189697265625, -0.91058349609375], [-26.61614227294922, 11.507001876831055, -91.91987609863281], [0.689666748046875, -0.089080810546875, 0.232452392578125, -0.6799774169921875]
913800, 917.5894165039062, [1000.0, 186.0, 278.0, 115.0, 66.0, 127.0, 44.0, 29.0, 21.0, 1000.0, 0.0, 1000.0, 0.0, 1000.0, 891.0, 999.0, 999.0, 999.0, 999.0, 395.0, 589.0, 0.0, 0.0], [-18.637304306030273, -0.3916437029838562, -134.58859252929688], [0.3803863525390625, -0.06561279296875, 0.1480712890625, -0.9105224609375], [-26.52098846435547, 11.495859146118164, -91.90471649169922], [0.6898193359375, -0.0886077880859375, 0.2318115234375, -0.6800994873046875]
913860, 917.6492309570312, [1000.0, 187.0, 277.0, 115.0, 66.0, 127.0, 44.0, 29.0, 21.0, 1000.0, 0.0, 750.0, 0.0, 1000.0, 892.0, 999.0, 999.0, 999.0, 999.0, 395.0, 590.0, 0.0, 0.0], [-18.547622680664062, -0.33264416456222534, -134.50302124023438], [0.381195068359375, -0.0649566650390625, 0.1475067138671875, -0.9103240966796875], [-26.120332717895508, 11.524711608886719, -91.82241821289062], [0.690643310546875, -0.086181640625, 0.2295379638671875, -0.68035888671875]
913910, 917.699462890625, [1000.0, 186.0, 277.0, 115.0, 66.0, 127.0, 44.0, 29.0, 21.0, 1000.0, 0.0, 750.0, 0.0, 1000.0, 893.0, 999.0, 999.0, 999.0, 999.0, 395.0, 589.0, 0.0, 0.0], [-18.576637268066406, -0.35016268491744995, -134.41378784179688], [0.381866455078125, -0.0653076171875, 0.1476287841796875, -0.910003662109375], [-26.247617721557617, 11.510087966918945, -91.84632110595703], [0.6903839111328125, -0.0869903564453125, 0.230224609375, -0.680267333984375]
913960, 917.7496337890625, [1000.0, 186.0, 276.0, 115.0, 66.0, 127.0, 44.0, 29.0, 21.0, 1000.0, 0.0, 750.0, 0.0, 1000.0, 893.0, 999.0, 999.0, 999.0, 999.0, 395.0, 589.0, 0.0, 0.0], [-18.701038360595703, -0.49493318796157837, -134.33621215820312], [0.3822174072265625, -0.0669708251953125, 0.1480865478515625, -0.9096527099609375], [-25.939985275268555, 11.242023468017578, -91.7979507446289], [0.6906890869140625, -0.0868988037109375, 0.2268218994140625, -0.681121826171875]
914020, 917.8094482421875, [1000.0, 186.0, 276.0, 115.0, 66.0, 127.0, 44.0, 29.0, 21.0, 1000.0, 0.0, 750.0, 0.0, 1000.0, 893.0, 999.0, 999.0, 999.0, 999.0, 395.0, 589.0, 0.0, 0.0], [-18.698530197143555, -0.4349096715450287, -134.2332305908203], [0.38311767578125, -0.066619873046875, 0.1482086181640625, -0.9092864990234375], [-26.516681671142578, 11.40239429473877, -91.89997100830078], [0.6897735595703125, -0.08917236328125, 0.2312469482421875, -0.680267333984375]
914070, 917.8595581054688, [1000.0, 186.0, 277.0, 115.0, 66.0, 127.0, 44.0, 29.0, 21.0, 1000.0, 0.0, 750.0, 0.0, 1000.0, 896.0, 999.0, 999.0, 999.0, 999.0, 395.0, 589.0, 0.0, 0.0], [-18.628768920898438, -0.3992100954055786, -134.1401824951172], [0.383941650390625, -0.06622314453125, 0.1477203369140625, -0.9090423583984375], [-26.574981689453125, 11.58773422241211, -91.91178894042969], [0.6898193359375, -0.088348388671875, 0.232666015625, -0.6798553466796875]
914130, 917.919677734375, [1000.0, 185.0, 276.0, 115.0, 66.0, 127.0, 44.0, 29.0, 21.0, 1000.0, 0.0, 750.0, 0.0, 1000.0, 895.0, 999.0, 999.0, 999.0, 999.0, 394.0, 589.0, 0.0, 0.0], [-18.635169982910156, -0.37625059485435486, -134.05108642578125], [0.384674072265625, -0.0661773681640625, 0.147796630859375, -0.908721923828125], [-26.519996643066406, 11.55202579498291, -91.9102783203125], [0.6898345947265625, -0.0882415771484375, 0.2321319580078125, -0.680023193359375]
914180, 917.9696044921875, [1000.0, 185.0, 277.0, 115.0, 66.0, 127.0, 44.0, 29.0, 21.0, 1000.0, 0.0, 1000.0, 0.0, 1000.0, 894.0, 999.0, 999.0, 999.0, 999.0, 394.0, 589.0, 0.0, 0.0], [-18.624399185180664, -0.33649173378944397, -133.96783447265625], [0.3853912353515625, -0.0659332275390625, 0.147796630859375, -0.9084320068359375], [-26.57598114013672, 11.545804023742676, -91.92233276367188], [0.6897125244140625, -0.088592529296875, 0.2324371337890625, -0.67999267578125]
914230, 918.0195922851562, [1000.0, 185.0, 276.0, 115.0, 66.0, 127.0, 44.0, 29.0, 21.0, 1000.0, 0.0, 750.0, 0.0, 1000.0, 894.0, 999.0, 999.0, 999.0, 999.0, 395.0, 589.0, 0.0, 0.0], [-18.588111877441406, -0.3191376328468323, -133.8853759765625], [0.3860931396484375, -0.0657806396484375, 0.14752197265625, -0.908203125], [-26.449806213378906, 11.51392650604248, -91.90155792236328], [0.689910888671875, -0.08807373046875, 0.2314910888671875, -0.6801910400390625]
914290, 918.0794677734375, [1000.0, 185.0, 277.0, 115.0, 66.0, 127.0, 44.0, 29.0, 21.0, 1000.0, 0.0, 750.0, 0.0, 1000.0, 893.0, 999.0, 999.0, 999.0, 999.0, 395.0, 589.0, 0.0, 0.0], [-18.587373733520508, -0.3595444858074188, -133.7882537841797], [0.386810302734375, -0.06622314453125, 0.1473236083984375, -0.90789794921875], [-26.50002670288086, 11.347868919372559, -91.91976928710938], [0.6896209716796875, -0.0893707275390625, 0.2308502197265625, -0.6805267333984375]
914340, 918.1295776367188, [1000.0, 185.0, 276.0, 115.0, 66.0, 127.0, 44.0, 29.0, 21.0, 1000.0, 0.0, 1000.0, 0.0, 1000.0, 895.0, 999.0, 999.0, 999.0, 999.0, 395.0, 590.0, 0.0, 0.0], [-18.703317642211914, -0.3400532901287079, -133.699462890625], [0.3874664306640625, -0.0665740966796875, 0.14825439453125, -0.9074249267578125], [-26.52765655517578, 11.330975532531738, -91.87267303466797], [0.6898651123046875, -0.0897369384765625, 0.2308807373046875, -0.6802215576171875]
914400, 918.1896362304688, [1000.0, 185.0, 273.0, 115.0, 66.0, 127.0, 44.0, 29.0, 21.0, 1000.0, 0.0, 1000.0, 0.0, 1000.0, 894.0, 999.0, 999.0, 999.0, 999.0, 395.0, 590.0, 0.0, 0.0], [-18.61067008972168, -0.27577418088912964, -133.55926513671875], [0.3887176513671875, -0.0659332275390625, 0.1476593017578125, -0.90704345703125], [-26.438997268676758, 11.24402141571045, -91.79959869384766], [0.6902923583984375, -0.0898895263671875, 0.22979736328125, -0.6801300048828125]
914450, 918.239501953125, [1000.0, 185.0, 273.0, 115.0, 66.0, 126.0, 44.0, 29.0, 21.0, 1000.0, 0.0, 1000.0, 0.0, 1000.0, 894.0, 999.0, 999.0, 999.0, 999.0, 395.0, 590.0, 0.0, 0.0], [-18.550617218017578, -0.4537830054759979, -133.45123291015625], [0.389373779296875, -0.0672760009765625, 0.146514892578125, -0.9068450927734375], [-26.070751190185547, 11.060442924499512, -91.67082977294922], [0.691192626953125, -0.0890655517578125, 0.2264556884765625, -0.680450439453125]
914500, 918.2894287109375, [1000.0, 185.0, 274.0, 115.0, 66.0, 126.0, 43.0, 29.0, 21.0, 1000.0, 0.0, 750.0, 0.0, 1000.0, 898.0, 999.0, 999.0, 999.0, 999.0, 395.0, 590.0, 0.0, 0.0], [-18.49650764465332, -0.6446741819381714, -133.31756591796875], [0.3902130126953125, -0.0687713623046875, 0.145355224609375, -0.90655517578125], [-25.77199363708496, 10.9840087890625, -91.47555541992188], [0.6925201416015625, -0.0881195068359375, 0.224090576171875, -0.6800079345703125]
914560, 918.3494873046875, [1000.0, 185.0, 274.0, 115.0, 66.0, 126.0, 43.0, 29.0, 21.0, 1000.0, 0.0, 750.0, 0.0, 1000.0, 904.0, 999.0, 999.0, 999.0, 999.0, 396.0, 591.0, 0.0, 0.0], [-18.446489334106445, -0.8778398036956787, -132.949462890625], [0.392852783203125, -0.0709075927734375, 0.1439361572265625, -0.905487060546875], [-26.445892333984375, 10.416770935058594, -91.28732299804688], [0.6926116943359375, -0.0960693359375, 0.2246551513671875, -0.67864990234375]
914610, 918.3994750976562, [1000.0, 185.0, 272.0, 115.0, 65.0, 126.0, 43.0, 29.0, 21.0, 1000.0, 0.0, 1000.0, 0.0, 1000.0, 906.0, 999.0, 999.0, 999.0, 999.0, 397.0, 592.0, 0.0, 0.0], [-18.29359245300293, -1.0661429166793823, -132.67880249023438], [0.39483642578125, -0.07220458984375, 0.14190673828125, -0.9048309326171875], [-26.031599044799805, 9.712393760681152, -90.58843231201172], [0.69647216796875, -0.0992431640625, 0.2175140380859375, -0.6765594482421875]
914670, 918.4595336914062, [1000.0, 185.0, 272.0, 114.0, 65.0, 126.0, 43.0, 29.0, 21.0, 1000.0, 0.0, 1000.0, 0.0, 1000.0, 903.0, 999.0, 999.0, 999.0, 999.0, 398.0, 592.0, 0.0, 0.0], [-17.670406341552734, -2.2489864826202393, -131.8062744140625], [0.400604248046875, -0.0803985595703125, 0.13226318359375, -0.903076171875], [-26.32640266418457, 10.756586074829102, -89.83711242675781], [0.7015380859375, -0.096099853515625, 0.2247161865234375, -0.669403076171875]
914720, 918.5095825195312, [1000.0, 186.0, 271.0, 114.0, 65.0, 124.0, 43.0, 29.0, 21.0, 1000.0, 0.0, 1000.0, 0.0, 1000.0, 902.0, 999.0, 999.0, 999.0, 999.0, 398.0, 595.0, 0.0, 0.0], [-16.091323852539062, -3.8343312740325928, -131.32400512695312], [0.403564453125, -0.08782958984375, 0.113800048828125, -0.9035797119140625], [-25.352373123168945, 11.764554023742676, -89.03458404541016], [0.7077484130859375, -0.085540771484375, 0.224334716796875, -0.6643829345703125]
914760, 918.5595092773438, [1000.0, 185.0, 271.0, 117.0, 65.0, 131.0, 44.0, 29.0, 25.0, 1000.0, 0.0, 750.0, 0.0, 1000.0, 932.0, 999.0, 999.0, 999.0, 999.0, 410.0, 605.0, 0.0, 0.0], [-14.50844955444336, -4.000829219818115, -131.32325744628906], [0.4045562744140625, -0.08355712890625, 0.1007080078125, -0.90509033203125], [-24.6373348236084, 13.584328651428223, -88.35621643066406], [0.71331787109375, -0.0714111328125, 0.230499267578125, -0.657958984375]
914770, 918.5693969726562, [1000.0, 184.0, 271.0, 118.0, 66.0, 133.0, 45.0, 29.0, 26.0, 1000.0, 0.0, 750.0, 0.0, 1000.0, 933.0, 999.0, 999.0, 999.0, 999.0, 414.0, 606.0, 0.0, 0.0], [-14.346424102783203, -3.8820412158966064, -131.36264038085938], [0.4044952392578125, -0.0820159912109375, 0.099884033203125, -0.9053497314453125], [-24.68343162536621, 14.108088493347168, -88.2431411743164], [0.7142333984375, -0.068756103515625, 0.233795166015625, -0.656097412109375]
914830, 918.61962890625, [1000.0, 183.0, 275.0, 124.0, 68.0, 147.0, 50.0, 30.0, 28.0, 1000.0, 0.0, 1000.0, 0.0, 1000.0, 933.0, 999.0, 999.0, 999.0, 999.0, 418.0, 620.0, 0.0, 0.0], [-17.8510799407959, -0.823024570941925, -131.4874725341797], [0.404815673828125, -0.0702056884765625, 0.1385345458984375, -0.9011077880859375], [-27.38644027709961, 17.894174575805664, -88.1418228149414], [0.7151641845703125, -0.0629119873046875, 0.271209716796875, -0.6410980224609375]
914880, 918.6693725585938, [1000.0, 183.0, 279.0, 126.0, 69.0, 148.0, 58.0, 30.0, 30.0, 1000.0, 0.0, 1000.0, 0.0, 1000.0, 926.0, 999.0, 999.0, 999.0, 999.0, 414.0, 636.0, 0.0, 0.0], [-20.252214431762695, 3.6786608695983887, -131.76165771484375], [0.4072113037109375, -0.04296875, 0.1732940673828125, -0.8957061767578125], [-28.215818405151367, 21.285112380981445, -88.02491760253906], [0.716766357421875, -0.0478363037109375, 0.295257568359375, -0.6298828125]
914930, 918.7296142578125, [1000.0, 183.0, 283.0, 126.0, 71.0, 147.0, 65.0, 30.0, 31.0, 1000.0, 0.0, 1000.0, 0.0, 1000.0, 926.0, 999.0, 999.0, 999.0, 999.0, 412.0, 647.0, 0.0, 0.0], [-23.267229080200195, 7.304384231567383, -131.97438049316406], [0.4095001220703125, -0.02490234375, 0.2092132568359375, -0.88763427734375], [-30.1125431060791, 24.442237854003906, -88.15890502929688], [0.7162322998046875, -0.0401763916015625, 0.323455810546875, -0.617034912109375]
914990, 918.7794799804688, [1000.0, 187.0, 288.0, 127.0, 73.0, 152.0, 78.0, 30.0, 32.0, 1000.0, 0.0, 1000.0, 0.0, 1000.0, 927.0, 999.0, 999.0, 999.0, 999.0, 412.0, 658.0, 0.0, 0.0], [-27.29143524169922, 10.825111389160156, -132.37913513183594], [0.410919189453125, -0.010955810546875, 0.2518768310546875, -0.8760986328125], [-32.59941101074219, 27.50019645690918, -88.6927490234375], [0.7133331298828125, -0.035491943359375, 0.35369873046875, -0.6039581298828125]
915040, 918.8395385742188, [1000.0, 188.0, 292.0, 130.0, 76.0, 154.0, 90.0, 31.0, 34.0, 1000.0, 0.0, 750.0, 0.0, 1000.0, 920.0, 999.0, 999.0, 999.0, 999.0, 413.0, 668.0, 0.0, 0.0], [-31.045724868774414, 12.8751859664917, -133.0536651611328], [0.4088897705078125, -0.0068359375, 0.286956787109375, -0.8662567138671875], [-35.82236862182617, 29.284469604492188, -89.94251251220703], [0.7062530517578125, -0.0405120849609375, 0.380462646484375, -0.5956573486328125]
915100, 918.8892822265625, [1000.0, 187.0, 293.0, 131.0, 80.0, 152.0, 101.0, 32.0, 34.0, 1000.0, 0.0, 1000.0, 0.0, 1000.0, 918.0, 999.0, 999.0, 999.0, 999.0, 415.0, 681.0, 0.0, 0.0], [-37.923194885253906, 13.491679191589355, -134.4788055419922], [0.3985443115234375, -0.02239990234375, 0.3405303955078125, -0.8512725830078125], [-42.62354278564453, 30.85285758972168, -93.12513732910156], [0.687652587890625, -0.060943603515625, 0.424774169921875, -0.5856170654296875]
915110, 918.939697265625, [1000.0, 187.0, 292.0, 130.0, 81.0, 151.0, 103.0, 32.0, 34.0, 1000.0, 0.0, 1000.0, 0.0, 1000.0, 917.0, 999.0, 999.0, 999.0, 999.0, 415.0, 683.0, 0.0, 0.0], [-39.36612319946289, 13.423436164855957, -134.7926788330078], [0.395751953125, -0.0269775390625, 0.351104736328125, -0.84814453125], [-44.111915588378906, 31.041358947753906, -93.83380889892578], [0.6833648681640625, -0.066009521484375, 0.43365478515625, -0.583587646484375]
915150, 918.9495239257812, [1000.0, 187.0, 294.0, 129.0, 85.0, 145.0, 109.0, 33.0, 34.0, 1000.0, 0.0, 750.0, 0.0, 1000.0, 920.0, 999.0, 999.0, 999.0, 999.0, 416.0, 685.0, 0.0, 0.0], [-45.61573028564453, 12.608104705810547, -136.1444549560547], [0.3816375732421875, -0.04998779296875, 0.3952178955078125, -0.83404541015625], [-50.23634719848633, 31.239938735961914, -97.1289291381836], [0.662750244140625, -0.0877685546875, 0.4678192138671875, -0.578094482421875]
915200, 918.9996337890625, [1000.0, 188.0, 296.0, 125.0, 93.0, 132.0, 117.0, 34.0, 32.0, 1000.0, 0.0, 750.0, 0.0, 1000.0, 913.0, 999.0, 999.0, 999.0, 999.0, 416.0, 727.0, 0.0, 0.0], [-52.05832290649414, 10.597716331481934, -137.24456787109375], [0.3638763427734375, -0.082000732421875, 0.4371337890625, -0.818389892578125], [-56.42268753051758, 30.680925369262695, -100.61444091796875], [0.63897705078125, -0.1117706298828125, 0.4996795654296875, -0.57403564453125]
915210, 919.0496215820312, [1000.0, 188.0, 298.0, 124.0, 95.0, 130.0, 118.0, 34.0, 32.0, 1000.0, 0.0, 750.0, 0.0, 1000.0, 907.0, 999.0, 999.0, 999.0, 999.0, 416.0, 740.0, 0.0, 0.0], [-53.426265716552734, 10.309693336486816, -137.22186279296875], [0.362060546875, -0.0885467529296875, 0.446136474609375, -0.8136444091796875], [-57.65478515625, 30.560150146484375, -101.22402954101562], [0.6344757080078125, -0.1167144775390625, 0.5059814453125, -0.572509765625]
915260, 919.0595092773438, [1000.0, 188.0, 301.0, 119.0, 111.0, 119.0, 120.0, 33.0, 36.0, 1000.0, 0.0, 750.0, 0.0, 1000.0, 903.0, 999.0, 999.0, 999.0, 999.0, 412.0, 780.0, 0.0, 0.0], [-56.530879974365234, 9.829468727111816, -137.01251220703125], [0.3592681884765625, -0.1026611328125, 0.466644287109375, -0.8016204833984375], [-59.580787658691406, 29.465656280517578, -103.07142639160156], [0.621002197265625, -0.126068115234375, 0.5135040283203125, -0.578582763671875]
915310, 919.1096801757812, [1000.0, 190.0, 322.0, 128.0, 145.0, 111.0, 121.0, 30.0, 40.0, 1000.0, 0.0, 750.0, 0.0, 1000.0, 910.0, 999.0, 999.0, 999.0, 999.0, 406.0, 805.0, 0.0, 0.0], [-58.82975769042969, 9.418164253234863, -136.65846252441406], [0.3580474853515625, -0.114288330078125, 0.4812774658203125, -0.7918853759765625], [-62.12274932861328, 28.556150436401367, -104.2239990234375], [0.6102294921875, -0.1403350830078125, 0.52435302734375, -0.5770111083984375]
915330, 919.1594848632812, [1000.0, 190.0, 341.0, 141.0, 169.0, 108.0, 123.0, 30.0, 41.0, 1000.0, 0.0, 750.0, 0.0, 1000.0, 911.0, 999.0, 999.0, 999.0, 999.0, 402.0, 811.0, 0.0, 0.0], [-59.92717361450195, 9.318864822387695, -136.50375366210938], [0.3576202392578125, -0.11907958984375, 0.488433837890625, -0.7869720458984375], [-63.237911224365234, 28.159324645996094, -104.58312225341797], [0.6060943603515625, -0.1471405029296875, 0.5290069580078125, -0.575439453125]
915370, 919.1694946289062, [1000.0, 189.0, 396.0, 142.0, 283.0, 103.0, 143.0, 27.0, 38.0, 1000.0, 0.0, 750.0, 0.0, 1000.0, 903.0, 999.0, 999.0, 999.0, 999.0, 395.0, 824.0, 0.0, 0.0], [-61.91631317138672, 9.7888822555542, -136.76441955566406], [0.3555755615234375, -0.1208038330078125, 0.5034332275390625, -0.77813720703125], [-65.00090789794922, 27.47359848022461, -105.01358795166016], [0.599884033203125, -0.158782958984375, 0.5360107421875, -0.572357177734375]
915420, 919.2195434570312, [1000.0, 187.0, 566.0, 137.0, 564.0, 101.0, 262.0, 25.0, 35.0, 1000.0, 0.0, 1000.0, 0.0, 1000.0, 907.0, 999.0, 999.0, 999.0, 999.0, 386.0, 819.0, 0.0, 0.0], [-62.829872131347656, 10.471392631530762, -138.50027465820312], [0.3455657958984375, -0.1110687255859375, 0.512969970703125, -0.777862548828125], [-66.7038345336914, 26.594175338745117, -105.63452911376953], [0.5920257568359375, -0.1702880859375, 0.5423736572265625, -0.57122802734375]
915470, 919.26953125, [1000.0, 187.0, 788.0, 132.0, 780.0, 101.0, 545.0, 23.0, 30.0, 1000.0, 0.0, 750.0, 0.0, 1000.0, 889.0, 999.0, 999.0, 999.0, 999.0, 377.0, 811.0, 0.0, 0.0], [-64.24358367919922, 10.987679481506348, -140.30007934570312], [0.334136962890625, -0.10345458984375, 0.525360107421875, -0.7756500244140625], [-67.88871002197266, 26.183834075927734, -105.98194122314453], [0.587371826171875, -0.1773223876953125, 0.5474090576171875, -0.569091796875]
915530, 919.32958984375, [1000.0, 184.0, 886.0, 130.0, 891.0, 99.0, 841.0, 22.0, 37.0, 1000.0, 0.0, 750.0, 0.0, 1000.0, 865.0, 999.0, 376.0, 999.0, 999.0, 364.0, 806.0, 0.0, 0.0], [-63.27277374267578, 12.007424354553223, -141.04531860351562], [0.33404541015625, -0.0899810791015625, 0.521484375, -0.77996826171875], [-67.23490142822266, 25.64043617248535, -105.5262680053711], [0.589141845703125, -0.1795501708984375, 0.541595458984375, -0.572113037109375]
915580, 919.3797607421875, [1000.0, 185.0, 893.0, 130.0, 905.0, 101.0, 887.0, 22.0, 59.0, 1000.0, 0.0, 750.0, 0.0, 1000.0, 838.0, 999.0, 228.0, 999.0, 999.0, 353.0, 807.0, 0.0, 0.0], [-62.07037353515625, 13.35158920288086, -140.71372985839844], [0.342529296875, -0.0783233642578125, 0.5157470703125, -0.7813568115234375], [-66.29578399658203, 25.93061065673828, -104.73249816894531], [0.5953521728515625, -0.176605224609375, 0.53668212890625, -0.57122802734375]
915640, 919.4395141601562, [1000.0, 185.0, 901.0, 129.0, 912.0, 102.0, 905.0, 22.0, 150.0, 1000.0, 0.0, 1000.0, 0.0, 1000.0, 893.0, 999.0, 189.0, 999.0, 999.0, 344.0, 808.0, 0.0, 21.0], [-62.51290512084961, 15.394625663757324, -140.68313598632812], [0.350433349609375, -0.065155029296875, 0.522735595703125, -0.774383544921875], [-66.77691650390625, 27.695253372192383, -104.6108169555664], [0.59991455078125, -0.1685791015625, 0.54498291015625, -0.560943603515625]
915690, 919.48974609375, [1000.0, 185.0, 903.0, 129.0, 911.0, 103.0, 908.0, 22.0, 239.0, 1000.0, 0.0, 750.0, 0.0, 1000.0, 901.0, 999.0, 174.0, 999.0, 999.0, 339.0, 810.0, 0.0, 38.0], [-63.392730712890625, 17.566478729248047, -140.38038635253906], [0.360443115234375, -0.053741455078125, 0.5325469970703125, -0.7639007568359375], [-67.31266784667969, 30.075576782226562, -104.70924377441406], [0.604827880859375, -0.1558990478515625, 0.555694580078125, -0.548675537109375]
915740, 919.5394897460938, [1000.0, 184.0, 898.0, 130.0, 907.0, 106.0, 906.0, 22.0, 301.0, 1000.0, 0.0, 1000.0, 0.0, 1000.0, 917.0, 999.0, 180.0, 999.0, 999.0, 335.0, 810.0, 0.0, 54.0], [-63.977622985839844, 19.407785415649414, -139.71868896484375], [0.3716888427734375, -0.0455780029296875, 0.539459228515625, -0.7541351318359375], [-67.52256774902344, 32.58143997192383, -104.8917465209961], [0.609954833984375, -0.1402435302734375, 0.5650177001953125, -0.53759765625]
915800, 919.5995483398438, [1000.0, 184.0, 893.0, 130.0, 896.0, 109.0, 895.0, 23.0, 349.0, 1000.0, 0.0, 750.0, 0.0, 1000.0, 995.0, 999.0, 190.0, 999.0, 999.0, 331.0, 810.0, 0.0, 64.0], [-63.245635986328125, 20.56388282775879, -138.34347534179688], [0.3853759765625, -0.0413818359375, 0.536224365234375, -0.7498016357421875], [-66.7471694946289, 35.46696090698242, -104.65164947509766], [0.618743896484375, -0.118896484375, 0.570159912109375, -0.52716064453125]
915850, 919.6495361328125, [1000.0, 183.0, 888.0, 131.0, 887.0, 113.0, 889.0, 24.0, 367.0, 1000.0, 0.0, 1000.0, 0.0, 1000.0, 999.0, 999.0, 205.0, 999.0, 999.0, 328.0, 809.0, 0.0, 74.0], [-63.19279861450195, 21.83376121520996, -137.60317993164062], [0.394927978515625, -0.0356292724609375, 0.5379638671875, -0.743865966796875], [-66.58832550048828, 37.45124816894531, -104.42274475097656], [0.62432861328125, -0.1064910888671875, 0.5752716064453125, -0.517608642578125]
915910, 919.7095336914062, [1000.0, 182.0, 888.0, 130.0, 883.0, 116.0, 883.0, 24.0, 381.0, 1000.0, 0.0, 1000.0, 0.0, 1000.0, 999.0, 999.0, 224.0, 999.0, 999.0, 324.0, 809.0, 0.0, 82.0], [-62.87766647338867, 22.208763122558594, -136.35679626464844], [0.4044647216796875, -0.0377044677734375, 0.536224365234375, -0.7398834228515625], [-66.27850341796875, 39.18787384033203, -103.93142700195312], [0.63043212890625, -0.0961456298828125, 0.5786590576171875, -0.5083770751953125]
915960, 919.759521484375, [1000.0, 181.0, 887.0, 131.0, 877.0, 119.0, 879.0, 25.0, 391.0, 1000.0, 0.0, 1000.0, 0.0, 1000.0, 999.0, 999.0, 236.0, 999.0, 999.0, 322.0, 808.0, 0.0, 90.0], [-62.93903732299805, 22.17569923400879, -135.75244140625], [0.4082183837890625, -0.040985107421875, 0.536346435546875, -0.737548828125], [-65.8841552734375, 39.99420166015625, -103.52888488769531], [0.6341400146484375, -0.0908355712890625, 0.5789947509765625, -0.5043487548828125]
916010, 919.8095703125, [1000.0, 181.0, 887.0, 130.0, 875.0, 121.0, 877.0, 25.0, 395.0, 1000.0, 0.0, 750.0, 0.0, 1000.0, 999.0, 999.0, 235.0, 999.0, 999.0, 320.0, 808.0, 0.0, 95.0], [-62.95153045654297, 21.877338409423828, -135.3695831298828], [0.40960693359375, -0.0449371337890625, 0.53570556640625, -0.737030029296875], [-65.6198501586914, 40.78794479370117, -103.39714050292969], [0.636444091796875, -0.0849456787109375, 0.5800933837890625, -0.501190185546875]
916070, 919.8695068359375, [1000.0, 181.0, 887.0, 130.0, 872.0, 124.0, 874.0, 26.0, 423.0, 1000.0, 0.0, 1000.0, 0.0, 1000.0, 999.0, 999.0, 250.0, 999.0, 999.0, 317.0, 807.0, 0.0, 102.0], [-61.53140640258789, 21.746185302734375, -134.28062438964844], [0.416717529296875, -0.0457916259765625, 0.525848388671875, -0.7400665283203125], [-64.41094207763672, 41.52556228637695, -102.84980773925781], [0.6410369873046875, -0.07623291015625, 0.576629638671875, -0.500732421875]
916120, 919.9193725585938, [1000.0, 181.0, 885.0, 130.0, 869.0, 126.0, 873.0, 26.0, 454.0, 1000.0, 0.0, 750.0, 0.0, 1000.0, 999.0, 999.0, 260.0, 999.0, 999.0, 316.0, 806.0, 0.0, 105.0], [-61.2406005859375, 22.274141311645508, -133.98841857910156], [0.4205474853515625, -0.0423126220703125, 0.52496337890625, -0.738739013671875], [-63.05086135864258, 41.61253356933594, -102.161376953125], [0.64508056640625, -0.0714874267578125, 0.57049560546875, -0.503265380859375]
916170, 919.9695434570312, [1000.0, 181.0, 881.0, 119.0, 867.0, 128.0, 873.0, 26.0, 471.0, 1000.0, 0.0, 1000.0, 0.0, 1000.0, 999.0, 999.0, 264.0, 999.0, 999.0, 314.0, 805.0, 0.0, 107.0], [-61.41647720336914, 23.038511276245117, -133.8490753173828], [0.42401123046875, -0.0381622314453125, 0.5276336669921875, -0.735076904296875], [-64.05424499511719, 41.276611328125, -103.01148986816406], [0.6401214599609375, -0.0750274658203125, 0.5744171142578125, -0.504608154296875]
916230, 920.029541015625, [1000.0, 181.0, 879.0, 113.0, 866.0, 129.0, 872.0, 27.0, 481.0, 1000.0, 0.0, 750.0, 0.0, 1000.0, 999.0, 999.0, 268.0, 999.0, 999.0, 313.0, 804.0, 0.0, 107.0], [-61.412052154541016, 22.93153190612793, -133.8251495361328], [0.423797607421875, -0.0390167236328125, 0.527374267578125, -0.7353363037109375], [-63.949005126953125, 41.74858474731445, -103.00650024414062], [0.6410369873046875, -0.0714263916015625, 0.57537841796875, -0.50286865234375]
916280, 920.07958984375, [1000.0, 181.0, 878.0, 111.0, 864.0, 130.0, 870.0, 27.0, 486.0, 1000.0, 0.0, 750.0, 0.0, 1000.0, 999.0, 999.0, 268.0, 999.0, 999.0, 312.0, 803.0, 0.0, 108.0], [-61.64871597290039, 23.172998428344727, -133.64651489257812], [0.425689697265625, -0.03900146484375, 0.529327392578125, -0.7328338623046875], [-64.12508392333984, 41.154205322265625, -103.03437805175781], [0.6397552490234375, -0.0760955810546875, 0.574371337890625, -0.5049591064453125]
916340, 920.1395263671875, [1000.0, 181.0, 877.0, 109.0, 862.0, 130.0, 869.0, 27.0, 491.0, 1000.0, 0.0, 750.0, 0.0, 1000.0, 999.0, 999.0, 270.0, 999.0, 999.0, 311.0, 803.0, 0.0, 109.0], [-61.11655044555664, 23.03390121459961, -133.34808349609375], [0.42730712890625, -0.0393829345703125, 0.5255279541015625, -0.7346038818359375], [-62.36058044433594, 38.74574661254883, -102.00261688232422], [0.6413726806640625, -0.0868072509765625, 0.55816650390625, -0.5191650390625]
916390, 920.1895141601562, [1000.0, 180.0, 876.0, 108.0, 860.0, 131.0, 866.0, 27.0, 489.0, 1000.0, 0.0, 750.0, 0.0, 1000.0, 999.0, 999.0, 293.0, 999.0, 999.0, 310.0, 802.0, 0.0, 109.0], [-59.62103271484375, 21.076990127563477, -132.77268981933594], [0.4250030517578125, -0.0503692626953125, 0.511383056640625, -0.74517822265625], [-61.66388702392578, 36.596046447753906, -101.70507049560547], [0.63946533203125, -0.0981292724609375, 0.5475616455078125, -0.5306549072265625]
916440, 920.2395629882812, [1000.0, 182.0, 875.0, 108.0, 858.0, 132.0, 863.0, 28.0, 485.0, 1000.0, 0.0, 750.0, 0.0, 1000.0, 999.0, 999.0, 302.0, 999.0, 999.0, 309.0, 802.0, 0.0, 111.0], [-58.48491668701172, 19.771299362182617, -132.43814086914062], [0.423370361328125, -0.056976318359375, 0.50079345703125, -0.7527923583984375], [-61.36471939086914, 36.54707717895508, -101.7183837890625], [0.6395721435546875, -0.096710205078125, 0.5460205078125, -0.532379150390625]
916500, 920.299560546875, [1000.0, 180.0, 873.0, 107.0, 855.0, 133.0, 860.0, 28.0, 481.0, 1000.0, 0.0, 1000.0, 0.0, 1000.0, 999.0, 999.0, 316.0, 999.0, 999.0, 308.0, 801.0, 0.0, 111.0], [-58.18821334838867, 19.84096908569336, -132.46768188476562], [0.423553466796875, -0.0552520751953125, 0.4990234375, -0.753997802734375], [-61.081424713134766, 36.756996154785156, -101.76358032226562], [0.6399688720703125, -0.09356689453125, 0.5454559326171875, -0.5330352783203125]
916550, 920.3495483398438, [1000.0, 180.0, 872.0, 107.0, 853.0, 133.0, 858.0, 29.0, 479.0, 1000.0, 0.0, 1000.0, 0.0, 1000.0, 999.0, 999.0, 311.0, 999.0, 999.0, 307.0, 801.0, 0.0, 113.0], [-58.35358428955078, 19.815021514892578, -132.49986267089844], [0.4231719970703125, -0.055908203125, 0.50006103515625, -0.7534637451171875], [-61.62080383300781, 36.8299446105957, -102.21862030029297], [0.637542724609375, -0.09393310546875, 0.548583984375, -0.5326690673828125]
916610, 920.4095458984375, [1000.0, 180.0, 871.0, 107.0, 851.0, 134.0, 856.0, 29.0, 475.0, 1000.0, 0.0, 750.0, 0.0, 1000.0, 999.0, 999.0, 311.0, 999.0, 999.0, 306.0, 801.0, 0.0, 115.0], [-58.60897445678711, 19.940303802490234, -132.65316772460938], [0.422454833984375, -0.0552825927734375, 0.502105712890625, -0.7525482177734375], [-61.89230728149414, 37.08147048950195, -102.63197326660156], [0.6358642578125, -0.0918426513671875, 0.551025390625, -0.53253173828125]
916660, 920.4595336914062, [1000.0, 180.0, 870.0, 106.0, 849.0, 134.0, 854.0, 29.0, 473.0, 1000.0, 0.0, 1000.0, 0.0, 1000.0, 999.0, 999.0, 327.0, 999.0, 999.0, 305.0, 801.0, 0.0, 117.0], [-59.61948776245117, 19.929039001464844, -132.91201782226562], [0.42022705078125, -0.0579376220703125, 0.5088348388671875, -0.74908447265625], [-63.097042083740234, 37.27198791503906, -103.39301300048828], [0.6317138671875, -0.093597412109375, 0.5578460693359375, -0.5300445556640625]
916710, 920.5094604492188, [1000.0, 180.0, 869.0, 106.0, 848.0, 135.0, 853.0, 30.0, 472.0, 1000.0, 0.0, 1000.0, 0.0, 1000.0, 999.0, 999.0, 333.0, 999.0, 999.0, 305.0, 801.0, 0.0, 117.0], [-60.28754806518555, 20.013296127319336, -133.05567932128906], [0.4192352294921875, -0.05914306640625, 0.513458251953125, -0.7463836669921875], [-63.160282135009766, 37.19718551635742, -103.40364074707031], [0.6314697265625, -0.0943756103515625, 0.5579071044921875, -0.5301361083984375]
916770, 920.5695190429688, [1000.0, 179.0, 866.0, 106.0, 846.0, 135.0, 848.0, 30.0, 467.0, 1000.0, 0.0, 1000.0, 0.0, 1000.0, 999.0, 999.0, 337.0, 999.0, 999.0, 304.0, 801.0, 0.0, 116.0], [-60.28321075439453, 20.20561408996582, -132.95086669921875], [0.4205780029296875, -0.0582275390625, 0.5138092041015625, -0.745452880859375], [-62.27290725708008, 37.39521408081055, -103.0461654663086], [0.63421630859375, -0.089935302734375, 0.5541534423828125, -0.5315704345703125]
916820, 920.61962890625, [1000.0, 179.0, 865.0, 106.0, 844.0, 135.0, 845.0, 30.0, 463.0, 1000.0, 0.0, 1000.0, 0.0, 1000.0, 999.0, 999.0, 341.0, 999.0, 999.0, 303.0, 801.0, 0.0, 115.0], [-60.03533172607422, 20.1684513092041, -132.6903839111328], [0.422271728515625, -0.058746337890625, 0.5119781494140625, -0.7457122802734375], [-62.50642395019531, 36.649593353271484, -103.17898559570312], [0.6320037841796875, -0.0953826904296875, 0.5529022216796875, -0.5345458984375]
916880, 920.6798095703125, [1000.0, 179.0, 864.0, 105.0, 842.0, 135.0, 843.0, 30.0, 458.0, 1000.0, 0.0, 1000.0, 0.0, 1000.0, 999.0, 999.0, 341.0, 999.0, 999.0, 302.0, 800.0, 0.0, 113.0], [-59.471473693847656, 19.711145401000977, -132.34786987304688], [0.423248291015625, -0.0614471435546875, 0.5070648193359375, -0.748291015625], [-62.444366455078125, 36.58210754394531, -103.18856048583984], [0.6318817138671875, -0.095428466796875, 0.552398681640625, -0.5352020263671875]
916930, 920.7296752929688, [1000.0, 178.0, 863.0, 105.0, 841.0, 134.0, 841.0, 30.0, 456.0, 1000.0, 0.0, 1000.0, 0.0, 1000.0, 999.0, 999.0, 341.0, 999.0, 999.0, 301.0, 798.0, 0.0, 112.0], [-59.29444885253906, 19.324392318725586, -132.16757202148438], [0.4232177734375, -0.0643463134765625, 0.5048980712890625, -0.7495269775390625], [-62.205509185791016, 36.59611511230469, -103.07996368408203], [0.6326141357421875, -0.09454345703125, 0.551239013671875, -0.5356903076171875]
