1410670, 1416.6292724609375, [1000.0, 116.0, 526.0, 87.0, 208.0, 120.0, 166.0, 56.0, 78.0, 1000.0, 0.0, 750.0, 0.0, 666.0, 958.0, 999.0, 999.0, 999.0, 999.0, 576.0, 642.0, 0.0, 0.0], [-19.77275276184082, -0.5110400915145874, -42.11326217651367], [0.9190673828125, -0.16180419921875, 0.057586669921875, -0.3546600341796875], [-33.474876403808594, 21.61956787109375, -154.85594177246094], [0.2574615478515625, 0.1137237548828125, 0.315185546875, -0.9063262939453125]
1410720, 1416.6793212890625, [1000.0, 116.0, 527.0, 87.0, 208.0, 120.0, 166.0, 57.0, 78.0, 1000.0, 0.0, 750.0, 0.0, 666.0, 938.0, 999.0, 999.0, 999.0, 999.0, 575.0, 643.0, 0.0, 0.0], [-19.75487518310547, -0.5394692420959473, -42.03295135498047], [0.9193267822265625, -0.1617889404296875, 0.05718994140625, -0.35406494140625], [-32.89778518676758, 21.36641502380371, -154.65858459472656], [0.2579345703125, 0.1124267578125, 0.3104705810546875, -0.9079742431640625]
1410770, 1416.7293701171875, [1000.0, 115.0, 526.0, 87.0, 208.0, 120.0, 166.0, 57.0, 77.0, 1000.0, 0.0, 750.0, 0.0, 1000.0, 940.0, 999.0, 999.0, 999.0, 999.0, 575.0, 642.0, 0.0, 0.0], [-19.666757583618164, -0.5991947650909424, -41.99256896972656], [0.9195404052734375, -0.161285400390625, 0.0563812255859375, -0.3538665771484375], [-33.0960693359375, 21.54558753967285, -154.7310791015625], [0.2579193115234375, 0.1136322021484375, 0.3122100830078125, -0.9072265625]
1410830, 1416.7894287109375, [1000.0, 115.0, 526.0, 87.0, 207.0, 119.0, 165.0, 56.0, 77.0, 1000.0, 0.0, 750.0, 0.0, 666.0, 941.0, 999.0, 999.0, 999.0, 999.0, 575.0, 642.0, 0.0, 0.0], [-19.535388946533203, -0.6049968004226685, -41.933929443359375], [0.9199066162109375, -0.1602783203125, 0.05584716796875, -0.3534698486328125], [-32.83830261230469, 21.620147705078125, -154.63690185546875], [0.2585601806640625, 0.11456298828125, 0.31036376953125, -0.907562255859375]
1410880, 1416.8394775390625, [1000.0, 115.0, 524.0, 87.0, 206.0, 119.0, 164.0, 56.0, 76.0, 1000.0, 0.0, 750.0, 0.0, 666.0, 952.0, 999.0, 999.0, 999.0, 999.0, 574.0, 642.0, 0.0, 0.0], [-19.515295028686523, -0.6620835661888123, -41.86957550048828], [0.92010498046875, -0.1603240966796875, 0.05523681640625, -0.3530426025390625], [-32.88605499267578, 21.59969711303711, -154.6532745361328], [0.2584381103515625, 0.1143341064453125, 0.310699462890625, -0.9075164794921875]
1410900, 1416.8896484375, [1000.0, 115.0, 524.0, 87.0, 206.0, 119.0, 164.0, 56.0, 76.0, 1000.0, 0.0, 750.0, 0.0, 666.0, 950.0, 999.0, 999.0, 999.0, 999.0, 574.0, 642.0, 0.0, 0.0], [-19.536060333251953, -0.6732193827629089, -41.844093322753906], [0.9201507568359375, -0.1605377197265625, 0.05517578125, -0.35284423828125], [-32.986328125, 21.60395622253418, -154.6901092529297], [0.2582550048828125, 0.1142425537109375, 0.31146240234375, -0.907318115234375]
1410930, 1416.8992919921875, [1000.0, 115.0, 524.0, 87.0, 205.0, 119.0, 164.0, 56.0, 76.0, 1000.0, 0.0, 750.0, 0.0, 666.0, 949.0, 999.0, 999.0, 999.0, 999.0, 574.0, 642.0, 0.0, 0.0], [-19.559120178222656, -0.6761568188667297, -41.79987335205078], [0.9202423095703125, -0.1607513427734375, 0.0551605224609375, -0.35247802734375], [-33.0924186706543, 21.531335830688477, -154.73104858398438], [0.2578887939453125, 0.113525390625, 0.312164306640625, -0.9072723388671875]
1410990, 1416.949462890625, [1000.0, 115.0, 524.0, 87.0, 205.0, 119.0, 163.0, 56.0, 75.0, 1000.0, 0.0, 750.0, 0.0, 666.0, 962.0, 999.0, 999.0, 999.0, 999.0, 574.0, 642.0, 0.0, 0.0], [-19.493223190307617, -0.6109912395477295, -41.712127685546875], [0.9206390380859375, -0.160064697265625, 0.05535888671875, -0.351715087890625], [-33.02165985107422, 21.319229125976562, -154.70591735839844], [0.2575836181640625, 0.1118927001953125, 0.31134033203125, -0.9078369140625]
1411040, 1417.009765625, [1000.0, 115.0, 524.0, 87.0, 205.0, 118.0, 163.0, 56.0, 75.0, 1000.0, 0.0, 750.0, 0.0, 666.0, 962.0, 999.0, 999.0, 999.0, 999.0, 573.0, 641.0, 0.0, 0.0], [-19.485275268554688, -0.6892228126525879, -41.63352584838867], [0.9208526611328125, -0.1602783203125, 0.054595947265625, -0.3511962890625], [-33.212127685546875, 21.354785919189453, -154.784912109375], [0.2572174072265625, 0.111968994140625, 0.3128204345703125, -0.9074249267578125]
1411100, 1417.0594482421875, [1000.0, 115.0, 524.0, 87.0, 204.0, 118.0, 162.0, 56.0, 75.0, 1000.0, 0.0, 750.0, 0.0, 666.0, 964.0, 999.0, 999.0, 999.0, 999.0, 573.0, 641.0, 0.0, 0.0], [-19.477584838867188, -0.5710175037384033, -41.54877853393555], [0.9211883544921875, -0.1598968505859375, 0.0554046630859375, -0.3503570556640625], [-33.337467193603516, 21.3763484954834, -154.8178253173828], [0.2571258544921875, 0.1119537353515625, 0.313812255859375, -0.9071197509765625]
1411150, 1417.109375, [1000.0, 115.0, 524.0, 87.0, 203.0, 118.0, 162.0, 56.0, 75.0, 1000.0, 0.0, 750.0, 0.0, 666.0, 962.0, 999.0, 999.0, 999.0, 999.0, 573.0, 641.0, 0.0, 0.0], [-19.521642684936523, -0.5308592319488525, -41.461421966552734], [0.921417236328125, -0.1601715087890625, 0.0557403564453125, -0.349578857421875], [-33.3107795715332, 21.3673095703125, -154.8062286376953], [0.257171630859375, 0.111907958984375, 0.3135986328125, -0.9071807861328125]
1411200, 1417.1695556640625, [1000.0, 115.0, 524.0, 87.0, 203.0, 118.0, 161.0, 56.0, 74.0, 1000.0, 0.0, 750.0, 0.0, 1000.0, 958.0, 999.0, 999.0, 999.0, 999.0, 573.0, 641.0, 0.0, 0.0], [-19.53352165222168, -0.565132737159729, -41.37074661254883], [0.921661376953125, -0.1604156494140625, 0.0553741455078125, -0.3488922119140625], [-32.926300048828125, 21.445417404174805, -154.67074584960938], [0.258026123046875, 0.113037109375, 0.310791015625, -0.9077606201171875]
1411260, 1417.2193603515625, [1000.0, 115.0, 524.0, 86.0, 202.0, 118.0, 161.0, 56.0, 73.0, 1000.0, 0.0, 750.0, 0.0, 666.0, 961.0, 999.0, 999.0, 999.0, 999.0, 573.0, 641.0, 0.0, 0.0], [-19.45676040649414, -0.6465249061584473, -41.19892120361328], [0.9222412109375, -0.160125732421875, 0.0542449951171875, -0.34765625], [-32.40120315551758, 21.240375518798828, -154.4190216064453], [0.25909423828125, 0.11187744140625, 0.3065948486328125, -0.909027099609375]
1411310, 1417.279296875, [1000.0, 115.0, 523.0, 86.0, 202.0, 117.0, 160.0, 56.0, 73.0, 1000.0, 0.0, 750.0, 0.0, 666.0, 968.0, 999.0, 999.0, 999.0, 999.0, 574.0, 640.0, 0.0, 0.0], [-19.284929275512695, -0.7914294600486755, -40.83293151855469], [0.9235076904296875, -0.1593475341796875, 0.0520477294921875, -0.3449859619140625], [-31.22919464111328, 20.935888290405273, -153.815185546875], [0.2621612548828125, 0.1104736328125, 0.2974395751953125, -0.9113616943359375]
1411370, 1417.3294677734375, [1000.0, 115.0, 522.0, 86.0, 201.0, 116.0, 159.0, 55.0, 72.0, 1000.0, 0.0, 750.0, 0.0, 666.0, 970.0, 999.0, 999.0, 999.0, 999.0, 574.0, 642.0, 0.0, 0.0], [-19.1780948638916, -1.1849992275238037, -40.30995178222656], [0.92498779296875, -0.159881591796875, 0.047821044921875, -0.341339111328125], [-31.751483917236328, 20.321096420288086, -153.3990936279297], [0.2647705078125, 0.103179931640625, 0.3010711669921875, -0.9102630615234375]
1411380, 1417.3797607421875, [1000.0, 115.0, 521.0, 86.0, 201.0, 115.0, 159.0, 55.0, 72.0, 1000.0, 0.0, 750.0, 0.0, 666.0, 970.0, 999.0, 999.0, 999.0, 999.0, 574.0, 642.0, 0.0, 0.0], [-19.182016372680664, -1.3833119869232178, -40.2147331237793], [0.9251556396484375, -0.1605377197265625, 0.0460968017578125, -0.3408355712890625], [-31.873519897460938, 20.281370162963867, -153.32217407226562], [0.265411376953125, 0.1023712158203125, 0.3020477294921875, -0.9098358154296875]
1411420, 1417.389404296875, [1000.0, 114.0, 521.0, 86.0, 201.0, 113.0, 158.0, 54.0, 71.0, 1000.0, 0.0, 750.0, 0.0, 666.0, 977.0, 999.0, 999.0, 999.0, 999.0, 574.0, 642.0, 0.0, 0.0], [-18.849184036254883, -2.4729082584381104, -39.65761184692383], [0.9265899658203125, -0.161224365234375, 0.0355072021484375, -0.3378753662109375], [-31.39522361755371, 20.2531681060791, -152.62774658203125], [0.27044677734375, 0.1014404296875, 0.298828125, -0.9095306396484375]
1411470, 1417.439453125, [1000.0, 113.0, 517.0, 85.0, 199.0, 111.0, 157.0, 53.0, 70.0, 1000.0, 0.0, 750.0, 0.0, 1000.0, 983.0, 999.0, 999.0, 999.0, 999.0, 572.0, 641.0, 0.0, 0.0], [-17.237184524536133, -5.110738754272461, -38.50823211669922], [0.930267333984375, -0.1558685302734375, 0.00775146484375, -0.3320159912109375], [-29.90754508972168, 21.76076316833496, -152.10281372070312], [0.275970458984375, 0.11590576171875, 0.289886474609375, -0.9090423583984375]
1411510, 1417.489501953125, [1000.0, 113.0, 508.0, 88.0, 198.0, 115.0, 157.0, 53.0, 78.0, 1000.0, 0.0, 750.0, 0.0, 666.0, 999.0, 999.0, 999.0, 999.0, 999.0, 565.0, 640.0, 0.0, 0.0], [-16.256629943847656, -3.6520702838897705, -38.29741287231445], [0.9332122802734375, -0.1438446044921875, 0.0165557861328125, -0.3288116455078125], [-30.217317581176758, 24.05583953857422, -152.34100341796875], [0.2784423828125, 0.1344146728515625, 0.295623779296875, -0.90386962890625]
1411530, 1417.4993896484375, [1000.0, 112.0, 506.0, 88.0, 199.0, 116.0, 158.0, 54.0, 80.0, 1000.0, 0.0, 750.0, 0.0, 1000.0, 999.0, 999.0, 999.0, 999.0, 999.0, 561.0, 639.0, 0.0, 0.0], [-16.35352325439453, -3.1712262630462646, -38.43605041503906], [0.933013916015625, -0.1432647705078125, 0.02093505859375, -0.32940673828125], [-30.42521095275879, 25.32354164123535, -152.52679443359375], [0.2794342041015625, 0.1446685791015625, 0.298919677734375, -0.9008941650390625]
1411580, 1417.5498046875, [1000.0, 112.0, 520.0, 94.0, 203.0, 126.0, 185.0, 83.0, 85.0, 1000.0, 0.0, 750.0, 0.0, 666.0, 978.0, 999.0, 999.0, 999.0, 999.0, 537.0, 640.0, 0.0, 0.0], [-18.812423706054688, 2.2184863090515137, -40.158390045166016], [0.927490234375, -0.14691162109375, 0.07403564453125, -0.335662841796875], [-32.867191314697266, 28.677330017089844, -153.2528076171875], [0.2830963134765625, 0.167694091796875, 0.32159423828125, -0.887847900390625]
1411590, 1417.5994873046875, [1000.0, 112.0, 524.0, 95.0, 203.0, 127.0, 185.0, 83.0, 85.0, 1000.0, 0.0, 750.0, 0.0, 666.0, 973.0, 999.0, 999.0, 999.0, 999.0, 535.0, 641.0, 0.0, 0.0], [-19.641952514648438, 3.426117420196533, -40.39065170288086], [0.9261016845703125, -0.14984130859375, 0.0865020751953125, -0.3352203369140625], [-33.115325927734375, 29.392595291137695, -153.36692810058594], [0.283905029296875, 0.1731414794921875, 0.324249267578125, -0.8855743408203125]
1411640, 1417.609375, [1000.0, 112.0, 566.0, 95.0, 204.0, 124.0, 181.0, 61.0, 88.0, 1000.0, 0.0, 750.0, 0.0, 666.0, 959.0, 999.0, 999.0, 999.0, 999.0, 520.0, 648.0, 0.0, 0.0], [-21.806903839111328, 10.87320327758789, -41.896446228027344], [0.9193115234375, -0.1425933837890625, 0.154205322265625, -0.3327484130859375], [-33.383056640625, 32.38979721069336, -153.66525268554688], [0.28753662109375, 0.197296142578125, 0.3294219970703125, -0.877410888671875]
1411690, 1417.6595458984375, [1000.0, 112.0, 574.0, 97.0, 217.0, 130.0, 280.0, 149.0, 90.0, 1000.0, 0.0, 750.0, 0.0, 666.0, 967.0, 999.0, 999.0, 999.0, 999.0, 505.0, 650.0, 0.0, 0.0], [-27.554922103881836, 16.480087280273438, -43.525718688964844], [0.90533447265625, -0.1672821044921875, 0.2166595458984375, -0.324676513671875], [-37.76765441894531, 34.98649978637695, -155.96636962890625], [0.2830352783203125, 0.2139129638671875, 0.3611297607421875, -0.8623809814453125]
1411740, 1417.7098388671875, [1000.0, 112.0, 565.0, 97.0, 268.0, 133.0, 315.0, 147.0, 91.0, 1000.0, 0.0, 750.0, 0.0, 666.0, 959.0, 999.0, 999.0, 999.0, 999.0, 488.0, 653.0, 0.0, 0.0], [-35.34565353393555, 18.36617660522461, -44.69047164916992], [0.8883819580078125, -0.2193756103515625, 0.25457763671875, -0.3127899169921875], [-44.36438751220703, 36.76609802246094, -159.44618225097656], [0.27392578125, 0.223419189453125, 0.404632568359375, -0.8433837890625]
1411800, 1417.76953125, [1000.0, 113.0, 552.0, 91.0, 297.0, 118.0, 319.0, 150.0, 86.0, 1000.0, 0.0, 750.0, 0.0, 666.0, 949.0, 999.0, 999.0, 999.0, 999.0, 465.0, 662.0, 0.0, 0.0], [-41.258033752441406, 17.91884994506836, -44.71272659301758], [0.8758392333984375, -0.26641845703125, 0.2671661376953125, -0.3008880615234375], [-49.48003005981445, 36.3126220703125, -162.28475952148438], [0.2617340087890625, 0.2183990478515625, 0.436492919921875, -0.832611083984375]
1411850, 1417.8194580078125, [1000.0, 112.0, 540.0, 85.0, 296.0, 101.0, 328.0, 175.0, 86.0, 1000.0, 0.0, 750.0, 0.0, 666.0, 956.0, 999.0, 999.0, 999.0, 999.0, 449.0, 681.0, 0.0, 0.0], [-45.86078643798828, 16.540199279785156, -45.53681945800781], [0.862060546875, -0.3042449951171875, 0.2713623046875, -0.3010406494140625], [-53.80984878540039, 34.39501190185547, -165.05772399902344], [0.2434234619140625, 0.2052154541015625, 0.462890625, -0.8272552490234375]
1411910, 1417.8795166015625, [1000.0, 112.0, 521.0, 78.0, 285.0, 83.0, 258.0, 97.0, 82.0, 1000.0, 0.0, 750.0, 0.0, 666.0, 952.0, 999.0, 999.0, 999.0, 999.0, 431.0, 706.0, 0.0, 0.0], [-52.571983337402344, 13.981531143188477, -46.947166442871094], [0.837738037109375, -0.359710693359375, 0.275177001953125, -0.3050384521484375], [-61.62958908081055, 31.42399787902832, -168.55352783203125], [0.2204742431640625, 0.1822357177734375, 0.51385498046875, -0.80877685546875]
1411960, 1417.9293212890625, [1000.0, 110.0, 499.0, 75.0, 302.0, 76.0, 209.0, 40.0, 75.0, 1000.0, 0.0, 750.0, 0.0, 1000.0, 955.0, 999.0, 999.0, 999.0, 999.0, 414.0, 730.0, 0.0, 0.0], [-55.72726058959961, 8.921353340148926, -48.62604522705078], [0.81817626953125, -0.3963165283203125, 0.2545013427734375, -0.3297576904296875], [-62.869991302490234, 29.332895278930664, -169.5780029296875], [0.2064666748046875, 0.1693115234375, 0.522064208984375, -0.8100128173828125]
1412010, 1417.9794921875, [1000.0, 109.0, 494.0, 72.0, 361.0, 73.0, 220.0, 39.0, 70.0, 1000.0, 0.0, 750.0, 0.0, 666.0, 950.0, 999.0, 999.0, 999.0, 999.0, 401.0, 747.0, 0.0, 0.0], [-57.37198257446289, 10.208515167236328, -50.50099182128906], [0.808502197265625, -0.3991241455078125, 0.2745361328125, -0.3341064453125], [-64.99176788330078, 28.148290634155273, -170.37852478027344], [0.19879150390625, 0.160675048828125, 0.536468505859375, -0.80426025390625]
1412070, 1418.039794921875, [1000.0, 108.0, 552.0, 76.0, 552.0, 79.0, 320.0, 37.0, 64.0, 1000.0, 0.0, 1000.0, 0.0, 666.0, 951.0, 999.0, 999.0, 999.0, 999.0, 387.0, 754.0, 0.0, 0.0], [-60.50588607788086, 10.957712173461914, -52.63453674316406], [0.79205322265625, -0.4129638671875, 0.2962646484375, -0.3380889892578125], [-68.1924057006836, 27.04110336303711, -171.54141235351562], [0.1900787353515625, 0.1528778076171875, 0.557830810546875, -0.79327392578125]
1412120, 1418.0894775390625, [1000.0, 109.0, 733.0, 75.0, 760.0, 84.0, 585.0, 35.0, 63.0, 1000.0, 0.0, 750.0, 0.0, 666.0, 932.0, 999.0, 999.0, 999.0, 999.0, 377.0, 747.0, 0.0, 0.0], [-61.584964752197266, 12.209259986877441, -54.65912628173828], [0.7837982177734375, -0.4102630615234375, 0.314849853515625, -0.343780517578125], [-69.73242950439453, 26.088970184326172, -172.15382385253906], [0.18341064453125, 0.1466522216796875, 0.568267822265625, -0.788604736328125]
1412170, 1418.1395263671875, [1000.0, 111.0, 858.0, 76.0, 871.0, 90.0, 762.0, 35.0, 72.0, 1000.0, 0.0, 750.0, 0.0, 666.0, 946.0, 999.0, 922.0, 999.0, 999.0, 369.0, 740.0, 0.0, 0.0], [-61.13731002807617, 13.496195793151855, -56.034420013427734], [0.7829132080078125, -0.3983306884765625, 0.3265533447265625, -0.3488922119140625], [-69.2717056274414, 22.731477737426758, -171.67308044433594], [0.1702728271484375, 0.1212615966796875, 0.5675048828125, -0.7963714599609375]
1412230, 1418.19970703125, [1000.0, 110.0, 897.0, 76.0, 900.0, 97.0, 844.0, 36.0, 134.0, 1000.0, 0.0, 750.0, 0.0, 666.0, 863.0, 999.0, 417.0, 999.0, 999.0, 357.0, 734.0, 0.0, 0.0], [-60.4964599609375, 14.929357528686523, -56.422950744628906], [0.78570556640625, -0.3870849609375, 0.3350067138671875, -0.34722900390625], [-68.26910400390625, 19.9498233795166, -170.89573669433594], [0.161590576171875, 0.09906005859375, 0.562286376953125, -0.8049163818359375]
1412280, 1418.2496337890625, [1000.0, 109.0, 895.0, 76.0, 904.0, 101.0, 867.0, 36.0, 382.0, 1000.0, 0.0, 750.0, 0.0, 666.0, 874.0, 999.0, 343.0, 999.0, 999.0, 350.0, 737.0, 0.0, 0.0], [-59.92884826660156, 14.729201316833496, -55.787376403808594], [0.789306640625, -0.385833740234375, 0.3298797607421875, -0.345367431640625], [-67.4490737915039, 20.51449203491211, -169.7443084716797], [0.1716156005859375, 0.0986785888671875, 0.557373046875, -0.806304931640625]
1412340, 1418.3096923828125, [1000.0, 108.0, 896.0, 77.0, 902.0, 106.0, 871.0, 36.0, 511.0, 1000.0, 0.0, 750.0, 0.0, 666.0, 888.0, 999.0, 340.0, 999.0, 999.0, 343.0, 740.0, 0.0, 0.0], [-59.63752746582031, 16.31648063659668, -54.86686325073242], [0.79473876953125, -0.3801422119140625, 0.3360443115234375, -0.333038330078125], [-67.02276611328125, 21.828571319580078, -169.02513122558594], [0.182342529296875, 0.1053009033203125, 0.554718017578125, -0.804931640625]
1412390, 1418.359619140625, [1000.0, 107.0, 897.0, 77.0, 899.0, 109.0, 870.0, 36.0, 552.0, 1000.0, 0.0, 750.0, 0.0, 666.0, 950.0, 999.0, 374.0, 999.0, 999.0, 340.0, 741.0, 0.0, 0.0], [-59.42035675048828, 17.7034854888916, -53.813987731933594], [0.7997894287109375, -0.3762054443359375, 0.340789794921875, -0.3203582763671875], [-66.51730346679688, 23.302509307861328, -168.41128540039062], [0.19287109375, 0.1137847900390625, 0.551422119140625, -0.8036041259765625]
1412440, 1418.4095458984375, [1000.0, 107.0, 898.0, 77.0, 897.0, 111.0, 870.0, 37.0, 591.0, 1000.0, 0.0, 750.0, 0.0, 666.0, 981.0, 999.0, 420.0, 999.0, 999.0, 336.0, 740.0, 0.0, 0.0], [-59.10163879394531, 18.991352081298828, -52.45005416870117], [0.8056182861328125, -0.3729400634765625, 0.34368896484375, -0.30615234375], [-65.87512969970703, 25.022113800048828, -167.704833984375], [0.2048492431640625, 0.1239166259765625, 0.5472259521484375, -0.802001953125]
1412500, 1418.4696044921875, [1000.0, 106.0, 898.0, 77.0, 891.0, 115.0, 867.0, 37.0, 626.0, 1000.0, 0.0, 750.0, 0.0, 1000.0, 995.0, 999.0, 474.0, 999.0, 999.0, 333.0, 741.0, 0.0, 0.0], [-58.162200927734375, 20.860258102416992, -50.764976501464844], [0.8142242431640625, -0.364044189453125, 0.34783935546875, -0.2889251708984375], [-64.40546417236328, 27.454273223876953, -166.67196655273438], [0.2209930419921875, 0.1393585205078125, 0.5374908447265625, -0.8017578125]
1412550, 1418.5196533203125, [1000.0, 106.0, 898.0, 77.0, 886.0, 118.0, 868.0, 38.0, 670.0, 1000.0, 0.0, 750.0, 0.0, 1000.0, 999.0, 999.0, 555.0, 999.0, 999.0, 330.0, 741.0, 0.0, 0.0], [-58.934654235839844, 22.54509162902832, -49.98947525024414], [0.8144989013671875, -0.3653411865234375, 0.35809326171875, -0.27362060546875], [-63.389217376708984, 29.666706085205078, -165.90879821777344], [0.234375, 0.1538848876953125, 0.53076171875, -0.7997894287109375]
1412610, 1418.5794677734375, [1000.0, 105.0, 899.0, 78.0, 881.0, 122.0, 869.0, 39.0, 706.0, 1000.0, 0.0, 750.0, 0.0, 666.0, 999.0, 999.0, 620.0, 999.0, 999.0, 328.0, 741.0, 0.0, 0.0], [-58.92121887207031, 24.355449676513672, -48.88148880004883], [0.8177490234375, -0.3616790771484375, 0.366119384765625, -0.2576904296875], [-62.91802215576172, 32.43011474609375, -165.4371337890625], [0.2483673095703125, 0.172760009765625, 0.5272674560546875, -0.7939910888671875]
1412660, 1418.6295166015625, [1000.0, 105.0, 901.0, 80.0, 877.0, 125.0, 869.0, 40.0, 724.0, 1000.0, 0.0, 750.0, 0.0, 1000.0, 999.0, 999.0, 732.0, 999.0, 999.0, 326.0, 741.0, 0.0, 0.0], [-59.26470947265625, 25.831336975097656, -48.2739143371582], [0.818328857421875, -0.3603363037109375, 0.374359130859375, -0.2455902099609375], [-62.733089447021484, 34.76687240600586, -165.0499725341797], [0.26019287109375, 0.1883087158203125, 0.52569580078125, -0.787689208984375]
1412710, 1418.679443359375, [1000.0, 104.0, 900.0, 81.0, 874.0, 130.0, 866.0, 40.0, 728.0, 1000.0, 0.0, 750.0, 0.0, 666.0, 999.0, 999.0, 793.0, 999.0, 999.0, 323.0, 739.0, 0.0, 0.0], [-60.21515655517578, 27.34423065185547, -48.05266571044922], [0.816009521484375, -0.3619232177734375, 0.3852081298828125, -0.23394775390625], [-63.24858474731445, 37.0732536315918, -164.91668701171875], [0.271209716796875, 0.2031097412109375, 0.5283660888671875, -0.7784576416015625]
1412770, 1418.739501953125, [1000.0, 104.0, 900.0, 90.0, 869.0, 133.0, 859.0, 41.0, 715.0, 1000.0, 0.0, 750.0, 0.0, 666.0, 999.0, 999.0, 834.0, 999.0, 999.0, 321.0, 736.0, 0.0, 0.0], [-62.26130676269531, 30.212770462036133, -48.11051559448242], [0.809539794921875, -0.364837646484375, 0.4071502685546875, -0.2138214111328125], [-63.785743713378906, 39.44491195678711, -164.82778930664062], [0.2822418212890625, 0.218353271484375, 0.5308074951171875, -0.7686920166015625]
1412820, 1418.78955078125, [1000.0, 104.0, 898.0, 93.0, 866.0, 136.0, 855.0, 41.0, 710.0, 1000.0, 0.0, 750.0, 0.0, 666.0, 999.0, 999.0, 879.0, 999.0, 999.0, 319.0, 737.0, 0.0, 0.0], [-62.32941436767578, 31.980056762695312, -47.61240005493164], [0.81011962890625, -0.3600006103515625, 0.4164581298828125, -0.20159912109375], [-63.31320571899414, 40.96929168701172, -164.57395935058594], [0.2890167236328125, 0.2292022705078125, 0.52716064453125, -0.7655029296875]
1412880, 1418.8497314453125, [1000.0, 103.0, 896.0, 93.0, 863.0, 139.0, 852.0, 42.0, 707.0, 1000.0, 0.0, 1000.0, 0.0, 1000.0, 999.0, 999.0, 885.0, 999.0, 999.0, 317.0, 735.0, 0.0, 0.0], [-62.84429931640625, 33.5787353515625, -47.79650115966797], [0.80792236328125, -0.3564605712890625, 0.42755126953125, -0.1932830810546875], [-63.89783477783203, 45.019046783447266, -165.17251586914062], [0.302032470703125, 0.2590484619140625, 0.52667236328125, -0.7511749267578125]
1412930, 1418.8992919921875, [1000.0, 103.0, 894.0, 93.0, 860.0, 140.0, 851.0, 42.0, 710.0, 1000.0, 0.0, 1000.0, 0.0, 666.0, 999.0, 999.0, 875.0, 999.0, 999.0, 316.0, 734.0, 0.0, 0.0], [-62.71769714355469, 33.5982551574707, -47.56104278564453], [0.8087158203125, -0.3563690185546875, 0.426727294921875, -0.1920013427734375], [-66.42601013183594, 47.236854553222656, -167.05747985839844], [0.304443359375, 0.2764892578125, 0.53643798828125, -0.7369232177734375]
1412980, 1418.949462890625, [1000.0, 103.0, 893.0, 94.0, 860.0, 144.0, 850.0, 43.0, 722.0, 1000.0, 0.0, 750.0, 0.0, 666.0, 999.0, 999.0, 830.0, 999.0, 999.0, 315.0, 734.0, 0.0, 0.0], [-62.915470123291016, 32.00419998168945, -47.5029182434082], [0.8084564208984375, -0.36444091796875, 0.4172821044921875, -0.198577880859375], [-67.59708404541016, 45.98888397216797, -167.8751220703125], [0.296875, 0.2687225341796875, 0.543487548828125, -0.73773193359375]
1413040, 1419.009521484375, [1000.0, 103.0, 893.0, 94.0, 858.0, 147.0, 849.0, 44.0, 728.0, 1000.0, 0.0, 750.0, 0.0, 666.0, 999.0, 999.0, 821.0, 999.0, 999.0, 314.0, 734.0, 0.0, 0.0], [-62.64902877807617, 29.670917510986328, -47.07625198364258], [0.8101959228515625, -0.373382568359375, 0.401214599609375, -0.207733154296875], [-68.07467651367188, 45.404422760009766, -168.0913848876953], [0.294158935546875, 0.2645263671875, 0.5467529296875, -0.7379302978515625]
1413090, 1419.0595703125, [1000.0, 103.0, 891.0, 94.0, 856.0, 149.0, 848.0, 44.0, 731.0, 1000.0, 0.0, 750.0, 0.0, 666.0, 999.0, 999.0, 812.0, 999.0, 999.0, 313.0, 734.0, 0.0, 0.0], [-62.04521179199219, 28.6342716217041, -46.371585845947266], [0.813446044921875, -0.3755950927734375, 0.3914031982421875, -0.2097625732421875], [-66.60385131835938, 44.645076751708984, -166.8604278564453], [0.295623779296875, 0.2572479248046875, 0.5408782958984375, -0.74420166015625]
1413150, 1419.1195068359375, [1000.0, 102.0, 890.0, 94.0, 854.0, 152.0, 847.0, 45.0, 732.0, 1000.0, 0.0, 1000.0, 0.0, 666.0, 999.0, 999.0, 751.0, 999.0, 999.0, 311.0, 732.0, 0.0, 0.0], [-62.5179328918457, 28.339834213256836, -46.091766357421875], [0.8123931884765625, -0.38104248046875, 0.3895111083984375, -0.2075653076171875], [-68.22251892089844, 44.46044921875, -167.62948608398438], [0.2935028076171875, 0.2554779052734375, 0.549835205078125, -0.73907470703125]
1413200, 1419.1695556640625, [1000.0, 102.0, 890.0, 95.0, 853.0, 155.0, 846.0, 45.0, 731.0, 1000.0, 0.0, 750.0, 0.0, 666.0, 999.0, 999.0, 725.0, 999.0, 999.0, 310.0, 731.0, 0.0, 0.0], [-62.341827392578125, 28.262638092041016, -45.84633255004883], [0.81341552734375, -0.38092041015625, 0.3878936767578125, -0.206787109375], [-67.37079620361328, 45.275665283203125, -167.10659790039062], [0.2983551025390625, 0.260772705078125, 0.54461669921875, -0.7391510009765625]
1413220, 1419.219482421875, [1000.0, 102.0, 889.0, 95.0, 853.0, 155.0, 845.0, 45.0, 732.0, 1000.0, 0.0, 750.0, 0.0, 666.0, 999.0, 999.0, 710.0, 999.0, 999.0, 310.0, 731.0, 0.0, 0.0], [-62.21722412109375, 28.31398582458496, -45.74806594848633], [0.8140106201171875, -0.3801727294921875, 0.387664794921875, -0.206268310546875], [-67.25950622558594, 46.108970642089844, -167.02317810058594], [0.30206298828125, 0.266387939453125, 0.5431671142578125, -0.7367095947265625]
1413250, 1419.2294921875, [1000.0, 102.0, 889.0, 95.0, 851.0, 156.0, 845.0, 45.0, 733.0, 1000.0, 0.0, 1000.0, 0.0, 666.0, 999.0, 999.0, 691.0, 999.0, 999.0, 310.0, 731.0, 0.0, 0.0], [-62.23301315307617, 28.51146697998047, -45.661739349365234], [0.814117431640625, -0.37982177734375, 0.388641357421875, -0.2046661376953125], [-67.30068969726562, 45.97921371459961, -167.0215606689453], [0.3016357421875, 0.265380859375, 0.5435791015625, -0.7369384765625]
1413310, 1419.279541015625, [1000.0, 102.0, 889.0, 95.0, 851.0, 157.0, 843.0, 45.0, 730.0, 1000.0, 0.0, 750.0, 0.0, 666.0, 999.0, 999.0, 681.0, 999.0, 999.0, 309.0, 730.0, 0.0, 0.0], [-62.48410415649414, 29.0380859375, -45.53749465942383], [0.8134918212890625, -0.3800048828125, 0.3919525146484375, -0.2004241943359375], [-67.48092651367188, 45.68727493286133, -167.09632873535156], [0.3003692626953125, 0.2632598876953125, 0.544891357421875, -0.73724365234375]
1413360, 1419.3294677734375, [1000.0, 102.0, 888.0, 96.0, 850.0, 158.0, 843.0, 46.0, 729.0, 1000.0, 0.0, 750.0, 0.0, 1000.0, 999.0, 999.0, 679.0, 999.0, 999.0, 308.0, 730.0, 0.0, 0.0], [-62.24674987792969, 29.02840805053711, -45.24715042114258], [0.814788818359375, -0.3793487548828125, 0.3905181884765625, -0.19921875], [-67.52075958251953, 45.366493225097656, -167.14707946777344], [0.2988128662109375, 0.261199951171875, 0.5453948974609375, -0.738250732421875]
1413410, 1419.3895263671875, [1000.0, 102.0, 888.0, 96.0, 849.0, 160.0, 842.0, 46.0, 727.0, 1000.0, 0.0, 750.0, 0.0, 666.0, 999.0, 999.0, 581.0, 999.0, 999.0, 307.0, 729.0, 0.0, 0.0], [-62.081119537353516, 28.78753662109375, -44.936763763427734], [0.815887451171875, -0.3801422119140625, 0.3876953125, -0.1987152099609375], [-67.34933471679688, 45.437381744384766, -167.0889434814453], [0.2990875244140625, 0.2618560791015625, 0.544342041015625, -0.738677978515625]
1413470, 1419.439453125, [1000.0, 101.0, 887.0, 96.0, 848.0, 161.0, 841.0, 47.0, 726.0, 1000.0, 0.0, 750.0, 0.0, 666.0, 999.0, 999.0, 545.0, 999.0, 999.0, 306.0, 729.0, 0.0, 0.0], [-62.15550231933594, 28.790891647338867, -44.77305221557617], [0.81591796875, -0.3812103271484375, 0.387298583984375, -0.1972808837890625], [-68.0545654296875, 45.53129577636719, -167.6373748779297], [0.2975616455078125, 0.263275146484375, 0.547515869140625, -0.7364349365234375]
1413490, 1419.48974609375, [1000.0, 101.0, 887.0, 96.0, 848.0, 161.0, 841.0, 47.0, 725.0, 1000.0, 0.0, 750.0, 0.0, 666.0, 999.0, 999.0, 539.0, 999.0, 999.0, 306.0, 728.0, 0.0, 0.0], [-62.171627044677734, 28.76292610168457, -44.76198959350586], [0.815887451171875, -0.3814697265625, 0.387115478515625, -0.1972808837890625], [-68.03268432617188, 45.86635208129883, -167.64089965820312], [0.29888916015625, 0.2656402587890625, 0.5469818115234375, -0.7354583740234375]
1413520, 1419.4993896484375, [1000.0, 101.0, 887.0, 96.0, 848.0, 162.0, 840.0, 47.0, 725.0, 1000.0, 0.0, 750.0, 0.0, 666.0, 999.0, 999.0, 473.0, 999.0, 999.0, 305.0, 728.0, 0.0, 0.0], [-62.17039489746094, 28.804492950439453, -44.7077751159668], [0.81597900390625, -0.3814849853515625, 0.3871917724609375, -0.1967010498046875], [-68.32842254638672, 45.823097229003906, -167.87380981445312], [0.2978973388671875, 0.26568603515625, 0.5483856201171875, -0.7347869873046875]
1413580, 1419.549560546875, [1000.0, 101.0, 887.0, 96.0, 848.0, 162.0, 839.0, 47.0, 719.0, 1000.0, 0.0, 750.0, 0.0, 666.0, 999.0, 999.0, 427.0, 999.0, 999.0, 304.0, 728.0, 0.0, 0.0], [-62.42950439453125, 28.88327980041504, -44.59189224243164], [0.8153076171875, -0.3834228515625, 0.3877410888671875, -0.1946258544921875], [-68.83073425292969, 45.28717803955078, -168.1800537109375], [0.294830322265625, 0.26220703125, 0.551544189453125, -0.7349090576171875]
1413610, 1419.5999755859375, [1000.0, 101.0, 887.0, 96.0, 847.0, 163.0, 838.0, 48.0, 717.0, 1000.0, 0.0, 750.0, 0.0, 666.0, 999.0, 999.0, 409.0, 999.0, 999.0, 304.0, 728.0, 0.0, 0.0], [-62.76007080078125, 28.697738647460938, -44.673973083496094], [0.8140716552734375, -0.386199951171875, 0.387420654296875, -0.194976806640625], [-68.61940002441406, 45.55366516113281, -168.10189819335938], [0.2959747314453125, 0.264190673828125, 0.550048828125, -0.73486328125]
1413630, 1419.609375, [1000.0, 101.0, 887.0, 96.0, 847.0, 163.0, 838.0, 48.0, 716.0, 1000.0, 0.0, 750.0, 0.0, 666.0, 999.0, 999.0, 404.0, 999.0, 999.0, 304.0, 728.0, 0.0, 0.0], [-62.8620491027832, 28.64447784423828, -44.71261215209961], [0.81365966796875, -0.386993408203125, 0.38739013671875, -0.195159912109375], [-68.47148895263672, 44.803951263427734, -168.0262908935547], [0.2929534912109375, 0.25909423828125, 0.5501556396484375, -0.73779296875]
1413680, 1419.6595458984375, [1000.0, 101.0, 886.0, 97.0, 846.0, 164.0, 837.0, 48.0, 715.0, 1000.0, 0.0, 750.0, 0.0, 666.0, 999.0, 999.0, 387.0, 999.0, 999.0, 303.0, 727.0, 0.0, 0.0], [-62.878265380859375, 28.677011489868164, -44.54862594604492], [0.8138885498046875, -0.387542724609375, 0.3870697021484375, -0.19378662109375], [-69.25678253173828, 45.79378890991211, -168.65359497070312], [0.2949371337890625, 0.2668304443359375, 0.55255126953125, -0.7324371337890625]
1413740, 1419.7196044921875, [1000.0, 101.0, 886.0, 97.0, 845.0, 165.0, 836.0, 49.0, 713.0, 1000.0, 0.0, 750.0, 0.0, 666.0, 999.0, 999.0, 372.0, 999.0, 999.0, 302.0, 727.0, 0.0, 0.0], [-62.98150634765625, 28.715864181518555, -44.49699783325195], [0.813629150390625, -0.3883056640625, 0.3873138427734375, -0.1928863525390625], [-67.862548828125, 45.19337844848633, -167.70364379882812], [0.2952880859375, 0.26177978515625, 0.5465240478515625, -0.7386322021484375]
1413790, 1419.7696533203125, [1000.0, 101.0, 886.0, 97.0, 844.0, 166.0, 835.0, 49.0, 711.0, 1000.0, 0.0, 750.0, 0.0, 666.0, 999.0, 999.0, 358.0, 999.0, 999.0, 301.0, 726.0, 0.0, 0.0], [-63.1966667175293, 28.70102310180664, -44.396060943603516], [0.8130645751953125, -0.390228271484375, 0.387237548828125, -0.1915130615234375], [-68.4188003540039, 45.35597229003906, -168.04270935058594], [0.2950592041015625, 0.2630767822265625, 0.54913330078125, -0.7363128662109375]
1413850, 1419.8194580078125, [1000.0, 101.0, 886.0, 97.0, 842.0, 167.0, 835.0, 49.0, 710.0, 1000.0, 0.0, 1000.0, 0.0, 1000.0, 999.0, 999.0, 342.0, 999.0, 999.0, 301.0, 726.0, 0.0, 0.0], [-63.112937927246094, 28.582561492919922, -44.17529296875], [0.813720703125, -0.3908233642578125, 0.3856048583984375, -0.1907958984375], [-68.68045043945312, 45.18080520629883, -168.23451232910156], [0.2936859130859375, 0.2621307373046875, 0.5505828857421875, -0.736114501953125]
1413900, 1419.879638671875, [1000.0, 101.0, 886.0, 97.0, 842.0, 168.0, 834.0, 50.0, 710.0, 1000.0, 0.0, 750.0, 0.0, 1000.0, 999.0, 999.0, 337.0, 999.0, 999.0, 300.0, 726.0, 0.0, 0.0], [-63.24736022949219, 28.22960662841797, -44.01149368286133], [0.81353759765625, -0.393646240234375, 0.383056640625, -0.1908721923828125], [-69.86439514160156, 45.06956481933594, -168.97802734375], [0.2911529541015625, 0.2619476318359375, 0.556610107421875, -0.7326507568359375]
1413950, 1419.9296875, [1000.0, 101.0, 886.0, 97.0, 841.0, 168.0, 834.0, 50.0, 709.0, 1000.0, 0.0, 750.0, 0.0, 1000.0, 999.0, 999.0, 325.0, 999.0, 999.0, 299.0, 725.0, 0.0, 0.0], [-63.62205123901367, 27.93172836303711, -43.89773178100586], [0.81243896484375, -0.397796630859375, 0.3814239501953125, -0.19024658203125], [-69.72628784179688, 44.64913558959961, -168.7255859375], [0.2906341552734375, 0.2582244873046875, 0.55682373046875, -0.7340087890625]
1414010, 1419.9898681640625, [1000.0, 101.0, 886.0, 97.0, 840.0, 168.0, 834.0, 50.0, 709.0, 1000.0, 0.0, 750.0, 0.0, 666.0, 999.0, 999.0, 318.0, 999.0, 999.0, 299.0, 724.0, 0.0, 0.0], [-63.517704010009766, 27.383007049560547, -43.45630645751953], [0.8135223388671875, -0.400543212890625, 0.3762664794921875, -0.190093994140625], [-68.19161224365234, 43.766151428222656, -167.49209594726562], [0.2913970947265625, 0.2501373291015625, 0.5507049560546875, -0.7410888671875]
1414060, 1420.03955078125, [1000.0, 100.0, 885.0, 98.0, 839.0, 169.0, 833.0, 50.0, 709.0, 1000.0, 0.0, 750.0, 0.0, 666.0, 999.0, 999.0, 327.0, 999.0, 999.0, 298.0, 724.0, 0.0, 0.0], [-62.21677780151367, 27.3834228515625, -42.51677703857422], [0.819580078125, -0.3943328857421875, 0.3708648681640625, -0.1876373291015625], [-67.3775634765625, 44.34001541137695, -167.0323028564453], [0.29498291015625, 0.25396728515625, 0.54583740234375, -0.741973876953125]
1414120, 1420.0997314453125, [1000.0, 100.0, 885.0, 95.0, 839.0, 169.0, 832.0, 50.0, 706.0, 1000.0, 0.0, 750.0, 0.0, 666.0, 999.0, 999.0, 333.0, 999.0, 999.0, 298.0, 722.0, 0.0, 0.0], [-61.082923889160156, 27.47052574157715, -41.62275695800781], [0.8249053955078125, -0.388763427734375, 0.3665313720703125, -0.1844635009765625], [-68.11767578125, 45.195716857910156, -167.65037536621094], [0.2962188720703125, 0.2608795166015625, 0.54827880859375, -0.7372589111328125]
1414170, 1420.1495361328125, [1000.0, 100.0, 885.0, 92.0, 838.0, 169.0, 831.0, 50.0, 705.0, 1000.0, 0.0, 750.0, 0.0, 1000.0, 999.0, 999.0, 347.0, 999.0, 999.0, 297.0, 722.0, 0.0, 0.0], [-60.88981628417969, 27.616472244262695, -41.30103302001953], [0.8260498046875, -0.38787841796875, 0.3660736083984375, -0.1820831298828125], [-68.66960906982422, 46.36629104614258, -168.1286163330078], [0.299346923828125, 0.26971435546875, 0.54931640625, -0.7320404052734375]
1414220, 1420.1998291015625, [1000.0, 100.0, 885.0, 90.0, 838.0, 168.0, 830.0, 51.0, 704.0, 1000.0, 0.0, 750.0, 0.0, 666.0, 999.0, 999.0, 361.0, 999.0, 999.0, 296.0, 721.0, 0.0, 0.0], [-61.03892135620117, 27.931581497192383, -41.23845291137695], [0.825592041015625, -0.388031005859375, 0.368133544921875, -0.1796875], [-70.20999145507812, 46.520416259765625, -169.38162231445312], [0.2956695556640625, 0.272796630859375, 0.5559539794921875, -0.72735595703125]
1414280, 1420.259521484375, [1000.0, 100.0, 884.0, 89.0, 837.0, 168.0, 829.0, 51.0, 701.0, 1000.0, 0.0, 750.0, 0.0, 666.0, 999.0, 999.0, 370.0, 999.0, 999.0, 296.0, 720.0, 0.0, 0.0], [-61.9971809387207, 28.29970932006836, -41.73644256591797], [0.8214874267578125, -0.3919830322265625, 0.373687744140625, -0.178436279296875], [-70.69921112060547, 46.259334564208984, -169.96800231933594], [0.2919769287109375, 0.27264404296875, 0.5580291748046875, -0.727325439453125]
1414330, 1420.309814453125, [1000.0, 100.0, 883.0, 89.0, 836.0, 167.0, 827.0, 51.0, 698.0, 1000.0, 0.0, 750.0, 0.0, 1000.0, 999.0, 999.0, 393.0, 999.0, 999.0, 295.0, 719.0, 0.0, 0.0], [-63.913604736328125, 27.98862648010254, -42.592857360839844], [0.8135223388671875, -0.4039764404296875, 0.377685546875, -0.17974853515625], [-71.82054901123047, 45.21903610229492, -170.85902404785156], [0.2843475341796875, 0.267242431640625, 0.5645294189453125, -0.7273406982421875]
1414390, 1420.3695068359375, [1000.0, 100.0, 883.0, 88.0, 835.0, 166.0, 825.0, 51.0, 692.0, 1000.0, 0.0, 750.0, 0.0, 666.0, 999.0, 999.0, 423.0, 999.0, 999.0, 295.0, 719.0, 0.0, 0.0], [-65.50270080566406, 26.621498107910156, -43.17350387573242], [0.8068389892578125, -0.4182891845703125, 0.3737335205078125, -0.1852874755859375], [-72.63017272949219, 43.554622650146484, -171.45603942871094], [0.27484130859375, 0.25714111328125, 0.5706939697265625, -0.7298126220703125]
1414440, 1420.419677734375, [1000.0, 100.0, 882.0, 87.0, 834.0, 163.0, 822.0, 51.0, 684.0, 1000.0, 0.0, 750.0, 0.0, 666.0, 999.0, 999.0, 443.0, 999.0, 999.0, 294.0, 719.0, 0.0, 0.0], [-65.82307434082031, 25.171960830688477, -43.07797622680664], [0.805572509765625, -0.42608642578125, 0.364837646484375, -0.190673828125], [-72.98527526855469, 42.37969207763672, -171.75204467773438], [0.268310546875, 0.2499542236328125, 0.5739593505859375, -0.7321624755859375]
1414490, 1420.4696044921875, [1000.0, 100.0, 881.0, 86.0, 833.0, 162.0, 819.0, 51.0, 675.0, 1000.0, 0.0, 1000.0, 0.0, 1000.0, 999.0, 999.0, 459.0, 999.0, 999.0, 294.0, 718.0, 0.0, 0.0], [-64.93556213378906, 24.229501724243164, -42.504249572753906], [0.80963134765625, -0.42498779296875, 0.3552703857421875, -0.194000244140625], [-71.84809875488281, 42.37984848022461, -171.14198303222656], [0.269744873046875, 0.2495880126953125, 0.5680084228515625, -0.7364044189453125]
1414550, 1420.529541015625, [1000.0, 100.0, 879.0, 85.0, 832.0, 160.0, 816.0, 51.0, 664.0, 1000.0, 0.0, 750.0, 0.0, 1000.0, 999.0, 999.0, 479.0, 999.0, 999.0, 293.0, 717.0, 0.0, 0.0], [-64.20587158203125, 24.398218154907227, -42.024200439453125], [0.81317138671875, -0.42071533203125, 0.3533477783203125, -0.192047119140625], [-71.6312484741211, 43.29939270019531, -171.2357177734375], [0.2728424072265625, 0.2567291259765625, 0.565155029296875, -0.7349853515625]
1414600, 1420.5797119140625, [1000.0, 100.0, 877.0, 84.0, 830.0, 158.0, 810.0, 51.0, 646.0, 1000.0, 0.0, 750.0, 0.0, 666.0, 999.0, 999.0, 495.0, 999.0, 999.0, 292.0, 716.0, 0.0, 0.0], [-64.22825622558594, 24.975683212280273, -42.01584243774414], [0.8131866455078125, -0.4188690185546875, 0.3570404052734375, -0.18914794921875], [-71.0096206665039, 42.641395568847656, -171.01663208007812], [0.2698974609375, 0.2527008056640625, 0.562530517578125, -0.739471435546875]
