0, 0.06897664070129395, 1000.0,177.0,0.0,32.0,0.0,0.0,0.0,0.0,0.0,1000.0,0.0,1000.0,1000.0,1000.0,951.0,999.0,999.0,999.0,999.0,616.0,1000.0,0.0,86.0, 0.1661376953125,-0.7472686767578125,-0.6279144287109375,-0.140289306640625, 0.8177490234375,0.0258331298828125,0.329315185546875,0.4713287353515625
10, 0.07903790473937988, 1000.0,177.0,0.0,32.0,0.0,0.0,0.0,0.0,0.0,1000.0,0.0,1000.0,1000.0,1000.0,951.0,999.0,999.0,999.0,999.0,616.0,1000.0,0.0,86.0, 0.1661376953125,-0.7472686767578125,-0.6279144287109375,-0.140289306640625, 0.8348388671875,0.0041351318359375,0.279815673828125,0.474029541015625
20, 0.08903694152832031, 1000.0,177.0,0.0,32.0,0.0,0.0,0.0,0.0,0.0,1000.0,0.0,1000.0,1000.0,1000.0,951.0,999.0,999.0,999.0,999.0,616.0,1000.0,0.0,86.0, 0.1661376953125,-0.7472686767578125,-0.6279144287109375,-0.140289306640625, 0.847015380859375,-0.0138397216796875,0.2379608154296875,0.4751129150390625
30, 0.09921002388000488, 1000.0,177.0,0.0,32.0,0.0,0.0,0.0,0.0,0.0,1000.0,0.0,1000.0,1000.0,1000.0,951.0,999.0,999.0,999.0,999.0,616.0,1000.0,0.0,86.0, 0.1661376953125,-0.7472686767578125,-0.6279144287109375,-0.140289306640625, 0.8553314208984375,-0.0280914306640625,0.2043304443359375,0.4752197265625
40, 0.10907769203186035, 1000.0,177.0,0.0,32.0,0.0,0.0,0.0,0.0,0.0,1000.0,0.0,1000.0,1000.0,1000.0,951.0,999.0,999.0,999.0,999.0,616.0,1000.0,0.0,86.0, 0.1661376953125,-0.7472686767578125,-0.6279144287109375,-0.140289306640625, 0.860931396484375,-0.040008544921875,0.1785430908203125,0.474639892578125
50, 0.11919403076171875, 1000.0,177.0,0.0,32.0,0.0,0.0,0.0,0.0,0.0,1000.0,0.0,1000.0,1000.0,1000.0,951.0,999.0,999.0,999.0,999.0,616.0,1000.0,0.0,86.0, 0.1661376953125,-0.7472686767578125,-0.6279144287109375,-0.140289306640625, 0.864959716796875,-0.0502166748046875,0.1575775146484375,0.4738006591796875
60, 0.12912940979003906, 1000.0,177.0,0.0,32.0,0.0,0.0,0.0,0.0,0.0,1000.0,0.0,1000.0,1000.0,1000.0,951.0,999.0,999.0,999.0,999.0,616.0,1000.0,0.0,86.0, 0.1661376953125,-0.7472686767578125,-0.6279144287109375,-0.140289306640625, 0.867706298828125,-0.0574188232421875,0.14141845703125,0.473052978515625
70, 0.13928008079528809, 1000.0,177.0,0.0,32.0,0.0,0.0,0.0,0.0,0.0,1000.0,0.0,1000.0,1000.0,1000.0,951.0,999.0,999.0,999.0,999.0,616.0,1000.0,0.0,86.0, -0.3447113037109375,-0.543853759765625,0.410247802734375,0.6457977294921875, 0.86962890625,-0.0631103515625,0.1289520263671875,0.4723358154296875
80, 0.14951205253601074, 1000.0,177.0,0.0,32.0,0.0,0.0,0.0,0.0,0.0,1000.0,0.0,1000.0,1000.0,1000.0,951.0,999.0,999.0,999.0,999.0,616.0,1000.0,0.0,86.0, -0.3447113037109375,-0.543853759765625,0.410247802734375,0.6457977294921875, 0.87091064453125,-0.0669403076171875,0.1200103759765625,0.4718170166015625
90, 0.15911054611206055, 1000.0,177.0,0.0,32.0,0.0,0.0,0.0,0.0,0.0,1000.0,0.0,1000.0,1000.0,1000.0,951.0,999.0,999.0,999.0,999.0,616.0,1000.0,0.0,86.0, -0.3447113037109375,-0.543853759765625,0.410247802734375,0.6457977294921875, 0.8718109130859375,-0.068756103515625,0.11334228515625,0.4715423583984375
100, 0.1695847511291504, 1000.0,177.0,0.0,32.0,0.0,0.0,0.0,0.0,0.0,1000.0,0.0,1000.0,1000.0,1000.0,951.0,999.0,999.0,999.0,999.0,616.0,1000.0,0.0,86.0, -0.3447113037109375,-0.543853759765625,0.410247802734375,0.6457977294921875, 0.8721923828125,-0.0704803466796875,0.1103973388671875,0.471282958984375
110, 0.17941021919250488, 1000.0,177.0,0.0,32.0,0.0,0.0,0.0,0.0,0.0,1000.0,0.0,1000.0,1000.0,1000.0,951.0,999.0,999.0,999.0,999.0,616.0,1000.0,0.0,86.0, -0.3447113037109375,-0.543853759765625,0.410247802734375,0.6457977294921875, 0.872650146484375,-0.071563720703125,0.1068572998046875,0.471099853515625
120, 0.18946552276611328, 1000.0,177.0,0.0,32.0,0.0,0.0,0.0,0.0,0.0,1000.0,0.0,1000.0,1000.0,1000.0,951.0,999.0,999.0,999.0,999.0,616.0,1000.0,0.0,86.0, -0.3447113037109375,-0.543853759765625,0.410247802734375,0.6457977294921875, 0.87286376953125,-0.0732421875,0.1049957275390625,0.4708404541015625
130, 0.19903230667114258, 1000.0,177.0,0.0,32.0,0.0,0.0,0.0,0.0,0.0,1000.0,0.0,1000.0,1000.0,1000.0,951.0,999.0,999.0,999.0,999.0,616.0,1000.0,0.0,86.0, -0.3447113037109375,-0.543853759765625,0.410247802734375,0.6457977294921875, 0.8732757568359375,-0.073394775390625,0.10174560546875,0.4707794189453125
140, 0.20914101600646973, 1000.0,177.0,0.0,32.0,0.0,0.0,0.0,0.0,0.0,1000.0,0.0,1000.0,1000.0,1000.0,951.0,999.0,999.0,999.0,999.0,616.0,1000.0,0.0,86.0, -0.3447113037109375,-0.543853759765625,0.410247802734375,0.6457977294921875, 0.87359619140625,-0.072784423828125,0.09930419921875,0.470794677734375
150, 0.21930694580078125, 1000.0,177.0,0.0,32.0,0.0,0.0,0.0,0.0,0.0,1000.0,0.0,1000.0,1000.0,1000.0,951.0,999.0,999.0,999.0,999.0,616.0,1000.0,0.0,86.0, -0.3447113037109375,-0.543853759765625,0.410247802734375,0.6457977294921875, 0.873565673828125,-0.0722198486328125,0.0996246337890625,0.470855712890625
160, 0.22911286354064941, 1000.0,177.0,0.0,32.0,0.0,0.0,0.0,0.0,0.0,1000.0,0.0,1000.0,1000.0,1000.0,951.0,999.0,999.0,999.0,999.0,616.0,1000.0,0.0,86.0, -0.3447113037109375,-0.543853759765625,0.410247802734375,0.6457977294921875, 0.8736419677734375,-0.071990966796875,0.0991668701171875,0.4708709716796875
170, 0.23901700973510742, 1000.0,177.0,0.0,32.0,0.0,0.0,0.0,0.0,0.0,1000.0,0.0,1000.0,1000.0,1000.0,951.0,999.0,999.0,999.0,999.0,616.0,1000.0,0.0,86.0, -0.3447113037109375,-0.543853759765625,0.410247802734375,0.6457977294921875, 0.8735809326171875,-0.0713348388671875,0.0995635986328125,0.470977783203125
180, 0.24946856498718262, 1000.0,177.0,0.0,32.0,0.0,0.0,0.0,0.0,0.0,1000.0,0.0,1000.0,1000.0,1000.0,951.0,999.0,999.0,999.0,999.0,616.0,1000.0,0.0,86.0, -0.3447113037109375,-0.543853759765625,0.410247802734375,0.6457977294921875, 0.8732757568359375,-0.0733642578125,0.1018829345703125,0.4707489013671875
190, 0.2592737674713135, 1000.0,177.0,0.0,32.0,0.0,0.0,0.0,0.0,0.0,1000.0,0.0,1000.0,1000.0,1000.0,951.0,999.0,999.0,999.0,999.0,616.0,1000.0,0.0,86.0, -0.0631103515625,-0.923736572265625,-0.276123046875,0.2578277587890625, 0.87353515625,-0.0748443603515625,0.099578857421875,0.47052001953125
200, 0.26905250549316406, 1000.0,177.0,0.0,32.0,0.0,0.0,0.0,0.0,0.0,1000.0,0.0,1000.0,1000.0,1000.0,951.0,999.0,999.0,999.0,999.0,616.0,1000.0,0.0,86.0, -0.0631103515625,-0.923736572265625,-0.276123046875,0.2578277587890625, 0.873809814453125,-0.072357177734375,0.0977325439453125,0.470794677734375
210, 0.2791130542755127, 1000.0,177.0,0.0,32.0,0.0,0.0,0.0,0.0,0.0,1000.0,0.0,1000.0,1000.0,1000.0,951.0,999.0,999.0,999.0,999.0,616.0,1000.0,0.0,86.0, -0.0631103515625,-0.923736572265625,-0.276123046875,0.2578277587890625, 0.873809814453125,-0.0715179443359375,0.097930908203125,0.47088623046875
220, 0.2890286445617676, 1000.0,177.0,0.0,32.0,0.0,0.0,0.0,0.0,0.0,1000.0,0.0,1000.0,1000.0,1000.0,951.0,999.0,999.0,999.0,999.0,616.0,1000.0,0.0,86.0, -0.0631103515625,-0.923736572265625,-0.276123046875,0.2578277587890625, 0.8737945556640625,-0.0726165771484375,0.0978240966796875,0.4707794189453125
230, 0.2990682125091553, 1000.0,177.0,0.0,32.0,0.0,0.0,0.0,0.0,0.0,1000.0,0.0,1000.0,1000.0,1000.0,951.0,999.0,999.0,999.0,999.0,616.0,1000.0,0.0,86.0, -0.0631103515625,-0.923736572265625,-0.276123046875,0.2578277587890625, 0.873748779296875,-0.073883056640625,0.09796142578125,0.470611572265625
240, 0.3091447353363037, 1000.0,177.0,0.0,32.0,0.0,0.0,0.0,0.0,0.0,1000.0,0.0,1000.0,1000.0,1000.0,951.0,999.0,999.0,999.0,999.0,616.0,1000.0,0.0,86.0, -0.0631103515625,-0.923736572265625,-0.276123046875,0.2578277587890625, 0.874053955078125,-0.0752716064453125,0.0952911376953125,0.47039794921875
250, 0.319516658782959, 1000.0,177.0,0.0,32.0,0.0,0.0,0.0,0.0,0.0,1000.0,0.0,1000.0,1000.0,1000.0,951.0,999.0,999.0,999.0,999.0,616.0,1000.0,0.0,86.0, -0.0631103515625,-0.923736572265625,-0.276123046875,0.2578277587890625, 0.873931884765625,-0.074462890625,0.0963897705078125,0.4705047607421875
260, 0.33187103271484375, 1000.0,177.0,0.0,32.0,0.0,0.0,0.0,0.0,0.0,1000.0,0.0,1000.0,1000.0,1000.0,951.0,999.0,999.0,999.0,999.0,616.0,1000.0,0.0,86.0, -0.0631103515625,-0.923736572265625,-0.276123046875,0.2578277587890625, 0.8738250732421875,-0.073944091796875,0.0973663330078125,0.4705963134765625
270, 0.3390519618988037, 1000.0,177.0,0.0,32.0,0.0,0.0,0.0,0.0,0.0,1000.0,0.0,1000.0,1000.0,1000.0,951.0,999.0,999.0,999.0,999.0,616.0,1000.0,0.0,86.0, -0.0631103515625,-0.923736572265625,-0.276123046875,0.2578277587890625, 0.8738861083984375,-0.0725555419921875,0.09722900390625,0.470733642578125
280, 0.3490753173828125, 1000.0,177.0,0.0,32.0,0.0,0.0,0.0,0.0,0.0,1000.0,0.0,1000.0,1000.0,1000.0,951.0,999.0,999.0,999.0,999.0,616.0,1000.0,0.0,86.0, -0.0631103515625,-0.923736572265625,-0.276123046875,0.2578277587890625, 0.8740234375,-0.0709228515625,0.0962982177734375,0.470916748046875
290, 0.35936975479125977, 1000.0,177.0,0.0,32.0,0.0,0.0,0.0,0.0,0.0,1000.0,0.0,1000.0,1000.0,1000.0,951.0,999.0,999.0,999.0,999.0,616.0,1000.0,0.0,86.0, -0.0631103515625,-0.923736572265625,-0.276123046875,0.2578277587890625, 0.8740234375,-0.07098388671875,0.0962982177734375,0.4709014892578125
300, 0.36907362937927246, 1000.0,177.0,0.0,32.0,0.0,0.0,0.0,0.0,0.0,1000.0,0.0,1000.0,1000.0,1000.0,951.0,999.0,999.0,999.0,999.0,616.0,1000.0,0.0,86.0, -0.0631103515625,-0.923736572265625,-0.276123046875,0.2578277587890625, 0.8740386962890625,-0.07110595703125,0.0963287353515625,0.470855712890625
310, 0.3795197010040283, 1000.0,177.0,0.0,32.0,0.0,0.0,0.0,0.0,0.0,1000.0,0.0,1000.0,1000.0,1000.0,951.0,999.0,999.0,999.0,999.0,616.0,1000.0,0.0,86.0, 0.2718353271484375,-0.5228118896484375,-0.7291107177734375,-0.3480682373046875, 0.8740234375,-0.0711517333984375,0.0962982177734375,0.4708709716796875
320, 0.3890652656555176, 1000.0,177.0,0.0,32.0,0.0,0.0,0.0,0.0,0.0,1000.0,0.0,1000.0,1000.0,1000.0,951.0,999.0,999.0,999.0,999.0,616.0,1000.0,0.0,86.0, 0.2718353271484375,-0.5228118896484375,-0.7291107177734375,-0.3480682373046875, 0.8740081787109375,-0.07110595703125,0.0963897705078125,0.47088623046875
330, 0.3999629020690918, 1000.0,177.0,0.0,32.0,0.0,0.0,0.0,0.0,0.0,1000.0,0.0,1000.0,1000.0,1000.0,951.0,999.0,999.0,999.0,999.0,616.0,1000.0,0.0,86.0, 0.2718353271484375,-0.5228118896484375,-0.7291107177734375,-0.3480682373046875, 0.873992919921875,-0.0712127685546875,0.0965118408203125,0.4708709716796875
340, 0.40915894508361816, 1000.0,177.0,0.0,32.0,0.0,0.0,0.0,0.0,0.0,1000.0,0.0,1000.0,1000.0,1000.0,951.0,999.0,999.0,999.0,999.0,616.0,1000.0,0.0,86.0, 0.2718353271484375,-0.5228118896484375,-0.7291107177734375,-0.3480682373046875, 0.873992919921875,-0.0710906982421875,0.0966033935546875,0.47088623046875
350, 0.4190866947174072, 1000.0,177.0,0.0,32.0,0.0,0.0,0.0,0.0,0.0,1000.0,0.0,1000.0,1000.0,1000.0,951.0,999.0,999.0,999.0,999.0,616.0,1000.0,0.0,86.0, 0.2718353271484375,-0.5228118896484375,-0.7291107177734375,-0.3480682373046875, 0.8740234375,-0.071136474609375,0.096343994140625,0.4708709716796875
360, 0.4294703006744385, 1000.0,177.0,0.0,32.0,0.0,0.0,0.0,0.0,0.0,1000.0,0.0,1000.0,1000.0,1000.0,951.0,999.0,999.0,999.0,999.0,616.0,1000.0,0.0,86.0, 0.2718353271484375,-0.5228118896484375,-0.7291107177734375,-0.3480682373046875, 0.873992919921875,-0.0712432861328125,0.0965728759765625,0.470855712890625
370, 0.44307565689086914, 1000.0,177.0,0.0,32.0,0.0,0.0,0.0,0.0,0.0,1000.0,0.0,1000.0,1000.0,1000.0,951.0,999.0,999.0,999.0,999.0,616.0,1000.0,0.0,86.0, 0.2718353271484375,-0.5228118896484375,-0.7291107177734375,-0.3480682373046875, 0.873931884765625,-0.071441650390625,0.0971832275390625,0.4708251953125
380, 0.4491894245147705, 1000.0,177.0,0.0,32.0,0.0,0.0,0.0,0.0,0.0,1000.0,0.0,1000.0,1000.0,1000.0,951.0,999.0,999.0,999.0,999.0,616.0,1000.0,0.0,86.0, 0.2718353271484375,-0.5228118896484375,-0.7291107177734375,-0.3480682373046875, 0.8738861083984375,-0.0718994140625,0.09747314453125,0.47076416015625
390, 0.45900774002075195, 1000.0,177.0,0.0,32.0,0.0,0.0,0.0,0.0,0.0,1000.0,0.0,1000.0,1000.0,1000.0,951.0,999.0,999.0,999.0,999.0,616.0,1000.0,0.0,86.0, 0.2718353271484375,-0.5228118896484375,-0.7291107177734375,-0.3480682373046875, 0.8738250732421875,-0.0724029541015625,0.0980224609375,0.470703125
400, 0.469315767288208, 1000.0,177.0,0.0,32.0,0.0,0.0,0.0,0.0,0.0,1000.0,0.0,1000.0,1000.0,1000.0,951.0,999.0,999.0,999.0,999.0,616.0,1000.0,0.0,86.0, 0.2718353271484375,-0.5228118896484375,-0.7291107177734375,-0.3480682373046875, 0.873779296875,-0.0723114013671875,0.09844970703125,0.4707183837890625
410, 0.479076623916626, 1000.0,177.0,0.0,32.0,0.0,0.0,0.0,0.0,0.0,1000.0,0.0,1000.0,1000.0,1000.0,951.0,999.0,999.0,999.0,999.0,616.0,1000.0,0.0,86.0, 0.2718353271484375,-0.5228118896484375,-0.7291107177734375,-0.3480682373046875, 0.8736572265625,-0.0727081298828125,0.0993499755859375,0.470672607421875
420, 0.48906564712524414, 1000.0,177.0,0.0,32.0,0.0,0.0,0.0,0.0,0.0,1000.0,0.0,1000.0,1000.0,1000.0,951.0,999.0,999.0,999.0,999.0,616.0,1000.0,0.0,86.0, 0.2718353271484375,-0.5228118896484375,-0.7291107177734375,-0.3480682373046875, 0.8736724853515625,-0.0726776123046875,0.099273681640625,0.470672607421875
430, 0.4995272159576416, 1000.0,177.0,0.0,32.0,0.0,0.0,0.0,0.0,0.0,1000.0,0.0,1000.0,1000.0,1000.0,951.0,999.0,999.0,999.0,999.0,616.0,1000.0,0.0,86.0, 0.2718353271484375,-0.5228118896484375,-0.7291107177734375,-0.3480682373046875, 0.8737030029296875,-0.0720367431640625,0.0990753173828125,0.4707489013671875
440, 0.5092010498046875, 1000.0,177.0,0.0,32.0,0.0,0.0,0.0,0.0,0.0,1000.0,0.0,1000.0,1000.0,1000.0,951.0,999.0,999.0,999.0,999.0,616.0,1000.0,0.0,86.0, 0.3742828369140625,0.3520050048828125,-0.547088623046875,-0.6608123779296875, 0.8736114501953125,-0.07330322265625,0.099609375,0.4706268310546875
450, 0.5193135738372803, 1000.0,177.0,0.0,32.0,0.0,0.0,0.0,0.0,0.0,1000.0,0.0,1000.0,1000.0,1000.0,951.0,999.0,999.0,999.0,999.0,616.0,1000.0,0.0,86.0, 0.3742828369140625,0.3520050048828125,-0.547088623046875,-0.6608123779296875, 0.8736114501953125,-0.07330322265625,0.0994873046875,0.47064208984375
460, 0.5294640064239502, 1000.0,177.0,0.0,32.0,0.0,0.0,0.0,0.0,0.0,1000.0,0.0,1000.0,1000.0,1000.0,951.0,999.0,999.0,999.0,999.0,616.0,1000.0,0.0,86.0, 0.3742828369140625,0.3520050048828125,-0.547088623046875,-0.6608123779296875, 0.8736419677734375,-0.0738525390625,0.0991058349609375,0.4705810546875
470, 0.5392115116119385, 1000.0,177.0,0.0,32.0,0.0,0.0,0.0,0.0,0.0,1000.0,0.0,1000.0,1000.0,1000.0,951.0,999.0,999.0,999.0,999.0,616.0,1000.0,0.0,86.0, 0.3742828369140625,0.3520050048828125,-0.547088623046875,-0.6608123779296875, 0.8737030029296875,-0.07427978515625,0.0986328125,0.4705047607421875
480, 0.5490853786468506, 1000.0,177.0,0.0,32.0,0.0,0.0,0.0,0.0,0.0,1000.0,0.0,1000.0,1000.0,1000.0,951.0,999.0,999.0,999.0,999.0,616.0,1000.0,0.0,86.0, 0.3742828369140625,0.3520050048828125,-0.547088623046875,-0.6608123779296875, 0.8736419677734375,-0.07525634765625,0.0990142822265625,0.4703826904296875
490, 0.5590717792510986, 1000.0,177.0,0.0,32.0,0.0,0.0,0.0,0.0,0.0,1000.0,0.0,1000.0,1000.0,1000.0,951.0,999.0,999.0,999.0,999.0,616.0,1000.0,0.0,86.0, 0.3742828369140625,0.3520050048828125,-0.547088623046875,-0.6608123779296875, 0.873504638671875,-0.0747528076171875,0.1001739501953125,0.470458984375
500, 0.5694923400878906, 1000.0,177.0,0.0,32.0,0.0,0.0,0.0,0.0,0.0,1000.0,0.0,1000.0,1000.0,1000.0,951.0,999.0,999.0,999.0,999.0,616.0,1000.0,0.0,86.0, 0.3742828369140625,0.3520050048828125,-0.547088623046875,-0.6608123779296875, 0.8734588623046875,-0.073822021484375,0.1006317138671875,0.470611572265625
510, 0.579066276550293, 1000.0,177.0,0.0,32.0,0.0,0.0,0.0,0.0,0.0,1000.0,0.0,1000.0,1000.0,1000.0,951.0,999.0,999.0,999.0,999.0,616.0,1000.0,0.0,86.0, 0.3742828369140625,0.3520050048828125,-0.547088623046875,-0.6608123779296875, 0.8736419677734375,-0.0743560791015625,0.099151611328125,0.4705047607421875
520, 0.589331865310669, 1000.0,177.0,0.0,32.0,0.0,0.0,0.0,0.0,0.0,1000.0,0.0,1000.0,1000.0,1000.0,951.0,999.0,999.0,999.0,999.0,616.0,1000.0,0.0,86.0, 0.3742828369140625,0.3520050048828125,-0.547088623046875,-0.6608123779296875, 0.8736724853515625,-0.0742034912109375,0.0989532470703125,0.4705047607421875
530, 0.6048974990844727, 1000.0,177.0,0.0,32.0,0.0,0.0,0.0,0.0,0.0,1000.0,0.0,1000.0,1000.0,1000.0,951.0,999.0,999.0,999.0,999.0,616.0,1000.0,0.0,86.0, 0.3742828369140625,0.3520050048828125,-0.547088623046875,-0.6608123779296875, 0.873779296875,-0.0732421875,0.0982208251953125,0.4705963134765625
540, 0.6090900897979736, 1000.0,177.0,0.0,32.0,0.0,0.0,0.0,0.0,0.0,1000.0,0.0,1000.0,1000.0,1000.0,951.0,999.0,999.0,999.0,999.0,616.0,1000.0,0.0,86.0, 0.3742828369140625,0.3520050048828125,-0.547088623046875,-0.6608123779296875, 0.8736724853515625,-0.074371337890625,0.0988922119140625,0.4704742431640625
550, 0.6191701889038086, 1000.0,177.0,0.0,32.0,0.0,0.0,0.0,0.0,0.0,1000.0,0.0,1000.0,1000.0,1000.0,951.0,999.0,999.0,999.0,999.0,616.0,1000.0,0.0,86.0, 0.3742828369140625,0.3520050048828125,-0.547088623046875,-0.6608123779296875, 0.873687744140625,-0.0753326416015625,0.0987396240234375,0.4703369140625
560, 0.6294214725494385, 1000.0,176.0,0.0,32.0,0.0,0.0,0.0,0.0,0.0,1000.0,0.0,1000.0,1000.0,1000.0,951.0,999.0,999.0,999.0,999.0,616.0,1000.0,0.0,86.0, 0.1505279541015625,0.9006195068359375,0.1034393310546875,-0.39434814453125, 0.87359619140625,-0.07342529296875,0.0997772216796875,0.4705810546875
570, 0.6393482685089111, 1000.0,176.0,0.0,32.0,0.0,0.0,0.0,0.0,0.0,1000.0,0.0,1000.0,1000.0,1000.0,951.0,999.0,999.0,999.0,999.0,616.0,1000.0,0.0,86.0, 0.1505279541015625,0.9006195068359375,0.1034393310546875,-0.39434814453125, 0.8737335205078125,-0.0729827880859375,0.098876953125,0.470611572265625
580, 0.6490108966827393, 1000.0,176.0,0.0,32.0,0.0,0.0,0.0,0.0,0.0,1000.0,0.0,1000.0,1000.0,1000.0,951.0,999.0,999.0,999.0,999.0,616.0,1000.0,0.0,86.0, 0.1505279541015625,0.9006195068359375,0.1034393310546875,-0.39434814453125, 0.873687744140625,-0.0735931396484375,0.0991363525390625,0.47052001953125
590, 0.6590924263000488, 1000.0,176.0,0.0,32.0,0.0,0.0,0.0,0.0,0.0,1000.0,0.0,1000.0,1000.0,1000.0,951.0,999.0,999.0,999.0,999.0,616.0,1000.0,0.0,86.0, 0.1505279541015625,0.9006195068359375,0.1034393310546875,-0.39434814453125, 0.8735809326171875,-0.074188232421875,0.100006103515625,0.4704742431640625
600, 0.6694667339324951, 1000.0,176.0,0.0,32.0,0.0,0.0,0.0,0.0,0.0,1000.0,0.0,1000.0,1000.0,1000.0,951.0,999.0,999.0,999.0,999.0,616.0,1000.0,0.0,86.0, 0.1505279541015625,0.9006195068359375,0.1034393310546875,-0.39434814453125, 0.8738250732421875,-0.0741424560546875,0.098052978515625,0.470428466796875
610, 0.6792302131652832, 1000.0,176.0,0.0,32.0,0.0,0.0,0.0,0.0,0.0,1000.0,0.0,1000.0,1000.0,1000.0,951.0,999.0,999.0,999.0,999.0,616.0,1000.0,0.0,86.0, 0.1505279541015625,0.9006195068359375,0.1034393310546875,-0.39434814453125, 0.8737335205078125,-0.0732574462890625,0.098876953125,0.470550537109375
620, 0.6891717910766602, 1000.0,176.0,0.0,32.0,0.0,0.0,0.0,0.0,0.0,1000.0,0.0,1000.0,1000.0,1000.0,951.0,999.0,999.0,999.0,999.0,616.0,1000.0,0.0,86.0, 0.1505279541015625,0.9006195068359375,0.1034393310546875,-0.39434814453125, 0.8737640380859375,-0.0737762451171875,0.0985565185546875,0.470489501953125
630, 0.6995995044708252, 1000.0,176.0,0.0,32.0,0.0,0.0,0.0,0.0,0.0,1000.0,0.0,1000.0,1000.0,1000.0,951.0,999.0,999.0,999.0,999.0,616.0,1000.0,0.0,86.0, 0.1505279541015625,0.9006195068359375,0.1034393310546875,-0.39434814453125, 0.873687744140625,-0.073272705078125,0.09918212890625,0.4705657958984375
640, 0.7130031585693359, 1000.0,176.0,0.0,32.0,0.0,0.0,0.0,0.0,0.0,1000.0,0.0,1000.0,1000.0,1000.0,951.0,999.0,999.0,999.0,999.0,616.0,1000.0,0.0,86.0, 0.1505279541015625,0.9006195068359375,0.1034393310546875,-0.39434814453125, 0.8735809326171875,-0.07379150390625,0.100006103515625,0.47052001953125
650, 0.7192494869232178, 1000.0,176.0,0.0,32.0,0.0,0.0,0.0,0.0,0.0,1000.0,0.0,1000.0,1000.0,1000.0,951.0,999.0,999.0,999.0,999.0,616.0,1000.0,0.0,86.0, 0.1505279541015625,0.9006195068359375,0.1034393310546875,-0.39434814453125, 0.87371826171875,-0.072906494140625,0.0989837646484375,0.470611572265625
660, 0.7295219898223877, 1000.0,176.0,0.0,32.0,0.0,0.0,0.0,0.0,0.0,1000.0,0.0,1000.0,1000.0,1000.0,951.0,999.0,999.0,999.0,999.0,616.0,1000.0,0.0,86.0, 0.1505279541015625,0.9006195068359375,0.1034393310546875,-0.39434814453125, 0.8737640380859375,-0.0727081298828125,0.0986175537109375,0.4706268310546875
670, 0.7392160892486572, 1000.0,176.0,0.0,32.0,0.0,0.0,0.0,0.0,0.0,1000.0,0.0,1000.0,1000.0,1000.0,951.0,999.0,999.0,999.0,999.0,616.0,1000.0,0.0,86.0, 0.1505279541015625,0.9006195068359375,0.1034393310546875,-0.39434814453125, 0.8735809326171875,-0.071929931640625,0.100311279296875,0.4707489013671875
680, 0.7491157054901123, 1000.0,175.0,0.0,32.0,0.0,0.0,0.0,0.0,0.0,1000.0,0.0,1000.0,1000.0,1000.0,951.0,999.0,999.0,999.0,999.0,616.0,1000.0,0.0,85.0, -0.2004547119140625,0.6879730224609375,0.6665496826171875,0.2054290771484375, 0.873687744140625,-0.0729827880859375,0.09930419921875,0.470611572265625
690, 0.7591886520385742, 1000.0,175.0,0.0,32.0,0.0,0.0,0.0,0.0,0.0,1000.0,0.0,1000.0,1000.0,1000.0,951.0,999.0,999.0,999.0,999.0,616.0,1000.0,0.0,85.0, -0.2004547119140625,0.6879730224609375,0.6665496826171875,0.2054290771484375, 0.873687744140625,-0.073394775390625,0.09918212890625,0.470550537109375
700, 0.7693257331848145, 1000.0,175.0,0.0,32.0,0.0,0.0,0.0,0.0,0.0,1000.0,0.0,1000.0,1000.0,1000.0,951.0,999.0,999.0,999.0,999.0,616.0,1000.0,0.0,85.0, -0.2004547119140625,0.6879730224609375,0.6665496826171875,0.2054290771484375, 0.87359619140625,-0.0766448974609375,0.0994873046875,0.47015380859375
710, 0.7793526649475098, 1000.0,175.0,0.0,32.0,0.0,0.0,0.0,0.0,0.0,1000.0,0.0,1000.0,1000.0,1000.0,951.0,999.0,999.0,999.0,999.0,616.0,1000.0,0.0,85.0, -0.2004547119140625,0.6879730224609375,0.6665496826171875,0.2054290771484375, 0.8737335205078125,-0.0738372802734375,0.0986480712890625,0.4705047607421875
720, 0.7890594005584717, 1000.0,175.0,0.0,32.0,0.0,0.0,0.0,0.0,0.0,1000.0,0.0,1000.0,1000.0,1000.0,951.0,999.0,999.0,999.0,999.0,616.0,1000.0,0.0,85.0, -0.2004547119140625,0.6879730224609375,0.6665496826171875,0.2054290771484375, 0.873779296875,-0.0722198486328125,0.0985870361328125,0.4706878662109375
730, 0.7993199825286865, 1000.0,175.0,0.0,32.0,0.0,0.0,0.0,0.0,0.0,1000.0,0.0,1000.0,1000.0,1000.0,951.0,999.0,999.0,999.0,999.0,616.0,1000.0,0.0,85.0, -0.2004547119140625,0.6879730224609375,0.6665496826171875,0.2054290771484375, 0.8739013671875,-0.0721282958984375,0.0976715087890625,0.470672607421875
740, 0.8090407848358154, 1000.0,175.0,0.0,32.0,0.0,0.0,0.0,0.0,0.0,1000.0,0.0,1000.0,1000.0,1000.0,951.0,999.0,999.0,999.0,999.0,616.0,1000.0,0.0,85.0, -0.2004547119140625,0.6879730224609375,0.6665496826171875,0.2054290771484375, 0.8739776611328125,-0.0718994140625,0.097015380859375,0.4706878662109375
750, 0.8189728260040283, 1000.0,175.0,0.0,32.0,0.0,0.0,0.0,0.0,0.0,1000.0,0.0,1000.0,1000.0,1000.0,951.0,999.0,999.0,999.0,999.0,616.0,1000.0,0.0,85.0, -0.2004547119140625,0.6879730224609375,0.6665496826171875,0.2054290771484375, 0.873992919921875,-0.072479248046875,0.0968017578125,0.470611572265625
760, 0.8291127681732178, 1000.0,175.0,0.0,32.0,0.0,0.0,0.0,0.0,0.0,1000.0,0.0,1000.0,1000.0,1000.0,951.0,999.0,999.0,999.0,999.0,616.0,1000.0,0.0,85.0, -0.2004547119140625,0.6879730224609375,0.6665496826171875,0.2054290771484375, 0.8738555908203125,-0.0723419189453125,0.0980224609375,0.47064208984375
770, 0.8389503955841064, 1000.0,175.0,0.0,32.0,0.0,0.0,0.0,0.0,0.0,1000.0,0.0,1000.0,1000.0,1000.0,951.0,999.0,999.0,999.0,999.0,616.0,1000.0,0.0,85.0, -0.2004547119140625,0.6879730224609375,0.6665496826171875,0.2054290771484375, 0.8739013671875,-0.07244873046875,0.0977935791015625,0.470611572265625
780, 0.8489484786987305, 1000.0,175.0,0.0,32.0,0.0,0.0,0.0,0.0,0.0,1000.0,0.0,1000.0,1000.0,1000.0,951.0,999.0,999.0,999.0,999.0,616.0,1000.0,0.0,85.0, -0.2004547119140625,0.6879730224609375,0.6665496826171875,0.2054290771484375, 0.8739471435546875,-0.073516845703125,0.097198486328125,0.4704742431640625
790, 0.8590080738067627, 1000.0,175.0,0.0,32.0,0.0,0.0,0.0,0.0,0.0,1000.0,0.0,1000.0,1000.0,1000.0,951.0,999.0,999.0,999.0,999.0,616.0,1000.0,0.0,85.0, -0.2004547119140625,0.6879730224609375,0.6665496826171875,0.2054290771484375, 0.8739471435546875,-0.0735015869140625,0.0972137451171875,0.470458984375
800, 0.8738546371459961, 1000.0,174.0,0.0,32.0,0.0,0.0,0.0,0.0,0.0,1000.0,0.0,1000.0,1000.0,1000.0,952.0,999.0,999.0,999.0,999.0,616.0,1000.0,0.0,85.0, -0.3820037841796875,-0.106170654296875,0.6662445068359375,0.6315765380859375, 0.8739471435546875,-0.073455810546875,0.097259521484375,0.4704742431640625
810, 0.8790733814239502, 1000.0,174.0,0.0,32.0,0.0,0.0,0.0,0.0,0.0,1000.0,0.0,1000.0,1000.0,1000.0,952.0,999.0,999.0,999.0,999.0,616.0,1000.0,0.0,85.0, -0.3820037841796875,-0.106170654296875,0.6662445068359375,0.6315765380859375, 0.87396240234375,-0.0736083984375,0.0971832275390625,0.470428466796875
820, 0.8891339302062988, 1000.0,174.0,0.0,32.0,0.0,0.0,0.0,0.0,0.0,1000.0,0.0,1000.0,1000.0,1000.0,952.0,999.0,999.0,999.0,999.0,616.0,1000.0,0.0,85.0, -0.3820037841796875,-0.106170654296875,0.6662445068359375,0.6315765380859375, 0.87396240234375,-0.07373046875,0.097198486328125,0.4704132080078125
830, 0.8992006778717041, 1000.0,174.0,0.0,32.0,0.0,0.0,0.0,0.0,0.0,1000.0,0.0,1000.0,1000.0,1000.0,952.0,999.0,999.0,999.0,999.0,616.0,1000.0,0.0,85.0, -0.3820037841796875,-0.106170654296875,0.6662445068359375,0.6315765380859375, 0.8739013671875,-0.07379150390625,0.097503662109375,0.470428466796875
840, 0.9092051982879639, 1000.0,174.0,0.0,32.0,0.0,0.0,0.0,0.0,0.0,1000.0,0.0,1000.0,1000.0,1000.0,952.0,999.0,999.0,999.0,999.0,616.0,1000.0,0.0,85.0, -0.3820037841796875,-0.106170654296875,0.6662445068359375,0.6315765380859375, 0.873870849609375,-0.0737762451171875,0.09783935546875,0.4704437255859375
850, 0.9192566871643066, 1000.0,174.0,0.0,32.0,0.0,0.0,0.0,0.0,0.0,1000.0,0.0,1000.0,1000.0,1000.0,952.0,999.0,999.0,999.0,999.0,616.0,1000.0,0.0,85.0, -0.3820037841796875,-0.106170654296875,0.6662445068359375,0.6315765380859375, 0.8738861083984375,-0.073638916015625,0.0977935791015625,0.4704437255859375
860, 0.9292430877685547, 1000.0,174.0,0.0,32.0,0.0,0.0,0.0,0.0,0.0,1000.0,0.0,1000.0,1000.0,1000.0,952.0,999.0,999.0,999.0,999.0,616.0,1000.0,0.0,85.0, -0.3820037841796875,-0.106170654296875,0.6662445068359375,0.6315765380859375, 0.8739013671875,-0.0736236572265625,0.09765625,0.4704437255859375
870, 0.9393565654754639, 1000.0,174.0,0.0,32.0,0.0,0.0,0.0,0.0,0.0,1000.0,0.0,1000.0,1000.0,1000.0,952.0,999.0,999.0,999.0,999.0,616.0,1000.0,0.0,85.0, -0.3820037841796875,-0.106170654296875,0.6662445068359375,0.6315765380859375, 0.8739166259765625,-0.0733184814453125,0.0975341796875,0.4704742431640625
880, 0.9493484497070312, 1000.0,174.0,0.0,32.0,0.0,0.0,0.0,0.0,0.0,1000.0,0.0,1000.0,1000.0,1000.0,952.0,999.0,999.0,999.0,999.0,616.0,1000.0,0.0,85.0, -0.3820037841796875,-0.106170654296875,0.6662445068359375,0.6315765380859375, 0.8739013671875,-0.0736236572265625,0.0976715087890625,0.4704437255859375
890, 0.9591164588928223, 1000.0,174.0,0.0,32.0,0.0,0.0,0.0,0.0,0.0,1000.0,0.0,1000.0,1000.0,1000.0,952.0,999.0,999.0,999.0,999.0,616.0,1000.0,0.0,85.0, -0.3820037841796875,-0.106170654296875,0.6662445068359375,0.6315765380859375, 0.873870849609375,-0.0735626220703125,0.097869873046875,0.470458984375
900, 0.9693105220794678, 1000.0,174.0,0.0,32.0,0.0,0.0,0.0,0.0,0.0,1000.0,0.0,1000.0,1000.0,1000.0,952.0,999.0,999.0,999.0,999.0,616.0,1000.0,0.0,85.0, -0.3820037841796875,-0.106170654296875,0.6662445068359375,0.6315765380859375, 0.873870849609375,-0.0738525390625,0.0978240966796875,0.470428466796875
910, 0.9852204322814941, 1000.0,174.0,0.0,32.0,0.0,0.0,0.0,0.0,0.0,1000.0,0.0,1000.0,1000.0,1000.0,952.0,999.0,999.0,999.0,999.0,616.0,1000.0,0.0,85.0, -0.3820037841796875,-0.106170654296875,0.6662445068359375,0.6315765380859375, 0.8738555908203125,-0.0738677978515625,0.09796142578125,0.470428466796875
920, 0.9890193939208984, 1000.0,174.0,0.0,32.0,0.0,0.0,0.0,0.0,0.0,1000.0,0.0,1000.0,1000.0,1000.0,952.0,999.0,999.0,999.0,999.0,616.0,1000.0,0.0,85.0, -0.3820037841796875,-0.106170654296875,0.6662445068359375,0.6315765380859375, 0.8738555908203125,-0.0737762451171875,0.09796142578125,0.4704437255859375
930, 0.999274730682373, 1000.0,174.0,0.0,32.0,0.0,0.0,0.0,0.0,0.0,1000.0,0.0,1000.0,1000.0,1000.0,952.0,999.0,999.0,999.0,999.0,616.0,1000.0,0.0,85.0, -0.22943115234375,-0.826507568359375,0.0750885009765625,0.508514404296875, 0.8737945556640625,-0.0741424560546875,0.0984039306640625,0.4704132080078125
940, 1.0091252326965332, 1000.0,174.0,0.0,32.0,0.0,0.0,0.0,0.0,0.0,1000.0,0.0,1000.0,1000.0,1000.0,952.0,999.0,999.0,999.0,999.0,616.0,1000.0,0.0,85.0, -0.22943115234375,-0.826507568359375,0.0750885009765625,0.508514404296875, 0.873809814453125,-0.0735626220703125,0.0984649658203125,0.470458984375
950, 1.0192975997924805, 1000.0,174.0,0.0,32.0,0.0,0.0,0.0,0.0,0.0,1000.0,0.0,1000.0,1000.0,1000.0,952.0,999.0,999.0,999.0,999.0,616.0,1000.0,0.0,85.0, -0.22943115234375,-0.826507568359375,0.0750885009765625,0.508514404296875, 0.873748779296875,-0.0734100341796875,0.0988311767578125,0.4705047607421875
960, 1.0291965007781982, 1000.0,174.0,0.0,32.0,0.0,0.0,0.0,0.0,0.0,1000.0,0.0,1000.0,1000.0,1000.0,952.0,999.0,999.0,999.0,999.0,616.0,1000.0,0.0,85.0, -0.22943115234375,-0.826507568359375,0.0750885009765625,0.508514404296875, 0.873626708984375,-0.0738067626953125,0.099700927734375,0.470489501953125
970, 1.0392463207244873, 1000.0,174.0,0.0,32.0,0.0,0.0,0.0,0.0,0.0,1000.0,0.0,1000.0,1000.0,1000.0,952.0,999.0,999.0,999.0,999.0,616.0,1000.0,0.0,85.0, -0.22943115234375,-0.826507568359375,0.0750885009765625,0.508514404296875, 0.873687744140625,-0.073577880859375,0.099365234375,0.470489501953125
980, 1.0492656230926514, 1000.0,174.0,0.0,32.0,0.0,0.0,0.0,0.0,0.0,1000.0,0.0,1000.0,1000.0,1000.0,952.0,999.0,999.0,999.0,999.0,616.0,1000.0,0.0,85.0, -0.22943115234375,-0.826507568359375,0.0750885009765625,0.508514404296875, 0.873565673828125,-0.0738525390625,0.100311279296875,0.4704742431640625
990, 1.0591340065002441, 1000.0,174.0,0.0,32.0,0.0,0.0,0.0,0.0,0.0,1000.0,0.0,1000.0,1000.0,1000.0,952.0,999.0,999.0,999.0,999.0,616.0,1000.0,0.0,85.0, -0.22943115234375,-0.826507568359375,0.0750885009765625,0.508514404296875, 0.8737030029296875,-0.0731964111328125,0.0994110107421875,0.47052001953125
1000, 1.0692505836486816, 1000.0,174.0,0.0,32.0,0.0,0.0,0.0,0.0,0.0,1000.0,0.0,1000.0,1000.0,1000.0,952.0,999.0,999.0,999.0,999.0,616.0,1000.0,0.0,85.0, -0.22943115234375,-0.826507568359375,0.0750885009765625,0.508514404296875, 0.8737335205078125,-0.0733184814453125,0.099090576171875,0.4705047607421875
1010, 1.0793545246124268, 1000.0,174.0,0.0,32.0,0.0,0.0,0.0,0.0,0.0,1000.0,0.0,1000.0,1000.0,1000.0,952.0,999.0,999.0,999.0,999.0,616.0,1000.0,0.0,85.0, -0.22943115234375,-0.826507568359375,0.0750885009765625,0.508514404296875, 0.8737030029296875,-0.0729522705078125,0.099365234375,0.470550537109375
1020, 1.08931565284729, 1000.0,174.0,0.0,32.0,0.0,0.0,0.0,0.0,0.0,1000.0,0.0,1000.0,1000.0,1000.0,952.0,999.0,999.0,999.0,999.0,616.0,1000.0,0.0,85.0, -0.22943115234375,-0.826507568359375,0.0750885009765625,0.508514404296875, 0.873687744140625,-0.072296142578125,0.0997161865234375,0.4706268310546875
1030, 1.099165916442871, 1000.0,174.0,0.0,32.0,0.0,0.0,0.0,0.0,0.0,1000.0,0.0,1000.0,1000.0,1000.0,952.0,999.0,999.0,999.0,999.0,616.0,1000.0,0.0,85.0, -0.22943115234375,-0.826507568359375,0.0750885009765625,0.508514404296875, 0.873687744140625,-0.072357177734375,0.0997314453125,0.4705963134765625
1040, 1.1090950965881348, 1000.0,174.0,0.0,32.0,0.0,0.0,0.0,0.0,0.0,1000.0,0.0,1000.0,1000.0,1000.0,952.0,999.0,999.0,999.0,999.0,616.0,1000.0,0.0,85.0, -0.22943115234375,-0.826507568359375,0.0750885009765625,0.508514404296875, 0.8736724853515625,-0.0729522705078125,0.0997314453125,0.470550537109375
1050, 1.1192970275878906, 1000.0,174.0,0.0,32.0,0.0,0.0,0.0,0.0,0.0,1000.0,0.0,1000.0,1000.0,1000.0,952.0,999.0,999.0,999.0,999.0,616.0,1000.0,0.0,85.0, 0.117706298828125,-0.814178466796875,-0.5662384033203125,-0.0511627197265625, 0.8736114501953125,-0.073272705078125,0.100189208984375,0.4705047607421875
1060, 1.1291553974151611, 1000.0,174.0,0.0,32.0,0.0,0.0,0.0,0.0,0.0,1000.0,0.0,1000.0,1000.0,1000.0,952.0,999.0,999.0,999.0,999.0,616.0,1000.0,0.0,85.0, 0.117706298828125,-0.814178466796875,-0.5662384033203125,-0.0511627197265625, 0.87371826171875,-0.0734100341796875,0.099395751953125,0.470458984375
1070, 1.1469931602478027, 1000.0,174.0,0.0,32.0,0.0,0.0,0.0,0.0,0.0,1000.0,0.0,1000.0,1000.0,1000.0,952.0,999.0,999.0,999.0,999.0,616.0,1000.0,0.0,85.0, 0.117706298828125,-0.814178466796875,-0.5662384033203125,-0.0511627197265625, 0.8736572265625,-0.0737457275390625,0.0998382568359375,0.4704132080078125
1080, 1.1506626605987549, 1000.0,174.0,0.0,32.0,0.0,0.0,0.0,0.0,0.0,1000.0,0.0,1000.0,1000.0,1000.0,952.0,999.0,999.0,999.0,999.0,616.0,1000.0,0.0,85.0, 0.117706298828125,-0.814178466796875,-0.5662384033203125,-0.0511627197265625, 0.8736572265625,-0.072784423828125,0.099945068359375,0.4705352783203125
1090, 1.1591203212738037, 1000.0,174.0,0.0,32.0,0.0,0.0,0.0,0.0,0.0,1000.0,0.0,1000.0,1000.0,1000.0,952.0,999.0,999.0,999.0,999.0,616.0,1000.0,0.0,85.0, 0.117706298828125,-0.814178466796875,-0.5662384033203125,-0.0511627197265625, 0.8736114501953125,-0.0737457275390625,0.100250244140625,0.470428466796875
1100, 1.1692297458648682, 1000.0,174.0,0.0,32.0,0.0,0.0,0.0,0.0,0.0,1000.0,0.0,1000.0,1000.0,1000.0,952.0,999.0,999.0,999.0,999.0,616.0,1000.0,0.0,85.0, 0.117706298828125,-0.814178466796875,-0.5662384033203125,-0.0511627197265625, 0.8738555908203125,-0.0739898681640625,0.0981597900390625,0.4703521728515625
1110, 1.1793041229248047, 1000.0,174.0,0.0,32.0,0.0,0.0,0.0,0.0,0.0,1000.0,0.0,1000.0,1000.0,1000.0,952.0,999.0,999.0,999.0,999.0,616.0,1000.0,0.0,85.0, 0.117706298828125,-0.814178466796875,-0.5662384033203125,-0.0511627197265625, 0.873870849609375,-0.07476806640625,0.0979766845703125,0.4702606201171875
1120, 1.189211368560791, 1000.0,174.0,0.0,32.0,0.0,0.0,0.0,0.0,0.0,1000.0,0.0,1000.0,1000.0,1000.0,952.0,999.0,999.0,999.0,999.0,616.0,1000.0,0.0,85.0, 0.117706298828125,-0.814178466796875,-0.5662384033203125,-0.0511627197265625, 0.873809814453125,-0.07513427734375,0.098358154296875,0.47021484375
1130, 1.1991000175476074, 1000.0,174.0,0.0,32.0,0.0,0.0,0.0,0.0,0.0,1000.0,0.0,1000.0,1000.0,1000.0,952.0,999.0,999.0,999.0,999.0,616.0,1000.0,0.0,85.0, 0.117706298828125,-0.814178466796875,-0.5662384033203125,-0.0511627197265625, 0.8738861083984375,-0.0732269287109375,0.0981903076171875,0.470428466796875
1140, 1.209240436553955, 1000.0,174.0,0.0,32.0,0.0,0.0,0.0,0.0,0.0,1000.0,0.0,1000.0,1000.0,1000.0,952.0,999.0,999.0,999.0,999.0,616.0,1000.0,0.0,85.0, 0.117706298828125,-0.814178466796875,-0.5662384033203125,-0.0511627197265625, 0.873870849609375,-0.0727081298828125,0.0983428955078125,0.470489501953125
1150, 1.219369888305664, 1000.0,174.0,0.0,32.0,0.0,0.0,0.0,0.0,0.0,1000.0,0.0,1000.0,1000.0,1000.0,952.0,999.0,999.0,999.0,999.0,616.0,1000.0,0.0,85.0, 0.117706298828125,-0.814178466796875,-0.5662384033203125,-0.0511627197265625, 0.87371826171875,-0.072845458984375,0.0995635986328125,0.470489501953125
1160, 1.2291333675384521, 1000.0,174.0,0.0,32.0,0.0,0.0,0.0,0.0,0.0,1000.0,0.0,1000.0,1000.0,1000.0,952.0,999.0,999.0,999.0,999.0,616.0,1000.0,0.0,85.0, 0.117706298828125,-0.814178466796875,-0.5662384033203125,-0.0511627197265625, 0.8737945556640625,-0.0731964111328125,0.0989837646484375,0.4704437255859375
1170, 1.2393169403076172, 1000.0,173.0,0.0,32.0,0.0,0.0,0.0,0.0,0.0,1000.0,0.0,1000.0,1000.0,1000.0,951.0,999.0,999.0,999.0,999.0,616.0,1000.0,0.0,85.0, 0.3653717041015625,-0.1136627197265625,-0.7289581298828125,-0.5676116943359375, 0.8738250732421875,-0.071624755859375,0.098876953125,0.4706268310546875
1180, 1.250614881515503, 1000.0,173.0,0.0,32.0,0.0,0.0,0.0,0.0,0.0,1000.0,0.0,1000.0,1000.0,1000.0,951.0,999.0,999.0,999.0,999.0,616.0,1000.0,0.0,85.0, 0.3653717041015625,-0.1136627197265625,-0.7289581298828125,-0.5676116943359375, 0.873931884765625,-0.07159423828125,0.097991943359375,0.47064208984375
1190, 1.2592222690582275, 1000.0,173.0,0.0,32.0,0.0,0.0,0.0,0.0,0.0,1000.0,0.0,1000.0,1000.0,1000.0,951.0,999.0,999.0,999.0,999.0,616.0,1000.0,0.0,85.0, 0.3653717041015625,-0.1136627197265625,-0.7289581298828125,-0.5676116943359375, 0.8738861083984375,-0.0732879638671875,0.098052978515625,0.4704437255859375
1200, 1.2691516876220703, 1000.0,173.0,0.0,32.0,0.0,0.0,0.0,0.0,0.0,1000.0,0.0,1000.0,1000.0,1000.0,951.0,999.0,999.0,999.0,999.0,616.0,1000.0,0.0,85.0, 0.3653717041015625,-0.1136627197265625,-0.7289581298828125,-0.5676116943359375, 0.8738555908203125,-0.0724029541015625,0.0984344482421875,0.4705352783203125
1210, 1.2793571949005127, 1000.0,173.0,0.0,32.0,0.0,0.0,0.0,0.0,0.0,1000.0,0.0,1000.0,1000.0,1000.0,951.0,999.0,999.0,999.0,999.0,616.0,1000.0,0.0,85.0, 0.3653717041015625,-0.1136627197265625,-0.7289581298828125,-0.5676116943359375, 0.873748779296875,-0.074798583984375,0.0990447998046875,0.4702606201171875
1220, 1.2892436981201172, 1000.0,173.0,0.0,32.0,0.0,0.0,0.0,0.0,0.0,1000.0,0.0,1000.0,1000.0,1000.0,951.0,999.0,999.0,999.0,999.0,616.0,1000.0,0.0,85.0, 0.3653717041015625,-0.1136627197265625,-0.7289581298828125,-0.5676116943359375, 0.8737945556640625,-0.0728607177734375,0.098968505859375,0.470489501953125
1230, 1.3097031116485596, 1000.0,173.0,0.0,32.0,0.0,0.0,0.0,0.0,0.0,1000.0,0.0,1000.0,1000.0,1000.0,951.0,999.0,999.0,999.0,999.0,616.0,1000.0,0.0,85.0, 0.3653717041015625,-0.1136627197265625,-0.7289581298828125,-0.5676116943359375, 0.873687744140625,-0.0728302001953125,0.099853515625,0.4705047607421875
1240, 1.3193359375, 1000.0,173.0,0.0,32.0,0.0,0.0,0.0,0.0,0.0,1000.0,0.0,1000.0,1000.0,1000.0,951.0,999.0,999.0,999.0,999.0,616.0,1000.0,0.0,85.0, 0.3653717041015625,-0.1136627197265625,-0.7289581298828125,-0.5676116943359375, 0.8737945556640625,-0.0727386474609375,0.0989837646484375,0.470489501953125
1250, 1.3293609619140625, 1000.0,173.0,0.0,32.0,0.0,0.0,0.0,0.0,0.0,1000.0,0.0,1000.0,1000.0,1000.0,951.0,999.0,999.0,999.0,999.0,616.0,1000.0,0.0,85.0, 0.3653717041015625,-0.1136627197265625,-0.7289581298828125,-0.5676116943359375, 0.8741912841796875,-0.0730438232421875,0.095855712890625,0.4703826904296875
1260, 1.3392307758331299, 1000.0,173.0,0.0,32.0,0.0,0.0,0.0,0.0,0.0,1000.0,0.0,1000.0,1000.0,1000.0,951.0,999.0,999.0,999.0,999.0,616.0,1000.0,0.0,85.0, 0.3653717041015625,-0.1136627197265625,-0.7289581298828125,-0.5676116943359375, 0.87408447265625,-0.0723724365234375,0.0967559814453125,0.4704742431640625
1270, 1.3493759632110596, 1000.0,173.0,0.0,32.0,0.0,0.0,0.0,0.0,0.0,1000.0,0.0,1000.0,1000.0,1000.0,951.0,999.0,999.0,999.0,999.0,616.0,1000.0,0.0,85.0, 0.3653717041015625,-0.1136627197265625,-0.7289581298828125,-0.5676116943359375, 0.8739013671875,-0.0751190185546875,0.097930908203125,0.47015380859375
1280, 1.3591690063476562, 1000.0,173.0,0.0,32.0,0.0,0.0,0.0,0.0,0.0,1000.0,0.0,1000.0,1000.0,1000.0,951.0,999.0,999.0,999.0,999.0,616.0,1000.0,0.0,85.0, 0.3653717041015625,-0.1136627197265625,-0.7289581298828125,-0.5676116943359375, 0.873779296875,-0.0735321044921875,0.0991668701171875,0.470367431640625
1290, 1.3691625595092773, 1000.0,173.0,0.0,32.0,0.0,0.0,0.0,0.0,0.0,1000.0,0.0,1000.0,1000.0,1000.0,951.0,999.0,999.0,999.0,999.0,616.0,1000.0,0.0,85.0, 0.29534912109375,0.7055816650390625,-0.2493743896484375,-0.593902587890625, 0.8737945556640625,-0.0735321044921875,0.099090576171875,0.4703521728515625
1300, 1.3792486190795898, 1000.0,173.0,0.0,32.0,0.0,0.0,0.0,0.0,0.0,1000.0,0.0,1000.0,1000.0,1000.0,951.0,999.0,999.0,999.0,999.0,616.0,1000.0,0.0,85.0, 0.29534912109375,0.7055816650390625,-0.2493743896484375,-0.593902587890625, 0.8737945556640625,-0.0735015869140625,0.09912109375,0.4703521728515625
1310, 1.3892889022827148, 1000.0,173.0,0.0,32.0,0.0,0.0,0.0,0.0,0.0,1000.0,0.0,1000.0,1000.0,1000.0,951.0,999.0,999.0,999.0,999.0,616.0,1000.0,0.0,85.0, 0.29534912109375,0.7055816650390625,-0.2493743896484375,-0.593902587890625, 0.8737945556640625,-0.073455810546875,0.0991363525390625,0.4703521728515625
1320, 1.399172306060791, 1000.0,173.0,0.0,32.0,0.0,0.0,0.0,0.0,0.0,1000.0,0.0,1000.0,1000.0,1000.0,951.0,999.0,999.0,999.0,999.0,616.0,1000.0,0.0,85.0, 0.29534912109375,0.7055816650390625,-0.2493743896484375,-0.593902587890625, 0.873779296875,-0.073699951171875,0.099090576171875,0.4703521728515625
1330, 1.4092435836791992, 1000.0,173.0,0.0,32.0,0.0,0.0,0.0,0.0,0.0,1000.0,0.0,1000.0,1000.0,1000.0,951.0,999.0,999.0,999.0,999.0,616.0,1000.0,0.0,85.0, 0.29534912109375,0.7055816650390625,-0.2493743896484375,-0.593902587890625, 0.873779296875,-0.07379150390625,0.0990753173828125,0.4703369140625
1340, 1.4195613861083984, 1000.0,173.0,0.0,32.0,0.0,0.0,0.0,0.0,0.0,1000.0,0.0,1000.0,1000.0,1000.0,951.0,999.0,999.0,999.0,999.0,616.0,1000.0,0.0,85.0, 0.29534912109375,0.7055816650390625,-0.2493743896484375,-0.593902587890625, 0.873779296875,-0.0737152099609375,0.09912109375,0.4703521728515625
1350, 1.4291839599609375, 1000.0,173.0,0.0,32.0,0.0,0.0,0.0,0.0,0.0,1000.0,0.0,1000.0,1000.0,1000.0,951.0,999.0,999.0,999.0,999.0,616.0,1000.0,0.0,85.0, 0.29534912109375,0.7055816650390625,-0.2493743896484375,-0.593902587890625, 0.873809814453125,-0.07379150390625,0.0988616943359375,0.4703369140625
1360, 1.4394581317901611, 1000.0,173.0,0.0,32.0,0.0,0.0,0.0,0.0,0.0,1000.0,0.0,1000.0,1000.0,1000.0,951.0,999.0,999.0,999.0,999.0,616.0,1000.0,0.0,85.0, 0.29534912109375,0.7055816650390625,-0.2493743896484375,-0.593902587890625, 0.873809814453125,-0.073516845703125,0.098846435546875,0.4703826904296875
1370, 1.449357509613037, 1000.0,173.0,0.0,32.0,0.0,0.0,0.0,0.0,0.0,1000.0,0.0,1000.0,1000.0,1000.0,951.0,999.0,999.0,999.0,999.0,616.0,1000.0,0.0,85.0, 0.29534912109375,0.7055816650390625,-0.2493743896484375,-0.593902587890625, 0.8738250732421875,-0.0736236572265625,0.098724365234375,0.470367431640625
1380, 1.4591684341430664, 1000.0,173.0,0.0,32.0,0.0,0.0,0.0,0.0,0.0,1000.0,0.0,1000.0,1000.0,1000.0,951.0,999.0,999.0,999.0,999.0,616.0,1000.0,0.0,85.0, 0.29534912109375,0.7055816650390625,-0.2493743896484375,-0.593902587890625, 0.873809814453125,-0.0735931396484375,0.098846435546875,0.4703826904296875
1390, 1.4692046642303467, 1000.0,173.0,0.0,32.0,0.0,0.0,0.0,0.0,0.0,1000.0,0.0,1000.0,1000.0,1000.0,951.0,999.0,999.0,999.0,999.0,616.0,1000.0,0.0,85.0, 0.29534912109375,0.7055816650390625,-0.2493743896484375,-0.593902587890625, 0.8737945556640625,-0.073089599609375,0.098968505859375,0.470458984375
1400, 1.4792332649230957, 1000.0,173.0,0.0,32.0,0.0,0.0,0.0,0.0,0.0,1000.0,0.0,1000.0,1000.0,1000.0,951.0,999.0,999.0,999.0,999.0,616.0,1000.0,0.0,85.0, 0.29534912109375,0.7055816650390625,-0.2493743896484375,-0.593902587890625, 0.873809814453125,-0.0733184814453125,0.0988006591796875,0.470428466796875
1410, 1.489213466644287, 1000.0,173.0,0.0,32.0,0.0,0.0,0.0,0.0,0.0,1000.0,0.0,1000.0,1000.0,1000.0,951.0,999.0,999.0,999.0,999.0,616.0,1000.0,0.0,85.0, 0.29534912109375,0.7055816650390625,-0.2493743896484375,-0.593902587890625, 0.8737945556640625,-0.0737152099609375,0.098876953125,0.4703826904296875
1420, 1.499309778213501, 1000.0,172.0,0.0,32.0,0.0,0.0,0.0,0.0,0.0,1000.0,0.0,1000.0,1000.0,1000.0,952.0,999.0,999.0,999.0,999.0,616.0,1000.0,0.0,85.0, -0.0283050537109375,0.8942718505859375,0.4338531494140625,-0.105987548828125, 0.873809814453125,-0.07403564453125,0.098724365234375,0.4703216552734375
1430, 1.5095410346984863, 1000.0,172.0,0.0,32.0,0.0,0.0,0.0,0.0,0.0,1000.0,0.0,1000.0,1000.0,1000.0,952.0,999.0,999.0,999.0,999.0,616.0,1000.0,0.0,85.0, -0.0283050537109375,0.8942718505859375,0.4338531494140625,-0.105987548828125, 0.8737945556640625,-0.07330322265625,0.0989990234375,0.4704132080078125
1440, 1.519413948059082, 1000.0,172.0,0.0,32.0,0.0,0.0,0.0,0.0,0.0,1000.0,0.0,1000.0,1000.0,1000.0,952.0,999.0,999.0,999.0,999.0,616.0,1000.0,0.0,85.0, -0.0283050537109375,0.8942718505859375,0.4338531494140625,-0.105987548828125, 0.8737945556640625,-0.07366943359375,0.098968505859375,0.470367431640625
1450, 1.529177188873291, 1000.0,172.0,0.0,32.0,0.0,0.0,0.0,0.0,0.0,1000.0,0.0,1000.0,1000.0,1000.0,952.0,999.0,999.0,999.0,999.0,616.0,1000.0,0.0,85.0, -0.0283050537109375,0.8942718505859375,0.4338531494140625,-0.105987548828125, 0.8736724853515625,-0.07427978515625,0.0998687744140625,0.470306396484375
1460, 1.5393462181091309, 1000.0,172.0,0.0,32.0,0.0,0.0,0.0,0.0,0.0,1000.0,0.0,1000.0,1000.0,1000.0,952.0,999.0,999.0,999.0,999.0,616.0,1000.0,0.0,85.0, -0.0283050537109375,0.8942718505859375,0.4338531494140625,-0.105987548828125, 0.8737030029296875,-0.0740509033203125,0.099761962890625,0.470306396484375
1470, 1.5493392944335938, 1000.0,172.0,0.0,32.0,0.0,0.0,0.0,0.0,0.0,1000.0,0.0,1000.0,1000.0,1000.0,952.0,999.0,999.0,999.0,999.0,616.0,1000.0,0.0,85.0, -0.0283050537109375,0.8942718505859375,0.4338531494140625,-0.105987548828125, 0.8737945556640625,-0.07470703125,0.0988616943359375,0.47021484375
1480, 1.5591809749603271, 1000.0,172.0,0.0,32.0,0.0,0.0,0.0,0.0,0.0,1000.0,0.0,1000.0,1000.0,1000.0,952.0,999.0,999.0,999.0,999.0,616.0,1000.0,0.0,85.0, -0.0283050537109375,0.8942718505859375,0.4338531494140625,-0.105987548828125, 0.8739166259765625,-0.072845458984375,0.098236083984375,0.470428466796875
1490, 1.5692808628082275, 1000.0,172.0,0.0,32.0,0.0,0.0,0.0,0.0,0.0,1000.0,0.0,1000.0,1000.0,1000.0,952.0,999.0,999.0,999.0,999.0,616.0,1000.0,0.0,85.0, -0.0283050537109375,0.8942718505859375,0.4338531494140625,-0.105987548828125, 0.87384033203125,-0.0726318359375,0.098876953125,0.470458984375
1500, 1.5807452201843262, 1000.0,172.0,0.0,32.0,0.0,0.0,0.0,0.0,0.0,1000.0,0.0,1000.0,1000.0,1000.0,952.0,999.0,999.0,999.0,999.0,616.0,1000.0,0.0,85.0, -0.0283050537109375,0.8942718505859375,0.4338531494140625,-0.105987548828125, 0.8737945556640625,-0.072601318359375,0.0992584228515625,0.470458984375
1510, 1.5891990661621094, 1000.0,172.0,0.0,32.0,0.0,0.0,0.0,0.0,0.0,1000.0,0.0,1000.0,1000.0,1000.0,952.0,999.0,999.0,999.0,999.0,616.0,1000.0,0.0,85.0, -0.0283050537109375,0.8942718505859375,0.4338531494140625,-0.105987548828125, 0.873687744140625,-0.0735015869140625,0.100067138671875,0.4703521728515625
1520, 1.5991711616516113, 1000.0,172.0,0.0,32.0,0.0,0.0,0.0,0.0,0.0,1000.0,0.0,1000.0,1000.0,1000.0,952.0,999.0,999.0,999.0,999.0,616.0,1000.0,0.0,85.0, -0.0283050537109375,0.8942718505859375,0.4338531494140625,-0.105987548828125, 0.8736572265625,-0.0733489990234375,0.100372314453125,0.4703826904296875
1530, 1.6093122959136963, 1000.0,172.0,0.0,32.0,0.0,0.0,0.0,0.0,0.0,1000.0,0.0,1000.0,1000.0,1000.0,952.0,999.0,999.0,999.0,999.0,616.0,1000.0,0.0,85.0, -0.0283050537109375,0.8942718505859375,0.4338531494140625,-0.105987548828125, 0.873748779296875,-0.07427978515625,0.099517822265625,0.470245361328125
1540, 1.6193366050720215, 1000.0,171.0,0.0,32.0,0.0,0.0,0.0,0.0,0.0,1000.0,0.0,1000.0,1000.0,1000.0,951.0,999.0,999.0,999.0,999.0,616.0,1000.0,0.0,85.0, -0.3280487060546875,0.3270721435546875,0.7503814697265625,0.4715118408203125, 0.8737335205078125,-0.0743408203125,0.0996246337890625,0.470245361328125
1550, 1.629227638244629, 1000.0,171.0,0.0,32.0,0.0,0.0,0.0,0.0,0.0,1000.0,0.0,1000.0,1000.0,1000.0,951.0,999.0,999.0,999.0,999.0,616.0,1000.0,0.0,85.0, -0.3280487060546875,0.3270721435546875,0.7503814697265625,0.4715118408203125, 0.8736724853515625,-0.0744171142578125,0.1001434326171875,0.4702301025390625
1560, 1.639275312423706, 1000.0,171.0,0.0,32.0,0.0,0.0,0.0,0.0,0.0,1000.0,0.0,1000.0,1000.0,1000.0,951.0,999.0,999.0,999.0,999.0,616.0,1000.0,0.0,85.0, -0.3280487060546875,0.3270721435546875,0.7503814697265625,0.4715118408203125, 0.873748779296875,-0.073883056640625,0.0995635986328125,0.4702911376953125
1570, 1.649282455444336, 1000.0,171.0,0.0,32.0,0.0,0.0,0.0,0.0,0.0,1000.0,0.0,1000.0,1000.0,1000.0,951.0,999.0,999.0,999.0,999.0,616.0,1000.0,0.0,85.0, -0.3280487060546875,0.3270721435546875,0.7503814697265625,0.4715118408203125, 0.8737640380859375,-0.073974609375,0.0994720458984375,0.4702606201171875
1580, 1.6592292785644531, 1000.0,171.0,0.0,32.0,0.0,0.0,0.0,0.0,0.0,1000.0,0.0,1000.0,1000.0,1000.0,951.0,999.0,999.0,999.0,999.0,616.0,1000.0,0.0,85.0, -0.3280487060546875,0.3270721435546875,0.7503814697265625,0.4715118408203125, 0.873687744140625,-0.0755615234375,0.0997772216796875,0.4700927734375
1590, 1.6692097187042236, 1000.0,171.0,0.0,32.0,0.0,0.0,0.0,0.0,0.0,1000.0,0.0,1000.0,1000.0,1000.0,951.0,999.0,999.0,999.0,999.0,616.0,1000.0,0.0,85.0, -0.3280487060546875,0.3270721435546875,0.7503814697265625,0.4715118408203125, 0.8736572265625,-0.074951171875,0.1000823974609375,0.4701690673828125
1600, 1.6793878078460693, 1000.0,171.0,0.0,32.0,0.0,0.0,0.0,0.0,0.0,1000.0,0.0,1000.0,1000.0,1000.0,951.0,999.0,999.0,999.0,999.0,616.0,1000.0,0.0,85.0, -0.3280487060546875,0.3270721435546875,0.7503814697265625,0.4715118408203125, 0.8737335205078125,-0.0739593505859375,0.09979248046875,0.4702606201171875
1610, 1.6902740001678467, 1000.0,171.0,0.0,32.0,0.0,0.0,0.0,0.0,0.0,1000.0,0.0,1000.0,1000.0,1000.0,951.0,999.0,999.0,999.0,999.0,616.0,1000.0,0.0,85.0, -0.3280487060546875,0.3270721435546875,0.7503814697265625,0.4715118408203125, 0.8739166259765625,-0.074554443359375,0.0980987548828125,0.4701690673828125
1620, 1.699164867401123, 1000.0,171.0,0.0,32.0,0.0,0.0,0.0,0.0,0.0,1000.0,0.0,1000.0,1000.0,1000.0,951.0,999.0,999.0,999.0,999.0,616.0,1000.0,0.0,85.0, -0.3280487060546875,0.3270721435546875,0.7503814697265625,0.4715118408203125, 0.873809814453125,-0.076507568359375,0.0986785888671875,0.469940185546875
1630, 1.7093074321746826, 1000.0,171.0,0.0,32.0,0.0,0.0,0.0,0.0,0.0,1000.0,0.0,1000.0,1000.0,1000.0,951.0,999.0,999.0,999.0,999.0,616.0,1000.0,0.0,85.0, -0.3280487060546875,0.3270721435546875,0.7503814697265625,0.4715118408203125, 0.8739013671875,-0.0757293701171875,0.098052978515625,0.4700164794921875
1640, 1.7194290161132812, 1000.0,171.0,0.0,32.0,0.0,0.0,0.0,0.0,0.0,1000.0,0.0,1000.0,1000.0,1000.0,951.0,999.0,999.0,999.0,999.0,616.0,1000.0,0.0,85.0, -0.3280487060546875,0.3270721435546875,0.7503814697265625,0.4715118408203125, 0.87384033203125,-0.0765380859375,0.0985107421875,0.4699249267578125
