6560, 6.68083381652832, 1000.0,154.0,0.0,0.0,0.0,0.0,0.0,0.0,0.0,1000.0,0.0,750.0,1000.0,666.0,957.0,999.0,999.0,999.0,999.0,635.0,1000.0,0.0,243.0, 0.96588134765625,-0.0189361572265625,-0.0526580810546875,0.2528228759765625, 0.9889678955078125,0.0006866455078125,0.1415863037109375,-0.043212890625
6570, 6.689610481262207, 1000.0,154.0,0.0,0.0,0.0,0.0,0.0,0.0,0.0,1000.0,0.0,750.0,1000.0,666.0,957.0,999.0,999.0,999.0,999.0,635.0,1000.0,0.0,243.0, 0.96588134765625,-0.0189361572265625,-0.0526580810546875,0.2528228759765625, 0.988800048828125,0.00128173828125,0.142791748046875,-0.0431365966796875
6580, 6.699639320373535, 1000.0,153.0,0.0,0.0,0.0,0.0,0.0,0.0,0.0,1000.0,0.0,750.0,1000.0,666.0,957.0,999.0,999.0,999.0,999.0,635.0,1000.0,0.0,239.0, 0.9658355712890625,-0.0187530517578125,-0.0526123046875,0.2530517578125, 0.9889373779296875,-0.00054931640625,0.1417999267578125,-0.04339599609375
6590, 6.709921836853027, 1000.0,152.0,0.0,0.0,0.0,0.0,0.0,0.0,0.0,1000.0,0.0,750.0,1000.0,666.0,957.0,999.0,999.0,999.0,999.0,635.0,1000.0,0.0,240.0, 0.9658050537109375,-0.0185546875,-0.0524139404296875,0.2531890869140625, 0.98883056640625,3.0517578125e-05,0.1425323486328125,-0.0433197021484375
6600, 6.719715118408203, 1000.0,151.0,0.0,0.0,0.0,0.0,0.0,0.0,0.0,1000.0,0.0,750.0,1000.0,666.0,957.0,999.0,999.0,999.0,999.0,635.0,1000.0,0.0,241.0, 0.965789794921875,-0.0184783935546875,-0.0523529052734375,0.2532806396484375, 0.989044189453125,0.000701904296875,0.141143798828125,-0.043212890625
6610, 6.729837417602539, 1000.0,152.0,0.0,0.0,0.0,0.0,0.0,0.0,0.0,1000.0,0.0,750.0,1000.0,666.0,956.0,999.0,999.0,999.0,999.0,635.0,1000.0,0.0,241.0, 0.96575927734375,-0.018402099609375,-0.052215576171875,0.2534027099609375, 0.98895263671875,0.0017852783203125,0.1417999267578125,-0.043060302734375
6620, 6.739778518676758, 1000.0,152.0,0.0,0.0,0.0,0.0,0.0,0.0,0.0,1000.0,0.0,750.0,1000.0,666.0,955.0,999.0,999.0,999.0,999.0,635.0,1000.0,0.0,241.0, 0.9656982421875,-0.0181121826171875,-0.052459716796875,0.2536163330078125, 0.9893646240234375,0.001007080078125,0.1388092041015625,-0.0431671142578125
6630, 6.750052452087402, 1000.0,152.0,0.0,0.0,0.0,0.0,0.0,0.0,0.0,1000.0,0.0,750.0,1000.0,1000.0,955.0,999.0,999.0,999.0,999.0,635.0,1000.0,0.0,242.0, 0.965667724609375,-0.0179443359375,-0.0525970458984375,0.25372314453125, 0.989227294921875,0.0010528564453125,0.139862060546875,-0.04315185546875
6640, 6.759835243225098, 1000.0,151.0,0.0,0.0,0.0,0.0,0.0,0.0,0.0,1000.0,0.0,750.0,1000.0,666.0,955.0,999.0,999.0,999.0,999.0,635.0,1000.0,0.0,241.0, 0.9656829833984375,-0.0177764892578125,-0.0525665283203125,0.2537078857421875, 0.9890289306640625,-0.0001678466796875,0.1411590576171875,-0.0433197021484375
6650, 6.769863605499268, 1000.0,151.0,0.0,0.0,0.0,0.0,0.0,0.0,0.0,1000.0,0.0,750.0,1000.0,666.0,955.0,999.0,999.0,999.0,999.0,635.0,1000.0,0.0,240.0, 0.96563720703125,-0.017822265625,-0.0526885986328125,0.2538299560546875, 0.9892425537109375,0.000701904296875,0.1397552490234375,-0.043182373046875
6660, 6.7801289558410645, 1000.0,152.0,0.0,0.0,0.0,0.0,0.0,0.0,0.0,1000.0,0.0,750.0,1000.0,666.0,955.0,999.0,999.0,999.0,999.0,635.0,1000.0,0.0,239.0, 0.9655914306640625,-0.0178070068359375,-0.0528564453125,0.25396728515625, 0.98876953125,0.0016326904296875,0.1430511474609375,-0.0430450439453125
6670, 6.789792060852051, 1000.0,153.0,0.0,0.0,0.0,0.0,0.0,0.0,0.0,1000.0,0.0,750.0,1000.0,666.0,955.0,999.0,999.0,999.0,999.0,635.0,1000.0,0.0,239.0, 0.9655609130859375,-0.0178375244140625,-0.0528564453125,0.2540740966796875, 0.98834228515625,0.0,0.1459503173828125,-0.0432586669921875
6680, 6.799871444702148, 1000.0,152.0,0.0,0.0,0.0,0.0,0.0,0.0,0.0,1000.0,0.0,750.0,1000.0,1000.0,955.0,999.0,999.0,999.0,999.0,635.0,1000.0,0.0,241.0, 0.96551513671875,-0.0179901123046875,-0.053009033203125,0.2541961669921875, 0.9883880615234375,0.000518798828125,0.1455841064453125,-0.0431976318359375
6690, 6.810153961181641, 1000.0,152.0,0.0,0.0,0.0,0.0,0.0,0.0,0.0,1000.0,0.0,750.0,1000.0,666.0,955.0,999.0,999.0,999.0,999.0,635.0,1000.0,0.0,240.0, 0.965484619140625,-0.0179901123046875,-0.0531005859375,0.2543182373046875, 0.9886627197265625,0.0012359619140625,0.14373779296875,-0.0431365966796875
6700, 6.819932460784912, 1000.0,152.0,0.0,0.0,0.0,0.0,0.0,0.0,0.0,1000.0,0.0,750.0,1000.0,666.0,956.0,999.0,999.0,999.0,999.0,635.0,1000.0,0.0,239.0, 0.9654541015625,-0.0179595947265625,-0.0532684326171875,0.254425048828125, 0.989105224609375,0.0009307861328125,0.140655517578125,-0.0431976318359375
6710, 6.829790115356445, 1000.0,153.0,0.0,0.0,0.0,0.0,0.0,0.0,0.0,1000.0,0.0,750.0,1000.0,666.0,955.0,999.0,999.0,999.0,999.0,635.0,1000.0,0.0,237.0, 0.9654083251953125,-0.0181121826171875,-0.053375244140625,0.2545623779296875, 0.989166259765625,0.0018463134765625,0.1402587890625,-0.0430755615234375
6720, 6.842536926269531, 1000.0,153.0,0.0,0.0,0.0,0.0,0.0,0.0,0.0,1000.0,0.0,750.0,1000.0,666.0,956.0,999.0,999.0,999.0,999.0,635.0,1000.0,0.0,238.0, 0.965362548828125,-0.018218994140625,-0.0532684326171875,0.25469970703125, 0.989166259765625,0.0018310546875,0.1402130126953125,-0.0430755615234375
6730, 6.84990119934082, 1000.0,153.0,0.0,0.0,0.0,0.0,0.0,0.0,0.0,1000.0,0.0,750.0,1000.0,1000.0,956.0,999.0,999.0,999.0,999.0,635.0,1000.0,0.0,240.0, 0.9653167724609375,-0.0184326171875,-0.0533599853515625,0.254852294921875, 0.9891510009765625,0.0017242431640625,0.1403350830078125,-0.0430755615234375
6740, 6.859763145446777, 1000.0,152.0,0.0,0.0,0.0,0.0,0.0,0.0,0.0,1000.0,0.0,750.0,1000.0,666.0,956.0,999.0,999.0,999.0,999.0,635.0,1000.0,0.0,241.0, 0.96527099609375,-0.0189208984375,-0.053558349609375,0.254974365234375, 0.9891204833984375,0.0015869140625,0.1405487060546875,-0.0430908203125
6750, 6.8699517250061035, 1000.0,151.0,0.0,0.0,0.0,0.0,0.0,0.0,0.0,1000.0,0.0,750.0,1000.0,666.0,955.0,999.0,999.0,999.0,999.0,635.0,1000.0,0.0,241.0, 0.9652099609375,-0.0192108154296875,-0.053741455078125,0.255126953125, 0.9891204833984375,0.0014495849609375,0.1406097412109375,-0.0431060791015625
6760, 6.879765510559082, 1000.0,152.0,0.0,0.0,0.0,0.0,0.0,0.0,0.0,1000.0,0.0,750.0,1000.0,666.0,955.0,999.0,999.0,999.0,999.0,635.0,1000.0,0.0,241.0, 0.9651641845703125,-0.019378662109375,-0.0538330078125,0.2552490234375, 0.989105224609375,0.00128173828125,0.1406707763671875,-0.0431365966796875
6770, 6.890080451965332, 1000.0,152.0,0.0,0.0,0.0,0.0,0.0,0.0,0.0,1000.0,0.0,750.0,1000.0,666.0,955.0,999.0,999.0,999.0,999.0,635.0,1000.0,0.0,240.0, 0.965118408203125,-0.01947021484375,-0.0540313720703125,0.2553863525390625, 0.989105224609375,0.001312255859375,0.1407318115234375,-0.0431365966796875
6780, 6.900055885314941, 1000.0,152.0,0.0,0.0,0.0,0.0,0.0,0.0,0.0,1000.0,0.0,750.0,1000.0,666.0,955.0,999.0,999.0,999.0,999.0,635.0,1000.0,0.0,241.0, 0.9650726318359375,-0.0196380615234375,-0.054107666015625,0.255523681640625, 0.989105224609375,0.0013885498046875,0.140625,-0.04315185546875
6790, 6.909798622131348, 1000.0,152.0,0.0,0.0,0.0,0.0,0.0,0.0,0.0,1000.0,0.0,750.0,1000.0,666.0,956.0,999.0,999.0,999.0,999.0,635.0,1000.0,0.0,241.0, 0.96502685546875,-0.01971435546875,-0.054229736328125,0.25567626953125, 0.9890899658203125,0.001129150390625,0.1407928466796875,-0.043182373046875
6800, 6.919877052307129, 1000.0,152.0,0.0,0.0,0.0,0.0,0.0,0.0,0.0,1000.0,0.0,750.0,1000.0,666.0,956.0,999.0,999.0,999.0,999.0,635.0,1000.0,0.0,241.0, 0.964996337890625,-0.019866943359375,-0.0541839599609375,0.2558135986328125, 0.9890594482421875,0.0014190673828125,0.140960693359375,-0.0431365966796875
6810, 6.9301042556762695, 1000.0,151.0,0.0,0.0,0.0,0.0,0.0,0.0,0.0,1000.0,0.0,750.0,1000.0,666.0,956.0,999.0,999.0,999.0,999.0,635.0,1000.0,0.0,241.0, 0.9649658203125,-0.0197296142578125,-0.05389404296875,0.2559661865234375, 0.989105224609375,0.001556396484375,0.140655517578125,-0.043121337890625
6820, 6.939816474914551, 1000.0,151.0,0.0,0.0,0.0,0.0,0.0,0.0,0.0,1000.0,0.0,750.0,1000.0,666.0,956.0,999.0,999.0,999.0,999.0,635.0,1000.0,0.0,242.0, 0.964935302734375,-0.0196075439453125,-0.05389404296875,0.2560882568359375, 0.98907470703125,0.0010986328125,0.140838623046875,-0.043182373046875
6830, 6.952633380889893, 1000.0,151.0,0.0,0.0,0.0,0.0,0.0,0.0,0.0,1000.0,0.0,750.0,1000.0,666.0,956.0,999.0,999.0,999.0,999.0,635.0,1000.0,0.0,242.0, 0.964935302734375,-0.0196075439453125,-0.05389404296875,0.2560882568359375, 0.9891510009765625,0.0009918212890625,0.1403350830078125,-0.0431976318359375
6840, 6.959932804107666, 1000.0,152.0,0.0,0.0,0.0,0.0,0.0,0.0,0.0,1000.0,0.0,750.0,1000.0,666.0,955.0,999.0,999.0,999.0,999.0,635.0,1000.0,0.0,241.0, 0.9648895263671875,-0.0196380615234375,-0.053619384765625,0.256317138671875, 0.9891204833984375,0.0008544921875,0.14056396484375,-0.043212890625
6850, 6.969944000244141, 1000.0,152.0,0.0,0.0,0.0,0.0,0.0,0.0,0.0,1000.0,0.0,750.0,1000.0,666.0,955.0,999.0,999.0,999.0,999.0,635.0,1000.0,0.0,240.0, 0.9648590087890625,-0.0196533203125,-0.0536956787109375,0.2564544677734375, 0.9890289306640625,0.0008544921875,0.1411590576171875,-0.0431976318359375
6860, 6.9797468185424805, 1000.0,152.0,0.0,0.0,0.0,0.0,0.0,0.0,0.0,1000.0,0.0,750.0,1000.0,666.0,956.0,999.0,999.0,999.0,999.0,635.0,1000.0,0.0,242.0, 0.964813232421875,-0.0196533203125,-0.0537109375,0.256591796875, 0.9890289306640625,0.0002899169921875,0.141143798828125,-0.04327392578125
6870, 6.990084648132324, 1000.0,153.0,0.0,0.0,0.0,0.0,0.0,0.0,0.0,1000.0,0.0,750.0,1000.0,666.0,955.0,999.0,999.0,999.0,999.0,635.0,1000.0,0.0,243.0, 0.96478271484375,-0.0196380615234375,-0.0537261962890625,0.2567291259765625, 0.988983154296875,0.0012969970703125,0.141510009765625,-0.0431365966796875
6880, 7.000064849853516, 1000.0,154.0,0.0,0.0,0.0,0.0,0.0,0.0,0.0,1000.0,0.0,750.0,1000.0,1000.0,955.0,999.0,999.0,999.0,999.0,635.0,1000.0,0.0,244.0, 0.9647369384765625,-0.0196380615234375,-0.0537261962890625,0.2568817138671875, 0.988922119140625,0.0009307861328125,0.1419525146484375,-0.043182373046875
6890, 7.009795188903809, 1000.0,155.0,0.0,0.0,0.0,0.0,0.0,0.0,0.0,1000.0,0.0,750.0,1000.0,1000.0,955.0,999.0,999.0,999.0,999.0,635.0,1000.0,0.0,245.0, 0.9647064208984375,-0.0196380615234375,-0.0537261962890625,0.25701904296875, 0.98907470703125,0.0004730224609375,0.140838623046875,-0.0432891845703125
6900, 7.0197319984436035, 1000.0,156.0,0.0,0.0,0.0,0.0,0.0,0.0,0.0,1000.0,0.0,750.0,1000.0,1000.0,955.0,999.0,999.0,999.0,999.0,635.0,1000.0,0.0,245.0, 0.96466064453125,-0.0196380615234375,-0.0537261962890625,0.2571563720703125, 0.989044189453125,0.00042724609375,0.1410675048828125,-0.043304443359375
6910, 7.029985427856445, 1000.0,157.0,0.0,0.0,0.0,0.0,0.0,0.0,0.0,1000.0,0.0,750.0,1000.0,666.0,955.0,999.0,999.0,999.0,999.0,635.0,1000.0,0.0,245.0, 0.964630126953125,-0.019622802734375,-0.053802490234375,0.2572784423828125, 0.989044189453125,0.0008087158203125,0.14111328125,-0.0432586669921875
6920, 7.039790630340576, 1000.0,156.0,0.0,0.0,0.0,0.0,0.0,0.0,0.0,1000.0,0.0,750.0,1000.0,666.0,955.0,999.0,999.0,999.0,999.0,635.0,1000.0,0.0,243.0, 0.9645538330078125,-0.019561767578125,-0.053863525390625,0.2575225830078125, 0.989105224609375,0.0014801025390625,0.1406402587890625,-0.043182373046875
6930, 7.049853324890137, 1000.0,157.0,0.0,0.0,0.0,0.0,0.0,0.0,0.0,1000.0,0.0,750.0,1000.0,666.0,955.0,999.0,999.0,999.0,999.0,635.0,1000.0,0.0,244.0, 0.964569091796875,-0.0194549560546875,-0.053863525390625,0.2575225830078125, 0.9892578125,0.0017852783203125,0.13958740234375,-0.0431365966796875
6940, 7.059891700744629, 1000.0,156.0,0.0,0.0,0.0,0.0,0.0,0.0,0.0,1000.0,0.0,750.0,1000.0,666.0,956.0,999.0,999.0,999.0,999.0,635.0,1000.0,0.0,245.0, 0.96453857421875,-0.019317626953125,-0.0539093017578125,0.2576446533203125, 0.9891510009765625,0.0015106201171875,0.1403350830078125,-0.043182373046875
6950, 7.069859504699707, 1000.0,156.0,0.0,0.0,0.0,0.0,0.0,0.0,0.0,1000.0,0.0,750.0,1000.0,666.0,956.0,999.0,999.0,999.0,999.0,635.0,1000.0,0.0,245.0, 0.9644927978515625,-0.0191650390625,-0.05389404296875,0.257781982421875, 0.9892120361328125,0.0027008056640625,0.1399078369140625,-0.0430145263671875
6960, 7.0801496505737305, 1000.0,156.0,0.0,0.0,0.0,0.0,0.0,0.0,0.0,1000.0,0.0,750.0,1000.0,666.0,956.0,999.0,999.0,999.0,999.0,635.0,1000.0,0.0,244.0, 0.9644622802734375,-0.0189971923828125,-0.05389404296875,0.257904052734375, 0.9892120361328125,0.0016021728515625,0.1399383544921875,-0.0431671142578125
6970, 7.089977264404297, 1000.0,157.0,0.0,0.0,0.0,0.0,0.0,0.0,0.0,1000.0,0.0,750.0,1000.0,666.0,956.0,999.0,999.0,999.0,999.0,635.0,1000.0,0.0,244.0, 0.9644317626953125,-0.018798828125,-0.053863525390625,0.2580413818359375, 0.9892578125,0.001495361328125,0.1395721435546875,-0.043182373046875
6980, 7.09996223449707, 1000.0,157.0,0.0,0.0,0.0,0.0,0.0,0.0,0.0,1000.0,0.0,750.0,1000.0,666.0,955.0,999.0,999.0,999.0,999.0,635.0,1000.0,0.0,245.0, 0.96441650390625,-0.0186920166015625,-0.053741455078125,0.2581634521484375, 0.9892120361328125,0.0015106201171875,0.1399383544921875,-0.04315185546875
6990, 7.1145172119140625, 1000.0,157.0,0.0,0.0,0.0,0.0,0.0,0.0,0.0,1000.0,0.0,750.0,1000.0,1000.0,955.0,999.0,999.0,999.0,999.0,635.0,1000.0,0.0,247.0, 0.964385986328125,-0.0185394287109375,-0.0535736083984375,0.25830078125, 0.9890899658203125,0.0014190673828125,0.1407470703125,-0.0431671142578125
7000, 7.1197614669799805, 1000.0,156.0,0.0,0.0,0.0,0.0,0.0,0.0,0.0,1000.0,0.0,750.0,1000.0,1000.0,955.0,999.0,999.0,999.0,999.0,635.0,1000.0,0.0,247.0, 0.9643707275390625,-0.018402099609375,-0.0533599853515625,0.2584228515625, 0.9890289306640625,0.00152587890625,0.14117431640625,-0.04315185546875
7010, 7.1300153732299805, 1000.0,156.0,0.0,0.0,0.0,0.0,0.0,0.0,0.0,1000.0,0.0,750.0,1000.0,1000.0,955.0,999.0,999.0,999.0,999.0,635.0,1000.0,0.0,248.0, 0.96435546875,-0.01824951171875,-0.053192138671875,0.258544921875, 0.988983154296875,7.62939453125e-05,0.141510009765625,-0.0433502197265625
7020, 7.139822006225586, 1000.0,156.0,0.0,0.0,0.0,0.0,0.0,0.0,0.0,1000.0,0.0,750.0,1000.0,666.0,955.0,999.0,999.0,999.0,999.0,635.0,1000.0,0.0,247.0, 0.964324951171875,-0.0181121826171875,-0.052978515625,0.258697509765625, 0.989013671875,-0.0006561279296875,0.1412811279296875,-0.0434722900390625
7030, 7.149928092956543, 1000.0,156.0,0.0,0.0,0.0,0.0,0.0,0.0,0.0,1000.0,0.0,750.0,1000.0,666.0,955.0,999.0,999.0,999.0,999.0,635.0,1000.0,0.0,247.0, 0.96429443359375,-0.018035888671875,-0.0528106689453125,0.258819580078125, 0.9891357421875,-0.000762939453125,0.14031982421875,-0.043487548828125
7040, 7.160192489624023, 1000.0,157.0,0.0,0.0,0.0,0.0,0.0,0.0,0.0,1000.0,0.0,750.0,1000.0,666.0,955.0,999.0,999.0,999.0,999.0,635.0,1000.0,0.0,248.0, 0.9642791748046875,-0.01800537109375,-0.052520751953125,0.2589569091796875, 0.989013671875,-0.001129150390625,0.1411590576171875,-0.0435333251953125
7050, 7.169865131378174, 1000.0,157.0,0.0,0.0,0.0,0.0,0.0,0.0,0.0,1000.0,0.0,750.0,1000.0,666.0,955.0,999.0,999.0,999.0,999.0,635.0,1000.0,0.0,248.0, 0.9642486572265625,-0.0179443359375,-0.0524444580078125,0.2591094970703125, 0.9888763427734375,-0.0006256103515625,0.142181396484375,-0.04345703125
7060, 7.179806709289551, 1000.0,158.0,0.0,0.0,0.0,0.0,0.0,0.0,0.0,1000.0,0.0,750.0,1000.0,666.0,955.0,999.0,999.0,999.0,999.0,635.0,1000.0,0.0,247.0, 0.9642181396484375,-0.01788330078125,-0.0522613525390625,0.259246826171875, 0.9890594482421875,-0.00054931640625,0.14093017578125,-0.04345703125
7070, 7.189982891082764, 1000.0,158.0,0.0,0.0,0.0,0.0,0.0,0.0,0.0,1000.0,0.0,750.0,1000.0,666.0,955.0,999.0,999.0,999.0,999.0,635.0,1000.0,0.0,245.0, 0.9641876220703125,-0.0178985595703125,-0.0522003173828125,0.2593841552734375, 0.9891204833984375,-0.00042724609375,0.1404571533203125,-0.0434417724609375
7080, 7.199943542480469, 1000.0,157.0,0.0,0.0,0.0,0.0,0.0,0.0,0.0,1000.0,0.0,750.0,1000.0,666.0,955.0,999.0,999.0,999.0,999.0,635.0,1000.0,0.0,242.0, 0.964141845703125,-0.01776123046875,-0.05230712890625,0.2595062255859375, 0.9893341064453125,-0.0003509521484375,0.13897705078125,-0.043426513671875
7090, 7.209798812866211, 1000.0,156.0,0.0,0.0,0.0,0.0,0.0,0.0,0.0,1000.0,0.0,750.0,1000.0,666.0,955.0,999.0,999.0,999.0,999.0,635.0,1000.0,0.0,241.0, 0.9640960693359375,-0.017730712890625,-0.052520751953125,0.2596588134765625, 0.9892120361328125,0.0003814697265625,0.1398468017578125,-0.0433349609375
7100, 7.225014686584473, 1000.0,156.0,0.0,0.0,0.0,0.0,0.0,0.0,0.0,1000.0,0.0,750.0,1000.0,666.0,955.0,999.0,999.0,999.0,999.0,635.0,1000.0,0.0,243.0, 0.96405029296875,-0.0176849365234375,-0.052764892578125,0.259765625, 0.9889068603515625,-0.001953125,0.1419219970703125,-0.0436553955078125
7110, 7.23004150390625, 1000.0,155.0,0.0,0.0,0.0,0.0,0.0,0.0,0.0,1000.0,0.0,750.0,1000.0,666.0,955.0,999.0,999.0,999.0,999.0,635.0,1000.0,0.0,246.0, 0.9640045166015625,-0.0176544189453125,-0.052978515625,0.2599029541015625, 0.9888916015625,-0.0016021728515625,0.142059326171875,-0.043609619140625
7120, 7.239874362945557, 1000.0,155.0,0.0,0.0,0.0,0.0,0.0,0.0,0.0,1000.0,0.0,750.0,1000.0,666.0,955.0,999.0,999.0,999.0,999.0,635.0,1000.0,0.0,246.0, 0.9640045166015625,-0.0176544189453125,-0.052978515625,0.2599029541015625, 0.9892120361328125,-0.0006866455078125,0.13983154296875,-0.0435028076171875
7130, 7.249858379364014, 1000.0,154.0,0.0,0.0,0.0,0.0,0.0,0.0,0.0,1000.0,0.0,750.0,1000.0,666.0,955.0,999.0,999.0,999.0,999.0,635.0,1000.0,0.0,245.0, 0.96392822265625,-0.0177001953125,-0.05328369140625,0.2601318359375, 0.9890899658203125,0.00048828125,0.14068603515625,-0.0433349609375
7140, 7.259940147399902, 1000.0,154.0,0.0,0.0,0.0,0.0,0.0,0.0,0.0,1000.0,0.0,750.0,1000.0,666.0,955.0,999.0,999.0,999.0,999.0,635.0,1000.0,0.0,244.0, 0.9638824462890625,-0.017608642578125,-0.0535888671875,0.2602386474609375, 0.9889068603515625,0.0012359619140625,0.1420745849609375,-0.043243408203125
7150, 7.2701568603515625, 1000.0,154.0,0.0,0.0,0.0,0.0,0.0,0.0,0.0,1000.0,0.0,750.0,1000.0,666.0,955.0,999.0,999.0,999.0,999.0,635.0,1000.0,0.0,245.0, 0.963836669921875,-0.017578125,-0.053741455078125,0.2603759765625, 0.98876953125,0.0011749267578125,0.1429595947265625,-0.043243408203125
7160, 7.279836654663086, 1000.0,155.0,0.0,0.0,0.0,0.0,0.0,0.0,0.0,1000.0,0.0,750.0,1000.0,666.0,955.0,999.0,999.0,999.0,999.0,635.0,1000.0,0.0,244.0, 0.9637908935546875,-0.0175933837890625,-0.05389404296875,0.2605133056640625, 0.9891357421875,-0.0002899169921875,0.140380859375,-0.0434722900390625
7170, 7.289915084838867, 1000.0,156.0,0.0,0.0,0.0,0.0,0.0,0.0,0.0,1000.0,0.0,750.0,1000.0,666.0,955.0,999.0,999.0,999.0,999.0,635.0,1000.0,0.0,243.0, 0.9637603759765625,-0.0175628662109375,-0.0540008544921875,0.2606201171875, 0.98883056640625,-0.0021820068359375,0.142425537109375,-0.0437469482421875
7180, 7.299985885620117, 1000.0,158.0,0.0,0.0,0.0,0.0,0.0,0.0,0.0,1000.0,0.0,750.0,1000.0,666.0,955.0,999.0,999.0,999.0,999.0,635.0,1000.0,0.0,245.0, 0.96368408203125,-0.0177154541015625,-0.0538787841796875,0.260894775390625, 0.9886627197265625,-0.0009918212890625,0.1436004638671875,-0.0435638427734375
7190, 7.30980110168457, 1000.0,159.0,0.0,0.0,0.0,0.0,0.0,0.0,0.0,1000.0,0.0,750.0,1000.0,666.0,955.0,999.0,999.0,999.0,999.0,635.0,1000.0,0.0,246.0, 0.9636993408203125,-0.01788330078125,-0.0537109375,0.260894775390625, 0.9887847900390625,0.0006103515625,0.1428375244140625,-0.0433502197265625
7200, 7.3198018074035645, 1000.0,160.0,0.0,0.0,0.0,0.0,0.0,0.0,0.0,1000.0,0.0,750.0,1000.0,666.0,955.0,999.0,999.0,999.0,999.0,635.0,1000.0,0.0,248.0, 0.9636688232421875,-0.017913818359375,-0.053558349609375,0.2610321044921875, 0.988861083984375,-0.0010528564453125,0.1422576904296875,-0.0435791015625
7210, 7.330052375793457, 1000.0,159.0,0.0,0.0,0.0,0.0,0.0,0.0,0.0,1000.0,0.0,750.0,1000.0,666.0,955.0,999.0,999.0,999.0,999.0,635.0,1000.0,0.0,247.0, 0.963592529296875,-0.0180206298828125,-0.053558349609375,0.2612762451171875, 0.98858642578125,0.00018310546875,0.1442108154296875,-0.04339599609375
7220, 7.3397932052612305, 1000.0,158.0,0.0,0.0,0.0,0.0,0.0,0.0,0.0,1000.0,0.0,750.0,1000.0,1000.0,956.0,999.0,999.0,999.0,999.0,635.0,1000.0,0.0,246.0, 0.963592529296875,-0.0179290771484375,-0.0537567138671875,0.261260986328125, 0.98858642578125,0.000213623046875,0.1442413330078125,-0.04339599609375
7230, 7.349826812744141, 1000.0,158.0,0.0,0.0,0.0,0.0,0.0,0.0,0.0,1000.0,0.0,750.0,1000.0,666.0,956.0,999.0,999.0,999.0,999.0,635.0,1000.0,0.0,247.0, 0.96356201171875,-0.0179595947265625,-0.0537261962890625,0.261383056640625, 0.98858642578125,9.1552734375e-05,0.1441650390625,-0.0434112548828125
7240, 7.359772205352783, 1000.0,158.0,0.0,0.0,0.0,0.0,0.0,0.0,0.0,1000.0,0.0,750.0,1000.0,666.0,955.0,999.0,999.0,999.0,999.0,635.0,1000.0,0.0,247.0, 0.963531494140625,-0.0179290771484375,-0.0537261962890625,0.2615203857421875, 0.9886016845703125,0.0002593994140625,0.14410400390625,-0.043365478515625
7250, 7.370129108428955, 1000.0,158.0,0.0,0.0,0.0,0.0,0.0,0.0,0.0,1000.0,0.0,750.0,1000.0,666.0,955.0,999.0,999.0,999.0,999.0,635.0,1000.0,0.0,246.0, 0.9634857177734375,-0.0178680419921875,-0.0538177490234375,0.2616424560546875, 0.9886474609375,0.000396728515625,0.143829345703125,-0.0433349609375
7260, 7.386314868927002, 1000.0,160.0,0.0,0.0,0.0,0.0,0.0,0.0,0.0,1000.0,0.0,750.0,1000.0,1000.0,955.0,999.0,999.0,999.0,999.0,635.0,1000.0,0.0,245.0, 0.963470458984375,-0.0177001953125,-0.0536651611328125,0.2617645263671875, 0.9886322021484375,0.000335693359375,0.143890380859375,-0.043365478515625
7270, 7.390132904052734, 1000.0,161.0,0.0,0.0,0.0,0.0,0.0,0.0,0.0,1000.0,0.0,750.0,1000.0,1000.0,955.0,999.0,999.0,999.0,999.0,635.0,1000.0,0.0,245.0, 0.9634246826171875,-0.0176849365234375,-0.05352783203125,0.261932373046875, 0.9886627197265625,0.00018310546875,0.1436920166015625,-0.04339599609375
7280, 7.3999762535095215, 1000.0,161.0,0.0,0.0,0.0,0.0,0.0,0.0,0.0,1000.0,0.0,750.0,1000.0,1000.0,955.0,999.0,999.0,999.0,999.0,635.0,1000.0,0.0,245.0, 0.963409423828125,-0.0175018310546875,-0.0535736083984375,0.26202392578125, 0.9886627197265625,-3.0517578125e-05,0.14361572265625,-0.0434417724609375
7290, 7.409830093383789, 1000.0,160.0,0.0,0.0,0.0,0.0,0.0,0.0,0.0,1000.0,0.0,750.0,1000.0,1000.0,955.0,999.0,999.0,999.0,999.0,635.0,1000.0,0.0,244.0, 0.96337890625,-0.017364501953125,-0.0534210205078125,0.26214599609375, 0.9886474609375,-6.103515625e-05,0.1437835693359375,-0.043426513671875
7300, 7.419769763946533, 1000.0,160.0,0.0,0.0,0.0,0.0,0.0,0.0,0.0,1000.0,0.0,750.0,1000.0,666.0,955.0,999.0,999.0,999.0,999.0,635.0,1000.0,0.0,244.0, 0.963348388671875,-0.0172882080078125,-0.053253173828125,0.262298583984375, 0.9886322021484375,0.0002288818359375,0.1439056396484375,-0.04339599609375
7310, 7.430215835571289, 1000.0,160.0,0.0,0.0,0.0,0.0,0.0,0.0,0.0,1000.0,0.0,750.0,1000.0,666.0,955.0,999.0,999.0,999.0,999.0,635.0,1000.0,0.0,244.0, 0.96331787109375,-0.0172119140625,-0.05303955078125,0.262451171875, 0.9886932373046875,0.0001068115234375,0.1434478759765625,-0.04339599609375
7320, 7.439913749694824, 1000.0,160.0,0.0,0.0,0.0,0.0,0.0,0.0,0.0,1000.0,0.0,750.0,1000.0,666.0,955.0,999.0,999.0,999.0,999.0,635.0,1000.0,0.0,245.0, 0.96331787109375,-0.0172271728515625,-0.05242919921875,0.2625732421875, 0.98876953125,-0.0003814697265625,0.1429595947265625,-0.043487548828125
7330, 7.449989318847656, 1000.0,160.0,0.0,0.0,0.0,0.0,0.0,0.0,0.0,1000.0,0.0,750.0,1000.0,666.0,955.0,999.0,999.0,999.0,999.0,635.0,1000.0,0.0,245.0, 0.963287353515625,-0.0172271728515625,-0.052398681640625,0.2626953125, 0.9887847900390625,-0.000762939453125,0.1428070068359375,-0.0435333251953125
7340, 7.459780693054199, 1000.0,161.0,0.0,0.0,0.0,0.0,0.0,0.0,0.0,1000.0,0.0,750.0,1000.0,666.0,955.0,999.0,999.0,999.0,999.0,635.0,1000.0,0.0,245.0, 0.9632568359375,-0.0172119140625,-0.05242919921875,0.2628326416015625, 0.988861083984375,-0.0005340576171875,0.1423187255859375,-0.0435333251953125
7350, 7.470200538635254, 1000.0,161.0,0.0,0.0,0.0,0.0,0.0,0.0,0.0,1000.0,0.0,750.0,1000.0,666.0,955.0,999.0,999.0,999.0,999.0,635.0,1000.0,0.0,245.0, 0.9632110595703125,-0.0171966552734375,-0.0524749755859375,0.2629852294921875, 0.9889678955078125,-0.000244140625,0.141510009765625,-0.0435028076171875
7360, 7.479986190795898, 1000.0,160.0,0.0,0.0,0.0,0.0,0.0,0.0,0.0,1000.0,0.0,750.0,1000.0,666.0,955.0,999.0,999.0,999.0,999.0,635.0,1000.0,0.0,246.0, 0.9631805419921875,-0.0172119140625,-0.052520751953125,0.2631072998046875, 0.988922119140625,-0.00115966796875,0.1417694091796875,-0.0436248779296875
7370, 7.49017333984375, 1000.0,160.0,0.0,0.0,0.0,0.0,0.0,0.0,0.0,1000.0,0.0,750.0,1000.0,666.0,955.0,999.0,999.0,999.0,999.0,635.0,1000.0,0.0,246.0, 0.963134765625,-0.0172271728515625,-0.052581787109375,0.2632293701171875, 0.9890594482421875,-0.00128173828125,0.14080810546875,-0.04364013671875
7380, 7.499936103820801, 1000.0,160.0,0.0,0.0,0.0,0.0,0.0,0.0,0.0,1000.0,0.0,750.0,1000.0,666.0,955.0,999.0,999.0,999.0,999.0,635.0,1000.0,0.0,246.0, 0.963104248046875,-0.0172271728515625,-0.0526123046875,0.26336669921875, 0.9890289306640625,-0.0009613037109375,0.1411285400390625,-0.0435943603515625
7390, 7.510001182556152, 1000.0,160.0,0.0,0.0,0.0,0.0,0.0,0.0,0.0,1000.0,0.0,750.0,1000.0,666.0,955.0,999.0,999.0,999.0,999.0,635.0,1000.0,0.0,246.0, 0.963104248046875,-0.0172271728515625,-0.0526123046875,0.26336669921875, 0.9890289306640625,-0.000762939453125,0.141082763671875,-0.0435791015625
7400, 7.51988410949707, 1000.0,162.0,0.0,0.0,0.0,0.0,0.0,0.0,0.0,1000.0,0.0,750.0,1000.0,666.0,954.0,999.0,999.0,999.0,999.0,635.0,1000.0,0.0,248.0, 0.9630126953125,-0.0172119140625,-0.0526580810546875,0.263641357421875, 0.989044189453125,0.000244140625,0.1409912109375,-0.043426513671875
7410, 7.529902458190918, 1000.0,161.0,0.0,0.0,0.0,0.0,0.0,0.0,0.0,1000.0,0.0,750.0,1000.0,666.0,955.0,999.0,999.0,999.0,999.0,635.0,1000.0,0.0,248.0, 0.962982177734375,-0.0171661376953125,-0.0527191162109375,0.2637786865234375, 0.98907470703125,0.0002593994140625,0.140838623046875,-0.043426513671875
7420, 7.548595905303955, 1000.0,159.0,0.0,0.0,0.0,0.0,0.0,0.0,0.0,1000.0,0.0,750.0,1000.0,666.0,955.0,999.0,999.0,999.0,999.0,635.0,1000.0,0.0,248.0, 0.9629364013671875,-0.0172119140625,-0.052825927734375,0.2639007568359375, 0.9890899658203125,0.0004730224609375,0.1406707763671875,-0.043426513671875
7430, 7.551862716674805, 1000.0,158.0,0.0,0.0,0.0,0.0,0.0,0.0,0.0,1000.0,0.0,750.0,1000.0,666.0,955.0,999.0,999.0,999.0,999.0,635.0,1000.0,0.0,246.0, 0.9629058837890625,-0.0171356201171875,-0.0529327392578125,0.2640228271484375, 0.9889984130859375,-0.0001983642578125,0.141357421875,-0.0435028076171875
7440, 7.559967994689941, 1000.0,158.0,0.0,0.0,0.0,0.0,0.0,0.0,0.0,1000.0,0.0,750.0,1000.0,666.0,955.0,999.0,999.0,999.0,999.0,635.0,1000.0,0.0,246.0, 0.962860107421875,-0.0171051025390625,-0.05303955078125,0.264129638671875, 0.98907470703125,-0.001129150390625,0.1407012939453125,-0.04364013671875
7450, 7.569940567016602, 1000.0,158.0,0.0,0.0,0.0,0.0,0.0,0.0,0.0,1000.0,0.0,750.0,1000.0,666.0,955.0,999.0,999.0,999.0,999.0,635.0,1000.0,0.0,247.0, 0.96282958984375,-0.017059326171875,-0.05316162109375,0.264251708984375, 0.9890899658203125,-0.001373291015625,0.140625,-0.0436859130859375
7460, 7.579794406890869, 1000.0,159.0,0.0,0.0,0.0,0.0,0.0,0.0,0.0,1000.0,0.0,750.0,1000.0,1000.0,955.0,999.0,999.0,999.0,999.0,635.0,1000.0,0.0,247.0, 0.962799072265625,-0.01708984375,-0.05322265625,0.2643585205078125, 0.9888916015625,-0.001861572265625,0.1420135498046875,-0.0437469482421875
7470, 7.590162754058838, 1000.0,161.0,0.0,0.0,0.0,0.0,0.0,0.0,0.0,1000.0,0.0,750.0,1000.0,1000.0,955.0,999.0,999.0,999.0,999.0,635.0,1000.0,0.0,248.0, 0.9627227783203125,-0.017303466796875,-0.0533294677734375,0.26458740234375, 0.9890594482421875,-0.002044677734375,0.140838623046875,-0.0437774658203125
7480, 7.600296974182129, 1000.0,162.0,0.0,0.0,0.0,0.0,0.0,0.0,0.0,1000.0,0.0,750.0,1000.0,666.0,955.0,999.0,999.0,999.0,999.0,635.0,1000.0,0.0,249.0, 0.96270751953125,-0.017425537109375,-0.053436279296875,0.26458740234375, 0.9891510009765625,-0.0018768310546875,0.14013671875,-0.04376220703125
7490, 7.609779357910156, 1000.0,163.0,0.0,0.0,0.0,0.0,0.0,0.0,0.0,1000.0,0.0,750.0,1000.0,666.0,955.0,999.0,999.0,999.0,999.0,635.0,1000.0,0.0,250.0, 0.962677001953125,-0.017486572265625,-0.0536041259765625,0.2646942138671875, 0.9889678955078125,-0.002197265625,0.1414794921875,-0.043792724609375
7500, 7.620121002197266, 1000.0,162.0,0.0,0.0,0.0,0.0,0.0,0.0,0.0,1000.0,0.0,750.0,1000.0,666.0,955.0,999.0,999.0,999.0,999.0,635.0,1000.0,0.0,250.0, 0.9626312255859375,-0.017578125,-0.053802490234375,0.2648162841796875, 0.9891815185546875,-0.0018768310546875,0.13995361328125,-0.0437469482421875
7510, 7.629970073699951, 1000.0,160.0,0.0,0.0,0.0,0.0,0.0,0.0,0.0,1000.0,0.0,750.0,1000.0,666.0,955.0,999.0,999.0,999.0,999.0,635.0,1000.0,0.0,247.0, 0.9625701904296875,-0.0176239013671875,-0.053985595703125,0.26495361328125, 0.9891510009765625,-0.0013885498046875,0.1402130126953125,-0.0436859130859375
7520, 7.639814376831055, 1000.0,160.0,0.0,0.0,0.0,0.0,0.0,0.0,0.0,1000.0,0.0,750.0,1000.0,666.0,955.0,999.0,999.0,999.0,999.0,635.0,1000.0,0.0,246.0, 0.9625244140625,-0.0178070068359375,-0.0540618896484375,0.265106201171875, 0.98907470703125,-0.00030517578125,0.1407470703125,-0.0435333251953125
7530, 7.6585493087768555, 1000.0,161.0,0.0,0.0,0.0,0.0,0.0,0.0,0.0,1000.0,0.0,750.0,1000.0,666.0,955.0,999.0,999.0,999.0,999.0,635.0,1000.0,0.0,245.0, 0.962493896484375,-0.0180511474609375,-0.054046630859375,0.2652435302734375, 0.9891357421875,-0.000274658203125,0.1403961181640625,-0.0435333251953125
7540, 7.6617960929870605, 1000.0,161.0,0.0,0.0,0.0,0.0,0.0,0.0,0.0,1000.0,0.0,750.0,1000.0,666.0,955.0,999.0,999.0,999.0,999.0,635.0,1000.0,0.0,243.0, 0.9624481201171875,-0.018218994140625,-0.0539398193359375,0.265380859375, 0.9891510009765625,0.000457763671875,0.140228271484375,-0.043426513671875
7550, 7.6699137687683105, 1000.0,160.0,0.0,0.0,0.0,0.0,0.0,0.0,0.0,1000.0,0.0,750.0,1000.0,666.0,955.0,999.0,999.0,999.0,999.0,635.0,1000.0,0.0,243.0, 0.9624176025390625,-0.0181884765625,-0.053985595703125,0.2655181884765625, 0.9889068603515625,-4.57763671875e-05,0.1419219970703125,-0.043487548828125
7560, 7.679803848266602, 1000.0,160.0,0.0,0.0,0.0,0.0,0.0,0.0,0.0,1000.0,0.0,750.0,1000.0,1000.0,955.0,999.0,999.0,999.0,999.0,635.0,1000.0,0.0,241.0, 0.962371826171875,-0.018035888671875,-0.0539093017578125,0.26568603515625, 0.9887847900390625,0.000152587890625,0.1428680419921875,-0.0434722900390625
7570, 7.690175533294678, 1000.0,160.0,0.0,0.0,0.0,0.0,0.0,0.0,0.0,1000.0,0.0,750.0,1000.0,1000.0,955.0,999.0,999.0,999.0,999.0,635.0,1000.0,0.0,240.0, 0.96234130859375,-0.0178680419921875,-0.0539093017578125,0.265838623046875, 0.9886627197265625,0.0016326904296875,0.143768310546875,-0.0432281494140625
7580, 7.699906349182129, 1000.0,160.0,0.0,0.0,0.0,0.0,0.0,0.0,0.0,1000.0,0.0,750.0,1000.0,1000.0,955.0,999.0,999.0,999.0,999.0,635.0,1000.0,0.0,241.0, 0.9622955322265625,-0.017913818359375,-0.0538482666015625,0.2660064697265625, 0.9889373779296875,-0.001068115234375,0.14166259765625,-0.04364013671875
7590, 7.709731101989746, 1000.0,160.0,0.0,0.0,0.0,0.0,0.0,0.0,0.0,1000.0,0.0,750.0,1000.0,666.0,955.0,999.0,999.0,999.0,999.0,635.0,1000.0,0.0,242.0, 0.962249755859375,-0.0180511474609375,-0.053802490234375,0.26617431640625, 0.9897308349609375,-0.00164794921875,0.1360321044921875,-0.04376220703125
7600, 7.720004081726074, 1000.0,160.0,0.0,0.0,0.0,0.0,0.0,0.0,0.0,1000.0,0.0,750.0,1000.0,666.0,956.0,999.0,999.0,999.0,999.0,635.0,1000.0,0.0,241.0, 0.9622039794921875,-0.0180816650390625,-0.0536346435546875,0.2663421630859375, 0.98944091796875,0.0002288818359375,0.1381683349609375,-0.043487548828125
7610, 7.729978561401367, 1000.0,160.0,0.0,0.0,0.0,0.0,0.0,0.0,0.0,1000.0,0.0,750.0,1000.0,666.0,956.0,999.0,999.0,999.0,999.0,635.0,1000.0,0.0,241.0, 0.962158203125,-0.0180206298828125,-0.0537567138671875,0.266510009765625, 0.9907989501953125,0.0031585693359375,0.1281890869140625,-0.0431671142578125
7620, 7.739828109741211, 1000.0,159.0,0.0,0.0,0.0,0.0,0.0,0.0,0.0,1000.0,0.0,750.0,1000.0,1000.0,956.0,999.0,999.0,999.0,999.0,635.0,1000.0,0.0,242.0, 0.9621124267578125,-0.0180206298828125,-0.0537261962890625,0.26666259765625, 0.9900360107421875,-0.00018310546875,0.1337890625,-0.0435791015625
7630, 7.750021934509277, 1000.0,159.0,0.0,0.0,0.0,0.0,0.0,0.0,0.0,1000.0,0.0,750.0,1000.0,666.0,956.0,999.0,999.0,999.0,999.0,635.0,1000.0,0.0,243.0, 0.962066650390625,-0.017669677734375,-0.053802490234375,0.2668304443359375, 0.98907470703125,-0.001373291015625,0.1407318115234375,-0.043701171875
7640, 7.762131690979004, 1000.0,160.0,0.0,0.0,0.0,0.0,0.0,0.0,0.0,1000.0,0.0,750.0,1000.0,666.0,956.0,999.0,999.0,999.0,999.0,635.0,1000.0,0.0,243.0, 0.9620361328125,-0.0177154541015625,-0.0536651611328125,0.2669525146484375, 0.98919677734375,-4.57763671875e-05,0.139892578125,-0.0435028076171875
7650, 7.769894599914551, 1000.0,159.0,0.0,0.0,0.0,0.0,0.0,0.0,0.0,1000.0,0.0,750.0,1000.0,666.0,956.0,999.0,999.0,999.0,999.0,635.0,1000.0,0.0,243.0, 0.9619903564453125,-0.0178985595703125,-0.0535888671875,0.2671356201171875, 0.9882659912109375,-0.000335693359375,0.1463775634765625,-0.04351806640625
7660, 7.779842376708984, 1000.0,157.0,0.0,0.0,0.0,0.0,0.0,0.0,0.0,1000.0,0.0,750.0,1000.0,666.0,956.0,999.0,999.0,999.0,999.0,635.0,1000.0,0.0,243.0, 0.961944580078125,-0.018157958984375,-0.0533905029296875,0.267333984375, 0.9887237548828125,-0.0008544921875,0.143218994140625,-0.0436248779296875
7670, 7.789914131164551, 1000.0,157.0,0.0,0.0,0.0,0.0,0.0,0.0,0.0,1000.0,0.0,750.0,1000.0,666.0,956.0,999.0,999.0,999.0,999.0,635.0,1000.0,0.0,243.0, 0.9618988037109375,-0.0183868408203125,-0.0533294677734375,0.2674713134765625, 0.989166259765625,-0.0018463134765625,0.1400604248046875,-0.0437774658203125
7680, 7.799878120422363, 1000.0,157.0,0.0,0.0,0.0,0.0,0.0,0.0,0.0,1000.0,0.0,750.0,1000.0,666.0,956.0,999.0,999.0,999.0,999.0,635.0,1000.0,0.0,243.0, 0.9618988037109375,-0.0183868408203125,-0.0533294677734375,0.2674713134765625, 0.9889373779296875,-0.000244140625,0.141754150390625,-0.043548583984375
7690, 7.820887565612793, 1000.0,158.0,0.0,0.0,0.0,0.0,0.0,0.0,0.0,1000.0,0.0,750.0,1000.0,666.0,956.0,999.0,999.0,999.0,999.0,635.0,1000.0,0.0,244.0, 0.9618072509765625,-0.018524169921875,-0.0533294677734375,0.2677764892578125, 0.98931884765625,0.000823974609375,0.139129638671875,-0.0433807373046875
7700, 7.829951286315918, 1000.0,158.0,0.0,0.0,0.0,0.0,0.0,0.0,0.0,1000.0,0.0,750.0,1000.0,666.0,957.0,999.0,999.0,999.0,999.0,635.0,1000.0,0.0,243.0, 0.961761474609375,-0.01861572265625,-0.053466796875,0.2679290771484375, 0.9893798828125,-0.0004730224609375,0.1385955810546875,-0.0435943603515625
7710, 7.839824676513672, 1000.0,158.0,0.0,0.0,0.0,0.0,0.0,0.0,0.0,1000.0,0.0,750.0,1000.0,666.0,957.0,999.0,999.0,999.0,999.0,635.0,1000.0,0.0,245.0, 0.96173095703125,-0.0187530517578125,-0.0532684326171875,0.2680511474609375, 0.989227294921875,-0.000244140625,0.1396942138671875,-0.043548583984375
7720, 7.849921703338623, 1000.0,158.0,0.0,0.0,0.0,0.0,0.0,0.0,0.0,1000.0,0.0,750.0,1000.0,1000.0,956.0,999.0,999.0,999.0,999.0,635.0,1000.0,0.0,245.0, 0.9616851806640625,-0.0186920166015625,-0.0533599853515625,0.2682037353515625, 0.9892120361328125,-0.00018310546875,0.1397552490234375,-0.043548583984375
7730, 7.859957695007324, 1000.0,159.0,0.0,0.0,0.0,0.0,0.0,0.0,0.0,1000.0,0.0,750.0,1000.0,1000.0,955.0,999.0,999.0,999.0,999.0,635.0,1000.0,0.0,245.0, 0.961639404296875,-0.018798828125,-0.053558349609375,0.2683258056640625, 0.9892120361328125,-0.000244140625,0.13983154296875,-0.043548583984375
7740, 7.869970321655273, 1000.0,158.0,0.0,0.0,0.0,0.0,0.0,0.0,0.0,1000.0,0.0,750.0,1000.0,666.0,956.0,999.0,999.0,999.0,999.0,635.0,1000.0,0.0,243.0, 0.9615478515625,-0.018524169921875,-0.0540771484375,0.268585205078125, 0.9892120361328125,-0.0002593994140625,0.139801025390625,-0.043548583984375
7750, 7.879782676696777, 1000.0,159.0,0.0,0.0,0.0,0.0,0.0,0.0,0.0,1000.0,0.0,750.0,1000.0,666.0,956.0,999.0,999.0,999.0,999.0,635.0,1000.0,0.0,241.0, 0.9615478515625,-0.018218994140625,-0.05438232421875,0.2685699462890625, 0.9892120361328125,-0.0001983642578125,0.13983154296875,-0.043548583984375
7760, 7.890172004699707, 1000.0,159.0,0.0,0.0,0.0,0.0,0.0,0.0,0.0,1000.0,0.0,750.0,1000.0,666.0,955.0,999.0,999.0,999.0,999.0,635.0,1000.0,0.0,245.0, 0.9614715576171875,-0.017913818359375,-0.054656982421875,0.268798828125, 0.989166259765625,-0.0002593994140625,0.140106201171875,-0.0435638427734375
7770, 7.900082588195801, 1000.0,158.0,0.0,0.0,0.0,0.0,0.0,0.0,0.0,1000.0,0.0,750.0,1000.0,666.0,955.0,999.0,999.0,999.0,999.0,635.0,1000.0,0.0,246.0, 0.96142578125,-0.017547607421875,-0.0549774169921875,0.2689056396484375, 0.98919677734375,-0.000152587890625,0.139892578125,-0.0435638427734375
7780, 7.909800052642822, 1000.0,158.0,0.0,0.0,0.0,0.0,0.0,0.0,0.0,1000.0,0.0,750.0,1000.0,666.0,955.0,999.0,999.0,999.0,999.0,635.0,1000.0,0.0,246.0, 0.96142578125,-0.0173187255859375,-0.054962158203125,0.2689056396484375, 0.989166259765625,1.52587890625e-05,0.140106201171875,-0.04351806640625
7790, 7.919997215270996, 1000.0,159.0,0.0,0.0,0.0,0.0,0.0,0.0,0.0,1000.0,0.0,750.0,1000.0,666.0,955.0,999.0,999.0,999.0,999.0,635.0,1000.0,0.0,244.0, 0.9614105224609375,-0.017333984375,-0.05474853515625,0.26904296875, 0.9891510009765625,0.0003509521484375,0.1403045654296875,-0.0434722900390625
7800, 7.930443286895752, 1000.0,159.0,0.0,0.0,0.0,0.0,0.0,0.0,0.0,1000.0,0.0,750.0,1000.0,1000.0,955.0,999.0,999.0,999.0,999.0,635.0,1000.0,0.0,244.0, 0.9613800048828125,-0.01715087890625,-0.0546112060546875,0.2691802978515625, 0.9891510009765625,0.0006256103515625,0.1402435302734375,-0.043426513671875
7810, 7.939826011657715, 1000.0,160.0,0.0,0.0,0.0,0.0,0.0,0.0,0.0,1000.0,0.0,750.0,1000.0,1000.0,955.0,999.0,999.0,999.0,999.0,635.0,1000.0,0.0,243.0, 0.9613494873046875,-0.0169677734375,-0.0546875,0.269287109375, 0.9891510009765625,0.0004730224609375,0.1402740478515625,-0.0434722900390625
7820, 7.950038909912109, 1000.0,161.0,0.0,0.0,0.0,0.0,0.0,0.0,0.0,1000.0,0.0,750.0,1000.0,1000.0,955.0,999.0,999.0,999.0,999.0,635.0,1000.0,0.0,242.0, 0.9613037109375,-0.01678466796875,-0.0548553466796875,0.2694244384765625, 0.9891510009765625,0.0004119873046875,0.1402435302734375,-0.0435028076171875
7830, 7.9597954750061035, 1000.0,161.0,0.0,0.0,0.0,0.0,0.0,0.0,0.0,1000.0,0.0,750.0,1000.0,666.0,955.0,999.0,999.0,999.0,999.0,635.0,1000.0,0.0,244.0, 0.9612579345703125,-0.01654052734375,-0.0550537109375,0.26953125, 0.9891357421875,7.62939453125e-05,0.14031982421875,-0.043548583984375
7840, 7.969944953918457, 1000.0,160.0,0.0,0.0,0.0,0.0,0.0,0.0,0.0,1000.0,0.0,750.0,1000.0,666.0,955.0,999.0,999.0,999.0,999.0,635.0,1000.0,0.0,244.0, 0.9612274169921875,-0.0165557861328125,-0.0550994873046875,0.2696533203125, 0.989166259765625,-0.00048828125,0.14007568359375,-0.043609619140625
7850, 7.97982120513916, 1000.0,160.0,0.0,0.0,0.0,0.0,0.0,0.0,0.0,1000.0,0.0,750.0,1000.0,666.0,955.0,999.0,999.0,999.0,999.0,635.0,1000.0,0.0,243.0, 0.9611968994140625,-0.0165863037109375,-0.0550994873046875,0.269775390625, 0.9891357421875,-0.0001220703125,0.1403350830078125,-0.0435791015625
7860, 7.989862442016602, 1000.0,161.0,0.0,0.0,0.0,0.0,0.0,0.0,0.0,1000.0,0.0,750.0,1000.0,666.0,955.0,999.0,999.0,999.0,999.0,635.0,1000.0,0.0,243.0, 0.9611663818359375,-0.0166015625,-0.05511474609375,0.2698822021484375, 0.989166259765625,-0.0001068115234375,0.140167236328125,-0.0435638427734375
7870, 8.000055313110352, 1000.0,162.0,0.0,0.0,0.0,0.0,0.0,0.0,0.0,1000.0,0.0,750.0,1000.0,666.0,955.0,999.0,999.0,999.0,999.0,635.0,1000.0,0.0,243.0, 0.96112060546875,-0.0166015625,-0.0550994873046875,0.2700042724609375, 0.9891815185546875,-0.000457763671875,0.1400299072265625,-0.04364013671875
7880, 8.009801864624023, 1000.0,163.0,0.0,0.0,0.0,0.0,0.0,0.0,0.0,1000.0,0.0,750.0,1000.0,666.0,955.0,999.0,999.0,999.0,999.0,635.0,1000.0,0.0,241.0, 0.961090087890625,-0.0165863037109375,-0.0550689697265625,0.2701263427734375, 0.9892578125,-0.000518798828125,0.1394805908203125,-0.0436859130859375
7890, 8.019766807556152, 1000.0,163.0,0.0,0.0,0.0,0.0,0.0,0.0,0.0,1000.0,0.0,750.0,1000.0,666.0,955.0,999.0,999.0,999.0,999.0,635.0,1000.0,0.0,241.0, 0.9610748291015625,-0.0166015625,-0.0550689697265625,0.2702178955078125, 0.9891815185546875,-0.0008697509765625,0.139923095703125,-0.0437164306640625
7900, 8.03005313873291, 1000.0,163.0,0.0,0.0,0.0,0.0,0.0,0.0,0.0,1000.0,0.0,750.0,1000.0,666.0,955.0,999.0,999.0,999.0,999.0,635.0,1000.0,0.0,242.0, 0.961029052734375,-0.016632080078125,-0.0550537109375,0.270355224609375, 0.9891510009765625,-0.000457763671875,0.1402130126953125,-0.0436553955078125
7910, 8.039812088012695, 1000.0,163.0,0.0,0.0,0.0,0.0,0.0,0.0,0.0,1000.0,0.0,750.0,1000.0,666.0,955.0,999.0,999.0,999.0,999.0,635.0,1000.0,0.0,244.0, 0.96099853515625,-0.016632080078125,-0.055023193359375,0.2704620361328125, 0.98919677734375,-0.00054931640625,0.139862060546875,-0.043670654296875
7920, 8.049795150756836, 1000.0,163.0,0.0,0.0,0.0,0.0,0.0,0.0,0.0,1000.0,0.0,750.0,1000.0,666.0,955.0,999.0,999.0,999.0,999.0,635.0,1000.0,0.0,243.0, 0.960968017578125,-0.016632080078125,-0.0549468994140625,0.2705841064453125, 0.9891204833984375,-0.0008544921875,0.1404266357421875,-0.043701171875
7930, 8.060213088989258, 1000.0,163.0,0.0,0.0,0.0,0.0,0.0,0.0,0.0,1000.0,0.0,750.0,1000.0,666.0,955.0,999.0,999.0,999.0,999.0,635.0,1000.0,0.0,243.0, 0.9610137939453125,-0.0161285400390625,-0.0545806884765625,0.27056884765625, 0.9891204833984375,-0.001068115234375,0.140350341796875,-0.0437469482421875
7940, 8.070125579833984, 1000.0,163.0,0.0,0.0,0.0,0.0,0.0,0.0,0.0,1000.0,0.0,750.0,1000.0,666.0,955.0,999.0,999.0,999.0,999.0,635.0,1000.0,0.0,243.0, 0.9610137939453125,-0.0161285400390625,-0.0545806884765625,0.27056884765625, 0.9890289306640625,-0.0017852783203125,0.1409912109375,-0.0438385009765625
7950, 8.079795837402344, 1000.0,164.0,0.0,0.0,0.0,0.0,0.0,0.0,0.0,1000.0,0.0,750.0,1000.0,1000.0,955.0,999.0,999.0,999.0,999.0,635.0,1000.0,0.0,243.0, 0.960968017578125,-0.01568603515625,-0.054107666015625,0.2707977294921875, 0.9891815185546875,-0.0011749267578125,0.13995361328125,-0.0437774658203125
7960, 8.091715812683105, 1000.0,163.0,0.0,0.0,0.0,0.0,0.0,0.0,0.0,1000.0,0.0,750.0,1000.0,666.0,955.0,999.0,999.0,999.0,999.0,635.0,1000.0,0.0,244.0, 0.9609375,-0.0155487060546875,-0.0541229248046875,0.2709197998046875, 0.98907470703125,-0.0007781982421875,0.1407470703125,-0.043731689453125
7970, 8.099984169006348, 1000.0,160.0,0.0,0.0,0.0,0.0,0.0,0.0,0.0,1000.0,0.0,750.0,1000.0,666.0,955.0,999.0,999.0,999.0,999.0,635.0,1000.0,0.0,244.0, 0.9608917236328125,-0.0157318115234375,-0.0542449951171875,0.2710723876953125, 0.9891815185546875,-0.0015106201171875,0.1399688720703125,-0.0438385009765625
7980, 8.109779357910156, 1000.0,159.0,0.0,0.0,0.0,0.0,0.0,0.0,0.0,1000.0,0.0,750.0,1000.0,666.0,955.0,999.0,999.0,999.0,999.0,635.0,1000.0,0.0,242.0, 0.9608306884765625,-0.0163421630859375,-0.0542755126953125,0.2712554931640625, 0.9890289306640625,-0.0034332275390625,0.1408538818359375,-0.0440521240234375
7990, 8.119940757751465, 1000.0,161.0,0.0,0.0,0.0,0.0,0.0,0.0,0.0,1000.0,0.0,750.0,1000.0,666.0,973.0,999.0,999.0,999.0,999.0,636.0,1000.0,0.0,241.0, 0.9606475830078125,-0.01727294921875,-0.0550689697265625,0.2716827392578125, 0.9890289306640625,-0.0006561279296875,0.14105224609375,-0.0435943603515625
8000, 8.129979133605957, 1000.0,162.0,0.0,0.0,0.0,0.0,0.0,0.0,0.0,1000.0,0.0,750.0,1000.0,666.0,991.0,999.0,999.0,999.0,999.0,637.0,1000.0,0.0,244.0, 0.9604949951171875,-0.01763916015625,-0.0553741455078125,0.2721405029296875, 0.9890289306640625,0.0022735595703125,0.1412200927734375,-0.043212890625
8010, 8.139820098876953, 1000.0,162.0,0.0,0.0,0.0,0.0,0.0,0.0,0.0,1000.0,0.0,750.0,1000.0,666.0,999.0,999.0,999.0,999.0,999.0,638.0,1000.0,0.0,246.0, 0.95965576171875,-0.0211334228515625,-0.061798095703125,0.273468017578125, 0.98883056640625,0.0021820068359375,0.1425323486328125,-0.043304443359375
8020, 8.149930000305176, 1000.0,162.0,0.0,0.0,0.0,0.0,0.0,0.0,0.0,1000.0,0.0,750.0,1000.0,666.0,998.0,999.0,999.0,999.0,999.0,638.0,1000.0,0.0,246.0, 0.9593353271484375,-0.023345947265625,-0.0652008056640625,0.27362060546875, 0.9889984130859375,-0.0008392333984375,0.1412353515625,-0.0437774658203125
8030, 8.159954071044922, 1000.0,163.0,0.0,0.0,0.0,0.0,0.0,0.0,0.0,1000.0,0.0,750.0,1000.0,666.0,997.0,999.0,999.0,999.0,999.0,638.0,1000.0,0.0,252.0, 0.9588623046875,-0.025787353515625,-0.070159912109375,0.2738189697265625, 0.9892425537109375,-0.001739501953125,0.1394500732421875,-0.0439605712890625
8040, 8.1699800491333, 1000.0,161.0,0.0,0.0,0.0,0.0,0.0,0.0,0.0,1000.0,0.0,750.0,1000.0,666.0,997.0,999.0,999.0,999.0,999.0,639.0,1000.0,0.0,253.0, 0.9589996337890625,-0.025238037109375,-0.06817626953125,0.2738800048828125, 0.9890594482421875,-0.0019989013671875,0.1406707763671875,-0.04400634765625
8050, 8.179800033569336, 1000.0,159.0,0.0,0.0,0.0,0.0,0.0,0.0,0.0,1000.0,0.0,750.0,1000.0,666.0,998.0,999.0,999.0,999.0,999.0,639.0,1000.0,0.0,249.0, 0.9588470458984375,-0.026123046875,-0.0703887939453125,0.273773193359375, 0.9888916015625,-0.00128173828125,0.1419219970703125,-0.0438995361328125
8060, 8.190062522888184, 1000.0,159.0,0.0,0.0,0.0,0.0,0.0,0.0,0.0,1000.0,0.0,750.0,1000.0,666.0,997.0,999.0,999.0,999.0,999.0,639.0,1000.0,0.0,243.0, 0.958892822265625,-0.0267181396484375,-0.07196044921875,0.273162841796875, 0.9886932373046875,-0.0022125244140625,0.143280029296875,-0.0439910888671875
8070, 8.201614379882812, 1000.0,159.0,0.0,0.0,0.0,0.0,0.0,0.0,0.0,1000.0,0.0,750.0,1000.0,666.0,997.0,999.0,999.0,999.0,999.0,639.0,1000.0,0.0,242.0, 0.959075927734375,-0.02496337890625,-0.0721282958984375,0.272613525390625, 0.9871978759765625,-0.0048980712890625,0.1530914306640625,-0.0444488525390625
8080, 8.209766387939453, 1000.0,160.0,0.0,0.0,0.0,0.0,0.0,0.0,0.0,1000.0,0.0,750.0,1000.0,666.0,998.0,999.0,999.0,999.0,999.0,638.0,1000.0,0.0,239.0, 0.9590301513671875,-0.026397705078125,-0.0733642578125,0.2723236083984375, 0.9890899658203125,7.62939453125e-05,0.1405792236328125,-0.043975830078125
8090, 8.21996021270752, 1000.0,159.0,0.0,0.0,0.0,0.0,0.0,0.0,0.0,1000.0,0.0,750.0,1000.0,666.0,998.0,999.0,999.0,999.0,999.0,637.0,1000.0,0.0,236.0, 0.95916748046875,-0.0255584716796875,-0.0732574462890625,0.2719573974609375, 0.990447998046875,0.0051116943359375,0.1307525634765625,-0.0432891845703125
8100, 8.230012893676758, 1000.0,159.0,0.0,0.0,0.0,0.0,0.0,0.0,0.0,1000.0,0.0,750.0,1000.0,666.0,999.0,999.0,999.0,999.0,999.0,636.0,1000.0,0.0,235.0, 0.959381103515625,-0.0238037109375,-0.0725860595703125,0.2715301513671875, 0.989471435546875,0.0027313232421875,0.1378631591796875,-0.0437164306640625
8110, 8.239776611328125, 1000.0,160.0,0.0,0.0,0.0,0.0,0.0,0.0,0.0,1000.0,0.0,750.0,1000.0,666.0,999.0,999.0,999.0,999.0,999.0,635.0,1000.0,0.0,235.0, 0.9595489501953125,-0.0225067138671875,-0.0725250244140625,0.2710723876953125, 0.989501953125,0.00848388671875,0.1376495361328125,-0.043121337890625
8120, 8.249927520751953, 1000.0,160.0,0.0,0.0,0.0,0.0,0.0,0.0,0.0,1000.0,0.0,750.0,1000.0,666.0,998.0,999.0,999.0,999.0,999.0,634.0,1000.0,0.0,234.0, 0.9597625732421875,-0.020843505859375,-0.07244873046875,0.2704620361328125, 0.989410400390625,0.01202392578125,0.1379241943359375,-0.043243408203125
8130, 8.260028839111328, 1000.0,161.0,0.0,0.0,0.0,0.0,0.0,0.0,0.0,1000.0,0.0,750.0,1000.0,666.0,988.0,999.0,999.0,999.0,999.0,634.0,1000.0,0.0,234.0, 0.9598236083984375,-0.022705078125,-0.0733642578125,0.269866943359375, 0.988616943359375,0.0146942138671875,0.14306640625,-0.043853759765625
8140, 8.269929885864258, 1000.0,162.0,0.0,0.0,0.0,0.0,0.0,0.0,0.0,1000.0,0.0,750.0,1000.0,666.0,976.0,999.0,999.0,999.0,999.0,635.0,1000.0,0.0,234.0, 0.9599151611328125,-0.024444580078125,-0.07373046875,0.2693023681640625, 0.988555908203125,0.01483154296875,0.143096923828125,-0.0452728271484375
8150, 8.279812812805176, 1000.0,163.0,0.0,0.0,0.0,0.0,0.0,0.0,0.0,1000.0,0.0,750.0,1000.0,666.0,959.0,999.0,999.0,999.0,999.0,638.0,1000.0,0.0,231.0, 0.9599456787109375,-0.0269775390625,-0.0745849609375,0.2686920166015625, 0.98834228515625,0.015472412109375,0.143768310546875,-0.0475616455078125
8160, 8.289920806884766, 1000.0,162.0,0.0,0.0,0.0,0.0,0.0,0.0,0.0,1000.0,0.0,750.0,1000.0,666.0,950.0,999.0,999.0,999.0,999.0,641.0,1000.0,0.0,227.0, 0.9598541259765625,-0.0305328369140625,-0.0754241943359375,0.2684173583984375, 0.988006591796875,0.0161285400390625,0.1448211669921875,-0.0509185791015625
8170, 8.299915313720703, 1000.0,160.0,0.0,0.0,0.0,0.0,0.0,0.0,0.0,1000.0,0.0,750.0,1000.0,666.0,946.0,999.0,999.0,999.0,999.0,644.0,1000.0,0.0,222.0, 0.959564208984375,-0.035980224609375,-0.077545166015625,0.2681732177734375, 0.98760986328125,0.0163726806640625,0.14599609375,-0.05499267578125
8180, 8.309774398803711, 1000.0,159.0,0.0,0.0,0.0,0.0,0.0,0.0,0.0,1000.0,0.0,750.0,1000.0,1000.0,945.0,999.0,999.0,999.0,999.0,647.0,1000.0,0.0,218.0, 0.95849609375,-0.0440673828125,-0.0824432373046875,0.269287109375, 0.98712158203125,0.016448974609375,0.1473846435546875,-0.059814453125
8190, 8.319985389709473, 1000.0,160.0,0.0,0.0,0.0,0.0,0.0,0.0,0.0,1000.0,0.0,750.0,1000.0,1000.0,944.0,999.0,999.0,999.0,999.0,651.0,1000.0,0.0,219.0, 0.95684814453125,-0.0557861328125,-0.0892181396484375,0.270843505859375, 0.986663818359375,0.01544189453125,0.1485443115234375,-0.0645751953125
8200, 8.3300142288208, 1000.0,160.0,0.0,0.0,0.0,0.0,0.0,0.0,0.0,1000.0,0.0,750.0,1000.0,666.0,944.0,999.0,999.0,999.0,999.0,654.0,1000.0,0.0,212.0, 0.9542236328125,-0.070770263671875,-0.098602294921875,0.2733001708984375, 0.9863739013671875,0.0126800537109375,0.149169921875,-0.068115234375
8210, 8.33981990814209, 1000.0,160.0,0.0,0.0,0.0,0.0,0.0,0.0,0.0,1000.0,0.0,750.0,1000.0,666.0,944.0,999.0,999.0,999.0,999.0,656.0,1000.0,0.0,202.0, 0.9512481689453125,-0.0835418701171875,-0.1082305908203125,0.27642822265625, 0.986175537109375,0.009033203125,0.149688720703125,-0.0704498291015625
8220, 8.34991455078125, 1000.0,160.0,0.0,0.0,0.0,0.0,0.0,0.0,0.0,1000.0,0.0,750.0,1000.0,666.0,945.0,999.0,999.0,999.0,999.0,658.0,1000.0,0.0,191.0, 0.9488372802734375,-0.0948944091796875,-0.115692138671875,0.2779998779296875, 0.9859619140625,0.00579833984375,0.150421142578125,-0.0721588134765625
8230, 8.364648818969727, 1000.0,159.0,0.0,1.0,0.0,0.0,0.0,0.0,0.0,1000.0,0.0,750.0,1000.0,1000.0,948.0,999.0,999.0,999.0,999.0,661.0,1000.0,0.0,184.0, 0.9466400146484375,-0.10595703125,-0.1214447021484375,0.279052734375, 0.98577880859375,0.0032501220703125,0.151275634765625,-0.0730438232421875
8240, 8.369791984558105, 1000.0,159.0,0.0,1.0,0.0,0.0,0.0,0.0,0.0,1000.0,0.0,750.0,1000.0,1000.0,948.0,999.0,999.0,999.0,999.0,661.0,1000.0,0.0,184.0, 0.9466400146484375,-0.10595703125,-0.1214447021484375,0.279052734375, 0.98565673828125,0.0017547607421875,0.151885986328125,-0.073394775390625
8250, 8.379789352416992, 1000.0,161.0,0.0,2.0,0.0,0.0,0.0,0.0,0.0,1000.0,0.0,750.0,1000.0,1000.0,956.0,999.0,999.0,999.0,999.0,665.0,1000.0,0.0,163.0, 0.9420013427734375,-0.1279754638671875,-0.133514404296875,0.2800140380859375, 0.984588623046875,-0.0128936767578125,0.1570281982421875,-0.0758209228515625
8260, 8.390166282653809, 1000.0,162.0,0.0,2.0,0.0,0.0,0.0,0.0,0.0,1000.0,0.0,750.0,1000.0,1000.0,954.0,999.0,999.0,999.0,999.0,668.0,1000.0,0.0,136.0, 0.9396820068359375,-0.13946533203125,-0.1387176513671875,0.2797698974609375, 0.9840545654296875,-0.008514404296875,0.1606597900390625,-0.075714111328125
8270, 8.39991569519043, 1000.0,163.0,0.0,3.0,0.0,0.0,0.0,0.0,0.0,1000.0,0.0,750.0,1000.0,1000.0,946.0,999.0,999.0,999.0,999.0,669.0,1000.0,0.0,136.0, 0.93756103515625,-0.1494293212890625,-0.142242431640625,0.2799835205078125, 0.9840240478515625,-0.0074005126953125,0.1604461669921875,-0.07666015625
8280, 8.409791946411133, 1000.0,163.0,0.0,3.0,0.0,0.0,0.0,0.0,0.0,1000.0,0.0,750.0,1000.0,666.0,940.0,999.0,999.0,999.0,999.0,671.0,1000.0,0.0,147.0, 0.9357757568359375,-0.1600799560546875,-0.1435089111328125,0.279449462890625, 0.98394775390625,-0.0068206787109375,0.1604156494140625,-0.077850341796875
8290, 8.419964790344238, 1000.0,163.0,0.0,5.0,0.0,0.0,0.0,0.0,0.0,1000.0,0.0,750.0,1000.0,666.0,935.0,999.0,999.0,999.0,999.0,672.0,1000.0,0.0,145.0, 0.9313201904296875,-0.1809234619140625,-0.148651123046875,0.2789306640625, 0.983795166015625,-0.007568359375,0.160675048828125,-0.0791015625
8300, 8.430020332336426, 1000.0,163.0,0.0,5.0,0.0,0.0,0.0,0.0,0.0,1000.0,0.0,750.0,1000.0,666.0,935.0,999.0,999.0,999.0,999.0,672.0,1000.0,0.0,145.0, 0.9313201904296875,-0.1809234619140625,-0.148651123046875,0.2789306640625, 0.983612060546875,-0.0096435546875,0.161163330078125,-0.0800933837890625
8310, 8.439817428588867, 1000.0,169.0,0.0,5.0,0.0,0.0,0.0,0.0,0.0,1000.0,0.0,750.0,1000.0,666.0,937.0,999.0,999.0,999.0,999.0,672.0,1000.0,0.0,137.0, 0.9292449951171875,-0.189300537109375,-0.1500244140625,0.2795257568359375, 0.9834747314453125,-0.0129547119140625,0.16162109375,-0.080352783203125
8320, 8.449942588806152, 1000.0,174.0,0.0,7.0,0.0,0.0,0.0,0.0,0.0,1000.0,0.0,750.0,1000.0,666.0,947.0,999.0,999.0,999.0,999.0,671.0,1000.0,0.0,128.0, 0.925933837890625,-0.1992645263671875,-0.150543212890625,0.2833099365234375, 0.9833831787109375,-0.0156707763671875,0.1620941162109375,-0.0800628662109375
8330, 8.460029602050781, 1000.0,174.0,0.0,7.0,0.0,0.0,0.0,0.0,0.0,1000.0,0.0,750.0,1000.0,666.0,949.0,999.0,999.0,999.0,999.0,669.0,1000.0,0.0,125.0, 0.92645263671875,-0.1966705322265625,-0.1516571044921875,0.282806396484375, 0.9820556640625,-0.0412750244140625,0.163787841796875,-0.083740234375
8340, 8.472882270812988, 1000.0,173.0,0.0,7.0,0.0,0.0,0.0,0.0,0.0,1000.0,0.0,750.0,1000.0,666.0,945.0,999.0,999.0,999.0,999.0,668.0,1000.0,0.0,119.0, 0.9257049560546875,-0.2006378173828125,-0.1501617431640625,0.2832489013671875, 0.98211669921875,-0.039825439453125,0.1638336181640625,-0.0836029052734375
8350, 8.479764938354492, 1000.0,173.0,0.0,7.0,0.0,0.0,0.0,0.0,0.0,1000.0,0.0,750.0,1000.0,666.0,942.0,999.0,999.0,999.0,999.0,667.0,1000.0,0.0,114.0, 0.9249420166015625,-0.2042694091796875,-0.148223876953125,0.2841796875, 0.982269287109375,-0.0378875732421875,0.163421630859375,-0.0835418701171875
8360, 8.490166664123535, 1000.0,173.0,0.0,7.0,0.0,0.0,0.0,0.0,0.0,1000.0,0.0,750.0,1000.0,666.0,942.0,999.0,999.0,999.0,999.0,667.0,1000.0,0.0,114.0, 0.923736572265625,-0.2081451416015625,-0.146484375,0.28619384765625, 0.9824371337890625,-0.036468505859375,0.1629180908203125,-0.08319091796875
8370, 8.499913215637207, 1000.0,174.0,0.0,7.0,0.0,0.0,0.0,0.0,0.0,1000.0,0.0,750.0,1000.0,666.0,940.0,999.0,999.0,999.0,999.0,667.0,1000.0,0.0,111.0, 0.9226531982421875,-0.213043212890625,-0.143707275390625,0.287506103515625, 0.9825286865234375,-0.03521728515625,0.162933349609375,-0.08270263671875
8380, 8.509801864624023, 1000.0,175.0,0.0,8.0,0.0,0.0,0.0,0.0,0.0,1000.0,0.0,750.0,1000.0,666.0,938.0,999.0,999.0,999.0,999.0,667.0,1000.0,0.0,105.0, 0.92156982421875,-0.2196807861328125,-0.1400604248046875,0.287750244140625, 0.98455810546875,-0.014190673828125,0.155242919921875,-0.0794830322265625
8390, 8.519950866699219, 1000.0,177.0,0.0,8.0,0.0,0.0,0.0,0.0,0.0,1000.0,0.0,750.0,1000.0,666.0,944.0,999.0,999.0,999.0,999.0,667.0,1000.0,0.0,96.0, 0.92022705078125,-0.225494384765625,-0.137481689453125,0.2888031005859375, 0.9847869873046875,-0.006378173828125,0.1550750732421875,-0.0779571533203125
8400, 8.53001880645752, 1000.0,179.0,0.0,8.0,0.0,0.0,0.0,0.0,0.0,1000.0,0.0,750.0,1000.0,666.0,962.0,999.0,999.0,999.0,999.0,668.0,1000.0,0.0,91.0, 0.919036865234375,-0.2285919189453125,-0.135223388671875,0.291229248046875, 0.9847869873046875,-0.0078277587890625,0.1554412841796875,-0.0771942138671875
8410, 8.539860725402832, 1000.0,181.0,0.0,8.0,0.0,0.0,0.0,0.0,0.0,1000.0,0.0,750.0,1000.0,666.0,987.0,999.0,999.0,999.0,999.0,670.0,1000.0,0.0,88.0, 0.9188690185546875,-0.2289886474609375,-0.131927490234375,0.2929229736328125, 0.9849395751953125,-0.010040283203125,0.1551513671875,-0.0756072998046875
8420, 8.549837112426758, 1000.0,182.0,0.0,8.0,0.0,0.0,0.0,0.0,0.0,1000.0,0.0,750.0,1000.0,666.0,983.0,999.0,999.0,999.0,999.0,672.0,1000.0,0.0,87.0, 0.9188995361328125,-0.230743408203125,-0.1255645751953125,0.29425048828125, 0.9853057861328125,-0.010345458984375,0.153656005859375,-0.073638916015625
8430, 8.559967994689941, 1000.0,181.0,0.0,8.0,0.0,0.0,0.0,0.0,0.0,1000.0,0.0,750.0,1000.0,666.0,964.0,999.0,999.0,999.0,999.0,674.0,1000.0,0.0,87.0, 0.917724609375,-0.234710693359375,-0.11956787109375,0.297271728515625, 0.9858245849609375,-0.007232666015625,0.151336669921875,-0.0720062255859375
8440, 8.569867134094238, 1000.0,182.0,0.0,8.0,0.0,0.0,0.0,0.0,0.0,1000.0,0.0,750.0,1000.0,666.0,954.0,999.0,999.0,999.0,999.0,677.0,1000.0,0.0,85.0, 0.9166412353515625,-0.2362060546875,-0.1152496337890625,0.301116943359375, 0.98626708984375,-0.0017547607421875,0.1491851806640625,-0.070648193359375
8450, 8.579764366149902, 1000.0,185.0,0.0,8.0,0.0,0.0,0.0,0.0,0.0,1000.0,0.0,750.0,1000.0,666.0,964.0,999.0,999.0,999.0,999.0,680.0,1000.0,0.0,83.0, 0.91754150390625,-0.231964111328125,-0.1079864501953125,0.3043365478515625, 0.9866943359375,0.004791259765625,0.14739990234375,-0.068359375
8460, 8.590185165405273, 1000.0,188.0,0.0,8.0,0.0,0.0,0.0,0.0,0.0,1000.0,0.0,750.0,1000.0,666.0,980.0,999.0,999.0,999.0,999.0,684.0,1000.0,0.0,81.0, 0.91912841796875,-0.2258148193359375,-0.0988922119140625,0.3072357177734375, 0.9871063232421875,0.0088958740234375,0.1455841064453125,-0.06573486328125
8470, 8.599954605102539, 1000.0,189.0,0.0,8.0,0.0,0.0,0.0,0.0,0.0,1000.0,0.0,750.0,1000.0,666.0,995.0,999.0,999.0,999.0,999.0,688.0,1000.0,0.0,81.0, 0.9204864501953125,-0.2212677001953125,-0.0877838134765625,0.3098602294921875, 0.9873199462890625,0.010223388671875,0.1449737548828125,-0.063751220703125
8480, 8.609789848327637, 1000.0,192.0,0.0,8.0,0.0,0.0,0.0,0.0,0.0,1000.0,0.0,750.0,1000.0,1000.0,999.0,999.0,999.0,999.0,999.0,693.0,1000.0,0.0,82.0, 0.9224700927734375,-0.2164764404296875,-0.074615478515625,0.3108062744140625, 0.98736572265625,0.0100555419921875,0.1454315185546875,-0.06207275390625
8490, 8.620149612426758, 1000.0,193.0,0.0,10.0,0.0,0.0,0.0,0.0,0.0,1000.0,0.0,750.0,1000.0,666.0,999.0,999.0,999.0,999.0,999.0,699.0,1000.0,0.0,84.0, 0.9236602783203125,-0.2162628173828125,-0.0596771240234375,0.3106231689453125, 0.9873504638671875,0.0091400146484375,0.1461334228515625,-0.0606842041015625
8500, 8.634931564331055, 1000.0,193.0,0.0,10.0,0.0,0.0,0.0,0.0,0.0,1000.0,0.0,750.0,1000.0,666.0,999.0,999.0,999.0,999.0,999.0,699.0,1000.0,0.0,84.0, 0.9236602783203125,-0.2162628173828125,-0.0596771240234375,0.3106231689453125, 0.987396240234375,0.0071258544921875,0.1466217041015625,-0.058929443359375
8510, 8.639734268188477, 1000.0,194.0,0.0,15.0,0.0,0.0,0.0,0.0,0.0,1000.0,0.0,750.0,1000.0,666.0,999.0,999.0,999.0,999.0,999.0,714.0,1000.0,0.0,87.0, 0.920745849609375,-0.2299652099609375,-0.0591583251953125,0.3095550537109375, 0.98736572265625,0.0052947998046875,0.1474609375,-0.0576019287109375
8520, 8.650144577026367, 1000.0,194.0,0.0,15.0,0.0,0.0,0.0,0.0,0.0,1000.0,0.0,750.0,1000.0,1000.0,999.0,999.0,999.0,999.0,999.0,724.0,1000.0,0.0,88.0, 0.9196014404296875,-0.23797607421875,-0.0496826171875,0.30853271484375, 0.9872589111328125,0.00482177734375,0.1484527587890625,-0.0567779541015625
8530, 8.660198211669922, 1000.0,194.0,0.0,15.0,0.0,0.0,0.0,0.0,0.0,1000.0,0.0,750.0,1000.0,1000.0,999.0,999.0,999.0,999.0,999.0,724.0,1000.0,0.0,88.0, 0.9196014404296875,-0.23797607421875,-0.0496826171875,0.30853271484375, 0.9852294921875,0.0135650634765625,0.1614532470703125,-0.0553741455078125
8540, 8.669818878173828, 1000.0,193.0,0.0,15.0,0.0,0.0,0.0,0.0,0.0,1000.0,0.0,750.0,1000.0,666.0,999.0,999.0,999.0,999.0,999.0,738.0,1000.0,0.0,89.0, 0.9209442138671875,-0.235382080078125,-0.034149169921875,0.3086700439453125, 0.98468017578125,0.0128021240234375,0.164764404296875,-0.055572509765625
8550, 8.679915428161621, 1000.0,194.0,0.0,14.0,0.0,0.0,0.0,0.0,0.0,1000.0,0.0,750.0,1000.0,666.0,999.0,999.0,999.0,999.0,999.0,746.0,1000.0,0.0,90.0, 0.9222259521484375,-0.2315216064453125,-0.0257415771484375,0.3085479736328125, 0.983306884765625,0.0028533935546875,0.172515869140625,-0.0575103759765625
8560, 8.689996719360352, 1000.0,194.0,0.0,14.0,0.0,0.0,0.0,0.0,0.0,1000.0,0.0,750.0,1000.0,666.0,999.0,999.0,999.0,999.0,999.0,753.0,1000.0,0.0,90.0, 0.9234161376953125,-0.2269744873046875,-0.018096923828125,0.3089447021484375, 0.983245849609375,0.0032501220703125,0.1727294921875,-0.05810546875
8570, 8.699902534484863, 1000.0,194.0,0.0,14.0,0.0,0.0,0.0,0.0,0.0,1000.0,0.0,750.0,1000.0,666.0,999.0,999.0,999.0,999.0,999.0,759.0,1000.0,0.0,89.0, 0.924530029296875,-0.223663330078125,-0.0118255615234375,0.30828857421875, 0.983245849609375,0.004180908203125,0.172332763671875,-0.0591888427734375
8580, 8.709845542907715, 1000.0,195.0,0.0,13.0,0.0,0.0,0.0,0.0,0.0,1000.0,0.0,750.0,1000.0,1000.0,999.0,999.0,999.0,999.0,999.0,772.0,1000.0,0.0,85.0, 0.9243011474609375,-0.22772216796875,-0.0035858154296875,0.30621337890625, 0.983367919921875,0.004547119140625,0.1710205078125,-0.0609588623046875
8590, 8.720170021057129, 1000.0,196.0,0.0,13.0,0.0,0.0,0.0,0.0,0.0,1000.0,0.0,750.0,1000.0,666.0,999.0,999.0,999.0,999.0,999.0,779.0,1000.0,0.0,84.0, 0.9235076904296875,-0.2343902587890625,0.0037384033203125,0.3035888671875, 0.983642578125,0.0041351318359375,0.16876220703125,-0.062774658203125
8600, 8.730138778686523, 1000.0,197.0,0.0,13.0,0.0,0.0,0.0,0.0,0.0,1000.0,0.0,750.0,1000.0,666.0,999.0,999.0,999.0,999.0,999.0,786.0,1000.0,0.0,84.0, 0.9257354736328125,-0.2244873046875,0.00347900390625,0.304290771484375, 0.9838409423828125,0.0044097900390625,0.1667633056640625,-0.0648651123046875
8610, 8.739801406860352, 1000.0,197.0,0.0,13.0,0.0,0.0,0.0,0.0,0.0,1000.0,0.0,750.0,1000.0,666.0,999.0,999.0,999.0,999.0,999.0,790.0,1000.0,0.0,84.0, 0.9274139404296875,-0.217681884765625,0.016754150390625,0.3036651611328125, 0.9840087890625,0.00469970703125,0.165130615234375,-0.0663604736328125
8620, 8.750031471252441, 1000.0,197.0,0.0,13.0,0.0,0.0,0.0,0.0,0.0,1000.0,0.0,750.0,1000.0,666.0,999.0,999.0,999.0,999.0,999.0,789.0,1000.0,0.0,86.0, 0.9296417236328125,-0.2063751220703125,0.037200927734375,0.30291748046875, 0.9844207763671875,0.0035858154296875,0.1627044677734375,-0.06634521484375
8630, 8.760248184204102, 1000.0,195.0,0.0,13.0,0.0,0.0,0.0,0.0,0.0,1000.0,0.0,750.0,1000.0,666.0,995.0,999.0,999.0,999.0,999.0,785.0,1000.0,0.0,89.0, 0.9322662353515625,-0.1917572021484375,0.055023193359375,0.3017578125, 0.9846038818359375,0.0033721923828125,0.161712646484375,-0.0660858154296875
8640, 8.769927978515625, 1000.0,194.0,0.0,13.0,0.0,0.0,0.0,0.0,0.0,1000.0,0.0,750.0,1000.0,1000.0,974.0,999.0,999.0,999.0,999.0,782.0,1000.0,0.0,86.0, 0.9351043701171875,-0.1764373779296875,0.0651092529296875,0.3003082275390625, 0.9842376708984375,0.0050048828125,0.163818359375,-0.0662384033203125
8650, 8.780020713806152, 1000.0,193.0,0.0,13.0,0.0,0.0,0.0,0.0,0.0,1000.0,0.0,750.0,1000.0,1000.0,954.0,999.0,999.0,999.0,999.0,779.0,1000.0,0.0,82.0, 0.937652587890625,-0.1623687744140625,0.0701904296875,0.299163818359375, 0.9838104248046875,0.0064697265625,0.166168212890625,-0.0666961669921875
8660, 8.797194480895996, 1000.0,192.0,0.0,12.0,0.0,0.0,0.0,0.0,0.0,1000.0,0.0,750.0,1000.0,666.0,949.0,999.0,999.0,999.0,999.0,776.0,1000.0,0.0,78.0, 0.939208984375,-0.152313232421875,0.0769195556640625,0.29791259765625, 0.983612060546875,0.00714111328125,0.167388916015625,-0.0665435791015625
8670, 8.80072021484375, 1000.0,192.0,0.0,12.0,0.0,0.0,0.0,0.0,0.0,1000.0,0.0,750.0,1000.0,666.0,948.0,999.0,999.0,999.0,999.0,774.0,1000.0,0.0,74.0, 0.9397430419921875,-0.1463623046875,0.0836334228515625,0.29742431640625, 0.9835357666015625,0.006195068359375,0.1681976318359375,-0.065765380859375
8680, 8.80981159210205, 1000.0,191.0,0.0,12.0,0.0,0.0,0.0,0.0,0.0,1000.0,0.0,750.0,1000.0,666.0,947.0,999.0,999.0,999.0,999.0,773.0,1000.0,0.0,73.0, 0.9403533935546875,-0.14117431640625,0.0888519287109375,0.29644775390625, 0.9837493896484375,0.0062713623046875,0.1672515869140625,-0.064849853515625
8690, 8.819940567016602, 1000.0,192.0,0.0,12.0,0.0,0.0,0.0,0.0,0.0,1000.0,0.0,750.0,1000.0,666.0,945.0,999.0,999.0,999.0,999.0,774.0,1000.0,0.0,73.0, 0.940521240234375,-0.1395263671875,0.0930938720703125,0.29541015625, 0.9840545654296875,0.006500244140625,0.165802001953125,-0.0639190673828125
8700, 8.829984664916992, 1000.0,191.0,0.0,11.0,0.0,0.0,0.0,0.0,0.0,1000.0,0.0,750.0,1000.0,666.0,941.0,999.0,999.0,999.0,999.0,776.0,1000.0,0.0,74.0, 0.9402313232421875,-0.140045166015625,0.0952301025390625,0.2954254150390625, 0.9838409423828125,0.00701904296875,0.1672515869140625,-0.06329345703125
8710, 8.839827537536621, 1000.0,191.0,0.0,11.0,0.0,0.0,0.0,0.0,0.0,1000.0,0.0,750.0,1000.0,666.0,938.0,999.0,999.0,999.0,999.0,779.0,1000.0,0.0,74.0, 0.939910888671875,-0.1400909423828125,0.093841552734375,0.2968292236328125, 0.98382568359375,0.006561279296875,0.16748046875,-0.0631256103515625
8720, 8.84976577758789, 1000.0,188.0,0.0,12.0,0.0,0.0,0.0,0.0,0.0,1000.0,0.0,750.0,1000.0,666.0,937.0,999.0,999.0,999.0,999.0,782.0,1000.0,0.0,72.0, 0.9395904541015625,-0.139862060546875,0.0893707275390625,0.29931640625, 0.9839630126953125,0.004913330078125,0.1667022705078125,-0.063018798828125
8730, 8.85995101928711, 1000.0,187.0,0.0,12.0,0.0,0.0,0.0,0.0,0.0,1000.0,0.0,750.0,1000.0,1000.0,944.0,999.0,999.0,999.0,999.0,783.0,1000.0,0.0,69.0, 0.9389190673828125,-0.1407928466796875,0.0795135498046875,0.303741455078125, 0.9842529296875,0.005126953125,0.1653289794921875,-0.0621490478515625
8740, 8.869926452636719, 1000.0,188.0,0.0,12.0,0.0,0.0,0.0,0.0,0.0,1000.0,0.0,750.0,1000.0,666.0,958.0,999.0,999.0,999.0,999.0,786.0,1000.0,0.0,65.0, 0.9375762939453125,-0.1430511474609375,0.064910888671875,0.31024169921875, 0.9846954345703125,0.0051422119140625,0.1633758544921875,-0.0604095458984375
8750, 8.880093574523926, 1000.0,189.0,0.0,12.0,0.0,0.0,0.0,0.0,0.0,1000.0,0.0,750.0,1000.0,666.0,963.0,999.0,999.0,999.0,999.0,787.0,1000.0,0.0,64.0, 0.9357452392578125,-0.145843505859375,0.0501708984375,0.317138671875, 0.98529052734375,0.0049285888671875,0.1608428955078125,-0.057403564453125
8760, 8.890131950378418, 1000.0,188.0,0.0,12.0,0.0,0.0,0.0,0.0,0.0,1000.0,0.0,750.0,1000.0,666.0,964.0,999.0,999.0,999.0,999.0,787.0,1000.0,0.0,65.0, 0.9331817626953125,-0.14971923828125,0.0347747802734375,0.3248443603515625, 0.985992431640625,0.0045928955078125,0.157928466796875,-0.053253173828125
8770, 8.90650463104248, 1000.0,191.0,0.0,11.0,0.0,0.0,0.0,0.0,0.0,1000.0,0.0,750.0,1000.0,666.0,966.0,999.0,999.0,999.0,999.0,784.0,1000.0,0.0,70.0, 0.9300079345703125,-0.1552734375,0.0172271728515625,0.332672119140625, 0.98681640625,0.0041961669921875,0.1544342041015625,-0.0480499267578125
8780, 8.909566879272461, 1000.0,193.0,0.0,11.0,0.0,0.0,0.0,0.0,0.0,1000.0,0.0,750.0,1000.0,666.0,969.0,999.0,999.0,999.0,999.0,781.0,1000.0,0.0,77.0, 0.92633056640625,-0.160888671875,-0.002288818359375,0.3405914306640625, 0.9876556396484375,0.003692626953125,0.150848388671875,-0.041748046875
8790, 8.919990539550781, 1000.0,194.0,0.0,11.0,0.0,0.0,0.0,0.0,0.0,1000.0,0.0,750.0,1000.0,666.0,972.0,999.0,999.0,999.0,999.0,778.0,1000.0,0.0,84.0, 0.92266845703125,-0.1652069091796875,-0.022003173828125,0.3477020263671875, 0.98846435546875,0.0030059814453125,0.147308349609375,-0.0348968505859375
8800, 8.929964065551758, 1000.0,194.0,0.0,11.0,0.0,0.0,0.0,0.0,0.0,1000.0,0.0,750.0,1000.0,666.0,972.0,999.0,999.0,999.0,999.0,778.0,1000.0,0.0,84.0, 0.92266845703125,-0.1652069091796875,-0.022003173828125,0.3477020263671875, 0.9890899658203125,0.0022125244140625,0.1442718505859375,-0.0291595458984375
8810, 8.93981647491455, 1000.0,194.0,0.0,11.0,0.0,0.0,0.0,0.0,0.0,1000.0,0.0,750.0,1000.0,666.0,995.0,999.0,999.0,999.0,999.0,771.0,1000.0,0.0,98.0, 0.9207611083984375,-0.15234375,-0.06292724609375,0.3535614013671875, 0.9894256591796875,0.00225830078125,0.14288330078125,-0.0245819091796875
8820, 8.950016021728516, 1000.0,194.0,0.0,13.0,0.0,0.0,0.0,0.0,0.0,1000.0,0.0,750.0,1000.0,666.0,999.0,999.0,999.0,999.0,999.0,768.0,1000.0,0.0,102.0, 0.9194488525390625,-0.1505584716796875,-0.076202392578125,0.3551483154296875, 0.989501953125,0.0026702880859375,0.1427764892578125,-0.0217437744140625
8830, 8.959956169128418, 1000.0,194.0,0.0,16.0,0.0,0.0,0.0,0.0,0.0,1000.0,0.0,750.0,1000.0,1000.0,999.0,999.0,999.0,999.0,999.0,765.0,1000.0,0.0,94.0, 0.9183349609375,-0.1515045166015625,-0.08538818359375,0.3555145263671875, 0.9894256591796875,0.0032958984375,0.1434783935546875,-0.0205078125
8840, 8.969890594482422, 1000.0,194.0,0.0,18.0,0.0,0.0,0.0,0.0,0.0,1000.0,0.0,750.0,1000.0,666.0,999.0,999.0,999.0,999.0,999.0,763.0,1000.0,0.0,91.0, 0.919403076171875,-0.1488494873046875,-0.082733154296875,0.3545074462890625, 0.9893035888671875,0.0114898681640625,0.144073486328125,-0.01904296875
8850, 8.980122566223145, 1000.0,194.0,0.0,19.0,0.0,0.0,0.0,0.0,0.0,1000.0,0.0,1000.0,1000.0,666.0,999.0,999.0,999.0,999.0,999.0,761.0,1000.0,0.0,107.0, 0.9203643798828125,-0.144439697265625,-0.079132080078125,0.35467529296875, 0.9894256591796875,0.011505126953125,0.1433563232421875,-0.0186309814453125
8860, 8.990171432495117, 1000.0,193.0,0.0,18.0,0.0,0.0,0.0,0.0,0.0,1000.0,0.0,750.0,1000.0,666.0,999.0,999.0,999.0,999.0,999.0,759.0,1000.0,0.0,135.0, 0.9199981689453125,-0.1390380859375,-0.0840301513671875,0.35662841796875, 0.989410400390625,0.0100250244140625,0.1436920166015625,-0.0175933837890625
8870, 8.999939918518066, 1000.0,193.0,0.0,18.0,0.0,0.0,0.0,0.0,0.0,1000.0,0.0,750.0,1000.0,1000.0,999.0,999.0,999.0,999.0,999.0,758.0,1000.0,0.0,139.0, 0.919097900390625,-0.1328582763671875,-0.0921630859375,0.359283447265625, 0.9894561767578125,0.00958251953125,0.143585205078125,-0.015350341796875
8880, 9.010126113891602, 1000.0,192.0,0.0,18.0,0.0,0.0,0.0,0.0,0.0,1000.0,0.0,750.0,1000.0,1000.0,999.0,999.0,999.0,999.0,999.0,757.0,1000.0,0.0,129.0, 0.91827392578125,-0.1154632568359375,-0.106292724609375,0.3634796142578125, 0.9895477294921875,0.0099334716796875,0.1432952880859375,-0.0121612548828125
8890, 9.020021438598633, 1000.0,193.0,0.0,18.0,0.0,0.0,0.0,0.0,0.0,1000.0,0.0,750.0,1000.0,1000.0,999.0,999.0,999.0,999.0,999.0,756.0,1000.0,0.0,124.0, 0.9174346923828125,-0.127288818359375,-0.0853424072265625,0.3671417236328125, 0.989654541015625,0.01031494140625,0.1427154541015625,-0.00909423828125
8900, 9.029990196228027, 1000.0,193.0,0.0,17.0,0.0,0.0,0.0,0.0,0.0,1000.0,0.0,750.0,1000.0,1000.0,999.0,999.0,999.0,999.0,999.0,756.0,1000.0,0.0,117.0, 0.917388916015625,-0.1178741455078125,-0.09149169921875,0.368927001953125, 0.9898681640625,0.010345458984375,0.1414337158203125,-0.005462646484375
8910, 9.039827346801758, 1000.0,193.0,0.0,17.0,0.0,0.0,0.0,0.0,0.0,1000.0,0.0,750.0,1000.0,666.0,999.0,999.0,999.0,999.0,999.0,756.0,1000.0,0.0,111.0, 0.9180755615234375,-0.10687255859375,-0.094757080078125,0.3697662353515625, 0.9900054931640625,0.010650634765625,0.1405487060546875,-0.0021820068359375
8920, 9.05002212524414, 1000.0,192.0,0.0,17.0,0.0,0.0,0.0,0.0,0.0,1000.0,0.0,750.0,1000.0,666.0,999.0,999.0,999.0,999.0,999.0,756.0,1000.0,0.0,104.0, 0.9189910888671875,-0.095245361328125,-0.0975341796875,0.36993408203125, 0.990081787109375,0.011474609375,0.1399688720703125,0.0004425048828125
8930, 9.068714141845703, 1000.0,193.0,0.0,17.0,0.0,0.0,0.0,0.0,0.0,1000.0,0.0,750.0,1000.0,666.0,999.0,999.0,999.0,999.0,999.0,756.0,1000.0,0.0,99.0, 0.9199676513671875,-0.083648681640625,-0.0996551513671875,0.3697509765625, 0.99017333984375,0.0122528076171875,0.1392059326171875,0.00238037109375
8940, 9.071928024291992, 1000.0,193.0,0.0,16.0,0.0,0.0,0.0,0.0,0.0,1000.0,0.0,750.0,1000.0,666.0,999.0,999.0,999.0,999.0,999.0,757.0,1000.0,0.0,95.0, 0.9212799072265625,-0.0716705322265625,-0.10107421875,0.3686065673828125, 0.9902191162109375,0.012969970703125,0.1387786865234375,0.00347900390625
8950, 9.079784393310547, 1000.0,192.0,0.0,16.0,0.0,0.0,0.0,0.0,0.0,1000.0,0.0,750.0,1000.0,666.0,999.0,999.0,999.0,999.0,999.0,757.0,1000.0,0.0,93.0, 0.922332763671875,-0.0596771240234375,-0.1022186279296875,0.3677825927734375, 0.990875244140625,0.024627685546875,0.132354736328125,0.0055084228515625
8960, 9.09017562866211, 1000.0,194.0,0.0,16.0,0.0,0.0,0.0,0.0,0.0,1000.0,0.0,750.0,1000.0,666.0,982.0,999.0,999.0,999.0,999.0,757.0,1000.0,0.0,89.0, 0.922027587890625,-0.051483154296875,-0.105987548828125,0.368743896484375, 0.9911041259765625,0.024932861328125,0.130584716796875,0.0057525634765625
8970, 9.09990119934082, 1000.0,196.0,0.0,16.0,0.0,0.0,0.0,0.0,0.0,1000.0,0.0,750.0,1000.0,666.0,957.0,999.0,999.0,999.0,999.0,756.0,1000.0,0.0,86.0, 0.9214935302734375,-0.0444488525390625,-0.1095428466796875,0.3699188232421875, 0.9917449951171875,0.0178070068359375,0.1267852783203125,0.0049896240234375
8980, 9.109829902648926, 1000.0,197.0,0.0,16.0,0.0,0.0,0.0,0.0,0.0,1000.0,0.0,750.0,1000.0,666.0,937.0,999.0,999.0,999.0,999.0,756.0,1000.0,0.0,83.0, 0.9210357666015625,-0.0388336181640625,-0.1126708984375,0.370758056640625, 0.9922637939453125,0.0094451904296875,0.1236419677734375,0.0039520263671875
8990, 9.120715141296387, 1000.0,198.0,0.0,16.0,0.0,0.0,0.0,0.0,0.0,1000.0,0.0,750.0,1000.0,666.0,931.0,999.0,999.0,999.0,999.0,756.0,1000.0,0.0,83.0, 0.9207763671875,-0.0352020263671875,-0.1153564453125,0.3709716796875, 0.99237060546875,0.0089111328125,0.1228790283203125,0.0039520263671875
9000, 9.130016326904297, 1000.0,198.0,0.0,15.0,0.0,0.0,0.0,0.0,0.0,1000.0,0.0,750.0,1000.0,666.0,928.0,999.0,999.0,999.0,999.0,756.0,1000.0,0.0,86.0, 0.920623779296875,-0.0318603515625,-0.1173858642578125,0.371002197265625, 0.9924774169921875,0.01104736328125,0.1218414306640625,0.004302978515625
9010, 9.139823913574219, 1000.0,198.0,0.0,15.0,0.0,0.0,0.0,0.0,0.0,1000.0,0.0,750.0,1000.0,666.0,922.0,999.0,999.0,999.0,999.0,756.0,1000.0,0.0,91.0, 0.9203643798828125,-0.027191162109375,-0.1193389892578125,0.37139892578125, 0.9926300048828125,0.0081939697265625,0.1207275390625,0.003936767578125
9020, 9.150032997131348, 1000.0,199.0,0.0,16.0,0.0,0.0,0.0,0.0,0.0,1000.0,0.0,750.0,1000.0,666.0,918.0,999.0,999.0,999.0,999.0,756.0,1000.0,0.0,92.0, 0.920501708984375,-0.0208587646484375,-0.1209259033203125,0.3709259033203125, 0.9929351806640625,0.0029754638671875,0.118499755859375,0.0033416748046875
9030, 9.160250663757324, 1000.0,200.0,0.0,16.0,0.0,0.0,0.0,0.0,0.0,1000.0,0.0,750.0,1000.0,1000.0,920.0,999.0,999.0,999.0,999.0,757.0,1000.0,0.0,97.0, 0.9201812744140625,-0.015289306640625,-0.1224822998046875,0.3715057373046875, 0.9933929443359375,-0.001708984375,0.1146087646484375,0.0030975341796875
9040, 9.178393363952637, 1000.0,200.0,0.0,16.0,0.0,0.0,0.0,0.0,0.0,1000.0,0.0,750.0,1000.0,1000.0,924.0,999.0,999.0,999.0,999.0,758.0,1000.0,0.0,102.0, 0.9196319580078125,-0.0118408203125,-0.1236724853515625,0.3725738525390625, 0.9936981201171875,-0.0022735595703125,0.1119384765625,0.00360107421875
9050, 9.181291580200195, 1000.0,200.0,0.0,16.0,0.0,0.0,0.0,0.0,0.0,1000.0,0.0,750.0,1000.0,1000.0,931.0,999.0,999.0,999.0,999.0,759.0,1000.0,0.0,104.0, 0.9191436767578125,-0.010772705078125,-0.124237060546875,0.373626708984375, 0.9938812255859375,6.103515625e-05,0.1103515625,0.0042877197265625
9060, 9.189974784851074, 1000.0,201.0,0.0,16.0,0.0,0.0,0.0,0.0,0.0,1000.0,0.0,750.0,1000.0,1000.0,941.0,999.0,999.0,999.0,999.0,759.0,1000.0,0.0,103.0, 0.918853759765625,-0.0117340087890625,-0.1230010986328125,0.374725341796875, 0.9942779541015625,0.002288818359375,0.1066741943359375,0.0047760009765625
9070, 9.199980735778809, 1000.0,200.0,0.0,17.0,0.0,0.0,0.0,0.0,0.0,1000.0,0.0,750.0,1000.0,1000.0,952.0,999.0,999.0,999.0,999.0,756.0,1000.0,0.0,100.0, 0.918609619140625,-0.0131988525390625,-0.121368408203125,0.3758087158203125, 0.994384765625,0.0025787353515625,0.1055145263671875,0.0054931640625
9080, 9.209823608398438, 1000.0,200.0,0.0,17.0,0.0,0.0,0.0,0.0,0.0,1000.0,0.0,750.0,1000.0,666.0,953.0,999.0,999.0,999.0,999.0,752.0,1000.0,0.0,97.0, 0.9183349609375,-0.0106964111328125,-0.1190338134765625,0.377288818359375, 0.9937591552734375,0.0057525634765625,0.1111297607421875,0.005828857421875
9090, 9.219925880432129, 1000.0,200.0,0.0,17.0,0.0,0.0,0.0,0.0,0.0,1000.0,0.0,750.0,1000.0,666.0,953.0,999.0,999.0,999.0,999.0,752.0,1000.0,0.0,97.0, 0.9183349609375,-0.0106964111328125,-0.1190338134765625,0.377288818359375, 0.99298095703125,0.0115814208984375,0.1175079345703125,0.00653076171875
9100, 9.231463432312012, 1000.0,202.0,0.0,17.0,0.0,0.0,0.0,0.0,0.0,1000.0,0.0,750.0,1000.0,666.0,980.0,999.0,999.0,999.0,999.0,743.0,1000.0,0.0,95.0, 0.9191436767578125,-0.0239410400390625,-0.113311767578125,0.376495361328125, 0.992645263671875,0.0089874267578125,0.12054443359375,0.0059051513671875
9110, 9.239789962768555, 1000.0,202.0,0.0,16.0,0.0,0.0,0.0,0.0,0.0,1000.0,0.0,750.0,1000.0,1000.0,970.0,999.0,999.0,999.0,999.0,739.0,1000.0,0.0,94.0, 0.9195098876953125,-0.0275115966796875,-0.11376953125,0.375213623046875, 0.99298095703125,0.002410888671875,0.1180572509765625,0.0051727294921875
9120, 9.249921798706055, 1000.0,202.0,0.0,16.0,0.0,0.0,0.0,0.0,0.0,1000.0,0.0,750.0,1000.0,1000.0,959.0,999.0,999.0,999.0,999.0,736.0,1000.0,0.0,92.0, 0.9201202392578125,-0.028228759765625,-0.1111602783203125,0.374420166015625, 0.9932403564453125,-0.0005645751953125,0.1159210205078125,0.00482177734375
9130, 9.259960174560547, 1000.0,201.0,0.0,16.0,0.0,0.0,0.0,0.0,0.0,1000.0,0.0,750.0,1000.0,1000.0,948.0,999.0,999.0,999.0,999.0,734.0,1000.0,0.0,90.0, 0.920562744140625,-0.0276336669921875,-0.10894775390625,0.3740386962890625, 0.993408203125,0.0040283203125,0.114349365234375,0.00543212890625
9140, 9.26995849609375, 1000.0,201.0,0.0,16.0,0.0,0.0,0.0,0.0,0.0,1000.0,0.0,750.0,1000.0,1000.0,947.0,999.0,999.0,999.0,999.0,730.0,1000.0,0.0,88.0, 0.921173095703125,-0.0316162109375,-0.0963592529296875,0.3756866455078125, 0.99334716796875,0.0043792724609375,0.1148529052734375,0.00543212890625
9150, 9.282060623168945, 1000.0,201.0,0.0,16.0,0.0,0.0,0.0,0.0,0.0,1000.0,0.0,750.0,1000.0,1000.0,947.0,999.0,999.0,999.0,999.0,729.0,1000.0,0.0,88.0, 0.92138671875,-0.0344696044921875,-0.0908203125,0.37628173828125, 0.993194580078125,0.001007080078125,0.116241455078125,0.0050506591796875
9160, 9.289905548095703, 1000.0,202.0,0.0,16.0,0.0,0.0,0.0,0.0,0.0,1000.0,0.0,750.0,1000.0,1000.0,947.0,999.0,999.0,999.0,999.0,728.0,1000.0,0.0,87.0, 0.921539306640625,-0.036529541015625,-0.0859222412109375,0.3768463134765625, 0.9935760498046875,-0.002471923828125,0.1129913330078125,0.004638671875
9170, 9.300169944763184, 1000.0,202.0,0.0,16.0,0.0,0.0,0.0,0.0,0.0,1000.0,0.0,750.0,1000.0,666.0,947.0,999.0,999.0,999.0,999.0,727.0,1000.0,0.0,86.0, 0.9215850830078125,-0.03912353515625,-0.0820159912109375,0.37738037109375, 0.9932708740234375,-0.00042724609375,0.115692138671875,0.0048675537109375
9180, 9.309951782226562, 1000.0,202.0,0.0,16.0,0.0,0.0,0.0,0.0,0.0,1000.0,0.0,750.0,1000.0,666.0,947.0,999.0,999.0,999.0,999.0,726.0,1000.0,0.0,86.0, 0.9216766357421875,-0.04058837890625,-0.0787200927734375,0.377685546875, 0.9933929443359375,0.0007781982421875,0.11456298828125,0.0050506591796875
9190, 9.319914817810059, 1000.0,201.0,0.0,16.0,0.0,0.0,0.0,0.0,0.0,1000.0,0.0,750.0,1000.0,666.0,948.0,999.0,999.0,999.0,999.0,726.0,1000.0,0.0,86.0, 0.921173095703125,-0.045928955078125,-0.07977294921875,0.3780670166015625, 0.993560791015625,0.00030517578125,0.1131591796875,0.0049896240234375
9200, 9.34154987335205, 1000.0,200.0,0.0,16.0,0.0,0.0,0.0,0.0,0.0,1000.0,0.0,750.0,1000.0,666.0,948.0,999.0,999.0,999.0,999.0,725.0,1000.0,0.0,85.0, 0.920867919921875,-0.048583984375,-0.080780029296875,0.3782958984375, 0.99359130859375,0.0003662109375,0.1129150390625,0.0050048828125
9210, 9.349775314331055, 1000.0,199.0,0.0,16.0,0.0,0.0,0.0,0.0,0.0,1000.0,0.0,750.0,1000.0,666.0,947.0,999.0,999.0,999.0,999.0,725.0,1000.0,0.0,83.0, 0.92071533203125,-0.0505218505859375,-0.07965087890625,0.3786163330078125, 0.9934844970703125,0.001190185546875,0.1138153076171875,0.00506591796875
9220, 9.359989166259766, 1000.0,199.0,0.0,16.0,0.0,0.0,0.0,0.0,0.0,1000.0,0.0,750.0,1000.0,1000.0,946.0,999.0,999.0,999.0,999.0,725.0,1000.0,0.0,82.0, 0.9208831787109375,-0.048370361328125,-0.078948974609375,0.378662109375, 0.99359130859375,0.0009918212890625,0.11279296875,0.00506591796875
9230, 9.369965553283691, 1000.0,199.0,0.0,16.0,0.0,0.0,0.0,0.0,0.0,1000.0,0.0,750.0,1000.0,1000.0,946.0,999.0,999.0,999.0,999.0,724.0,1000.0,0.0,81.0, 0.9210205078125,-0.0458984375,-0.0788116455078125,0.378662109375, 0.9937591552734375,0.000732421875,0.1114044189453125,0.0050506591796875
9240, 9.379804611206055, 1000.0,199.0,0.0,15.0,0.0,0.0,0.0,0.0,0.0,1000.0,0.0,750.0,1000.0,1000.0,947.0,999.0,999.0,999.0,999.0,724.0,1000.0,0.0,81.0, 0.9210968017578125,-0.0443572998046875,-0.0785980224609375,0.37872314453125, 0.9938201904296875,0.002349853515625,0.1107177734375,0.0052490234375
9250, 9.389913558959961, 1000.0,199.0,0.0,15.0,0.0,0.0,0.0,0.0,0.0,1000.0,0.0,750.0,1000.0,1000.0,950.0,999.0,999.0,999.0,999.0,724.0,1000.0,0.0,80.0, 0.9210968017578125,-0.0437469482421875,-0.0783233642578125,0.378814697265625, 0.9934844970703125,0.0021209716796875,0.11376953125,0.0052032470703125
9260, 9.400064468383789, 1000.0,199.0,0.0,15.0,0.0,0.0,0.0,0.0,0.0,1000.0,0.0,750.0,1000.0,1000.0,953.0,999.0,999.0,999.0,999.0,723.0,1000.0,0.0,80.0, 0.9210662841796875,-0.0435791015625,-0.0784149169921875,0.3789215087890625, 0.9934844970703125,0.0006256103515625,0.1138153076171875,0.005035400390625
9270, 9.409862518310547, 1000.0,200.0,0.0,15.0,0.0,0.0,0.0,0.0,0.0,1000.0,0.0,750.0,1000.0,1000.0,954.0,999.0,999.0,999.0,999.0,723.0,1000.0,0.0,80.0, 0.9210205078125,-0.043548583984375,-0.078338623046875,0.3790435791015625, 0.9935302734375,0.0016326904296875,0.113372802734375,0.0051727294921875
9280, 9.419925689697266, 1000.0,200.0,0.0,15.0,0.0,0.0,0.0,0.0,0.0,1000.0,0.0,750.0,1000.0,666.0,954.0,999.0,999.0,999.0,999.0,722.0,1000.0,0.0,80.0, 0.920989990234375,-0.0431671142578125,-0.07861328125,0.3791046142578125, 0.99359130859375,0.0009307861328125,0.112884521484375,0.0050811767578125
9290, 9.430099487304688, 1000.0,200.0,0.0,15.0,0.0,0.0,0.0,0.0,0.0,1000.0,0.0,750.0,1000.0,666.0,953.0,999.0,999.0,999.0,999.0,722.0,1000.0,0.0,79.0, 0.920928955078125,-0.0432281494140625,-0.0786895751953125,0.3792266845703125, 0.9935302734375,0.003509521484375,0.1133575439453125,0.0053558349609375
9300, 9.439873695373535, 1000.0,200.0,0.0,15.0,0.0,0.0,0.0,0.0,0.0,1000.0,0.0,750.0,1000.0,666.0,953.0,999.0,999.0,999.0,999.0,722.0,1000.0,0.0,79.0, 0.9208831787109375,-0.0431365966796875,-0.07891845703125,0.379302978515625, 0.993438720703125,0.0029754638671875,0.11419677734375,0.0052947998046875
9310, 9.449993133544922, 1000.0,200.0,0.0,15.0,0.0,0.0,0.0,0.0,0.0,1000.0,0.0,1000.0,1000.0,1000.0,953.0,999.0,999.0,999.0,999.0,721.0,1000.0,0.0,78.0, 0.920806884765625,-0.04339599609375,-0.079071044921875,0.3794097900390625, 0.993499755859375,0.0018157958984375,0.113677978515625,0.005157470703125
9320, 9.460264205932617, 1000.0,199.0,0.0,15.0,0.0,0.0,0.0,0.0,0.0,1000.0,0.0,1000.0,1000.0,666.0,953.0,999.0,999.0,999.0,999.0,721.0,1000.0,0.0,78.0, 0.9207763671875,-0.0433502197265625,-0.079071044921875,0.3795013427734375, 0.9934844970703125,0.0017547607421875,0.11383056640625,0.0051422119140625
9330, 9.469985961914062, 1000.0,198.0,0.0,15.0,0.0,0.0,0.0,0.0,0.0,1000.0,0.0,1000.0,1000.0,666.0,954.0,999.0,999.0,999.0,999.0,721.0,1000.0,0.0,77.0, 0.920745849609375,-0.0431976318359375,-0.0789337158203125,0.379608154296875, 0.9935455322265625,0.0009002685546875,0.1132659912109375,0.0050506591796875
9340, 9.479736328125, 1000.0,198.0,0.0,15.0,0.0,0.0,0.0,0.0,0.0,1000.0,0.0,750.0,1000.0,666.0,954.0,999.0,999.0,999.0,999.0,721.0,1000.0,0.0,77.0, 0.920684814453125,-0.0432586669921875,-0.078948974609375,0.379730224609375, 0.9936065673828125,0.0009765625,0.11273193359375,0.0050506591796875
9350, 9.490133285522461, 1000.0,198.0,0.0,15.0,0.0,0.0,0.0,0.0,0.0,1000.0,0.0,750.0,1000.0,666.0,954.0,999.0,999.0,999.0,999.0,721.0,1000.0,0.0,77.0, 0.920684814453125,-0.0432586669921875,-0.078948974609375,0.379730224609375, 0.9936065673828125,0.0009765625,0.1126861572265625,0.0050506591796875
9360, 9.500068664550781, 1000.0,199.0,0.0,15.0,0.0,0.0,0.0,0.0,0.0,1000.0,0.0,750.0,1000.0,666.0,954.0,999.0,999.0,999.0,999.0,720.0,1000.0,0.0,76.0, 0.92059326171875,-0.04339599609375,-0.0791778564453125,0.3799285888671875, 0.9936065673828125,0.000946044921875,0.112762451171875,0.00506591796875
9370, 9.509847640991211, 1000.0,199.0,0.0,15.0,0.0,0.0,0.0,0.0,0.0,1000.0,0.0,750.0,1000.0,666.0,954.0,999.0,999.0,999.0,999.0,720.0,1000.0,0.0,75.0, 0.9205474853515625,-0.043182373046875,-0.079315185546875,0.3800048828125, 0.9936065673828125,0.0010833740234375,0.1127166748046875,0.00506591796875
9380, 9.519918441772461, 1000.0,199.0,0.0,15.0,0.0,0.0,0.0,0.0,0.0,1000.0,0.0,750.0,1000.0,666.0,954.0,999.0,999.0,999.0,999.0,720.0,1000.0,0.0,75.0, 0.920501708984375,-0.0431671142578125,-0.0793304443359375,0.380126953125, 0.9936065673828125,0.001068115234375,0.1127166748046875,0.00506591796875
9390, 9.530558586120605, 1000.0,199.0,0.0,15.0,0.0,0.0,0.0,0.0,0.0,1000.0,0.0,750.0,1000.0,1000.0,954.0,999.0,999.0,999.0,999.0,719.0,1000.0,0.0,74.0, 0.9204559326171875,-0.0431671142578125,-0.079315185546875,0.3802337646484375, 0.993621826171875,0.0011749267578125,0.1125946044921875,0.005096435546875
9400, 9.539856910705566, 1000.0,200.0,0.0,15.0,0.0,0.0,0.0,0.0,0.0,1000.0,0.0,750.0,1000.0,1000.0,954.0,999.0,999.0,999.0,999.0,719.0,1000.0,0.0,74.0, 0.92041015625,-0.0431671142578125,-0.079315185546875,0.380340576171875, 0.9936370849609375,0.0012664794921875,0.1124114990234375,0.0051116943359375
9410, 9.549860954284668, 1000.0,200.0,0.0,15.0,0.0,0.0,0.0,0.0,0.0,1000.0,0.0,750.0,1000.0,1000.0,954.0,999.0,999.0,999.0,999.0,719.0,1000.0,0.0,73.0, 0.9203643798828125,-0.04315185546875,-0.079315185546875,0.380462646484375, 0.9936065673828125,0.001129150390625,0.11273193359375,0.005096435546875
9420, 9.559995651245117, 1000.0,200.0,0.0,15.0,0.0,0.0,0.0,0.0,0.0,1000.0,0.0,750.0,1000.0,666.0,954.0,999.0,999.0,999.0,999.0,719.0,1000.0,0.0,73.0, 0.9203338623046875,-0.0431365966796875,-0.079315185546875,0.38055419921875, 0.993560791015625,0.000885009765625,0.113128662109375,0.0050506591796875
9430, 9.56978702545166, 1000.0,199.0,0.0,15.0,0.0,0.0,0.0,0.0,0.0,1000.0,0.0,750.0,1000.0,1000.0,955.0,999.0,999.0,999.0,999.0,719.0,1000.0,0.0,72.0, 0.920257568359375,-0.0431365966796875,-0.079315185546875,0.3807373046875, 0.993560791015625,0.000946044921875,0.113128662109375,0.00506591796875
9440, 9.579832077026367, 1000.0,199.0,0.0,15.0,0.0,0.0,0.0,0.0,0.0,1000.0,0.0,750.0,1000.0,1000.0,954.0,999.0,999.0,999.0,999.0,718.0,1000.0,0.0,71.0, 0.920257568359375,-0.04315185546875,-0.079315185546875,0.3807373046875, 0.9935760498046875,0.000701904296875,0.113006591796875,0.005035400390625
9450, 9.589802742004395, 1000.0,199.0,0.0,15.0,0.0,0.0,0.0,0.0,0.0,1000.0,0.0,750.0,1000.0,1000.0,954.0,999.0,999.0,999.0,999.0,718.0,1000.0,0.0,71.0, 0.9202117919921875,-0.0431671142578125,-0.079376220703125,0.380828857421875, 0.9935302734375,0.0005340576171875,0.1133575439453125,0.0050048828125
9460, 9.599878311157227, 1000.0,199.0,0.0,15.0,0.0,0.0,0.0,0.0,0.0,1000.0,0.0,750.0,1000.0,666.0,954.0,999.0,999.0,999.0,999.0,718.0,1000.0,0.0,71.0, 0.920166015625,-0.043182373046875,-0.0793914794921875,0.3809356689453125, 0.99365234375,0.000457763671875,0.1122894287109375,0.0049896240234375
9470, 9.611845016479492, 1000.0,198.0,0.0,15.0,0.0,0.0,0.0,0.0,0.0,1000.0,0.0,750.0,1000.0,666.0,954.0,999.0,999.0,999.0,999.0,718.0,1000.0,0.0,70.0, 0.92010498046875,-0.043182373046875,-0.0794677734375,0.3810577392578125, 0.99371337890625,-0.0001220703125,0.1118011474609375,0.0049285888671875
9480, 9.619946479797363, 1000.0,198.0,0.0,15.0,0.0,0.0,0.0,0.0,0.0,1000.0,0.0,750.0,1000.0,1000.0,954.0,999.0,999.0,999.0,999.0,717.0,1000.0,0.0,70.0, 0.9200592041015625,-0.043182373046875,-0.0795745849609375,0.38116455078125, 0.993682861328125,3.0517578125e-05,0.1120147705078125,0.00494384765625
9490, 9.630017280578613, 1000.0,198.0,0.0,15.0,0.0,0.0,0.0,0.0,0.0,1000.0,0.0,750.0,1000.0,1000.0,954.0,999.0,999.0,999.0,999.0,717.0,1000.0,0.0,70.0, 0.9199981689453125,-0.043182373046875,-0.0797119140625,0.3812713623046875, 0.99371337890625,0.00030517578125,0.1117706298828125,0.0049896240234375
9500, 9.639812469482422, 1000.0,199.0,0.0,15.0,0.0,0.0,0.0,0.0,0.0,1000.0,0.0,750.0,1000.0,1000.0,954.0,999.0,999.0,999.0,999.0,717.0,1000.0,0.0,70.0, 0.9199371337890625,-0.043121337890625,-0.079742431640625,0.3813934326171875, 0.9937896728515625,0.0002593994140625,0.111114501953125,0.0049896240234375
9510, 9.649818420410156, 1000.0,199.0,0.0,15.0,0.0,0.0,0.0,0.0,0.0,1000.0,0.0,750.0,1000.0,1000.0,954.0,999.0,999.0,999.0,999.0,717.0,1000.0,0.0,69.0, 0.919891357421875,-0.043060302734375,-0.079803466796875,0.381500244140625, 0.9937591552734375,0.000213623046875,0.111419677734375,0.004974365234375
9520, 9.659794807434082, 1000.0,199.0,0.0,15.0,0.0,0.0,0.0,0.0,0.0,1000.0,0.0,750.0,1000.0,666.0,954.0,999.0,999.0,999.0,999.0,717.0,1000.0,0.0,68.0, 0.9198455810546875,-0.04296875,-0.079864501953125,0.381622314453125, 0.9936370849609375,-0.000762939453125,0.112457275390625,0.0048675537109375
9530, 9.66987419128418, 1000.0,199.0,0.0,15.0,0.0,0.0,0.0,0.0,0.0,1000.0,0.0,750.0,1000.0,666.0,954.0,999.0,999.0,999.0,999.0,716.0,1000.0,0.0,68.0, 0.9197998046875,-0.04290771484375,-0.079925537109375,0.3817291259765625, 0.9936676025390625,-0.001220703125,0.112152099609375,0.00482177734375
9540, 9.679829597473145, 1000.0,198.0,0.0,15.0,0.0,0.0,0.0,0.0,0.0,1000.0,0.0,750.0,1000.0,666.0,955.0,999.0,999.0,999.0,999.0,716.0,1000.0,0.0,67.0, 0.919769287109375,-0.0428466796875,-0.0798797607421875,0.3818359375, 0.993743896484375,-0.0008697509765625,0.11151123046875,0.004852294921875
9550, 9.690120697021484, 1000.0,196.0,0.0,15.0,0.0,0.0,0.0,0.0,0.0,1000.0,0.0,750.0,1000.0,666.0,954.0,999.0,999.0,999.0,999.0,716.0,1000.0,0.0,67.0, 0.9197235107421875,-0.042816162109375,-0.0797576904296875,0.3819580078125, 0.993682861328125,-0.00103759765625,0.11199951171875,0.0048370361328125
9560, 9.699873924255371, 1000.0,197.0,0.0,15.0,0.0,0.0,0.0,0.0,0.0,1000.0,0.0,750.0,1000.0,666.0,954.0,999.0,999.0,999.0,999.0,716.0,1000.0,0.0,66.0, 0.919677734375,-0.042877197265625,-0.0797576904296875,0.382080078125, 0.9937896728515625,0.0002899169921875,0.1111297607421875,0.004974365234375
9570, 9.709794998168945, 1000.0,198.0,0.0,15.0,0.0,0.0,0.0,0.0,0.0,1000.0,0.0,750.0,1000.0,666.0,954.0,999.0,999.0,999.0,999.0,716.0,1000.0,0.0,66.0, 0.9196319580078125,-0.0428924560546875,-0.07965087890625,0.3822021484375, 0.993804931640625,0.000457763671875,0.1109161376953125,0.0049896240234375
9580, 9.721883773803711, 1000.0,198.0,0.0,15.0,0.0,0.0,0.0,0.0,0.0,1000.0,0.0,750.0,1000.0,666.0,954.0,999.0,999.0,999.0,999.0,716.0,1000.0,0.0,66.0, 0.919586181640625,-0.0428924560546875,-0.079559326171875,0.3823089599609375, 0.99371337890625,0.0009002685546875,0.11181640625,0.005035400390625
9590, 9.730064392089844, 1000.0,198.0,0.0,15.0,0.0,0.0,0.0,0.0,0.0,1000.0,0.0,750.0,1000.0,666.0,954.0,999.0,999.0,999.0,999.0,716.0,1000.0,0.0,66.0, 0.9195556640625,-0.042938232421875,-0.079559326171875,0.3824005126953125, 0.99371337890625,0.00054931640625,0.11181640625,0.0049896240234375
9600, 9.73982048034668, 1000.0,199.0,0.0,15.0,0.0,0.0,0.0,0.0,0.0,1000.0,0.0,750.0,1000.0,666.0,954.0,999.0,999.0,999.0,999.0,715.0,1000.0,0.0,66.0, 0.91949462890625,-0.0430450439453125,-0.0796051025390625,0.3825225830078125, 0.993621826171875,0.0004425048828125,0.1125946044921875,0.004974365234375
