1751478712026 0.16666666666666666 1
1751478712163 0.16666666666666666 2
1751478712300 0.16666666666666666 3
1751478712434 0.16666666666666666 4
1751478712596 0.16666666666666666 5
1751478712779 0.16666666666666666 6
1751478712929 0.16666666666666666 7
1751478713063 0.16666666666666666 8
1751478713200 0.16666666666666666 9
1751478713340 0.16666666666666666 10
1751478713512 0.16666666666666666 11
1751478713701 0.16666666666666666 12
1751478713897 0.16666666666666666 13
1751478714074 0.16666666666666666 14
1751478714228 0.16666666666666666 15
1751478714376 0.16666666666666666 16
1751478714519 0.16666666666666666 17
1751478714679 0.16666666666666666 18
1751478714810 0.16666666666666666 19
1751478714965 0.16666666666666666 20
1751478715117 0.16666666666666666 21
1751478715266 0.16666666666666666 22
1751478715411 0.16666666666666666 23
1751478715552 0.16666666666666666 24
1751478715696 0.16666666666666666 25
1751478715872 0.16666666666666666 26
1751478716051 0.16666666666666666 27
1751478716203 0.16666666666666666 28
1751478716336 0.5 29
1751478716475 0.5 30
1751478716611 1.0 31
1751478716757 0.16666666666666666 32
1751478716906 0.16666666666666666 33
1751478717053 0.8333333333333334 34
1751478717184 0.16666666666666666 35
1751478717325 0.16666666666666666 36
1751478717469 0.16666666666666666 37
1751478717619 0.16666666666666666 38
1751478717756 0.16666666666666666 39
1751478717899 0.16666666666666666 40
1751478718053 0.16666666666666666 41
1751478718216 0.16666666666666666 42
1751478718409 0.16666666666666666 43
1751478718605 0.16666666666666666 44
1751478718793 0.16666666666666666 45
1751478718978 0.16666666666666666 46
1751478719171 0.16666666666666666 47
1751478719358 0.16666666666666666 48
1751478719516 0.16666666666666666 49
1751478719680 0.16666666666666666 50
1751478719854 0.16666666666666666 51
1751478720019 0.16666666666666666 52
1751478720167 0.16666666666666666 53
1751478720315 0.5 54
1751478720458 0.16666666666666666 55
1751478720615 0.16666666666666666 56
1751478720762 0.16666666666666666 57
1751478720912 0.6666666666666666 58
1751478721056 0.6666666666666666 59
1751478721199 0.5 60
1751478721358 0.8333333333333334 61
1751478721518 0.6666666666666666 62
1751478721688 0.6666666666666666 63
1751478721837 0.6666666666666666 64
1751478721980 0.6666666666666666 65
1751478722129 0.8333333333333334 66
1751478722277 0.8333333333333334 67
1751478722418 0.6666666666666666 68
1751478722555 0.8333333333333334 69
1751478722703 0.8333333333333334 70
1751478722840 0.6666666666666666 71
1751478722985 0.8333333333333334 72
1751478723133 0.8333333333333334 73
1751478723273 0.8333333333333334 74
1751478723413 0.8333333333333334 75
1751478723559 0.8333333333333334 76
1751478723701 0.8333333333333334 77
1751478723843 0.8333333333333334 78
1751478724011 0.8333333333333334 79
1751478724157 0.8333333333333334 80
1751478724302 0.8333333333333334 81
1751478724445 0.8333333333333334 82
1751478724592 0.8333333333333334 83
1751478724745 0.8333333333333334 84
1751478724877 0.8333333333333334 85
1751478725018 0.8333333333333334 86
1751478725166 0.8333333333333334 87
1751478725307 0.8333333333333334 88
1751478725446 0.8333333333333334 89
1751478725587 0.8333333333333334 90
1751478725769 0.8333333333333334 91
1751478725958 0.8333333333333334 92
1751478726152 0.8333333333333334 93
1751478726321 0.8333333333333334 94
1751478726509 0.8333333333333334 95
1751478726700 0.8333333333333334 96
1751478726888 0.8333333333333334 97
1751478727085 0.8333333333333334 98
1751478727258 0.8333333333333334 99
1751478727427 0.8333333333333334 100
1751478727595 0.8333333333333334 101
1751478727781 0.8333333333333334 102
1751478727962 0.8333333333333334 103
1751478728115 0.8333333333333334 104
1751478728257 0.8333333333333334 105
1751478728400 0.8333333333333334 106
1751478728557 0.8333333333333334 107
1751478728703 0.8333333333333334 108
1751478728847 0.8333333333333334 109
1751478728986 0.8333333333333334 110
1751478729129 0.8333333333333334 111
1751478729268 0.8333333333333334 112
1751478729400 0.8333333333333334 113
1751478729544 0.8333333333333334 114
1751478729684 0.8333333333333334 115
1751478729819 0.8333333333333334 116
1751478729958 0.8333333333333334 117
1751478730101 0.8333333333333334 118
1751478730244 0.8333333333333334 119
1751478730418 0.8333333333333334 120
1751478730561 0.8333333333333334 121
1751478730695 0.8333333333333334 122
1751478730868 0.8333333333333334 123
1751478731077 0.8333333333333334 124
1751478731290 0.8333333333333334 125
1751478731471 0.8333333333333334 126
1751478731668 0.8333333333333334 127
1751478731838 0.8333333333333334 128
1751478732028 0.8333333333333334 129
1751478732209 0.8333333333333334 130
1751478732396 0.8333333333333334 131
1751478732587 0.8333333333333334 132
1751478732776 0.8333333333333334 133
1751478732930 0.8333333333333334 134
1751478733069 0.8333333333333334 135
1751478733209 0.8333333333333334 136
1751478733351 0.8333333333333334 137
1751478733539 0.8333333333333334 138
1751478733702 0.8333333333333334 139
1751478733862 0.8333333333333334 140
1751478734009 0.8333333333333334 141
1751478734164 0.8333333333333334 142
1751478734310 0.8333333333333334 143
1751478734461 0.8333333333333334 144
1751478734611 0.8333333333333334 145
1751478734760 1.0 146
1751478734912 1.0 147
1751478735058 0.8333333333333334 148
1751478735207 1.0 149
1751478735358 1.0 150
1751478735532 1.0 151
1751478735687 1.0 152
1751478735839 1.0 153
1751478735993 1.0 154
1751478736136 1.0 155
1751478736332 1.0 156
1751478736493 1.0 157
1751478736650 1.0 158
1751478736810 1.0 159
1751478737004 1.0 160
1751478737194 1.0 161
1751478737364 1.0 162
1751478737557 1.0 163
1751478737757 1.0 164
1751478737959 1.0 165
1751478738174 1.0 166
1751478738380 1.0 167
1751478738581 1.0 168
1751478738784 1.0 169
1751478738938 1.0 170
1751478739085 1.0 171
1751478739228 1.0 172
1751478739374 1.0 173
1751478739517 1.0 174
1751478739659 1.0 175
1751478739807 1.0 176
1751478739955 1.0 177
1751478740098 1.0 178
1751478740246 1.0 179
1751478740394 1.0 180
1751478740535 1.0 181
1751478740681 1.0 182
1751478740828 1.0 183
1751478740971 1.0 184
1751478741117 1.0 185
1751478741263 1.0 186
1751478741408 1.0 187
1751478741550 1.0 188
1751478741694 1.0 189
1751478741827 1.0 190
1751478741969 1.0 191
1751478742118 1.0 192
1751478742266 1.0 193
1751478742413 1.0 194
1751478742547 1.0 195
1751478742688 1.0 196
1751478742831 1.0 197
1751478742977 1.0 198
1751478743148 1.0 199
1751478743291 1.0 200
1751478743428 1.0 201
1751478743570 1.0 202
1751478743714 1.0 203
1751478743858 1.0 204
1751478743994 1.0 205
1751478744136 1.0 206
1751478744271 1.0 207
1751478744415 1.0 208
1751478744559 1.0 209
1751478744706 1.0 210
1751478744844 1.0 211
1751478744988 1.0 212
1751478745137 1.0 213
1751478745282 1.0 214
1751478745424 1.0 215
1751478745573 1.0 216
1751478745717 1.0 217
1751478745862 1.0 218
1751478746007 1.0 219
1751478746152 1.0 220
1751478746302 1.0 221
1751478746449 1.0 222
1751478746594 1.0 223
1751478746737 1.0 224
1751478746885 1.0 225
1751478747031 1.0 226
1751478747195 1.0 227
1751478747342 1.0 228
1751478747487 1.0 229
1751478747636 1.0 230
1751478747783 1.0 231
1751478747930 1.0 232
1751478748075 1.0 233
1751478748219 1.0 234
1751478748368 1.0 235
1751478748514 1.0 236
1751478748660 1.0 237
1751478748796 1.0 238
1751478748940 1.0 239
1751478749076 1.0 240
1751478749226 1.0 241
1751478749371 1.0 242
1751478749520 1.0 243
1751478749664 1.0 244
1751478749803 1.0 245
1751478749950 1.0 246
1751478750098 1.0 247
1751478750236 1.0 248
1751478750382 1.0 249
1751478750530 1.0 250
1751478750666 1.0 251
1751478750811 1.0 252
1751478750949 1.0 253
1751478751093 1.0 254
1751478751238 1.0 255
1751478751383 1.0 256
1751478751527 1.0 257
1751478751672 1.0 258
1751478751819 1.0 259
1751478751965 1.0 260
1751478752113 1.0 261
1751478752260 1.0 262
1751478752405 1.0 263
1751478752562 1.0 264
1751478752719 1.0 265
1751478752894 1.0 266
1751478753059 1.0 267
1751478753210 1.0 268
1751478753359 1.0 269
1751478753498 1.0 270
1751478753645 1.0 271
1751478753796 1.0 272
1751478753950 1.0 273
1751478754104 1.0 274
1751478754257 1.0 275
1751478754408 1.0 276
1751478754554 1.0 277
1751478754706 1.0 278
1751478754853 1.0 279
1751478754999 1.0 280
1751478755146 1.0 281
1751478755291 1.0 282
1751478755438 1.0 283
1751478755586 1.0 284
1751478755736 1.0 285
1751478755886 1.0 286
1751478756040 1.0 287
1751478756184 1.0 288
1751478756332 1.0 289
1751478756480 1.0 290
1751478756622 1.0 291
1751478756768 1.0 292
1751478756925 1.0 293
1751478757077 1.0 294
1751478757224 1.0 295
1751478757369 1.0 296
1751478757509 1.0 297
1751478757662 1.0 298
1751478757823 1.0 299
1751478757983 1.0 300
1751478758139 1.0 301
1751478758317 1.0 302
1751478758472 1.0 303
1751478758621 1.0 304
1751478758770 1.0 305
1751478758920 1.0 306
1751478759068 1.0 307
1751478759216 1.0 308
1751478759356 1.0 309
1751478759504 1.0 310
1751478759643 1.0 311
1751478759794 1.0 312
1751478759944 1.0 313
1751478760098 1.0 314
1751478760247 1.0 315
1751478760396 1.0 316
1751478760545 1.0 317
1751478760692 1.0 318
1751478760838 1.0 319
1751478760997 1.0 320
1751478761159 1.0 321
1751478761320 1.0 322
1751478761492 1.0 323
1751478761673 1.0 324
1751478761844 1.0 325
1751478762027 1.0 326
1751478762196 1.0 327
1751478762351 1.0 328
1751478762502 1.0 329
1751478762655 1.0 330
1751478762829 1.0 331
1751478763043 1.0 332
1751478763244 1.0 333
1751478763417 1.0 334
1751478763604 1.0 335
1751478763798 1.0 336
1751478764005 1.0 337
1751478764224 1.0 338
1751478764422 1.0 339
1751478764611 1.0 340
1751478764807 1.0 341
1751478764952 1.0 342
1751478765105 1.0 343
1751478765251 1.0 344
1751478765398 1.0 345
1751478765546 1.0 346
1751478765694 1.0 347
1751478765845 1.0 348
1751478765992 1.0 349
1751478766142 1.0 350
1751478766283 1.0 351
1751478766429 1.0 352
1751478766579 1.0 353
1751478766727 1.0 354
1751478766877 1.0 355
1751478767025 1.0 356
1751478767164 1.0 357
1751478767315 1.0 358
1751478767467 1.0 359
1751478767615 1.0 360
1751478767766 1.0 361
1751478767915 1.0 362
1751478768064 1.0 363
1751478768214 1.0 364
1751478768363 1.0 365
1751478768512 1.0 366
1751478768665 1.0 367
1751478768814 1.0 368
1751478768982 1.0 369
1751478769164 1.0 370
1751478769356 1.0 371
1751478769538 1.0 372
1751478769720 1.0 373
1751478769895 1.0 374
1751478770056 1.0 375
1751478770202 1.0 376
1751478770365 1.0 377
1751478770527 1.0 378
1751478770689 1.0 379
1751478770887 1.0 380
1751478771044 1.0 381
1751478771243 1.0 382
1751478771405 1.0 383
1751478771555 1.0 384
1751478771705 1.0 385
1751478771848 1.0 386
1751478772005 1.0 387
1751478772176 1.0 388
1751478772337 1.0 389
1751478772487 1.0 390
1751478772659 1.0 391
1751478772847 1.0 392
1751478773019 1.0 393
1751478773188 1.0 394
1751478773355 1.0 395
1751478773516 1.0 396
1751478773712 1.0 397
1751478773909 1.0 398
1751478774060 1.0 399
1751478774215 1.0 400
1751478774366 1.0 401
1751478774516 1.0 402
1751478774682 1.0 403
1751478774846 1.0 404
1751478775000 1.0 405
1751478775157 1.0 406
1751478775313 1.0 407
1751478775458 1.0 408
1751478775620 1.0 409
1751478775789 1.0 410
1751478776011 1.0 411
1751478776181 1.0 412
1751478776325 1.0 413
1751478776480 1.0 414
1751478776634 1.0 415
1751478776845 1.0 416
1751478777066 1.0 417
1751478777281 1.0 418
1751478777480 1.0 419
1751478777684 1.0 420
1751478777866 1.0 421
1751478778062 1.0 422
1751478778250 1.0 423
1751478778400 1.0 424
1751478778552 1.0 425
1751478778695 1.0 426
1751478778843 1.0 427
1751478778994 1.0 428
1751478779143 1.0 429
