1751478712020 1.102721095085144 1
1751478712157 1.1623867750167847 2
1751478712294 1.099340796470642 3
1751478712428 1.051125407218933 4
1751478712586 1.0880050659179688 5
1751478712773 1.0969582796096802 6
1751478712923 1.0357812643051147 7
1751478713057 1.0193824768066406 8
1751478713194 0.9951668381690979 9
1751478713334 1.0521743297576904 10
1751478713502 0.9679433703422546 11
1751478713690 1.0314611196517944 12
1751478713887 1.1262108087539673 13
1751478714068 1.0231815576553345 14
1751478714221 1.0142625570297241 15
1751478714370 0.9960780143737793 16
1751478714512 0.999676525592804 17
1751478714673 0.8729775547981262 18
1751478714803 1.1144310235977173 19
1751478714958 1.1233294010162354 20
1751478715109 0.8136040568351746 21
1751478715259 1.0974018573760986 22
1751478715405 0.7724574208259583 23
1751478715545 0.9295857548713684 24
1751478715689 0.9252209663391113 25
1751478715860 0.7463564872741699 26
1751478716043 0.9360621571540833 27
1751478716195 1.0710731744766235 28
1751478716329 0.8870248794555664 29
1751478716468 1.044411540031433 30
1751478716604 0.925285816192627 31
1751478716747 0.9879384636878967 32
1751478716899 1.0548961162567139 33
1751478717046 0.9145719408988953 34
1751478717177 0.8784661293029785 35
1751478717318 1.0007431507110596 36
1751478717462 0.7827934622764587 37
1751478717611 0.898973286151886 38
1751478717749 1.0957101583480835 39
1751478717892 0.9516987800598145 40
1751478718041 0.677705705165863 41
1751478718208 0.8650803565979004 42
1751478718397 0.9487177729606628 43
1751478718593 0.860144853591919 44
1751478718780 0.7730286121368408 45
1751478718966 0.9414079785346985 46
1751478719159 0.8731889724731445 47
1751478719350 0.9279849529266357 48
1751478719509 0.7681471705436707 49
1751478719673 0.8267645835876465 50
1751478719846 0.7506201863288879 51
1751478720010 0.9120246767997742 52
1751478720159 0.8289358615875244 53
1751478720307 0.646686851978302 54
1751478720450 0.6425674557685852 55
1751478720607 0.7847878932952881 56
1751478720754 0.8450119495391846 57
1751478720904 0.6345723271369934 58
1751478721048 0.8052177429199219 59
1751478721192 0.8006150126457214 60
1751478721350 0.671818733215332 61
1751478721509 0.6239928603172302 62
1751478721679 0.6760846972465515 63
1751478721829 0.692924976348877 64
1751478721973 0.6662297248840332 65
1751478722121 0.6143614649772644 66
1751478722270 0.6123923659324646 67
1751478722410 0.6587000489234924 68
1751478722547 0.6792449355125427 69
1751478722695 0.7072322368621826 70
1751478722832 0.6057342886924744 71
1751478722977 0.6047470569610596 72
1751478723123 0.6228188872337341 73
1751478723266 0.6111930012702942 74
1751478723405 0.5985293388366699 75
1751478723551 0.6242244839668274 76
1751478723693 0.6019745469093323 77
1751478723830 0.5844573974609375 78
1751478724001 0.5960431694984436 79
1751478724149 0.5738609433174133 80
1751478724294 0.6027750968933105 81
1751478724437 0.5716065168380737 82
1751478724584 0.5762904286384583 83
1751478724736 0.5847816467285156 84
1751478724869 0.5775058269500732 85
1751478725010 0.5870035290718079 86
1751478725158 0.5856451392173767 87
1751478725299 0.5867286324501038 88
1751478725438 0.577765703201294 89
1751478725579 0.5696471929550171 90
1751478725760 0.5817409157752991 91
1751478725949 0.5766081809997559 92
1751478726141 0.5754249691963196 93
1751478726312 0.5670663714408875 94
1751478726495 0.5716844201087952 95
1751478726689 0.568946897983551 96
1751478726877 0.5671250224113464 97
1751478727074 0.5675666928291321 98
1751478727249 0.5712935328483582 99
1751478727418 0.5637639164924622 100
1751478727586 0.5672642588615417 101
1751478727770 0.5667567849159241 102
1751478727954 0.5661948323249817 103
1751478728106 0.5677110552787781 104
1751478728248 0.5651556849479675 105
1751478728391 0.5647880434989929 106
1751478728549 0.5660374164581299 107
1751478728694 0.5672346949577332 108
1751478728838 0.5635855197906494 109
1751478728977 0.5615477561950684 110
1751478729120 0.5627753138542175 111
1751478729259 0.5640775561332703 112
1751478729392 0.5608704686164856 113
1751478729535 0.5590952038764954 114
1751478729676 0.5599506497383118 115
1751478729810 0.5575330257415771 116
1751478729949 0.5608983635902405 117
1751478730092 0.5591645836830139 118
1751478730234 0.559478223323822 119
1751478730409 0.5625690817832947 120
1751478730552 0.5614187717437744 121
1751478730686 0.5597272515296936 122
1751478730858 0.5571994185447693 123
1751478731061 0.5570252537727356 124
1751478731281 0.556119978427887 125
1751478731460 0.5588364005088806 126
1751478731655 0.5586679577827454 127
1751478731825 0.559103786945343 128
1751478732016 0.5576063990592957 129
1751478732198 0.5580348372459412 130
1751478732384 0.5566208958625793 131
1751478732575 0.5577296614646912 132
1751478732765 0.5551899075508118 133
1751478732921 0.5574591159820557 134
1751478733060 0.5567920804023743 135
1751478733200 0.5559343099594116 136
1751478733342 0.557496964931488 137
1751478733529 0.5556821227073669 138
1751478733692 0.5567256212234497 139
1751478733852 0.5578906536102295 140
1751478733998 0.558144748210907 141
1751478734153 0.5559993386268616 142
1751478734299 0.5555254817008972 143
1751478734451 0.5572845935821533 144
1751478734601 0.5560652017593384 145
1751478734749 0.5573923587799072 146
1751478734902 0.5569348931312561 147
1751478735047 0.5554254651069641 148
1751478735195 0.5566751956939697 149
1751478735347 0.556906521320343 150
1751478735516 0.557727575302124 151
1751478735677 0.5562878847122192 152
1751478735829 0.5552882552146912 153
1751478735983 0.5543270111083984 154
1751478736126 0.5554236769676208 155
1751478736321 0.553905725479126 156
1751478736484 0.5561138987541199 157
1751478736640 0.5551594495773315 158
1751478736799 0.5548174381256104 159
1751478736993 0.5547690987586975 160
1751478737182 0.5539022088050842 161
1751478737354 0.5556476712226868 162
1751478737545 0.5545665621757507 163
1751478737738 0.5543250441551208 164
1751478737942 0.555404007434845 165
1751478738157 0.5534634590148926 166
1751478738362 0.5544999241828918 167
1751478738564 0.5532342791557312 168
1751478738766 0.5542392134666443 169
1751478738928 0.5543172955513 170
1751478739075 0.5556980967521667 171
1751478739218 0.5540546178817749 172
1751478739364 0.5539254546165466 173
1751478739507 0.5547062754631042 174
1751478739649 0.5539503693580627 175
1751478739797 0.554696798324585 176
1751478739944 0.5545283555984497 177
1751478740088 0.5538051724433899 178
1751478740236 0.5544210076332092 179
1751478740383 0.553076982498169 180
1751478740524 0.5537809729576111 181
1751478740671 0.5536654591560364 182
1751478740818 0.5536178946495056 183
1751478740960 0.55289626121521 184
1751478741106 0.5536291003227234 185
1751478741253 0.5534839034080505 186
1751478741397 0.552871823310852 187
1751478741540 0.552839994430542 188
1751478741684 0.5527841448783875 189
1751478741817 0.5533977150917053 190
1751478741959 0.5540375113487244 191
1751478742107 0.5533643364906311 192
1751478742255 0.5533280372619629 193
1751478742403 0.5539054274559021 194
1751478742537 0.552640974521637 195
1751478742677 0.5526536107063293 196
1751478742820 0.5531905293464661 197
1751478742965 0.5538023114204407 198
1751478743138 0.55259108543396 199
1751478743280 0.552568793296814 200
1751478743418 0.5537033677101135 201
1751478743559 0.5531082153320312 202
1751478743703 0.5525339841842651 203
1751478743847 0.5530600547790527 204
1751478743983 0.5535835027694702 205
1751478744125 0.5535739064216614 206
1751478744260 0.5524613261222839 207
1751478744404 0.5524429678916931 208
1751478744548 0.5529506802558899 209
1751478744695 0.5529382824897766 210
1751478744833 0.5539471507072449 211
1751478744977 0.5528916716575623 212
1751478745126 0.5523777604103088 213
1751478745270 0.5533719658851624 214
1751478745413 0.5528482794761658 215
1751478745562 0.5523446202278137 216
1751478745706 0.5528082251548767 217
1751478745851 0.5528086423873901 218
1751478745996 0.5522977709770203 219
1751478746141 0.5522936582565308 220
1751478746291 0.5532281398773193 221
1751478746438 0.5527120232582092 222
1751478746583 0.5522603392601013 223
1751478746726 0.553155779838562 224
1751478746874 0.5526905059814453 225
1751478747019 0.5526642799377441 226
1751478747179 0.5522236824035645 227
1751478747330 0.5526508688926697 228
1751478747475 0.5526375770568848 229
1751478747625 0.5526399612426758 230
1751478747772 0.5526130795478821 231
1751478747918 0.5530273914337158 232
1751478748063 0.5525720119476318 233
1751478748207 0.5525679588317871 234
1751478748356 0.5525577068328857 235
1751478748502 0.5525510907173157 236
1751478748648 0.5529379844665527 237
1751478748785 0.5521287322044373 238
1751478748928 0.5525026321411133 239
1751478749064 0.5525004267692566 240
1751478749215 0.5521106123924255 241
1751478749359 0.5524933934211731 242
1751478749508 0.5524788498878479 243
1751478749652 0.5520839095115662 244
1751478749791 0.5520616173744202 245
1751478749938 0.552447497844696 246
1751478750086 0.5524348616600037 247
1751478750224 0.5520591735839844 248
1751478750370 0.5520297288894653 249
1751478750518 0.5520402789115906 250
1751478750654 0.5520163178443909 251
1751478750799 0.5520125031471252 252
1751478750937 0.5523678064346313 253
1751478751081 0.5523374080657959 254
1751478751226 0.5527155995368958 255
1751478751371 0.5526711344718933 256
1751478751515 0.5523545145988464 257
1751478751660 0.5523017048835754 258
1751478751807 0.5523374676704407 259
1751478751953 0.5526262521743774 260
1751478752100 0.5523018836975098 261
1751478752248 0.5519497990608215 262
1751478752393 0.5522854328155518 263
1751478752546 0.5522963404655457 264
1751478752705 0.5522627234458923 265
1751478752878 0.5525621771812439 266
1751478753045 0.5522453784942627 267
1751478753198 0.5525673031806946 268
1751478753347 0.5519627928733826 269
1751478753485 0.5525195598602295 270
1751478753633 0.5521995425224304 271
1751478753783 0.5525028109550476 272
1751478753937 0.552492082118988 273
1751478754091 0.552226722240448 274
1751478754244 0.5524781346321106 275
1751478754396 0.552464485168457 276
1751478754541 0.5519027709960938 277
1751478754693 0.5522031188011169 278
1751478754841 0.5521916747093201 279
1751478754987 0.5521628856658936 280
1751478755134 0.5518857836723328 281
1751478755278 0.5518820881843567 282
1751478755425 0.5524066090583801 283
1751478755574 0.5521357655525208 284
1751478755723 0.5521262288093567 285
1751478755874 0.5523796081542969 286
1751478756027 0.5521441102027893 287
1751478756169 0.5523698329925537 288
1751478756320 0.5518327951431274 289
1751478756467 0.5523476600646973 290
1751478756609 0.5520911812782288 291
1751478756755 0.551824152469635 292
1751478756911 0.5523238778114319 293
1751478757063 0.5521045327186584 294
1751478757211 0.5521013736724854 295
1751478757356 0.5518339276313782 296
1751478757496 0.5518297553062439 297
1751478757646 0.5520567893981934 298
1751478757809 0.5520349144935608 299
1751478757970 0.5518202781677246 300
1751478758126 0.5520157814025879 301
1751478758304 0.5522891879081726 302
1751478758459 0.5520623326301575 303
1751478758607 0.5522727966308594 304
1751478758755 0.5520304441452026 305
1751478758906 0.5518025755882263 306
1751478759055 0.5517982840538025 307
1751478759203 0.5522303581237793 308
1751478759343 0.552008330821991 309
1751478759491 0.5522159934043884 310
1751478759630 0.5518102049827576 311
1751478759780 0.5520135760307312 312
1751478759931 0.5522223114967346 313
1751478760084 0.5519821643829346 314
1751478760233 0.5524188876152039 315
1751478760383 0.5522071719169617 316
1751478760531 0.5519714951515198 317
1751478760679 0.5517477989196777 318
1751478760825 0.5517463684082031 319
1751478760982 0.5519616007804871 320
1751478761145 0.5517393946647644 321
1751478761306 0.5519558787345886 322
1751478761476 0.5517343878746033 323
1751478761658 0.5521615147590637 324
1751478761829 0.5521581768989563 325
1751478762013 0.5519424676895142 326
1751478762183 0.5519139170646667 327
1751478762335 0.5519325733184814 328
1751478762489 0.5516993403434753 329
1751478762641 0.5517640113830566 330
1751478762804 0.5519208312034607 331
1751478763021 0.5517147779464722 332
1751478763229 0.551713764667511 333
1751478763403 0.5517316460609436 334
1751478763579 0.5518841743469238 335
1751478763783 0.5518835186958313 336
1751478763979 0.5518779158592224 337
1751478764199 0.5519006848335266 338
1751478764404 0.5516993999481201 339
1751478764594 0.5519196391105652 340
1751478764790 0.5520656704902649 341
1751478764938 0.5516695976257324 342
1751478765091 0.5517139434814453 343
1751478765237 0.5518794059753418 344
1751478765384 0.5518742799758911 345
1751478765532 0.551731288433075 346
1751478765680 0.5516830682754517 347
1751478765830 0.5518698692321777 348
1751478765978 0.55222088098526 349
1751478766128 0.5518665313720703 350
1751478766269 0.5518377423286438 351
1751478766415 0.551859438419342 352
1751478766565 0.5518774390220642 353
1751478766713 0.55167156457901 354
1751478766862 0.5520081520080566 355
1751478767011 0.5518245697021484 356
1751478767150 0.5518645644187927 357
1751478767300 0.5516868829727173 358
1751478767453 0.5516634583473206 359
1751478767601 0.5516394376754761 360
1751478767752 0.5519856810569763 361
1751478767901 0.5520042777061462 362
1751478768050 0.5516584515571594 363
1751478768200 0.5518491864204407 364
1751478768348 0.5516981482505798 365
1751478768497 0.5517987012863159 366
1751478768650 0.5516510605812073 367
1751478768800 0.5516510605812073 368
1751478768961 0.551837682723999 369
1751478769147 0.5518119931221008 370
1751478769341 0.5519759654998779 371
1751478769516 0.5519728660583496 372
1751478769703 0.5519485473632812 373
1751478769879 0.5519436597824097 374
1751478770040 0.5518017411231995 375
1751478770187 0.5519588589668274 376
1751478770349 0.5518192648887634 377
1751478770511 0.5519477725028992 378
1751478770673 0.5517916083335876 379
1751478770872 0.5516557097434998 380
1751478771028 0.5517876744270325 381
1751478771225 0.5517832636833191 382
1751478771390 0.5517809391021729 383
1751478771540 0.5519337058067322 384
1751478771690 0.5517983436584473 385
1751478771833 0.5517786145210266 386
1751478771988 0.5519044399261475 387
1751478772160 0.5517725944519043 388
1751478772321 0.5516435503959656 389
1751478772471 0.5517864227294922 390
1751478772643 0.5518936514854431 391
1751478772829 0.5518887042999268 392
1751478773003 0.5517447590827942 393
1751478773172 0.5517411231994629 394
1751478773339 0.5517809987068176 395
1751478773501 0.5518752932548523 396
1751478773683 0.5517536997795105 397
1751478773894 0.5517745018005371 398
1751478774045 0.5516514778137207 399
1751478774198 0.5516108870506287 400
1751478774350 0.5517475008964539 401
1751478774499 0.551628589630127 402
1751478774665 0.5517447590827942 403
1751478774831 0.5517598986625671 404
1751478774985 0.5517424941062927 405
1751478775141 0.5516067147254944 406
1751478775297 0.5516418814659119 407
1751478775442 0.5517354011535645 408
1751478775602 0.5517346858978271 409
1751478775769 0.5518460273742676 410
1751478775990 0.551750123500824 411
1751478776165 0.5518408417701721 412
1751478776310 0.5518385767936707 413
1751478776465 0.5517087578773499 414
1751478776615 0.5516151785850525 415
1751478776824 0.5518330931663513 416
1751478777044 0.5518490672111511 417
1751478777264 0.5517180562019348 418
1751478777461 0.5517181754112244 419
1751478777666 0.5516985058784485 420
1751478777847 0.5516961216926575 421
1751478778043 0.5516078472137451 422
1751478778232 0.5519389510154724 423
1751478778384 0.5519363880157471 424
1751478778536 0.551605761051178 425
1751478778679 0.5518108010292053 426
1751478778827 0.5516040325164795 427
1751478778978 0.5517062544822693 428
1751478779127 0.551602303981781 429
