1751537042125 0.09090909090909091 1
1751537042789 0.2727272727272727 2
1751537043469 0.36363636363636365 3
1751537044130 0.6363636363636364 4
1751537044784 0.5454545454545454 5
1751537045444 0.6818181818181818 6
1751537046106 0.5454545454545454 7
1751537046751 0.45454545454545453 8
1751537047408 0.5454545454545454 9
1751537048053 0.5454545454545454 10
1751537048709 0.5454545454545454 11
1751537049358 0.5454545454545454 12
1751537050015 0.5454545454545454 13
1751537050685 0.5454545454545454 14
1751537051341 0.5454545454545454 15
1751537052000 0.5454545454545454 16
1751537052666 0.5454545454545454 17
1751537053349 0.5454545454545454 18
1751537054063 0.5454545454545454 19
1751537054725 0.5454545454545454 20
1751537055392 0.5454545454545454 21
1751537056067 0.5454545454545454 22
1751537056735 0.5454545454545454 23
1751537057411 0.5454545454545454 24
1751537058091 0.5454545454545454 25
1751537058765 0.5454545454545454 26
1751537059426 0.5454545454545454 27
1751537060109 0.5454545454545454 28
1751537060784 0.5454545454545454 29
1751537061440 0.5454545454545454 30
1751537062114 0.5454545454545454 31
1751537062787 0.5454545454545454 32
1751537063458 0.5454545454545454 33
1751537064110 0.5454545454545454 34
1751537064766 0.5454545454545454 35
1751537065402 0.5454545454545454 36
1751537066062 0.6818181818181818 37
1751537066718 0.7727272727272727 38
1751537067371 0.5454545454545454 39
1751537068023 0.6363636363636364 40
1751537068690 0.8181818181818182 41
1751537069352 0.8636363636363636 42
1751537069993 0.8636363636363636 43
1751537070655 0.8181818181818182 44
1751537071322 0.8181818181818182 45
1751537071977 0.8181818181818182 46
1751537072624 0.8636363636363636 47
1751537073292 0.8636363636363636 48
1751537073940 0.8636363636363636 49
1751537074598 0.8636363636363636 50
1751537075264 0.8636363636363636 51
1751537075931 0.8636363636363636 52
1751537076577 0.8636363636363636 53
1751537077228 0.8636363636363636 54
1751537077890 0.8636363636363636 55
1751537078534 0.8636363636363636 56
1751537079178 0.8636363636363636 57
1751537079837 0.8636363636363636 58
1751537080509 0.8636363636363636 59
1751537081172 0.9545454545454546 60
1751537081823 1.0 61
1751537082480 1.0 62
1751537083127 1.0 63
1751537083770 0.9090909090909091 64
1751537084434 1.0 65
1751537085080 0.9545454545454546 66
1751537085742 1.0 67
1751537086400 1.0 68
1751537087051 1.0 69
1751537087702 1.0 70
1751537088360 1.0 71
1751537089035 1.0 72
1751537089719 1.0 73
1751537090397 1.0 74
1751537091054 1.0 75
1751537091710 1.0 76
1751537092367 1.0 77
1751537093032 1.0 78
1751537093689 1.0 79
1751537094377 1.0 80
1751537095067 1.0 81
1751537095730 1.0 82
1751537096396 1.0 83
1751537097044 1.0 84
1751537097715 1.0 85
1751537098388 1.0 86
1751537099070 1.0 87
1751537099733 1.0 88
1751537100391 1.0 89
1751537101056 1.0 90
1751537101698 1.0 91
1751537102354 1.0 92
1751537103008 1.0 93
1751537103659 1.0 94
1751537104315 1.0 95
1751537104960 1.0 96
1751537105612 1.0 97
1751537106268 1.0 98
1751537106926 1.0 99
1751537107591 0.9545454545454546 100
1751537108252 0.9545454545454546 101
1751537108915 0.9545454545454546 102
1751537109576 0.9545454545454546 103
1751537110249 0.9545454545454546 104
1751537110932 0.9545454545454546 105
1751537111609 0.9545454545454546 106
1751537112278 0.9545454545454546 107
1751537112957 0.9545454545454546 108
1751537113617 0.9545454545454546 109
1751537114265 0.9545454545454546 110
1751537114932 1.0 111
1751537115605 1.0 112
1751537116290 0.9545454545454546 113
1751537116947 0.9545454545454546 114
1751537117615 0.9545454545454546 115
1751537118276 0.7727272727272727 116
1751537118926 0.8636363636363636 117
1751537119576 0.8636363636363636 118
1751537120240 0.8181818181818182 119
1751537120911 0.8181818181818182 120
1751537121572 0.7727272727272727 121
1751537122238 0.45454545454545453 122
1751537122894 0.7727272727272727 123
1751537123546 0.7727272727272727 124
1751537124201 0.7727272727272727 125
1751537124857 0.7727272727272727 126
1751537125522 0.7727272727272727 127
1751537126184 0.7727272727272727 128
1751537126831 0.7727272727272727 129
1751537127496 0.7727272727272727 130
1751537128158 0.7727272727272727 131
1751537128806 0.7727272727272727 132
1751537129479 0.7727272727272727 133
1751537130149 0.7727272727272727 134
1751537130798 0.8181818181818182 135
1751537131480 0.7727272727272727 136
1751537132146 0.8181818181818182 137
1751537132801 0.7727272727272727 138
1751537133440 0.7727272727272727 139
1751537134089 0.7727272727272727 140
1751537134742 0.8636363636363636 141
1751537135408 0.8636363636363636 142
1751537136053 0.8636363636363636 143
1751537136722 0.8636363636363636 144
1751537137377 0.8636363636363636 145
1751537138031 0.8636363636363636 146
1751537138699 0.8636363636363636 147
1751537139370 0.8636363636363636 148
1751537140013 0.8636363636363636 149
1751537140675 0.8636363636363636 150
1751537141338 0.8636363636363636 151
1751537141982 0.8636363636363636 152
1751537142644 0.8636363636363636 153
1751537143291 0.8636363636363636 154
1751537143942 0.8636363636363636 155
1751537144606 0.8636363636363636 156
1751537145254 0.8636363636363636 157
1751537145922 0.8636363636363636 158
1751537146627 0.8636363636363636 159
1751537147293 0.8636363636363636 160
1751537147953 0.8636363636363636 161
