1751537042113 1.3916733264923096 1
1751537042777 1.3731014728546143 2
1751537043457 1.3658173084259033 3
1751537044121 1.347426176071167 4
1751537044772 1.3418123722076416 5
1751537045433 1.303622841835022 6
1751537046095 1.2122108936309814 7
1751537046740 1.331594467163086 8
1751537047397 1.2118453979492188 9
1751537048042 1.1315817832946777 10
1751537048696 1.013238787651062 11
1751537049344 0.9208499789237976 12
1751537050001 1.0625455379486084 13
1751537050672 0.9243553280830383 14
1751537051328 0.8269509077072144 15
1751537051988 1.082370400428772 16
1751537052655 1.1751892566680908 17
1751537053336 0.9890297055244446 18
1751537054052 0.8982709050178528 19
1751537054711 1.1104381084442139 20
1751537055382 0.9420957565307617 21
1751537056053 1.0392361879348755 22
1751537056721 0.7780827283859253 23
1751537057398 0.7849798798561096 24
1751537058077 0.8993508219718933 25
1751537058751 1.098556399345398 26
1751537059412 0.7707740068435669 27
1751537060099 0.8826807141304016 28
1751537060773 0.9931997060775757 29
1751537061426 1.0662167072296143 30
1751537062100 0.9482775926589966 31
1751537062774 0.8775423765182495 32
1751537063444 0.9842654466629028 33
1751537064095 0.9471597671508789 34
1751537064754 1.0562336444854736 35
1751537065390 0.7526496648788452 36
1751537066050 0.853718101978302 37
1751537066707 0.9970613718032837 38
1751537067359 0.8508865237236023 39
1751537068011 0.8604305386543274 40
1751537068677 0.9440175294876099 41
1751537069339 1.0342305898666382 42
1751537069981 1.110372543334961 43
1751537070640 0.8254206776618958 44
1751537071310 0.7514713406562805 45
1751537071963 0.8212841153144836 46
1751537072611 0.802096962928772 47
1751537073279 0.8373475074768066 48
1751537073927 0.940237820148468 49
1751537074584 0.7535895109176636 50
1751537075250 0.7526699304580688 51
1751537075917 0.749443769454956 52
1751537076564 1.0716891288757324 53
1751537077214 0.9077213406562805 54
1751537077877 0.7619653344154358 55
1751537078522 0.7613868117332458 56
1751537079164 0.7612159848213196 57
1751537079824 0.9422599673271179 58
1751537080495 0.7582987546920776 59
1751537081159 0.845882773399353 60
1751537081809 0.8670390248298645 61
1751537082467 0.7537862658500671 62
1751537083114 0.7654189467430115 63
1751537083757 0.9465829133987427 64
1751537084421 0.7606852650642395 65
1751537085068 0.7493341565132141 66
1751537085729 0.7512587904930115 67
1751537086387 0.7504790425300598 68
1751537087037 0.7782226800918579 69
1751537087689 0.7520724534988403 70
1751537088346 0.7711766362190247 71
1751537089023 0.7498294115066528 72
1751537089707 0.7462204098701477 73
1751537090385 0.7519052624702454 74
1751537091040 0.7499811053276062 75
1751537091697 0.7578951716423035 76
1751537092353 0.7698243856430054 77
1751537093019 0.7580316662788391 78
1751537093676 0.7463842630386353 79
1751537094356 0.7488588094711304 80
1751537095054 0.7460725903511047 81
1751537095715 0.7483814358711243 82
1751537096380 0.7489838004112244 83
1751537097030 0.7449986338615417 84
1751537097699 0.7467954158782959 85
1751537098373 0.7550028562545776 86
1751537099053 0.7468570470809937 87
1751537099720 0.7499227523803711 88
1751537100376 0.7450181841850281 89
1751537101041 0.7503629326820374 90
1751537101684 0.7452778816223145 91
1751537102340 0.7457209825515747 92
1751537102993 0.7464859485626221 93
1751537103644 0.7450650334358215 94
1751537104301 0.933854877948761 95
1751537104945 0.7487050890922546 96
1751537105598 0.746071994304657 97
1751537106254 0.746065616607666 98
1751537106910 0.7461827993392944 99
1751537107575 0.7492602467536926 100
1751537108238 0.7519463896751404 101
1751537108901 0.7464612126350403 102
1751537109563 0.7448865175247192 103
1751537110233 0.7497348785400391 104
1751537110916 0.7524357438087463 105
1751537111593 0.7501136660575867 106
1751537112261 0.7444117665290833 107
1751537112944 0.7446104884147644 108
1751537113602 0.7460466623306274 109
1751537114252 0.7460430264472961 110
1751537114917 0.7460281848907471 111
1751537115588 0.8940192461013794 112
1751537116277 0.9482971429824829 113
1751537116934 0.7447968125343323 114
1751537117600 0.7471187710762024 115
1751537118261 1.0330382585525513 116
1751537118911 0.8151508569717407 117
1751537119561 0.7559797763824463 118
1751537120221 0.7711511254310608 119
1751537120896 0.9640935659408569 120
1751537121556 0.9487201571464539 121
1751537122223 1.1414086818695068 122
1751537122879 1.1418122053146362 123
1751537123530 0.9454803466796875 124
1751537124186 0.9431244134902954 125
1751537124842 0.7504314184188843 126
1751537125508 0.7472823858261108 127
1751537126169 0.7445465326309204 128
1751537126815 0.9280287027359009 129
1751537127479 1.112101435661316 130
1751537128143 0.948980987071991 131
1751537128792 1.104400396347046 132
1751537129463 0.7465325593948364 133
1751537130134 1.1246970891952515 134
1751537130782 0.9412728548049927 135
1751537131464 0.9491052627563477 136
1751537132130 1.3021162748336792 137
1751537132787 1.1045531034469604 138
1751537133425 0.9255071878433228 139
1751537134074 0.7571168541908264 140
1751537134727 0.7474364042282104 141
1751537135391 0.9756978750228882 142
1751537136037 0.7615941762924194 143
1751537136706 0.7638273239135742 144
1751537137361 0.9497156143188477 145
1751537138015 0.7471826076507568 146
1751537138682 0.7475422620773315 147
1751537139354 0.7466387152671814 148
1751537139996 0.7464529275894165 149
1751537140659 0.747214138507843 150
1751537141321 0.7481952905654907 151
1751537141966 0.747252881526947 152
1751537142628 0.7455742359161377 153
1751537143275 0.7462426424026489 154
1751537143926 0.7458043098449707 155
1751537144590 0.7459589838981628 156
1751537145238 0.9442055821418762 157
1751537145905 0.7458693981170654 158
1751537146611 0.7454768419265747 159
1751537147277 0.9431227445602417 160
1751537147937 0.7463909983634949 161
