70630, 71.16905975341797, [1000.0, 58.0, 302.0, 92.0, 334.0, 74.0, 525.0, 0.0, 431.0, 1000.0, 10.0, 1000.0, 0.0, 1000.0, 900.0, 999.0, 999.0, 999.0, 999.0, 215.0, 302.0, 0.0, 0.0], [], [0.110931396484375, -0.1310882568359375, -0.296539306640625, 0.9394378662109375], [], [0.87982177734375, -0.2897796630859375, 0.256011962890625, -0.2763671875]
70640, 71.1861801147461, [1000.0, 58.0, 302.0, 91.0, 335.0, 73.0, 525.0, 0.0, 432.0, 1000.0, 9.0, 1000.0, 0.0, 1000.0, 900.0, 999.0, 999.0, 999.0, 999.0, 215.0, 297.0, 0.0, 0.0], [], [0.1106414794921875, -0.1311798095703125, -0.29656982421875, 0.939453125], [], [0.8780670166015625, -0.2930755615234375, 0.2587738037109375, -0.27587890625]
70650, 71.18907928466797, [1000.0, 59.0, 303.0, 91.0, 335.0, 73.0, 525.0, 0.0, 432.0, 1000.0, 9.0, 1000.0, 0.0, 1000.0, 901.0, 999.0, 999.0, 999.0, 999.0, 215.0, 299.0, 0.0, 0.0], [], [0.110565185546875, -0.13104248046875, -0.2967071533203125, 0.9394378662109375], [], [0.8790435791015625, -0.2905731201171875, 0.2587432861328125, -0.2754669189453125]
70660, 71.1991958618164, [1000.0, 58.0, 303.0, 91.0, 334.0, 73.0, 525.0, 0.0, 432.0, 1000.0, 9.0, 1000.0, 0.0, 1000.0, 900.0, 999.0, 999.0, 999.0, 999.0, 215.0, 300.0, 0.0, 0.0], [], [0.1104888916015625, -0.130859375, -0.296844482421875, 0.9394378662109375], [], [0.8787841796875, -0.2909698486328125, 0.259307861328125, -0.2753143310546875]
70670, 71.20915985107422, [1000.0, 58.0, 302.0, 91.0, 334.0, 73.0, 524.0, 0.0, 432.0, 1000.0, 9.0, 1000.0, 0.0, 1000.0, 904.0, 999.0, 998.0, 999.0, 999.0, 214.0, 300.0, 0.0, 0.0], [], [0.110443115234375, -0.1306610107421875, -0.297088623046875, 0.93939208984375], [], [0.8787994384765625, -0.29095458984375, 0.259307861328125, -0.275299072265625]
70680, 71.21910095214844, [1000.0, 58.0, 302.0, 91.0, 334.0, 73.0, 526.0, 0.0, 431.0, 1000.0, 8.0, 1000.0, 0.0, 1000.0, 902.0, 999.0, 999.0, 999.0, 999.0, 215.0, 296.0, 0.0, 0.0], [], [0.1102447509765625, -0.1305694580078125, -0.297515869140625, 0.9392852783203125], [], [0.878814697265625, -0.290985107421875, 0.25921630859375, -0.275299072265625]
70690, 71.2291259765625, [1000.0, 58.0, 302.0, 91.0, 334.0, 73.0, 526.0, 0.0, 431.0, 1000.0, 8.0, 1000.0, 0.0, 1000.0, 902.0, 999.0, 999.0, 999.0, 999.0, 215.0, 296.0, 0.0, 0.0], [], [0.1102447509765625, -0.1305694580078125, -0.297515869140625, 0.9392852783203125], [], [0.87890625, -0.290802001953125, 0.259124755859375, -0.2752838134765625]
70700, 71.23904418945312, [1000.0, 58.0, 302.0, 91.0, 334.0, 72.0, 526.0, 0.0, 432.0, 1000.0, 6.0, 1000.0, 0.0, 1000.0, 902.0, 999.0, 999.0, 999.0, 999.0, 214.0, 299.0, 0.0, 0.0], [], [0.1100921630859375, -0.130645751953125, -0.297760009765625, 0.9392242431640625], [], [0.8790130615234375, -0.2906036376953125, 0.258941650390625, -0.27532958984375]
70710, 71.24910736083984, [1000.0, 58.0, 299.0, 91.0, 332.0, 72.0, 525.0, 0.0, 430.0, 1000.0, 6.0, 1000.0, 0.0, 1000.0, 901.0, 999.0, 999.0, 999.0, 999.0, 214.0, 297.0, 0.0, 0.0], [], [0.1097564697265625, -0.130706787109375, -0.2978973388671875, 0.939208984375], [], [0.878997802734375, -0.290679931640625, 0.258880615234375, -0.275360107421875]
70720, 71.25916290283203, [1000.0, 59.0, 301.0, 91.0, 333.0, 72.0, 525.0, 0.0, 430.0, 1000.0, 5.0, 1000.0, 0.0, 1000.0, 902.0, 999.0, 999.0, 999.0, 999.0, 215.0, 299.0, 0.0, 0.0], [], [0.1095123291015625, -0.1308135986328125, -0.2975006103515625, 0.9393463134765625], [], [0.8790130615234375, -0.2906494140625, 0.25885009765625, -0.275390625]
70730, 71.26909637451172, [1000.0, 58.0, 299.0, 91.0, 334.0, 71.0, 524.0, 0.0, 430.0, 1000.0, 5.0, 1000.0, 0.0, 1000.0, 904.0, 999.0, 999.0, 999.0, 999.0, 215.0, 301.0, 0.0, 0.0], [], [0.10955810546875, -0.130615234375, -0.2972412109375, 0.939453125], [], [0.8789520263671875, -0.2909393310546875, 0.258514404296875, -0.2755584716796875]
70740, 71.27912902832031, [1000.0, 58.0, 300.0, 91.0, 335.0, 71.0, 525.0, 0.0, 430.0, 1000.0, 4.0, 1000.0, 0.0, 1000.0, 907.0, 999.0, 999.0, 999.0, 999.0, 214.0, 301.0, 0.0, 0.0], [], [0.1094207763671875, -0.13055419921875, -0.2970428466796875, 0.9395294189453125], [], [0.879150390625, -0.2906341552734375, 0.2580413818359375, -0.27569580078125]
70750, 71.29602813720703, [1000.0, 58.0, 300.0, 91.0, 334.0, 72.0, 524.0, 0.0, 430.0, 1000.0, 5.0, 1000.0, 0.0, 1000.0, 905.0, 999.0, 999.0, 999.0, 999.0, 214.0, 297.0, 0.0, 0.0], [], [0.109283447265625, -0.130523681640625, -0.2967987060546875, 0.93963623046875], [], [0.87908935546875, -0.2909088134765625, 0.2577667236328125, -0.27587890625]
70760, 71.29899597167969, [1000.0, 58.0, 301.0, 91.0, 333.0, 71.0, 524.0, 0.0, 430.0, 1000.0, 5.0, 1000.0, 0.0, 1000.0, 904.0, 999.0, 999.0, 999.0, 999.0, 214.0, 299.0, 0.0, 0.0], [], [0.109161376953125, -0.1304473876953125, -0.2963104248046875, 0.9398040771484375], [], [0.878936767578125, -0.2910614013671875, 0.258148193359375, -0.2758026123046875]
70770, 71.30929565429688, [1000.0, 58.0, 302.0, 91.0, 333.0, 71.0, 524.0, 0.0, 430.0, 1000.0, 5.0, 1000.0, 0.0, 1000.0, 908.0, 999.0, 999.0, 999.0, 999.0, 214.0, 299.0, 0.0, 0.0], [], [0.10906982421875, -0.1304473876953125, -0.2964019775390625, 0.939788818359375], [], [0.87890625, -0.29083251953125, 0.2588043212890625, -0.2755584716796875]
70780, 71.3191146850586, [1000.0, 59.0, 302.0, 91.0, 333.0, 71.0, 524.0, 0.0, 430.0, 1000.0, 5.0, 1000.0, 0.0, 1000.0, 909.0, 999.0, 999.0, 999.0, 999.0, 213.0, 299.0, 0.0, 0.0], [], [0.10894775390625, -0.13043212890625, -0.296356201171875, 0.9398193359375], [], [0.8787689208984375, -0.290985107421875, 0.2592315673828125, -0.2754364013671875]
70790, 71.32937622070312, [1000.0, 58.0, 302.0, 91.0, 334.0, 71.0, 524.0, 0.0, 430.0, 1000.0, 5.0, 1000.0, 0.0, 1000.0, 909.0, 999.0, 999.0, 999.0, 999.0, 212.0, 298.0, 0.0, 0.0], [], [0.10882568359375, -0.1304168701171875, -0.2963104248046875, 0.939849853515625], [], [0.8786773681640625, -0.29119873046875, 0.2592926025390625, -0.2754364013671875]
70800, 71.3393325805664, [1000.0, 58.0, 302.0, 91.0, 334.0, 71.0, 523.0, 0.0, 430.0, 1000.0, 3.0, 1000.0, 0.0, 1000.0, 906.0, 999.0, 999.0, 999.0, 999.0, 213.0, 298.0, 0.0, 0.0], [], [0.10870361328125, -0.130401611328125, -0.2962799072265625, 0.93988037109375], [], [0.8789520263671875, -0.29058837890625, 0.2591094970703125, -0.2754058837890625]
70810, 71.34962463378906, [1000.0, 58.0, 301.0, 91.0, 333.0, 71.0, 523.0, 0.0, 430.0, 1000.0, 3.0, 1000.0, 0.0, 1000.0, 907.0, 999.0, 999.0, 999.0, 999.0, 213.0, 295.0, 0.0, 0.0], [], [0.1085662841796875, -0.13043212890625, -0.29632568359375, 0.93988037109375], [], [0.879302978515625, -0.2899169921875, 0.2585296630859375, -0.2755126953125]
70820, 71.35942077636719, [1000.0, 58.0, 300.0, 91.0, 332.0, 71.0, 523.0, 0.0, 430.0, 1000.0, 4.0, 1000.0, 0.0, 1000.0, 909.0, 999.0, 999.0, 999.0, 999.0, 213.0, 297.0, 0.0, 0.0], [], [0.1084442138671875, -0.1304473876953125, -0.2964324951171875, 0.939849853515625], [], [0.8795623779296875, -0.2892608642578125, 0.2584686279296875, -0.2754058837890625]
70830, 71.36937713623047, [1000.0, 58.0, 299.0, 91.0, 332.0, 70.0, 524.0, 0.0, 430.0, 1000.0, 3.0, 1000.0, 0.0, 1000.0, 911.0, 999.0, 999.0, 999.0, 999.0, 213.0, 300.0, 0.0, 0.0], [], [0.1082916259765625, -0.1304473876953125, -0.296539306640625, 0.9398345947265625], [], [0.87982177734375, -0.28863525390625, 0.2584686279296875, -0.2752685546875]
70840, 71.37931823730469, [1000.0, 57.0, 301.0, 91.0, 333.0, 70.0, 524.0, 0.0, 430.0, 1000.0, 3.0, 1000.0, 0.0, 1000.0, 910.0, 999.0, 999.0, 999.0, 999.0, 213.0, 299.0, 0.0, 0.0], [], [0.108123779296875, -0.1304931640625, -0.296661376953125, 0.9398040771484375], [], [0.879791259765625, -0.288726806640625, 0.2585296630859375, -0.27520751953125]
70850, 71.38944244384766, [1000.0, 57.0, 301.0, 91.0, 333.0, 70.0, 523.0, 0.0, 430.0, 1000.0, 2.0, 1000.0, 0.0, 1000.0, 913.0, 999.0, 999.0, 999.0, 999.0, 213.0, 300.0, 0.0, 0.0], [], [0.1079559326171875, -0.1305694580078125, -0.29681396484375, 0.9397735595703125], [], [0.8796539306640625, -0.2889251708984375, 0.2589569091796875, -0.2750701904296875]
70860, 71.40144348144531, [1000.0, 58.0, 301.0, 91.0, 334.0, 70.0, 522.0, 0.0, 430.0, 1000.0, 3.0, 1000.0, 0.0, 1000.0, 910.0, 999.0, 999.0, 999.0, 999.0, 213.0, 300.0, 0.0, 0.0], [], [0.1077880859375, -0.13067626953125, -0.296905517578125, 0.9397430419921875], [], [0.88031005859375, -0.2876434326171875, 0.2580108642578125, -0.2751922607421875]
70870, 71.40940856933594, [1000.0, 58.0, 299.0, 91.0, 334.0, 70.0, 523.0, 0.0, 430.0, 1000.0, 2.0, 1000.0, 0.0, 1000.0, 910.0, 999.0, 999.0, 999.0, 999.0, 213.0, 298.0, 0.0, 0.0], [], [0.1076507568359375, -0.130767822265625, -0.2969512939453125, 0.9397430419921875], [], [0.880645751953125, -0.2871246337890625, 0.2571258544921875, -0.2754364013671875]
70880, 71.41934204101562, [1000.0, 58.0, 300.0, 91.0, 334.0, 70.0, 524.0, 0.0, 430.0, 1000.0, 0.0, 1000.0, 0.0, 1000.0, 904.0, 999.0, 999.0, 999.0, 999.0, 212.0, 298.0, 0.0, 0.0], [], [0.1075286865234375, -0.130828857421875, -0.296844482421875, 0.9397735595703125], [], [0.8797760009765625, -0.2888641357421875, 0.2583160400390625, -0.27532958984375]
70890, 71.42918395996094, [1000.0, 58.0, 299.0, 91.0, 333.0, 70.0, 525.0, 0.0, 430.0, 1000.0, 0.0, 1000.0, 0.0, 1000.0, 906.0, 999.0, 999.0, 999.0, 999.0, 213.0, 299.0, 0.0, 0.0], [], [0.1074066162109375, -0.130889892578125, -0.2966156005859375, 0.939849853515625], [], [0.8794708251953125, -0.2900543212890625, 0.25726318359375, -0.2760162353515625]
70900, 71.43915557861328, [1000.0, 58.0, 299.0, 91.0, 333.0, 70.0, 525.0, 0.0, 430.0, 1000.0, 0.0, 1000.0, 0.0, 1000.0, 906.0, 999.0, 999.0, 999.0, 999.0, 213.0, 299.0, 0.0, 0.0], [], [0.1074066162109375, -0.130889892578125, -0.2966156005859375, 0.939849853515625], [], [0.8791961669921875, -0.290802001953125, 0.2569122314453125, -0.276458740234375]
70910, 71.45796966552734, [1000.0, 58.0, 300.0, 91.0, 333.0, 70.0, 524.0, 0.0, 430.0, 1000.0, 2.0, 1000.0, 0.0, 1000.0, 909.0, 999.0, 999.0, 999.0, 999.0, 213.0, 296.0, 0.0, 0.0], [], [0.1072998046875, -0.130767822265625, -0.2960357666015625, 0.9400634765625], [], [0.878692626953125, -0.2916717529296875, 0.2575225830078125, -0.2765655517578125]
70920, 71.45965576171875, [1000.0, 58.0, 300.0, 90.0, 334.0, 69.0, 525.0, 0.0, 430.0, 1000.0, 1.0, 1000.0, 0.0, 1000.0, 905.0, 999.0, 999.0, 999.0, 999.0, 212.0, 295.0, 0.0, 0.0], [], [0.1072845458984375, -0.13079833984375, -0.29595947265625, 0.940093994140625], [], [0.87786865234375, -0.293609619140625, 0.2574920654296875, -0.27716064453125]
70930, 71.46903228759766, [1000.0, 58.0, 300.0, 90.0, 334.0, 69.0, 525.0, 0.0, 430.0, 1000.0, 1.0, 1000.0, 0.0, 1000.0, 905.0, 999.0, 999.0, 999.0, 999.0, 212.0, 295.0, 0.0, 0.0], [], [0.1072845458984375, -0.13079833984375, -0.29595947265625, 0.940093994140625], [], [0.877655029296875, -0.2941131591796875, 0.2571563720703125, -0.2776336669921875]
70940, 71.47915649414062, [1000.0, 58.0, 301.0, 90.0, 333.0, 69.0, 525.0, 0.0, 431.0, 1000.0, 1.0, 1000.0, 0.0, 1000.0, 903.0, 999.0, 999.0, 999.0, 999.0, 212.0, 297.0, 0.0, 0.0], [], [0.1075286865234375, -0.130859375, -0.29681396484375, 0.939788818359375], [], [0.877288818359375, -0.294586181640625, 0.257781982421875, -0.277679443359375]
70950, 71.48919677734375, [1000.0, 58.0, 301.0, 90.0, 334.0, 69.0, 527.0, 0.0, 431.0, 1000.0, 2.0, 1000.0, 0.0, 1000.0, 905.0, 999.0, 999.0, 999.0, 999.0, 211.0, 297.0, 0.0, 0.0], [], [0.107666015625, -0.1308441162109375, -0.297210693359375, 0.9396514892578125], [], [0.87689208984375, -0.2954559326171875, 0.2577667236328125, -0.2780303955078125]
70960, 71.49915313720703, [1000.0, 58.0, 299.0, 90.0, 335.0, 69.0, 527.0, 0.0, 432.0, 1000.0, 1.0, 1000.0, 0.0, 1000.0, 900.0, 999.0, 999.0, 999.0, 999.0, 210.0, 298.0, 0.0, 0.0], [], [0.1077423095703125, -0.1307830810546875, -0.2976531982421875, 0.9394989013671875], [], [0.87677001953125, -0.2953643798828125, 0.2584991455078125, -0.277862548828125]
70970, 71.51058959960938, [1000.0, 58.0, 300.0, 90.0, 334.0, 69.0, 525.0, 0.0, 430.0, 1000.0, 1.0, 1000.0, 0.0, 1000.0, 903.0, 999.0, 999.0, 999.0, 999.0, 211.0, 297.0, 0.0, 0.0], [], [0.1077728271484375, -0.1307220458984375, -0.2982025146484375, 0.9393310546875], [], [0.876373291015625, -0.2954864501953125, 0.26043701171875, -0.277130126953125]
70980, 71.51921844482422, [1000.0, 58.0, 300.0, 90.0, 334.0, 69.0, 523.0, 0.0, 430.0, 1000.0, 1.0, 1000.0, 0.0, 1000.0, 899.0, 999.0, 999.0, 999.0, 999.0, 213.0, 298.0, 0.0, 0.0], [], [0.1078033447265625, -0.130584716796875, -0.298736572265625, 0.939178466796875], [], [0.8763427734375, -0.294189453125, 0.2636260986328125, -0.2755889892578125]
70990, 71.5291748046875, [1000.0, 58.0, 298.0, 91.0, 332.0, 69.0, 526.0, 0.0, 428.0, 1000.0, 0.0, 1000.0, 0.0, 1000.0, 900.0, 999.0, 999.0, 999.0, 999.0, 213.0, 299.0, 0.0, 0.0], [], [0.107574462890625, -0.130706787109375, -0.30010986328125, 0.938751220703125], [], [0.877593994140625, -0.291046142578125, 0.263763427734375, -0.274810791015625]
71000, 71.53914642333984, [1000.0, 58.0, 298.0, 90.0, 332.0, 69.0, 526.0, 0.0, 428.0, 1000.0, 0.0, 1000.0, 0.0, 1000.0, 901.0, 999.0, 999.0, 999.0, 999.0, 212.0, 301.0, 0.0, 0.0], [], [0.1075592041015625, -0.1310272216796875, -0.3010101318359375, 0.93841552734375], [], [0.8798370361328125, -0.286468505859375, 0.2614288330078125, -0.274688720703125]
71010, 71.54917907714844, [1000.0, 58.0, 299.0, 90.0, 334.0, 69.0, 525.0, 0.0, 427.0, 1000.0, 0.0, 1000.0, 0.0, 1000.0, 898.0, 999.0, 999.0, 999.0, 999.0, 213.0, 300.0, 0.0, 0.0], [], [0.1073150634765625, -0.1313934326171875, -0.301422119140625, 0.938262939453125], [], [0.880706787109375, -0.285797119140625, 0.258270263671875, -0.27557373046875]
71020, 71.56786346435547, [1000.0, 58.0, 300.0, 90.0, 335.0, 68.0, 525.0, 0.0, 428.0, 1000.0, 0.0, 1000.0, 0.0, 1000.0, 900.0, 999.0, 999.0, 999.0, 999.0, 213.0, 299.0, 0.0, 0.0], [], [0.1069488525390625, -0.13189697265625, -0.3015289306640625, 0.938201904296875], [], [0.880126953125, -0.28753662109375, 0.258148193359375, -0.2757415771484375]
71030, 71.56900787353516, [1000.0, 58.0, 300.0, 90.0, 334.0, 68.0, 527.0, 0.0, 427.0, 1000.0, 0.0, 1000.0, 0.0, 1000.0, 899.0, 999.0, 999.0, 999.0, 999.0, 212.0, 299.0, 0.0, 0.0], [], [0.1068115234375, -0.1322479248046875, -0.3013916015625, 0.9382171630859375], [], [0.8803863525390625, -0.2874755859375, 0.2571868896484375, -0.27587890625]
71040, 71.57917022705078, [1000.0, 58.0, 299.0, 90.0, 333.0, 68.0, 528.0, 0.0, 430.0, 1000.0, 0.0, 1000.0, 0.0, 1000.0, 901.0, 999.0, 999.0, 999.0, 999.0, 211.0, 299.0, 0.0, 0.0], [], [0.1065673828125, -0.1324310302734375, -0.301116943359375, 0.9383087158203125], [], [0.8793792724609375, -0.2902984619140625, 0.257293701171875, -0.27606201171875]
71050, 71.58946990966797, [1000.0, 58.0, 298.0, 90.0, 332.0, 68.0, 528.0, 0.0, 432.0, 1000.0, 0.0, 1000.0, 0.0, 1000.0, 899.0, 999.0, 999.0, 999.0, 999.0, 211.0, 298.0, 0.0, 0.0], [], [0.10638427734375, -0.13238525390625, -0.3009033203125, 0.9384002685546875], [], [0.8791351318359375, -0.291717529296875, 0.255950927734375, -0.27655029296875]
71060, 71.59947967529297, [1000.0, 58.0, 297.0, 90.0, 334.0, 68.0, 527.0, 0.0, 431.0, 1000.0, 0.0, 1000.0, 0.0, 1000.0, 901.0, 999.0, 999.0, 999.0, 999.0, 211.0, 296.0, 0.0, 0.0], [], [0.1062164306640625, -0.1321563720703125, -0.300506591796875, 0.9385833740234375], [], [0.8766326904296875, -0.29718017578125, 0.2586669921875, -0.2761383056640625]
71070, 71.60933685302734, [1000.0, 58.0, 297.0, 90.0, 334.0, 68.0, 527.0, 0.0, 430.0, 1000.0, 0.0, 1000.0, 0.0, 1000.0, 901.0, 999.0, 998.0, 999.0, 999.0, 211.0, 298.0, 0.0, 0.0], [], [0.1060028076171875, -0.13189697265625, -0.300140380859375, 0.938751220703125], [], [0.87677001953125, -0.2969818115234375, 0.258880615234375, -0.275726318359375]
71080, 71.62216186523438, [1000.0, 58.0, 298.0, 90.0, 334.0, 68.0, 527.0, 0.0, 431.0, 1000.0, 0.0, 1000.0, 0.0, 1000.0, 904.0, 999.0, 998.0, 999.0, 999.0, 212.0, 298.0, 0.0, 0.0], [], [0.105804443359375, -0.131500244140625, -0.2996368408203125, 0.938995361328125], [], [0.8765869140625, -0.297393798828125, 0.2595672607421875, -0.275238037109375]
71090, 71.62942504882812, [1000.0, 58.0, 298.0, 90.0, 335.0, 68.0, 528.0, 0.0, 432.0, 1000.0, 0.0, 1000.0, 0.0, 1000.0, 905.0, 999.0, 999.0, 999.0, 999.0, 211.0, 298.0, 0.0, 0.0], [], [0.105682373046875, -0.1310577392578125, -0.299560546875, 0.9390869140625], [], [0.8754730224609375, -0.299407958984375, 0.2617950439453125, -0.274444580078125]
71100, 71.63919830322266, [1000.0, 58.0, 299.0, 90.0, 336.0, 68.0, 528.0, 0.0, 432.0, 1000.0, 0.0, 1000.0, 0.0, 1000.0, 906.0, 999.0, 999.0, 999.0, 999.0, 211.0, 296.0, 0.0, 0.0], [], [0.105682373046875, -0.1304931640625, -0.29962158203125, 0.93914794921875], [], [0.873748779296875, -0.3021240234375, 0.265838623046875, -0.2731475830078125]
71110, 71.64926147460938, [1000.0, 57.0, 298.0, 90.0, 338.0, 68.0, 528.0, 0.0, 430.0, 1000.0, 0.0, 1000.0, 0.0, 1000.0, 905.0, 999.0, 999.0, 999.0, 999.0, 211.0, 297.0, 0.0, 0.0], [], [0.105743408203125, -0.13006591796875, -0.3001861572265625, 0.93902587890625], [], [0.8728179931640625, -0.304229736328125, 0.2664947509765625, -0.2730865478515625]
71120, 71.65943145751953, [1000.0, 57.0, 298.0, 90.0, 337.0, 68.0, 527.0, 0.0, 430.0, 1000.0, 0.0, 1000.0, 0.0, 1000.0, 906.0, 999.0, 999.0, 999.0, 999.0, 211.0, 297.0, 0.0, 0.0], [], [0.1058502197265625, -0.129791259765625, -0.3012237548828125, 0.938720703125], [], [0.8723907470703125, -0.3048553466796875, 0.267608642578125, -0.2726593017578125]
71130, 71.67195129394531, [1000.0, 58.0, 300.0, 90.0, 336.0, 68.0, 527.0, 0.0, 431.0, 1000.0, 0.0, 1000.0, 0.0, 1000.0, 908.0, 999.0, 999.0, 999.0, 999.0, 211.0, 298.0, 0.0, 0.0], [], [0.1059722900390625, -0.129638671875, -0.30230712890625, 0.9383697509765625], [], [0.8735198974609375, -0.302337646484375, 0.267181396484375, -0.2722930908203125]
71140, 71.67929077148438, [1000.0, 58.0, 299.0, 90.0, 337.0, 68.0, 529.0, 0.0, 434.0, 1000.0, 0.0, 1000.0, 0.0, 1000.0, 906.0, 999.0, 999.0, 999.0, 999.0, 211.0, 299.0, 0.0, 0.0], [], [0.106109619140625, -0.1297149658203125, -0.303466796875, 0.9379730224609375], [], [0.876129150390625, -0.2974090576171875, 0.26373291015625, -0.2726898193359375]
71150, 71.68917083740234, [1000.0, 58.0, 299.0, 90.0, 337.0, 68.0, 528.0, 0.0, 433.0, 1000.0, 0.0, 1000.0, 0.0, 1000.0, 906.0, 999.0, 999.0, 999.0, 999.0, 211.0, 297.0, 0.0, 0.0], [], [0.10614013671875, -0.130035400390625, -0.3042755126953125, 0.9376678466796875], [], [0.877532958984375, -0.2945098876953125, 0.262451171875, -0.2725677490234375]
71160, 71.69903564453125, [1000.0, 57.0, 298.0, 90.0, 337.0, 67.0, 528.0, 0.0, 432.0, 1000.0, 0.0, 1000.0, 0.0, 1000.0, 907.0, 999.0, 999.0, 999.0, 999.0, 211.0, 298.0, 0.0, 0.0], [], [0.1060333251953125, -0.1305084228515625, -0.3046875, 0.9374847412109375], [], [0.8788909912109375, -0.293060302734375, 0.2580718994140625, -0.2739105224609375]
71170, 71.70921325683594, [1000.0, 57.0, 298.0, 89.0, 338.0, 67.0, 530.0, 0.0, 432.0, 1000.0, 0.0, 1000.0, 0.0, 1000.0, 909.0, 999.0, 999.0, 999.0, 999.0, 211.0, 298.0, 0.0, 0.0], [], [0.10589599609375, -0.1309051513671875, -0.304779052734375, 0.937408447265625], [], [0.879150390625, -0.2927093505859375, 0.2576751708984375, -0.2738494873046875]
71180, 71.72944641113281, [1000.0, 57.0, 298.0, 89.0, 339.0, 67.0, 531.0, 0.0, 434.0, 1000.0, 0.0, 1000.0, 0.0, 1000.0, 906.0, 999.0, 999.0, 999.0, 999.0, 212.0, 297.0, 0.0, 0.0], [], [0.1057586669921875, -0.131103515625, -0.3042449951171875, 0.9375762939453125], [], [0.8793792724609375, -0.2923431396484375, 0.257293701171875, -0.2738494873046875]
71190, 71.73930358886719, [1000.0, 58.0, 298.0, 89.0, 339.0, 67.0, 532.0, 0.0, 434.0, 1000.0, 0.0, 1000.0, 0.0, 1000.0, 908.0, 999.0, 999.0, 999.0, 999.0, 211.0, 297.0, 0.0, 0.0], [], [0.1056365966796875, -0.131103515625, -0.3033599853515625, 0.9378662109375], [], [0.879547119140625, -0.29205322265625, 0.257049560546875, -0.2738494873046875]
71200, 71.74920654296875, [1000.0, 58.0, 299.0, 89.0, 340.0, 67.0, 532.0, 0.0, 434.0, 1000.0, 0.0, 1000.0, 0.0, 1000.0, 907.0, 999.0, 999.0, 999.0, 999.0, 211.0, 298.0, 0.0, 0.0], [], [0.105560302734375, -0.1309051513671875, -0.3023223876953125, 0.9382476806640625], [], [0.8797149658203125, -0.2918243408203125, 0.2566680908203125, -0.27392578125]
71210, 71.75921630859375, [1000.0, 58.0, 299.0, 89.0, 340.0, 67.0, 532.0, 0.0, 434.0, 1000.0, 0.0, 1000.0, 0.0, 1000.0, 907.0, 999.0, 999.0, 999.0, 999.0, 211.0, 298.0, 0.0, 0.0], [], [0.105560302734375, -0.1309051513671875, -0.3023223876953125, 0.9382476806640625], [], [0.8797760009765625, -0.2918548583984375, 0.2562408447265625, -0.27410888671875]
71220, 71.76912689208984, [1000.0, 57.0, 298.0, 90.0, 341.0, 66.0, 535.0, 0.0, 435.0, 1000.0, 0.0, 1000.0, 0.0, 1000.0, 906.0, 999.0, 999.0, 999.0, 999.0, 210.0, 297.0, 0.0, 0.0], [], [0.1054229736328125, -0.1303863525390625, -0.3000335693359375, 0.939056396484375], [], [0.880126953125, -0.2911529541015625, 0.2556304931640625, -0.274261474609375]
71230, 71.77912902832031, [1000.0, 58.0, 298.0, 89.0, 342.0, 67.0, 536.0, 0.0, 436.0, 1000.0, 0.0, 1000.0, 0.0, 1000.0, 906.0, 999.0, 999.0, 999.0, 999.0, 210.0, 299.0, 0.0, 0.0], [], [0.1054229736328125, -0.1297760009765625, -0.2984771728515625, 0.9396514892578125], [], [0.8805694580078125, -0.2903594970703125, 0.2548828125, -0.2743988037109375]
71240, 71.78949737548828, [1000.0, 57.0, 299.0, 89.0, 342.0, 67.0, 535.0, 0.0, 437.0, 1000.0, 0.0, 1000.0, 0.0, 1000.0, 904.0, 999.0, 999.0, 999.0, 999.0, 210.0, 299.0, 0.0, 0.0], [], [0.1052703857421875, -0.129302978515625, -0.2968597412109375, 0.94024658203125], [], [0.8807373046875, -0.290130615234375, 0.2545623779296875, -0.2744140625]
71250, 71.7990951538086, [1000.0, 57.0, 299.0, 89.0, 342.0, 67.0, 534.0, 0.0, 437.0, 1000.0, 0.0, 1000.0, 0.0, 1000.0, 907.0, 999.0, 999.0, 999.0, 999.0, 209.0, 298.0, 0.0, 0.0], [], [0.1050567626953125, -0.128936767578125, -0.2952117919921875, 0.940826416015625], [], [0.8809967041015625, -0.2896881103515625, 0.254150390625, -0.2744140625]
71260, 71.80914306640625, [1000.0, 58.0, 299.0, 90.0, 343.0, 67.0, 534.0, 0.0, 436.0, 1000.0, 0.0, 1000.0, 0.0, 1000.0, 905.0, 999.0, 999.0, 999.0, 999.0, 210.0, 297.0, 0.0, 0.0], [], [0.1048736572265625, -0.1284637451171875, -0.294281005859375, 0.9412078857421875], [], [0.880950927734375, -0.2897796630859375, 0.2544097900390625, -0.2742462158203125]
71270, 71.819091796875, [1000.0, 58.0, 298.0, 89.0, 343.0, 67.0, 534.0, 0.0, 435.0, 1000.0, 0.0, 1000.0, 0.0, 1000.0, 906.0, 999.0, 999.0, 999.0, 999.0, 211.0, 297.0, 0.0, 0.0], [], [0.104583740234375, -0.128326416015625, -0.29364013671875, 0.94146728515625], [], [0.8809356689453125, -0.28973388671875, 0.254730224609375, -0.274017333984375]
71280, 71.82913970947266, [1000.0, 58.0, 299.0, 89.0, 343.0, 67.0, 534.0, 0.0, 433.0, 1000.0, 0.0, 1000.0, 0.0, 1000.0, 902.0, 999.0, 999.0, 999.0, 999.0, 211.0, 295.0, 0.0, 0.0], [], [0.10430908203125, -0.1283416748046875, -0.293792724609375, 0.941436767578125], [], [0.8804931640625, -0.290496826171875, 0.2556915283203125, -0.273712158203125]
71290, 71.8394775390625, [1000.0, 57.0, 299.0, 89.0, 343.0, 66.0, 533.0, 0.0, 433.0, 1000.0, 0.0, 1000.0, 0.0, 1000.0, 902.0, 999.0, 999.0, 999.0, 999.0, 212.0, 296.0, 0.0, 0.0], [], [0.1038970947265625, -0.1283721923828125, -0.2941131591796875, 0.941375732421875], [], [0.880157470703125, -0.2911834716796875, 0.2562713623046875, -0.2735443115234375]
71300, 71.84919738769531, [1000.0, 58.0, 299.0, 89.0, 344.0, 66.0, 533.0, 0.0, 433.0, 1000.0, 0.0, 1000.0, 0.0, 1000.0, 904.0, 999.0, 999.0, 999.0, 999.0, 211.0, 298.0, 0.0, 0.0], [], [0.1038665771484375, -0.12841796875, -0.2940826416015625, 0.9413909912109375], [], [0.8796539306640625, -0.2923431396484375, 0.256622314453125, -0.2736053466796875]
71310, 71.859130859375, [1000.0, 58.0, 298.0, 89.0, 343.0, 66.0, 533.0, 0.0, 431.0, 1000.0, 0.0, 1000.0, 0.0, 1000.0, 900.0, 999.0, 999.0, 999.0, 999.0, 211.0, 298.0, 0.0, 0.0], [], [0.1037139892578125, -0.1285400390625, -0.2942962646484375, 0.9413299560546875], [], [0.8792266845703125, -0.29296875, 0.2576904296875, -0.2733001708984375]
71320, 71.86912536621094, [1000.0, 57.0, 298.0, 89.0, 343.0, 66.0, 533.0, 0.0, 430.0, 1000.0, 0.0, 1000.0, 0.0, 1000.0, 900.0, 999.0, 999.0, 999.0, 999.0, 210.0, 297.0, 0.0, 0.0], [], [0.10357666015625, -0.1286773681640625, -0.2945404052734375, 0.9412384033203125], [], [0.8788604736328125, -0.2940216064453125, 0.2574462890625, -0.2736053466796875]
71330, 71.87915802001953, [1000.0, 58.0, 299.0, 89.0, 342.0, 66.0, 533.0, 0.0, 431.0, 1000.0, 0.0, 1000.0, 0.0, 1000.0, 894.0, 999.0, 999.0, 999.0, 999.0, 210.0, 296.0, 0.0, 0.0], [], [0.10345458984375, -0.1288604736328125, -0.2948150634765625, 0.9411468505859375], [], [0.878692626953125, -0.2942657470703125, 0.2577362060546875, -0.2735748291015625]
71340, 71.88915252685547, [1000.0, 58.0, 298.0, 89.0, 342.0, 66.0, 533.0, 0.0, 430.0, 1000.0, 0.0, 1000.0, 0.0, 1000.0, 900.0, 999.0, 999.0, 999.0, 999.0, 210.0, 296.0, 0.0, 0.0], [], [0.103363037109375, -0.1289825439453125, -0.2951202392578125, 0.9410400390625], [], [0.87841796875, -0.2947845458984375, 0.2580413818359375, -0.27362060546875]
71350, 71.899169921875, [1000.0, 58.0, 298.0, 89.0, 342.0, 66.0, 533.0, 0.0, 430.0, 1000.0, 0.0, 1000.0, 0.0, 1000.0, 901.0, 999.0, 999.0, 999.0, 999.0, 211.0, 297.0, 0.0, 0.0], [], [0.1032867431640625, -0.1291046142578125, -0.295379638671875, 0.940948486328125], [], [0.878509521484375, -0.294403076171875, 0.258270263671875, -0.2735443115234375]
71360, 71.90921783447266, [1000.0, 57.0, 298.0, 89.0, 343.0, 66.0, 532.0, 0.0, 431.0, 1000.0, 0.0, 1000.0, 0.0, 1000.0, 902.0, 999.0, 999.0, 999.0, 999.0, 211.0, 296.0, 0.0, 0.0], [], [0.1031951904296875, -0.129180908203125, -0.2956085205078125, 0.9408721923828125], [], [0.8780517578125, -0.2951202392578125, 0.2590789794921875, -0.2734527587890625]
71370, 71.91912841796875, [1000.0, 58.0, 299.0, 89.0, 342.0, 66.0, 531.0, 0.0, 430.0, 1000.0, 0.0, 1000.0, 0.0, 1000.0, 897.0, 999.0, 999.0, 999.0, 999.0, 211.0, 297.0, 0.0, 0.0], [], [0.1031341552734375, -0.129241943359375, -0.295867919921875, 0.9407958984375], [], [0.8784027099609375, -0.294464111328125, 0.2582550048828125, -0.2738037109375]
71380, 71.92916870117188, [1000.0, 57.0, 299.0, 89.0, 343.0, 66.0, 532.0, 0.0, 431.0, 1000.0, 0.0, 1000.0, 0.0, 1000.0, 898.0, 999.0, 999.0, 999.0, 998.0, 212.0, 298.0, 0.0, 0.0], [], [0.1031341552734375, -0.1292724609375, -0.2962188720703125, 0.9406890869140625], [], [0.8783111572265625, -0.29498291015625, 0.25732421875, -0.2744293212890625]
71390, 71.93917083740234, [1000.0, 57.0, 299.0, 89.0, 344.0, 66.0, 531.0, 0.0, 431.0, 1000.0, 0.0, 1000.0, 0.0, 1000.0, 899.0, 999.0, 999.0, 999.0, 998.0, 212.0, 298.0, 0.0, 0.0], [], [0.1031951904296875, -0.129150390625, -0.296600341796875, 0.9405670166015625], [], [0.878936767578125, -0.2935333251953125, 0.2567138671875, -0.2745513916015625]
71400, 71.94916534423828, [1000.0, 57.0, 299.0, 89.0, 343.0, 65.0, 530.0, 0.0, 430.0, 1000.0, 0.0, 1000.0, 0.0, 1000.0, 901.0, 999.0, 999.0, 999.0, 998.0, 212.0, 296.0, 0.0, 0.0], [], [0.1032867431640625, -0.128997802734375, -0.2969512939453125, 0.9404754638671875], [], [0.8792266845703125, -0.2929840087890625, 0.255950927734375, -0.274932861328125]
71410, 71.95917510986328, [1000.0, 57.0, 299.0, 88.0, 342.0, 65.0, 529.0, 0.0, 429.0, 1000.0, 0.0, 1000.0, 0.0, 1000.0, 900.0, 999.0, 999.0, 999.0, 999.0, 211.0, 297.0, 0.0, 0.0], [], [0.1033477783203125, -0.128814697265625, -0.297149658203125, 0.9404296875], [], [0.879241943359375, -0.2929534912109375, 0.2556304931640625, -0.27520751953125]
71420, 71.96913146972656, [1000.0, 58.0, 298.0, 89.0, 342.0, 65.0, 530.0, 0.0, 428.0, 1000.0, 0.0, 1000.0, 0.0, 1000.0, 904.0, 999.0, 999.0, 999.0, 999.0, 212.0, 296.0, 0.0, 0.0], [], [0.1033935546875, -0.12860107421875, -0.297271728515625, 0.9404144287109375], [], [0.87957763671875, -0.2921600341796875, 0.2552032470703125, -0.275390625]
71430, 71.97916412353516, [1000.0, 58.0, 298.0, 89.0, 342.0, 66.0, 531.0, 0.0, 429.0, 1000.0, 0.0, 1000.0, 0.0, 1000.0, 904.0, 999.0, 999.0, 999.0, 999.0, 212.0, 296.0, 0.0, 0.0], [], [0.1033935546875, -0.12841796875, -0.2972564697265625, 0.9404449462890625], [], [0.879486083984375, -0.2918701171875, 0.2563323974609375, -0.2749481201171875]
71440, 71.98921203613281, [1000.0, 58.0, 296.0, 89.0, 342.0, 66.0, 531.0, 0.0, 428.0, 1000.0, 0.0, 1000.0, 0.0, 1000.0, 905.0, 999.0, 999.0, 999.0, 999.0, 211.0, 295.0, 0.0, 0.0], [], [0.103302001953125, -0.1283111572265625, -0.297210693359375, 0.94049072265625], [], [0.8798828125, -0.2902984619140625, 0.257537841796875, -0.274200439453125]
71450, 72.0013427734375, [1000.0, 57.0, 297.0, 88.0, 341.0, 65.0, 530.0, 0.0, 427.0, 1000.0, 0.0, 1000.0, 0.0, 1000.0, 905.0, 999.0, 999.0, 999.0, 999.0, 210.0, 296.0, 0.0, 0.0], [], [0.1031494140625, -0.12841796875, -0.2970733642578125, 0.9405364990234375], [], [0.880035400390625, -0.290008544921875, 0.257415771484375, -0.274139404296875]
71460, 72.0091781616211, [1000.0, 57.0, 297.0, 88.0, 342.0, 65.0, 529.0, 0.0, 427.0, 1000.0, 0.0, 1000.0, 0.0, 1000.0, 904.0, 999.0, 999.0, 999.0, 999.0, 211.0, 296.0, 0.0, 0.0], [], [0.102996826171875, -0.1284942626953125, -0.29705810546875, 0.9405364990234375], [], [0.8801727294921875, -0.28985595703125, 0.2570343017578125, -0.27423095703125]
71470, 72.01911926269531, [1000.0, 58.0, 298.0, 88.0, 343.0, 65.0, 529.0, 0.0, 427.0, 1000.0, 0.0, 1000.0, 0.0, 1000.0, 906.0, 999.0, 999.0, 999.0, 999.0, 211.0, 296.0, 0.0, 0.0], [], [0.1028289794921875, -0.1285400390625, -0.297119140625, 0.9405364990234375], [], [0.879730224609375, -0.29058837890625, 0.2580718994140625, -0.273895263671875]
71480, 72.02915954589844, [1000.0, 57.0, 298.0, 88.0, 343.0, 65.0, 529.0, 0.0, 426.0, 1000.0, 0.0, 1000.0, 0.0, 1000.0, 908.0, 999.0, 999.0, 999.0, 999.0, 210.0, 296.0, 0.0, 0.0], [], [0.102691650390625, -0.12860107421875, -0.2972412109375, 0.9405059814453125], [], [0.879119873046875, -0.292236328125, 0.2579498291015625, -0.2741851806640625]
71490, 72.0392074584961, [1000.0, 58.0, 298.0, 88.0, 343.0, 65.0, 528.0, 0.0, 425.0, 1000.0, 0.0, 1000.0, 0.0, 666.0, 907.0, 999.0, 999.0, 999.0, 999.0, 210.0, 297.0, 0.0, 0.0], [], [0.102508544921875, -0.128814697265625, -0.2976226806640625, 0.94036865234375], [], [0.8779296875, -0.29559326171875, 0.25738525390625, -0.274932861328125]
71500, 72.04910278320312, [1000.0, 58.0, 298.0, 88.0, 343.0, 65.0, 528.0, 0.0, 424.0, 1000.0, 0.0, 1000.0, 0.0, 666.0, 904.0, 999.0, 999.0, 999.0, 999.0, 209.0, 297.0, 0.0, 0.0], [], [0.1023406982421875, -0.129119873046875, -0.2979888916015625, 0.9402313232421875], [], [0.8792724609375, -0.293365478515625, 0.254638671875, -0.2755889892578125]
71510, 72.05929565429688, [1000.0, 58.0, 298.0, 88.0, 343.0, 65.0, 528.0, 0.0, 424.0, 1000.0, 0.0, 1000.0, 0.0, 666.0, 904.0, 999.0, 999.0, 999.0, 999.0, 209.0, 297.0, 0.0, 0.0], [], [0.1023406982421875, -0.129119873046875, -0.2979888916015625, 0.9402313232421875], [], [0.8789215087890625, -0.2940216064453125, 0.2553863525390625, -0.27532958984375]
71520, 72.06936645507812, [1000.0, 57.0, 296.0, 88.0, 342.0, 65.0, 528.0, 0.0, 422.0, 1000.0, 0.0, 1000.0, 0.0, 1000.0, 903.0, 999.0, 999.0, 999.0, 999.0, 210.0, 298.0, 0.0, 0.0], [], [0.10198974609375, -0.12933349609375, -0.2982940673828125, 0.9401397705078125], [], [0.8794708251953125, -0.293304443359375, 0.2539520263671875, -0.2756805419921875]
71530, 72.07958221435547, [1000.0, 58.0, 297.0, 88.0, 341.0, 65.0, 528.0, 0.0, 423.0, 1000.0, 0.0, 1000.0, 0.0, 1000.0, 904.0, 999.0, 999.0, 999.0, 999.0, 211.0, 294.0, 0.0, 0.0], [], [0.101837158203125, -0.1294097900390625, -0.2987213134765625, 0.9400177001953125], [], [0.8801727294921875, -0.29095458984375, 0.2552642822265625, -0.27471923828125]
71540, 72.0893325805664, [1000.0, 58.0, 297.0, 88.0, 340.0, 64.0, 528.0, 0.0, 424.0, 1000.0, 0.0, 1000.0, 0.0, 1000.0, 904.0, 999.0, 999.0, 999.0, 999.0, 209.0, 293.0, 0.0, 0.0], [], [0.10162353515625, -0.1295623779296875, -0.29901123046875, 0.9399261474609375], [], [0.8797149658203125, -0.29168701171875, 0.256317138671875, -0.2744140625]
71550, 72.09933471679688, [1000.0, 57.0, 297.0, 88.0, 341.0, 64.0, 527.0, 0.0, 425.0, 1000.0, 0.0, 1000.0, 0.0, 1000.0, 908.0, 999.0, 999.0, 999.0, 999.0, 210.0, 294.0, 0.0, 0.0], [], [0.101470947265625, -0.1294403076171875, -0.29931640625, 0.9398651123046875], [], [0.8796234130859375, -0.29180908203125, 0.256622314453125, -0.2742767333984375]
71560, 72.10917663574219, [1000.0, 57.0, 297.0, 88.0, 341.0, 64.0, 527.0, 0.0, 425.0, 1000.0, 0.0, 1000.0, 0.0, 1000.0, 906.0, 999.0, 999.0, 999.0, 999.0, 210.0, 294.0, 0.0, 0.0], [], [0.1013031005859375, -0.129425048828125, -0.29962158203125, 0.939788818359375], [], [0.880706787109375, -0.290283203125, 0.2537078857421875, -0.275146484375]
71570, 72.11946105957031, [1000.0, 57.0, 298.0, 88.0, 342.0, 65.0, 524.0, 0.0, 424.0, 1000.0, 0.0, 1000.0, 0.0, 1000.0, 907.0, 999.0, 999.0, 999.0, 999.0, 211.0, 291.0, 0.0, 0.0], [], [0.1010894775390625, -0.1294708251953125, -0.2998809814453125, 0.9397125244140625], [], [0.8803253173828125, -0.2910003662109375, 0.2542724609375, -0.27508544921875]
71580, 72.12924194335938, [1000.0, 58.0, 298.0, 88.0, 342.0, 64.0, 525.0, 0.0, 424.0, 1000.0, 0.0, 1000.0, 0.0, 1000.0, 904.0, 999.0, 999.0, 999.0, 999.0, 210.0, 294.0, 0.0, 0.0], [], [0.100830078125, -0.129608154296875, -0.300018310546875, 0.9396820068359375], [], [0.8802032470703125, -0.2913665771484375, 0.254058837890625, -0.2752532958984375]
71590, 72.13920593261719, [1000.0, 58.0, 298.0, 88.0, 342.0, 64.0, 527.0, 0.0, 424.0, 1000.0, 0.0, 1000.0, 0.0, 1000.0, 906.0, 999.0, 999.0, 999.0, 999.0, 210.0, 294.0, 0.0, 0.0], [], [0.100555419921875, -0.1297607421875, -0.2998809814453125, 0.939727783203125], [], [0.8792572021484375, -0.2926483154296875, 0.256744384765625, -0.274444580078125]
71600, 72.14915466308594, [1000.0, 58.0, 297.0, 87.0, 342.0, 64.0, 525.0, 0.0, 422.0, 1000.0, 0.0, 1000.0, 0.0, 1000.0, 907.0, 999.0, 999.0, 999.0, 999.0, 211.0, 294.0, 0.0, 0.0], [], [0.10009765625, -0.129791259765625, -0.299468994140625, 0.939910888671875], [], [0.8792572021484375, -0.29290771484375, 0.2561798095703125, -0.274688720703125]
71610, 72.16594696044922, [1000.0, 57.0, 297.0, 88.0, 343.0, 64.0, 526.0, 0.0, 422.0, 1000.0, 0.0, 1000.0, 0.0, 1000.0, 904.0, 999.0, 999.0, 999.0, 999.0, 210.0, 293.0, 0.0, 0.0], [], [0.1001129150390625, -0.1296539306640625, -0.299285888671875, 0.9399871826171875], [], [0.8796539306640625, -0.2919921875, 0.2560577392578125, -0.2745361328125]
71620, 72.17009735107422, [1000.0, 57.0, 297.0, 87.0, 342.0, 64.0, 528.0, 0.0, 423.0, 1000.0, 0.0, 1000.0, 0.0, 1000.0, 906.0, 999.0, 999.0, 999.0, 999.0, 211.0, 295.0, 0.0, 0.0], [], [0.099822998046875, -0.1297454833984375, -0.298919677734375, 0.94012451171875], [], [0.879730224609375, -0.2918243408203125, 0.255950927734375, -0.274566650390625]
71630, 72.17926025390625, [1000.0, 57.0, 298.0, 88.0, 343.0, 64.0, 527.0, 0.0, 423.0, 1000.0, 0.0, 1000.0, 0.0, 1000.0, 902.0, 999.0, 999.0, 999.0, 999.0, 210.0, 296.0, 0.0, 0.0], [], [0.0996246337890625, -0.129638671875, -0.298828125, 0.940185546875], [], [0.879150390625, -0.293182373046875, 0.256378173828125, -0.2745819091796875]
71640, 72.18937683105469, [1000.0, 57.0, 298.0, 88.0, 341.0, 64.0, 525.0, 0.0, 422.0, 1000.0, 0.0, 1000.0, 0.0, 1000.0, 904.0, 999.0, 999.0, 999.0, 999.0, 210.0, 297.0, 0.0, 0.0], [], [0.099456787109375, -0.1293487548828125, -0.298614501953125, 0.9403076171875], [], [0.8788299560546875, -0.293609619140625, 0.2573699951171875, -0.2742156982421875]
71650, 72.1991958618164, [1000.0, 57.0, 298.0, 88.0, 341.0, 64.0, 524.0, 0.0, 422.0, 1000.0, 0.0, 1000.0, 0.0, 1000.0, 900.0, 999.0, 999.0, 999.0, 999.0, 210.0, 297.0, 0.0, 0.0], [], [0.0993804931640625, -0.1288909912109375, -0.298370361328125, 0.940460205078125], [], [0.87908935546875, -0.2921905517578125, 0.25909423828125, -0.27325439453125]
71660, 72.20918273925781, [1000.0, 57.0, 298.0, 88.0, 342.0, 64.0, 525.0, 0.0, 422.0, 1000.0, 0.0, 1000.0, 0.0, 1000.0, 902.0, 999.0, 999.0, 999.0, 999.0, 211.0, 297.0, 0.0, 0.0], [], [0.0993804931640625, -0.1282501220703125, -0.2982025146484375, 0.9405975341796875], [], [0.8780364990234375, -0.295074462890625, 0.25860595703125, -0.2740020751953125]
71670, 72.21903991699219, [1000.0, 57.0, 298.0, 88.0, 343.0, 64.0, 524.0, 0.0, 423.0, 1000.0, 0.0, 1000.0, 0.0, 1000.0, 898.0, 999.0, 999.0, 999.0, 999.0, 211.0, 295.0, 0.0, 0.0], [], [0.099273681640625, -0.12799072265625, -0.2980194091796875, 0.940704345703125], [], [0.878021240234375, -0.2950897216796875, 0.2585601806640625, -0.2740936279296875]
71680, 72.2291488647461, [1000.0, 57.0, 297.0, 88.0, 342.0, 64.0, 523.0, 0.0, 421.0, 1000.0, 0.0, 1000.0, 0.0, 1000.0, 900.0, 999.0, 999.0, 999.0, 999.0, 212.0, 296.0, 0.0, 0.0], [], [0.0992584228515625, -0.1275482177734375, -0.297943115234375, 0.9407958984375], [], [0.8780517578125, -0.2949066162109375, 0.258544921875, -0.274169921875]
71690, 72.23925018310547, [1000.0, 57.0, 296.0, 87.0, 342.0, 64.0, 524.0, 0.0, 421.0, 1000.0, 0.0, 1000.0, 0.0, 1000.0, 898.0, 999.0, 999.0, 999.0, 999.0, 211.0, 295.0, 0.0, 0.0], [], [0.09912109375, -0.1274566650390625, -0.297943115234375, 0.940826416015625], [], [0.878143310546875, -0.294647216796875, 0.25848388671875, -0.2742156982421875]
71700, 72.24910736083984, [1000.0, 57.0, 296.0, 87.0, 340.0, 64.0, 524.0, 0.0, 422.0, 1000.0, 0.0, 1000.0, 0.0, 1000.0, 901.0, 999.0, 999.0, 999.0, 999.0, 209.0, 295.0, 0.0, 0.0], [], [0.098876953125, -0.1276092529296875, -0.297821044921875, 0.94085693359375], [], [0.878204345703125, -0.294525146484375, 0.258392333984375, -0.2742767333984375]
71710, 72.25959014892578, [1000.0, 57.0, 297.0, 87.0, 339.0, 64.0, 524.0, 0.0, 422.0, 1000.0, 0.0, 1000.0, 0.0, 1000.0, 899.0, 999.0, 999.0, 999.0, 999.0, 210.0, 297.0, 0.0, 0.0], [], [0.0985565185546875, -0.12811279296875, -0.2977447509765625, 0.94085693359375], [], [0.8782501220703125, -0.2943115234375, 0.2584686279296875, -0.274261474609375]
71720, 72.27313232421875, [1000.0, 57.0, 296.0, 87.0, 339.0, 63.0, 524.0, 0.0, 421.0, 1000.0, 0.0, 1000.0, 0.0, 1000.0, 900.0, 999.0, 999.0, 999.0, 999.0, 210.0, 296.0, 0.0, 0.0], [], [0.098236083984375, -0.1284942626953125, -0.297576904296875, 0.940887451171875], [], [0.8783416748046875, -0.2940673828125, 0.258392333984375, -0.2742919921875]
71730, 72.27903747558594, [1000.0, 57.0, 296.0, 87.0, 341.0, 63.0, 525.0, 0.0, 419.0, 1000.0, 0.0, 1000.0, 0.0, 1000.0, 895.0, 999.0, 999.0, 999.0, 999.0, 210.0, 295.0, 0.0, 0.0], [], [0.0979461669921875, -0.128753662109375, -0.2969512939453125, 0.941070556640625], [], [0.8785552978515625, -0.293701171875, 0.2579803466796875, -0.2743988037109375]
71740, 72.28926849365234, [1000.0, 57.0, 297.0, 88.0, 341.0, 63.0, 525.0, 0.0, 419.0, 1000.0, 0.0, 1000.0, 0.0, 1000.0, 897.0, 999.0, 999.0, 999.0, 999.0, 210.0, 294.0, 0.0, 0.0], [], [0.09765625, -0.1291961669921875, -0.2967376708984375, 0.9411163330078125], [], [0.878692626953125, -0.2934722900390625, 0.2577056884765625, -0.274444580078125]
71750, 72.29914855957031, [1000.0, 57.0, 296.0, 88.0, 342.0, 63.0, 524.0, 0.0, 419.0, 1000.0, 0.0, 1000.0, 0.0, 1000.0, 896.0, 999.0, 999.0, 999.0, 999.0, 210.0, 293.0, 0.0, 0.0], [], [0.09735107421875, -0.1295928955078125, -0.2963104248046875, 0.94122314453125], [], [0.8786163330078125, -0.2938232421875, 0.2574462890625, -0.2745819091796875]
71760, 72.3093490600586, [1000.0, 57.0, 297.0, 88.0, 341.0, 63.0, 523.0, 0.0, 420.0, 1000.0, 0.0, 1000.0, 0.0, 1000.0, 900.0, 999.0, 999.0, 999.0, 999.0, 210.0, 295.0, 0.0, 0.0], [], [0.097137451171875, -0.1297760009765625, -0.2959136962890625, 0.94134521484375], [], [0.8786468505859375, -0.2937469482421875, 0.2574615478515625, -0.2745819091796875]
71770, 72.31918334960938, [1000.0, 57.0, 297.0, 88.0, 340.0, 63.0, 523.0, 0.0, 420.0, 1000.0, 0.0, 1000.0, 0.0, 1000.0, 900.0, 999.0, 999.0, 999.0, 999.0, 210.0, 291.0, 0.0, 0.0], [], [0.0970306396484375, -0.1297760009765625, -0.296051025390625, 0.941314697265625], [], [0.8785552978515625, -0.29388427734375, 0.25750732421875, -0.2746429443359375]
71780, 72.32926940917969, [1000.0, 57.0, 297.0, 88.0, 341.0, 63.0, 522.0, 0.0, 420.0, 1000.0, 0.0, 1000.0, 0.0, 1000.0, 901.0, 999.0, 999.0, 999.0, 999.0, 210.0, 291.0, 0.0, 0.0], [], [0.096923828125, -0.129791259765625, -0.2961578369140625, 0.9412994384765625], [], [0.8784942626953125, -0.2938079833984375, 0.2579498291015625, -0.274505615234375]
71790, 72.33931732177734, [1000.0, 57.0, 296.0, 88.0, 341.0, 63.0, 523.0, 0.0, 420.0, 1000.0, 0.0, 1000.0, 0.0, 1000.0, 900.0, 999.0, 999.0, 999.0, 999.0, 210.0, 295.0, 0.0, 0.0], [], [0.0968475341796875, -0.1297607421875, -0.29620361328125, 0.9412841796875], [], [0.8787384033203125, -0.2932586669921875, 0.2576904296875, -0.2745513916015625]
71800, 72.34950256347656, [1000.0, 57.0, 297.0, 87.0, 341.0, 63.0, 523.0, 0.0, 420.0, 1000.0, 0.0, 1000.0, 0.0, 1000.0, 900.0, 999.0, 999.0, 999.0, 999.0, 209.0, 298.0, 0.0, 0.0], [], [0.096771240234375, -0.1297149658203125, -0.296173095703125, 0.941314697265625], [], [0.8787078857421875, -0.293365478515625, 0.25762939453125, -0.2746124267578125]
71810, 72.35933685302734, [1000.0, 57.0, 297.0, 87.0, 341.0, 63.0, 523.0, 0.0, 420.0, 1000.0, 0.0, 1000.0, 0.0, 1000.0, 900.0, 999.0, 999.0, 999.0, 999.0, 209.0, 298.0, 0.0, 0.0], [], [0.096771240234375, -0.1297149658203125, -0.296173095703125, 0.941314697265625], [], [0.8789520263671875, -0.29290771484375, 0.2571563720703125, -0.274749755859375]
71820, 72.36934661865234, [1000.0, 57.0, 297.0, 87.0, 341.0, 63.0, 523.0, 0.0, 419.0, 1000.0, 0.0, 1000.0, 0.0, 1000.0, 900.0, 999.0, 999.0, 999.0, 999.0, 210.0, 296.0, 0.0, 0.0], [], [0.0965576171875, -0.12957763671875, -0.295928955078125, 0.941436767578125], [], [0.8791351318359375, -0.2922821044921875, 0.2573699951171875, -0.2746429443359375]
71830, 72.38041687011719, [1000.0, 57.0, 296.0, 87.0, 341.0, 62.0, 522.0, 0.0, 419.0, 1000.0, 0.0, 1000.0, 0.0, 1000.0, 900.0, 999.0, 999.0, 999.0, 999.0, 209.0, 296.0, 0.0, 0.0], [], [0.0964813232421875, -0.1294403076171875, -0.2958831787109375, 0.94146728515625], [], [0.879302978515625, -0.29180908203125, 0.2573394775390625, -0.2746429443359375]
71840, 72.38920593261719, [1000.0, 57.0, 296.0, 87.0, 341.0, 62.0, 521.0, 0.0, 419.0, 1000.0, 0.0, 1000.0, 0.0, 1000.0, 898.0, 999.0, 998.0, 999.0, 999.0, 210.0, 295.0, 0.0, 0.0], [], [0.096405029296875, -0.129302978515625, -0.29583740234375, 0.9415130615234375], [], [0.879669189453125, -0.2910308837890625, 0.256866455078125, -0.274749755859375]
71850, 72.39920806884766, [1000.0, 57.0, 296.0, 87.0, 342.0, 62.0, 522.0, 0.0, 419.0, 1000.0, 0.0, 1000.0, 0.0, 1000.0, 903.0, 999.0, 998.0, 999.0, 999.0, 209.0, 295.0, 0.0, 0.0], [], [0.0963287353515625, -0.1291961669921875, -0.295928955078125, 0.941497802734375], [], [0.8795623779296875, -0.2912139892578125, 0.256988525390625, -0.274749755859375]
71860, 72.4095687866211, [1000.0, 57.0, 296.0, 87.0, 342.0, 62.0, 522.0, 0.0, 419.0, 1000.0, 0.0, 1000.0, 0.0, 1000.0, 904.0, 999.0, 998.0, 999.0, 999.0, 210.0, 295.0, 0.0, 0.0], [], [0.0962371826171875, -0.12908935546875, -0.2960968017578125, 0.9414825439453125], [], [0.8801727294921875, -0.2901611328125, 0.255828857421875, -0.274993896484375]
71870, 72.41946411132812, [1000.0, 57.0, 296.0, 87.0, 342.0, 62.0, 523.0, 0.0, 420.0, 1000.0, 0.0, 1000.0, 0.0, 1000.0, 906.0, 999.0, 999.0, 999.0, 999.0, 210.0, 295.0, 0.0, 0.0], [], [0.0960845947265625, -0.12890625, -0.296539306640625, 0.941375732421875], [], [0.8798370361328125, -0.2909393310546875, 0.256134033203125, -0.2749786376953125]
71880, 72.43651580810547, [1000.0, 57.0, 297.0, 87.0, 341.0, 62.0, 523.0, 0.0, 420.0, 1000.0, 0.0, 1000.0, 0.0, 1000.0, 907.0, 999.0, 999.0, 999.0, 999.0, 211.0, 296.0, 0.0, 0.0], [], [0.0960235595703125, -0.128814697265625, -0.2967529296875, 0.9413299560546875], [], [0.879486083984375, -0.291961669921875, 0.2559356689453125, -0.2751922607421875]
71890, 72.4404296875, [1000.0, 57.0, 297.0, 87.0, 341.0, 62.0, 523.0, 0.0, 420.0, 1000.0, 0.0, 1000.0, 0.0, 1000.0, 904.0, 999.0, 999.0, 999.0, 999.0, 210.0, 298.0, 0.0, 0.0], [], [0.0960540771484375, -0.1287078857421875, -0.2968292236328125, 0.941314697265625], [], [0.8795013427734375, -0.2920074462890625, 0.2558441162109375, -0.275177001953125]
71900, 72.44921112060547, [1000.0, 57.0, 297.0, 87.0, 342.0, 62.0, 523.0, 0.0, 419.0, 1000.0, 0.0, 1000.0, 0.0, 1000.0, 905.0, 999.0, 999.0, 999.0, 999.0, 210.0, 297.0, 0.0, 0.0], [], [0.0958251953125, -0.1286163330078125, -0.297027587890625, 0.9412841796875], [], [0.8789825439453125, -0.2931976318359375, 0.25628662109375, -0.275177001953125]
71910, 72.45927429199219, [1000.0, 57.0, 296.0, 87.0, 342.0, 62.0, 522.0, 0.0, 418.0, 1000.0, 0.0, 1000.0, 0.0, 1000.0, 905.0, 999.0, 999.0, 999.0, 999.0, 210.0, 297.0, 0.0, 0.0], [], [0.0957489013671875, -0.128509521484375, -0.297149658203125, 0.9412689208984375], [], [0.87835693359375, -0.29449462890625, 0.2572174072265625, -0.274932861328125]
71920, 72.4691390991211, [1000.0, 57.0, 294.0, 87.0, 342.0, 62.0, 522.0, 0.0, 419.0, 1000.0, 0.0, 1000.0, 0.0, 1000.0, 907.0, 999.0, 999.0, 999.0, 999.0, 209.0, 296.0, 0.0, 0.0], [], [0.0958404541015625, -0.1282958984375, -0.29730224609375, 0.9412384033203125], [], [0.8783111572265625, -0.2945556640625, 0.257415771484375, -0.2747802734375]
71930, 72.4791488647461, [1000.0, 57.0, 294.0, 87.0, 342.0, 62.0, 521.0, 0.0, 419.0, 1000.0, 0.0, 1000.0, 0.0, 1000.0, 905.0, 999.0, 999.0, 999.0, 999.0, 209.0, 297.0, 0.0, 0.0], [], [0.0958404541015625, -0.128021240234375, -0.297393798828125, 0.941253662109375], [], [0.8786163330078125, -0.29449462890625, 0.255828857421875, -0.2753753662109375]
71940, 72.4894027709961, [1000.0, 57.0, 296.0, 87.0, 341.0, 62.0, 521.0, 0.0, 419.0, 1000.0, 0.0, 1000.0, 0.0, 1000.0, 906.0, 999.0, 998.0, 999.0, 999.0, 210.0, 296.0, 0.0, 0.0], [], [0.0958709716796875, -0.1276397705078125, -0.2974700927734375, 0.9412841796875], [], [0.878570556640625, -0.29449462890625, 0.256103515625, -0.2752838134765625]
71950, 72.49910736083984, [1000.0, 57.0, 296.0, 87.0, 341.0, 62.0, 521.0, 0.0, 417.0, 1000.0, 0.0, 1000.0, 0.0, 1000.0, 904.0, 999.0, 999.0, 999.0, 999.0, 211.0, 295.0, 0.0, 0.0], [], [0.09588623046875, -0.1273651123046875, -0.2975311279296875, 0.9412994384765625], [], [0.8800048828125, -0.2913055419921875, 0.254974365234375, -0.275146484375]
71960, 72.50930786132812, [1000.0, 56.0, 297.0, 87.0, 341.0, 62.0, 522.0, 0.0, 417.0, 1000.0, 0.0, 1000.0, 0.0, 1000.0, 906.0, 999.0, 999.0, 999.0, 999.0, 210.0, 295.0, 0.0, 0.0], [], [0.09588623046875, -0.127105712890625, -0.29779052734375, 0.941253662109375], [], [0.8809967041015625, -0.288665771484375, 0.2550506591796875, -0.2746429443359375]
71970, 72.51908874511719, [1000.0, 57.0, 297.0, 87.0, 340.0, 62.0, 523.0, 0.0, 418.0, 1000.0, 0.0, 1000.0, 0.0, 1000.0, 903.0, 999.0, 999.0, 999.0, 999.0, 210.0, 295.0, 0.0, 0.0], [], [0.09588623046875, -0.126953125, -0.298065185546875, 0.9411773681640625], [], [0.881591796875, -0.2877349853515625, 0.2538299560546875, -0.2748870849609375]
71980, 72.5291519165039, [1000.0, 57.0, 297.0, 87.0, 340.0, 61.0, 522.0, 0.0, 418.0, 1000.0, 0.0, 1000.0, 0.0, 1000.0, 901.0, 999.0, 999.0, 999.0, 999.0, 209.0, 295.0, 0.0, 0.0], [], [0.0958099365234375, -0.1270751953125, -0.298309326171875, 0.94110107421875], [], [0.8815765380859375, -0.2877044677734375, 0.2539215087890625, -0.274871826171875]
71990, 72.54444122314453, [1000.0, 57.0, 296.0, 87.0, 341.0, 62.0, 521.0, 0.0, 418.0, 1000.0, 0.0, 1000.0, 0.0, 1000.0, 896.0, 999.0, 999.0, 999.0, 999.0, 210.0, 294.0, 0.0, 0.0], [], [0.0957489013671875, -0.1270904541015625, -0.2982940673828125, 0.94110107421875], [], [0.8822021484375, -0.2866058349609375, 0.252593994140625, -0.2752532958984375]
72000, 72.54899597167969, [1000.0, 57.0, 296.0, 87.0, 340.0, 62.0, 521.0, 0.0, 418.0, 1000.0, 0.0, 1000.0, 0.0, 1000.0, 896.0, 999.0, 999.0, 999.0, 999.0, 210.0, 294.0, 0.0, 0.0], [], [0.0956573486328125, -0.127105712890625, -0.2980804443359375, 0.9411773681640625], [], [0.8815155029296875, -0.2872314453125, 0.255035400390625, -0.2744903564453125]
72010, 72.55914306640625, [1000.0, 57.0, 296.0, 87.0, 341.0, 62.0, 522.0, 0.0, 415.0, 1000.0, 0.0, 1000.0, 0.0, 1000.0, 893.0, 999.0, 999.0, 999.0, 999.0, 210.0, 295.0, 0.0, 0.0], [], [0.0955657958984375, -0.1272125244140625, -0.2977294921875, 0.9412841796875], [], [0.88153076171875, -0.287841796875, 0.2534027099609375, -0.27532958984375]
72020, 72.56908416748047, [1000.0, 57.0, 297.0, 86.0, 340.0, 62.0, 522.0, 0.0, 414.0, 1000.0, 0.0, 1000.0, 0.0, 1000.0, 898.0, 999.0, 999.0, 999.0, 999.0, 210.0, 296.0, 0.0, 0.0], [], [0.0954437255859375, -0.127288818359375, -0.2971649169921875, 0.94146728515625], [], [0.88116455078125, -0.2882843017578125, 0.2544403076171875, -0.2751007080078125]
72030, 72.5792007446289, [1000.0, 57.0, 297.0, 86.0, 340.0, 61.0, 522.0, 0.0, 416.0, 1000.0, 0.0, 1000.0, 0.0, 1000.0, 896.0, 999.0, 999.0, 999.0, 999.0, 209.0, 295.0, 0.0, 0.0], [], [0.0953216552734375, -0.12738037109375, -0.2965087890625, 0.9416656494140625], [], [0.8809051513671875, -0.2891998291015625, 0.25390625, -0.275482177734375]
72040, 72.58946228027344, [1000.0, 57.0, 296.0, 86.0, 340.0, 61.0, 521.0, 0.0, 416.0, 1000.0, 0.0, 1000.0, 0.0, 1000.0, 899.0, 999.0, 999.0, 999.0, 999.0, 209.0, 293.0, 0.0, 0.0], [], [0.0951690673828125, -0.12738037109375, -0.29571533203125, 0.9419403076171875], [], [0.8804931640625, -0.2901763916015625, 0.254180908203125, -0.2754669189453125]
72050, 72.59923553466797, [1000.0, 57.0, 295.0, 87.0, 339.0, 61.0, 521.0, 0.0, 416.0, 1000.0, 0.0, 1000.0, 0.0, 1000.0, 896.0, 999.0, 999.0, 999.0, 999.0, 210.0, 293.0, 0.0, 0.0], [], [0.0950927734375, -0.12725830078125, -0.2949981689453125, 0.9421844482421875], [], [0.880096435546875, -0.291778564453125, 0.2529449462890625, -0.27618408203125]
72060, 72.6094741821289, [1000.0, 57.0, 296.0, 86.0, 339.0, 61.0, 521.0, 0.0, 415.0, 1000.0, 0.0, 1000.0, 0.0, 1000.0, 899.0, 999.0, 999.0, 999.0, 999.0, 209.0, 294.0, 0.0, 0.0], [], [0.0949859619140625, -0.127105712890625, -0.2944488525390625, 0.9423980712890625], [], [0.8809967041015625, -0.290252685546875, 0.251068115234375, -0.27667236328125]
72070, 72.61931610107422, [1000.0, 57.0, 297.0, 86.0, 340.0, 61.0, 521.0, 0.0, 415.0, 1000.0, 0.0, 1000.0, 0.0, 1000.0, 895.0, 999.0, 999.0, 999.0, 999.0, 208.0, 295.0, 0.0, 0.0], [], [0.09490966796875, -0.1269378662109375, -0.294189453125, 0.9425048828125], [], [0.88055419921875, -0.290069580078125, 0.254119873046875, -0.2754669189453125]
72080, 72.62934112548828, [1000.0, 57.0, 296.0, 86.0, 339.0, 61.0, 521.0, 0.0, 415.0, 1000.0, 0.0, 1000.0, 0.0, 1000.0, 897.0, 999.0, 997.0, 999.0, 999.0, 209.0, 295.0, 0.0, 0.0], [], [0.09490966796875, -0.1265106201171875, -0.294036865234375, 0.9426116943359375], [], [0.8815765380859375, -0.2882537841796875, 0.2522735595703125, -0.275787353515625]
72090, 72.63935089111328, [1000.0, 57.0, 296.0, 86.0, 339.0, 61.0, 521.0, 0.0, 415.0, 1000.0, 0.0, 1000.0, 0.0, 1000.0, 897.0, 999.0, 997.0, 999.0, 999.0, 209.0, 295.0, 0.0, 0.0], [], [0.09490966796875, -0.1265106201171875, -0.294036865234375, 0.9426116943359375], [], [0.882049560546875, -0.2867431640625, 0.252960205078125, -0.27520751953125]
72100, 72.64936828613281, [1000.0, 57.0, 295.0, 86.0, 340.0, 61.0, 520.0, 0.0, 414.0, 1000.0, 0.0, 1000.0, 0.0, 1000.0, 899.0, 999.0, 999.0, 999.0, 999.0, 208.0, 294.0, 0.0, 0.0], [], [0.094573974609375, -0.12640380859375, -0.2943572998046875, 0.9425506591796875], [], [0.88189697265625, -0.286712646484375, 0.2541656494140625, -0.274658203125]
72110, 72.6592788696289, [1000.0, 57.0, 296.0, 86.0, 339.0, 61.0, 521.0, 0.0, 415.0, 1000.0, 0.0, 1000.0, 0.0, 1000.0, 896.0, 999.0, 999.0, 999.0, 999.0, 209.0, 293.0, 0.0, 0.0], [], [0.094390869140625, -0.1264801025390625, -0.2946319580078125, 0.942474365234375], [], [0.880706787109375, -0.2885589599609375, 0.257110595703125, -0.2737884521484375]
72120, 72.66921997070312, [1000.0, 57.0, 295.0, 86.0, 339.0, 61.0, 521.0, 0.0, 415.0, 1000.0, 0.0, 1000.0, 0.0, 1000.0, 899.0, 999.0, 999.0, 999.0, 999.0, 209.0, 293.0, 0.0, 0.0], [], [0.09417724609375, -0.1266021728515625, -0.294921875, 0.9423980712890625], [], [0.87982177734375, -0.2905426025390625, 0.2579345703125, -0.27374267578125]
72130, 72.67919158935547, [1000.0, 57.0, 294.0, 86.0, 339.0, 61.0, 521.0, 0.0, 415.0, 1000.0, 0.0, 1000.0, 0.0, 1000.0, 897.0, 999.0, 999.0, 999.0, 999.0, 209.0, 294.0, 0.0, 0.0], [], [0.0939483642578125, -0.1268768310546875, -0.2952423095703125, 0.9422760009765625], [], [0.88043212890625, -0.28985595703125, 0.2561187744140625, -0.2742462158203125]
72140, 72.6891098022461, [1000.0, 57.0, 295.0, 86.0, 340.0, 61.0, 521.0, 0.0, 414.0, 1000.0, 0.0, 1000.0, 0.0, 1000.0, 900.0, 999.0, 999.0, 999.0, 999.0, 209.0, 291.0, 0.0, 0.0], [], [0.0937347412109375, -0.127227783203125, -0.29595947265625, 0.9420318603515625], [], [0.879364013671875, -0.2916717529296875, 0.25836181640625, -0.27362060546875]
72150, 72.70634460449219, [1000.0, 57.0, 295.0, 86.0, 339.0, 61.0, 520.0, 0.0, 414.0, 1000.0, 0.0, 1000.0, 0.0, 1000.0, 897.0, 999.0, 999.0, 999.0, 999.0, 209.0, 291.0, 0.0, 0.0], [], [0.093475341796875, -0.12762451171875, -0.2963409423828125, 0.9418792724609375], [], [0.87933349609375, -0.2925872802734375, 0.2565765380859375, -0.2744293212890625]
72160, 72.70914459228516, [1000.0, 57.0, 295.0, 86.0, 339.0, 61.0, 520.0, 0.0, 413.0, 1000.0, 0.0, 1000.0, 0.0, 1000.0, 900.0, 999.0, 999.0, 999.0, 999.0, 209.0, 293.0, 0.0, 0.0], [], [0.09326171875, -0.127838134765625, -0.2965240478515625, 0.9418182373046875], [], [0.87908935546875, -0.29345703125, 0.256103515625, -0.2747344970703125]
72170, 72.7190933227539, [1000.0, 57.0, 297.0, 86.0, 339.0, 61.0, 520.0, 0.0, 412.0, 1000.0, 0.0, 1000.0, 0.0, 1000.0, 900.0, 999.0, 999.0, 999.0, 999.0, 208.0, 294.0, 0.0, 0.0], [], [0.093017578125, -0.1281585693359375, -0.296722412109375, 0.9417266845703125], [], [0.879119873046875, -0.293426513671875, 0.255950927734375, -0.2747802734375]
72180, 72.72919464111328, [1000.0, 57.0, 296.0, 86.0, 339.0, 61.0, 521.0, 0.0, 414.0, 1000.0, 0.0, 1000.0, 0.0, 1000.0, 902.0, 999.0, 999.0, 999.0, 999.0, 209.0, 294.0, 0.0, 0.0], [], [0.09271240234375, -0.1284637451171875, -0.2977142333984375, 0.94140625], [], [0.879180908203125, -0.2933197021484375, 0.2558135986328125, -0.2748565673828125]
72190, 72.7392578125, [1000.0, 57.0, 297.0, 86.0, 341.0, 61.0, 521.0, 0.0, 413.0, 1000.0, 0.0, 1000.0, 0.0, 1000.0, 903.0, 999.0, 999.0, 999.0, 999.0, 209.0, 291.0, 0.0, 0.0], [], [0.092742919921875, -0.1284637451171875, -0.298065185546875, 0.9412994384765625], [], [0.879241943359375, -0.293243408203125, 0.2555999755859375, -0.2749176025390625]
72200, 72.74909973144531, [1000.0, 57.0, 298.0, 86.0, 339.0, 61.0, 521.0, 0.0, 414.0, 1000.0, 0.0, 1000.0, 0.0, 1000.0, 902.0, 999.0, 999.0, 999.0, 999.0, 208.0, 295.0, 0.0, 0.0], [], [0.0927886962890625, -0.1280059814453125, -0.298370361328125, 0.941253662109375], [], [0.8792877197265625, -0.2931671142578125, 0.25543212890625, -0.2750091552734375]
72210, 72.76062774658203, [1000.0, 57.0, 298.0, 86.0, 340.0, 61.0, 521.0, 0.0, 414.0, 1000.0, 0.0, 1000.0, 0.0, 1000.0, 902.0, 999.0, 999.0, 999.0, 999.0, 209.0, 296.0, 0.0, 0.0], [], [0.0927886962890625, -0.127655029296875, -0.2983245849609375, 0.941314697265625], [], [0.8794403076171875, -0.2927703857421875, 0.255218505859375, -0.2751312255859375]
72220, 72.76947784423828, [1000.0, 57.0, 298.0, 86.0, 340.0, 61.0, 521.0, 0.0, 414.0, 1000.0, 0.0, 1000.0, 0.0, 1000.0, 904.0, 999.0, 999.0, 999.0, 999.0, 209.0, 296.0, 0.0, 0.0], [], [0.092864990234375, -0.1269378662109375, -0.298004150390625, 0.941497802734375], [], [0.8795013427734375, -0.292572021484375, 0.2551727294921875, -0.27520751953125]
72230, 72.77936553955078, [1000.0, 57.0, 296.0, 86.0, 341.0, 60.0, 521.0, 0.0, 413.0, 1000.0, 0.0, 1000.0, 0.0, 1000.0, 903.0, 999.0, 999.0, 999.0, 999.0, 209.0, 296.0, 0.0, 0.0], [], [0.092864990234375, -0.12646484375, -0.2971954345703125, 0.9418182373046875], [], [0.87957763671875, -0.292205810546875, 0.255462646484375, -0.27508544921875]
72240, 72.78924560546875, [1000.0, 57.0, 296.0, 86.0, 339.0, 61.0, 521.0, 0.0, 414.0, 1000.0, 0.0, 1000.0, 0.0, 1000.0, 902.0, 999.0, 999.0, 999.0, 999.0, 209.0, 295.0, 0.0, 0.0], [], [0.0928955078125, -0.1260528564453125, -0.297027587890625, 0.941925048828125], [], [0.8796844482421875, -0.2919464111328125, 0.2553863525390625, -0.2750701904296875]
72250, 72.79924774169922, [1000.0, 57.0, 296.0, 86.0, 338.0, 61.0, 520.0, 0.0, 414.0, 1000.0, 0.0, 1000.0, 0.0, 1000.0, 902.0, 999.0, 999.0, 999.0, 999.0, 209.0, 294.0, 0.0, 0.0], [], [0.0927886962890625, -0.1261444091796875, -0.296905517578125, 0.9419708251953125], [], [0.8797607421875, -0.2919464111328125, 0.255035400390625, -0.275177001953125]
72260, 72.81631469726562, [1000.0, 57.0, 296.0, 86.0, 339.0, 60.0, 519.0, 0.0, 414.0, 1000.0, 0.0, 1000.0, 0.0, 1000.0, 905.0, 999.0, 999.0, 999.0, 999.0, 209.0, 291.0, 0.0, 0.0], [], [0.092620849609375, -0.126251220703125, -0.2965545654296875, 0.94207763671875], [], [0.87994384765625, -0.291656494140625, 0.2544708251953125, -0.275390625]
72270, 72.8190689086914, [1000.0, 57.0, 296.0, 86.0, 339.0, 60.0, 519.0, 0.0, 415.0, 1000.0, 0.0, 1000.0, 0.0, 1000.0, 906.0, 999.0, 999.0, 999.0, 999.0, 209.0, 295.0, 0.0, 0.0], [], [0.0925445556640625, -0.126251220703125, -0.2965240478515625, 0.9420928955078125], [], [0.880340576171875, -0.290802001953125, 0.2540130615234375, -0.27545166015625]
72280, 72.8292236328125, [1000.0, 57.0, 296.0, 86.0, 339.0, 60.0, 519.0, 0.0, 416.0, 1000.0, 0.0, 1000.0, 0.0, 1000.0, 906.0, 999.0, 999.0, 999.0, 999.0, 208.0, 296.0, 0.0, 0.0], [], [0.09246826171875, -0.1262359619140625, -0.29644775390625, 0.942138671875], [], [0.8805694580078125, -0.2904815673828125, 0.253326416015625, -0.275726318359375]
72290, 72.83920288085938, [1000.0, 57.0, 296.0, 86.0, 339.0, 60.0, 521.0, 0.0, 416.0, 1000.0, 0.0, 1000.0, 0.0, 1000.0, 903.0, 999.0, 999.0, 999.0, 999.0, 208.0, 298.0, 0.0, 0.0], [], [0.0923614501953125, -0.1262359619140625, -0.296356201171875, 0.942169189453125], [], [0.88055419921875, -0.2906036376953125, 0.252899169921875, -0.2760009765625]
72300, 72.84925079345703, [1000.0, 57.0, 296.0, 86.0, 340.0, 60.0, 521.0, 0.0, 416.0, 1000.0, 0.0, 1000.0, 0.0, 1000.0, 903.0, 999.0, 999.0, 999.0, 999.0, 208.0, 297.0, 0.0, 0.0], [], [0.0922698974609375, -0.1262054443359375, -0.2962646484375, 0.9422149658203125], [], [0.881011962890625, -0.28955078125, 0.252655029296875, -0.27587890625]
72310, 72.85922241210938, [1000.0, 57.0, 296.0, 86.0, 340.0, 60.0, 521.0, 0.0, 416.0, 1000.0, 0.0, 1000.0, 0.0, 1000.0, 900.0, 999.0, 999.0, 999.0, 999.0, 208.0, 296.0, 0.0, 0.0], [], [0.0921630859375, -0.126220703125, -0.29620361328125, 0.9422454833984375], [], [0.88116455078125, -0.289337158203125, 0.2523193359375, -0.2759246826171875]
72320, 72.86905670166016, [1000.0, 57.0, 295.0, 86.0, 341.0, 60.0, 521.0, 0.0, 416.0, 1000.0, 0.0, 1000.0, 0.0, 1000.0, 902.0, 999.0, 999.0, 998.0, 999.0, 209.0, 295.0, 0.0, 0.0], [], [0.092010498046875, -0.1262054443359375, -0.2961883544921875, 0.9422607421875], [], [0.88153076171875, -0.2889556884765625, 0.2510986328125, -0.276275634765625]
72330, 72.87922668457031, [1000.0, 57.0, 293.0, 86.0, 341.0, 60.0, 521.0, 0.0, 415.0, 1000.0, 0.0, 1000.0, 0.0, 1000.0, 899.0, 999.0, 999.0, 998.0, 999.0, 208.0, 294.0, 0.0, 0.0], [], [0.0918731689453125, -0.126190185546875, -0.29620361328125, 0.9422760009765625], [], [0.881805419921875, -0.2884674072265625, 0.2506256103515625, -0.276336669921875]
72340, 72.88921356201172, [1000.0, 57.0, 295.0, 86.0, 340.0, 60.0, 521.0, 0.0, 416.0, 1000.0, 0.0, 1000.0, 0.0, 1000.0, 902.0, 999.0, 999.0, 998.0, 999.0, 209.0, 295.0, 0.0, 0.0], [], [0.091705322265625, -0.12615966796875, -0.2961578369140625, 0.9423065185546875], [], [0.881622314453125, -0.28887939453125, 0.2508697509765625, -0.2762908935546875]
72350, 72.89924621582031, [1000.0, 57.0, 295.0, 86.0, 339.0, 60.0, 521.0, 0.0, 416.0, 1000.0, 0.0, 1000.0, 0.0, 1000.0, 898.0, 999.0, 999.0, 999.0, 999.0, 209.0, 295.0, 0.0, 0.0], [], [0.091522216796875, -0.1260986328125, -0.2960968017578125, 0.942352294921875], [], [0.88153076171875, -0.2887725830078125, 0.2517547607421875, -0.2758941650390625]
72360, 72.90940856933594, [1000.0, 57.0, 295.0, 86.0, 341.0, 60.0, 521.0, 0.0, 415.0, 1000.0, 0.0, 1000.0, 0.0, 1000.0, 900.0, 999.0, 999.0, 999.0, 999.0, 208.0, 293.0, 0.0, 0.0], [], [0.091339111328125, -0.12603759765625, -0.2960205078125, 0.9423980712890625], [], [0.88128662109375, -0.289337158203125, 0.252044677734375, -0.275787353515625]
72370, 72.92162322998047, [1000.0, 57.0, 296.0, 86.0, 341.0, 60.0, 522.0, 0.0, 413.0, 1000.0, 0.0, 1000.0, 0.0, 1000.0, 899.0, 999.0, 999.0, 999.0, 999.0, 207.0, 293.0, 0.0, 0.0], [], [0.0911407470703125, -0.1260528564453125, -0.2958831787109375, 0.9424591064453125], [], [0.881103515625, -0.2895660400390625, 0.2527923583984375, -0.2754669189453125]
72380, 72.9294662475586, [1000.0, 57.0, 296.0, 86.0, 341.0, 60.0, 521.0, 0.0, 413.0, 1000.0, 0.0, 1000.0, 0.0, 1000.0, 901.0, 999.0, 999.0, 999.0, 999.0, 208.0, 295.0, 0.0, 0.0], [], [0.0909576416015625, -0.1260223388671875, -0.2957763671875, 0.9425201416015625], [], [0.8807830810546875, -0.2901763916015625, 0.2533721923828125, -0.2753143310546875]
72390, 72.93925476074219, [1000.0, 57.0, 295.0, 86.0, 340.0, 60.0, 521.0, 0.0, 413.0, 1000.0, 0.0, 1000.0, 0.0, 1000.0, 898.0, 999.0, 999.0, 999.0, 999.0, 208.0, 293.0, 0.0, 0.0], [], [0.0906982421875, -0.1260833740234375, -0.2956085205078125, 0.9425811767578125], [], [0.881103515625, -0.28948974609375, 0.253021240234375, -0.2753448486328125]
72400, 72.9492416381836, [1000.0, 57.0, 295.0, 86.0, 340.0, 60.0, 521.0, 0.0, 413.0, 1000.0, 0.0, 1000.0, 0.0, 1000.0, 898.0, 999.0, 999.0, 999.0, 999.0, 208.0, 293.0, 0.0, 0.0], [], [0.0906982421875, -0.1260833740234375, -0.2956085205078125, 0.9425811767578125], [], [0.8807830810546875, -0.2897186279296875, 0.2543487548828125, -0.274871826171875]
72410, 72.95923614501953, [1000.0, 57.0, 296.0, 86.0, 340.0, 60.0, 522.0, 0.0, 413.0, 1000.0, 0.0, 1000.0, 0.0, 1000.0, 895.0, 999.0, 999.0, 999.0, 999.0, 208.0, 296.0, 0.0, 0.0], [], [0.09027099609375, -0.1261444091796875, -0.29522705078125, 0.9427337646484375], [], [0.8807373046875, -0.2899932861328125, 0.254058837890625, -0.2750244140625]
72420, 72.9793472290039, [1000.0, 57.0, 295.0, 86.0, 341.0, 60.0, 522.0, 0.0, 413.0, 1000.0, 0.0, 1000.0, 0.0, 1000.0, 898.0, 999.0, 999.0, 999.0, 999.0, 208.0, 297.0, 0.0, 0.0], [], [0.0900726318359375, -0.126251220703125, -0.2950286865234375, 0.94281005859375], [], [0.8809967041015625, -0.2896881103515625, 0.253204345703125, -0.275299072265625]
72430, 72.98926544189453, [1000.0, 57.0, 296.0, 86.0, 340.0, 60.0, 521.0, 0.0, 414.0, 1000.0, 0.0, 1000.0, 0.0, 1000.0, 894.0, 999.0, 999.0, 999.0, 999.0, 208.0, 295.0, 0.0, 0.0], [], [0.08990478515625, -0.1263427734375, -0.2948760986328125, 0.9428558349609375], [], [0.88092041015625, -0.2899017333984375, 0.2532501220703125, -0.2752838134765625]
72440, 72.9992446899414, [1000.0, 57.0, 295.0, 86.0, 340.0, 60.0, 521.0, 0.0, 414.0, 1000.0, 0.0, 1000.0, 0.0, 1000.0, 896.0, 999.0, 999.0, 999.0, 999.0, 208.0, 291.0, 0.0, 0.0], [], [0.089752197265625, -0.1264190673828125, -0.2948455810546875, 0.94287109375], [], [0.880096435546875, -0.292022705078125, 0.2532806396484375, -0.2756500244140625]
72450, 73.00921630859375, [1000.0, 57.0, 295.0, 86.0, 339.0, 60.0, 521.0, 0.0, 415.0, 1000.0, 0.0, 1000.0, 0.0, 1000.0, 895.0, 999.0, 999.0, 999.0, 999.0, 208.0, 291.0, 0.0, 0.0], [], [0.089599609375, -0.126434326171875, -0.2949371337890625, 0.9428558349609375], [], [0.8808135986328125, -0.2907867431640625, 0.251708984375, -0.2760772705078125]
72460, 73.0191879272461, [1000.0, 57.0, 295.0, 86.0, 338.0, 60.0, 520.0, 0.0, 415.0, 1000.0, 0.0, 1000.0, 0.0, 1000.0, 898.0, 999.0, 999.0, 999.0, 997.0, 207.0, 294.0, 0.0, 0.0], [], [0.0894927978515625, -0.1263275146484375, -0.2949371337890625, 0.9428863525390625], [], [0.8808746337890625, -0.29083251953125, 0.2512359619140625, -0.2762603759765625]
72470, 73.02923583984375, [1000.0, 56.0, 296.0, 86.0, 339.0, 60.0, 520.0, 0.0, 414.0, 1000.0, 0.0, 1000.0, 0.0, 1000.0, 895.0, 999.0, 999.0, 999.0, 996.0, 208.0, 294.0, 0.0, 0.0], [], [0.089447021484375, -0.1260986328125, -0.2948760986328125, 0.94293212890625], [], [0.8810272216796875, -0.29071044921875, 0.250640869140625, -0.2764892578125]
72480, 73.03921508789062, [1000.0, 57.0, 295.0, 86.0, 340.0, 60.0, 521.0, 0.0, 411.0, 1000.0, 0.0, 1000.0, 0.0, 1000.0, 894.0, 999.0, 999.0, 999.0, 999.0, 208.0, 294.0, 0.0, 0.0], [], [0.089324951171875, -0.1256256103515625, -0.294708251953125, 0.94305419921875], [], [0.880828857421875, -0.2907562255859375, 0.251678466796875, -0.276123046875]
72490, 73.04924011230469, [1000.0, 57.0, 294.0, 86.0, 340.0, 59.0, 521.0, 0.0, 411.0, 1000.0, 0.0, 1000.0, 0.0, 1000.0, 899.0, 999.0, 999.0, 999.0, 999.0, 208.0, 294.0, 0.0, 0.0], [], [0.0893402099609375, -0.125274658203125, -0.2947235107421875, 0.9430999755859375], [], [0.8817596435546875, -0.2882232666015625, 0.251739501953125, -0.2757415771484375]
72500, 73.0592269897461, [1000.0, 57.0, 295.0, 86.0, 339.0, 60.0, 519.0, 0.0, 412.0, 1000.0, 0.0, 1000.0, 0.0, 1000.0, 897.0, 999.0, 999.0, 999.0, 999.0, 207.0, 295.0, 0.0, 0.0], [], [0.08941650390625, -0.125091552734375, -0.2949676513671875, 0.9430389404296875], [], [0.881927490234375, -0.2870635986328125, 0.253326416015625, -0.2749786376953125]
72510, 73.06915283203125, [1000.0, 57.0, 295.0, 86.0, 339.0, 60.0, 520.0, 0.0, 413.0, 1000.0, 0.0, 1000.0, 0.0, 1000.0, 899.0, 999.0, 999.0, 999.0, 999.0, 209.0, 294.0, 0.0, 0.0], [], [0.089385986328125, -0.125, -0.295074462890625, 0.943023681640625], [], [0.8824005126953125, -0.28631591796875, 0.2522125244140625, -0.2752532958984375]
72520, 73.07923889160156, [1000.0, 57.0, 295.0, 86.0, 340.0, 59.0, 520.0, 0.0, 412.0, 1000.0, 0.0, 1000.0, 0.0, 1000.0, 897.0, 999.0, 999.0, 999.0, 999.0, 207.0, 291.0, 0.0, 0.0], [], [0.089263916015625, -0.1250762939453125, -0.295135498046875, 0.9430084228515625], [], [0.882232666015625, -0.2868194580078125, 0.2520294189453125, -0.275390625]
72530, 73.08914947509766, [1000.0, 57.0, 295.0, 86.0, 340.0, 59.0, 520.0, 0.0, 411.0, 1000.0, 0.0, 1000.0, 0.0, 1000.0, 899.0, 999.0, 999.0, 999.0, 999.0, 207.0, 291.0, 0.0, 0.0], [], [0.089111328125, -0.1253662109375, -0.2952728271484375, 0.94293212890625], [], [0.88226318359375, -0.28704833984375, 0.251251220703125, -0.275787353515625]
72540, 73.09928131103516, [1000.0, 57.0, 295.0, 86.0, 340.0, 59.0, 520.0, 0.0, 412.0, 1000.0, 0.0, 1000.0, 0.0, 1000.0, 901.0, 999.0, 999.0, 999.0, 999.0, 206.0, 293.0, 0.0, 0.0], [], [0.0888824462890625, -0.12579345703125, -0.295257568359375, 0.942901611328125], [], [0.882080078125, -0.2873382568359375, 0.2515869140625, -0.2757415771484375]
72550, 73.10941314697266, [1000.0, 57.0, 295.0, 86.0, 340.0, 59.0, 520.0, 0.0, 413.0, 1000.0, 0.0, 1000.0, 0.0, 1000.0, 900.0, 999.0, 999.0, 999.0, 999.0, 207.0, 295.0, 0.0, 0.0], [], [0.0886688232421875, -0.1261444091796875, -0.295318603515625, 0.9428558349609375], [], [0.8812408447265625, -0.2894134521484375, 0.2516937255859375, -0.276153564453125]
72560, 73.11941528320312, [1000.0, 57.0, 295.0, 86.0, 341.0, 59.0, 520.0, 0.0, 412.0, 1000.0, 0.0, 1000.0, 0.0, 1000.0, 899.0, 999.0, 999.0, 999.0, 999.0, 208.0, 297.0, 0.0, 0.0], [], [0.088470458984375, -0.1265411376953125, -0.2952117919921875, 0.94287109375], [], [0.8819732666015625, -0.2881011962890625, 0.250091552734375, -0.2766876220703125]
72570, 73.12952423095703, [1000.0, 57.0, 295.0, 86.0, 341.0, 59.0, 521.0, 0.0, 413.0, 1000.0, 0.0, 1000.0, 0.0, 1000.0, 900.0, 999.0, 999.0, 999.0, 999.0, 209.0, 294.0, 0.0, 0.0], [], [0.0883026123046875, -0.1268310546875, -0.2951507568359375, 0.9428558349609375], [], [0.8817901611328125, -0.28765869140625, 0.252105712890625, -0.27587890625]
72580, 73.13923645019531, [1000.0, 57.0, 296.0, 86.0, 340.0, 59.0, 521.0, 0.0, 413.0, 1000.0, 0.0, 1000.0, 0.0, 1000.0, 901.0, 999.0, 999.0, 999.0, 999.0, 209.0, 294.0, 0.0, 0.0], [], [0.088226318359375, -0.126861572265625, -0.2949066162109375, 0.94293212890625], [], [0.88140869140625, -0.2888641357421875, 0.2517852783203125, -0.276153564453125]
72590, 73.14924621582031, [1000.0, 57.0, 296.0, 86.0, 340.0, 59.0, 522.0, 0.0, 413.0, 1000.0, 0.0, 1000.0, 0.0, 1000.0, 903.0, 999.0, 999.0, 999.0, 999.0, 209.0, 293.0, 0.0, 0.0], [], [0.088134765625, -0.1267547607421875, -0.2947845458984375, 0.9429931640625], [], [0.88177490234375, -0.28900146484375, 0.2493438720703125, -0.27703857421875]
72600, 73.15919494628906, [1000.0, 56.0, 295.0, 86.0, 340.0, 60.0, 522.0, 0.0, 414.0, 1000.0, 0.0, 1000.0, 0.0, 1000.0, 904.0, 999.0, 999.0, 999.0, 999.0, 208.0, 291.0, 0.0, 0.0], [], [0.08807373046875, -0.1265411376953125, -0.2942352294921875, 0.943206787109375], [], [0.882232666015625, -0.2879791259765625, 0.2489471435546875, -0.277008056640625]
72610, 73.16912841796875, [1000.0, 56.0, 295.0, 86.0, 340.0, 59.0, 521.0, 0.0, 415.0, 1000.0, 0.0, 1000.0, 0.0, 1000.0, 903.0, 999.0, 999.0, 999.0, 999.0, 206.0, 293.0, 0.0, 0.0], [], [0.0880126953125, -0.1262359619140625, -0.293853759765625, 0.9433746337890625], [], [0.882049560546875, -0.288116455078125, 0.2498321533203125, -0.27667236328125]
72620, 73.17925262451172, [1000.0, 56.0, 296.0, 86.0, 340.0, 59.0, 521.0, 0.0, 414.0, 1000.0, 0.0, 1000.0, 0.0, 1000.0, 901.0, 999.0, 999.0, 999.0, 999.0, 206.0, 294.0, 0.0, 0.0], [], [0.0879974365234375, -0.1257781982421875, -0.29364013671875, 0.9434967041015625], [], [0.882232666015625, -0.2877349853515625, 0.24969482421875, -0.2765960693359375]
72630, 73.18919372558594, [1000.0, 57.0, 295.0, 86.0, 340.0, 59.0, 521.0, 0.0, 413.0, 1000.0, 0.0, 1000.0, 0.0, 1000.0, 901.0, 999.0, 999.0, 999.0, 999.0, 208.0, 291.0, 0.0, 0.0], [], [0.087982177734375, -0.125152587890625, -0.29339599609375, 0.94366455078125], [], [0.882598876953125, -0.2860260009765625, 0.25146484375, -0.27557373046875]
72640, 73.19921112060547, [1000.0, 57.0, 295.0, 86.0, 339.0, 59.0, 522.0, 0.0, 412.0, 1000.0, 0.0, 1000.0, 0.0, 1000.0, 903.0, 999.0, 999.0, 999.0, 999.0, 208.0, 290.0, 0.0, 0.0], [], [0.0879364013671875, -0.1247711181640625, -0.2934417724609375, 0.943695068359375], [], [0.8828277587890625, -0.284881591796875, 0.2528533935546875, -0.2747802734375]
72650, 73.20918273925781, [1000.0, 57.0, 295.0, 86.0, 339.0, 59.0, 521.0, 0.0, 412.0, 1000.0, 0.0, 1000.0, 0.0, 1000.0, 900.0, 999.0, 999.0, 999.0, 999.0, 207.0, 293.0, 0.0, 0.0], [], [0.0877838134765625, -0.1244964599609375, -0.293182373046875, 0.9438323974609375], [], [0.8834381103515625, -0.28350830078125, 0.25238037109375, -0.274658203125]
72660, 73.21912384033203, [1000.0, 57.0, 295.0, 86.0, 339.0, 59.0, 520.0, 0.0, 412.0, 1000.0, 0.0, 1000.0, 0.0, 1000.0, 901.0, 999.0, 999.0, 999.0, 999.0, 207.0, 293.0, 0.0, 0.0], [], [0.0876617431640625, -0.1243133544921875, -0.2931671142578125, 0.9438629150390625], [], [0.8820343017578125, -0.286376953125, 0.254425048828125, -0.2743377685546875]
72670, 73.22924041748047, [1000.0, 57.0, 295.0, 85.0, 339.0, 59.0, 520.0, 0.0, 413.0, 1000.0, 0.0, 1000.0, 0.0, 1000.0, 899.0, 999.0, 999.0, 999.0, 999.0, 207.0, 294.0, 0.0, 0.0], [], [0.087432861328125, -0.1243743896484375, -0.2930145263671875, 0.9439239501953125], [], [0.8820037841796875, -0.2864227294921875, 0.254486083984375, -0.2742919921875]
72680, 73.23919677734375, [1000.0, 57.0, 295.0, 86.0, 340.0, 59.0, 520.0, 0.0, 410.0, 1000.0, 0.0, 1000.0, 0.0, 1000.0, 902.0, 999.0, 999.0, 999.0, 999.0, 208.0, 294.0, 0.0, 0.0], [], [0.08721923828125, -0.1244659423828125, -0.29278564453125, 0.9440155029296875], [], [0.8819580078125, -0.286529541015625, 0.25457763671875, -0.274261474609375]
72690, 73.24966430664062, [1000.0, 57.0, 295.0, 86.0, 340.0, 59.0, 520.0, 0.0, 410.0, 1000.0, 0.0, 1000.0, 0.0, 1000.0, 902.0, 999.0, 999.0, 999.0, 999.0, 209.0, 294.0, 0.0, 0.0], [], [0.086944580078125, -0.124755859375, -0.2928924560546875, 0.9439697265625], [], [0.88189697265625, -0.2866363525390625, 0.2546844482421875, -0.2742462158203125]
72700, 73.25918579101562, [1000.0, 57.0, 295.0, 86.0, 340.0, 59.0, 520.0, 0.0, 410.0, 1000.0, 0.0, 1000.0, 0.0, 1000.0, 902.0, 999.0, 999.0, 999.0, 999.0, 209.0, 294.0, 0.0, 0.0], [], [0.086944580078125, -0.124755859375, -0.2928924560546875, 0.9439697265625], [], [0.88177490234375, -0.2869415283203125, 0.25469970703125, -0.2742919921875]
72710, 73.26912689208984, [1000.0, 56.0, 297.0, 86.0, 340.0, 59.0, 520.0, 0.0, 412.0, 1000.0, 0.0, 1000.0, 0.0, 1000.0, 898.0, 999.0, 999.0, 999.0, 999.0, 208.0, 294.0, 0.0, 0.0], [], [0.0866546630859375, -0.124969482421875, -0.293121337890625, 0.9438934326171875], [], [0.88177490234375, -0.2870941162109375, 0.2543182373046875, -0.27447509765625]
72720, 73.27914428710938, [1000.0, 57.0, 296.0, 86.0, 340.0, 59.0, 520.0, 0.0, 413.0, 1000.0, 0.0, 1000.0, 0.0, 1000.0, 900.0, 999.0, 999.0, 999.0, 999.0, 208.0, 293.0, 0.0, 0.0], [], [0.0866241455078125, -0.1248321533203125, -0.2935028076171875, 0.9438018798828125], [], [0.881683349609375, -0.28741455078125, 0.2541351318359375, -0.2746124267578125]
72730, 73.2892837524414, [1000.0, 57.0, 295.0, 85.0, 339.0, 59.0, 521.0, 0.0, 412.0, 1000.0, 0.0, 1000.0, 0.0, 1000.0, 897.0, 999.0, 999.0, 999.0, 999.0, 208.0, 293.0, 0.0, 0.0], [], [0.08660888671875, -0.124420166015625, -0.2935638427734375, 0.9438323974609375], [], [0.88165283203125, -0.2876434326171875, 0.2538604736328125, -0.274749755859375]
72740, 73.29911041259766, [1000.0, 57.0, 295.0, 86.0, 340.0, 59.0, 521.0, 0.0, 412.0, 1000.0, 0.0, 1000.0, 0.0, 1000.0, 900.0, 999.0, 999.0, 999.0, 999.0, 208.0, 291.0, 0.0, 0.0], [], [0.086639404296875, -0.1238250732421875, -0.2933807373046875, 0.9439544677734375], [], [0.88153076171875, -0.2880401611328125, 0.2536468505859375, -0.27490234375]
72750, 73.3091812133789, [1000.0, 57.0, 296.0, 86.0, 339.0, 59.0, 521.0, 0.0, 412.0, 1000.0, 0.0, 1000.0, 0.0, 1000.0, 896.0, 999.0, 999.0, 999.0, 999.0, 206.0, 293.0, 0.0, 0.0], [], [0.086700439453125, -0.123321533203125, -0.29351806640625, 0.9439849853515625], [], [0.881500244140625, -0.2882080078125, 0.2534332275390625, -0.2750091552734375]
72760, 73.319091796875, [1000.0, 57.0, 296.0, 86.0, 340.0, 59.0, 520.0, 0.0, 413.0, 1000.0, 0.0, 1000.0, 0.0, 1000.0, 895.0, 999.0, 998.0, 999.0, 999.0, 207.0, 293.0, 0.0, 0.0], [], [0.0868072509765625, -0.1221923828125, -0.29412841796875, 0.9439239501953125], [], [0.8818511962890625, -0.2875518798828125, 0.25274658203125, -0.27520751953125]
72770, 73.3292007446289, [1000.0, 57.0, 296.0, 86.0, 340.0, 59.0, 520.0, 0.0, 412.0, 1000.0, 0.0, 1000.0, 0.0, 1000.0, 897.0, 999.0, 998.0, 999.0, 999.0, 208.0, 294.0, 0.0, 0.0], [], [0.0868072509765625, -0.1221923828125, -0.29412841796875, 0.9439239501953125], [], [0.8818511962890625, -0.2874603271484375, 0.2530059814453125, -0.27508544921875]
72780, 73.33927154541016, [1000.0, 57.0, 296.0, 85.0, 340.0, 59.0, 521.0, 0.0, 409.0, 1000.0, 0.0, 1000.0, 0.0, 1000.0, 894.0, 999.0, 999.0, 999.0, 999.0, 208.0, 295.0, 0.0, 0.0], [], [0.0865478515625, -0.1221923828125, -0.2940673828125, 0.9439697265625], [], [0.881927490234375, -0.2874603271484375, 0.2525634765625, -0.2752227783203125]
72790, 73.34910583496094, [1000.0, 57.0, 294.0, 85.0, 340.0, 59.0, 520.0, 0.0, 410.0, 1000.0, 0.0, 1000.0, 0.0, 1000.0, 895.0, 999.0, 999.0, 999.0, 999.0, 208.0, 291.0, 0.0, 0.0], [], [0.0864105224609375, -0.1221923828125, -0.2940216064453125, 0.944000244140625], [], [0.88214111328125, -0.2870941162109375, 0.2522125244140625, -0.2752838134765625]
72800, 73.35916900634766, [1000.0, 57.0, 293.0, 85.0, 339.0, 59.0, 519.0, 0.0, 410.0, 1000.0, 0.0, 1000.0, 0.0, 1000.0, 893.0, 999.0, 999.0, 999.0, 999.0, 209.0, 291.0, 0.0, 0.0], [], [0.0864105224609375, -0.1221923828125, -0.293975830078125, 0.9440155029296875], [], [0.882354736328125, -0.2864990234375, 0.252166748046875, -0.27520751953125]
72810, 73.36936950683594, [1000.0, 57.0, 294.0, 85.0, 339.0, 59.0, 519.0, 0.0, 410.0, 1000.0, 0.0, 1000.0, 0.0, 1000.0, 895.0, 999.0, 999.0, 999.0, 999.0, 208.0, 293.0, 0.0, 0.0], [], [0.086273193359375, -0.122222900390625, -0.2939300537109375, 0.94403076171875], [], [0.8823699951171875, -0.2867279052734375, 0.2514801025390625, -0.275543212890625]
72820, 73.3794937133789, [1000.0, 57.0, 294.0, 85.0, 337.0, 59.0, 519.0, 0.0, 410.0, 1000.0, 0.0, 1000.0, 0.0, 1000.0, 893.0, 999.0, 999.0, 999.0, 999.0, 207.0, 293.0, 0.0, 0.0], [], [0.0861358642578125, -0.1222991943359375, -0.293853759765625, 0.944061279296875], [], [0.8822784423828125, -0.2872314453125, 0.2509307861328125, -0.2758636474609375]
72830, 73.3895034790039, [1000.0, 57.0, 295.0, 86.0, 339.0, 59.0, 519.0, 0.0, 410.0, 1000.0, 0.0, 1000.0, 0.0, 1000.0, 895.0, 999.0, 999.0, 999.0, 999.0, 207.0, 291.0, 0.0, 0.0], [], [0.0859832763671875, -0.1224212646484375, -0.2938079833984375, 0.9440765380859375], [], [0.8824462890625, -0.286834716796875, 0.2506256103515625, -0.2759857177734375]
72840, 73.39949798583984, [1000.0, 56.0, 295.0, 85.0, 339.0, 59.0, 519.0, 0.0, 411.0, 1000.0, 0.0, 1000.0, 0.0, 1000.0, 892.0, 999.0, 999.0, 999.0, 999.0, 207.0, 291.0, 0.0, 0.0], [], [0.0858612060546875, -0.1225738525390625, -0.2937774658203125, 0.9440765380859375], [], [0.8822174072265625, -0.28729248046875, 0.2508544921875, -0.27606201171875]
72850, 73.41358947753906, [1000.0, 57.0, 295.0, 85.0, 339.0, 59.0, 520.0, 0.0, 410.0, 1000.0, 0.0, 1000.0, 0.0, 1000.0, 894.0, 999.0, 999.0, 999.0, 999.0, 208.0, 293.0, 0.0, 0.0], [], [0.085693359375, -0.12274169921875, -0.2937164306640625, 0.944091796875], [], [0.882049560546875, -0.287261962890625, 0.2518157958984375, -0.2757415771484375]
72860, 73.41934967041016, [1000.0, 57.0, 292.0, 85.0, 339.0, 59.0, 519.0, 0.0, 410.0, 1000.0, 0.0, 1000.0, 0.0, 1000.0, 893.0, 999.0, 999.0, 999.0, 999.0, 207.0, 290.0, 0.0, 0.0], [], [0.0855560302734375, -0.122894287109375, -0.2935638427734375, 0.944122314453125], [], [0.88177490234375, -0.2881011962890625, 0.251617431640625, -0.27593994140625]
72870, 73.42930603027344, [1000.0, 57.0, 293.0, 85.0, 339.0, 59.0, 519.0, 0.0, 411.0, 1000.0, 0.0, 1000.0, 0.0, 1000.0, 897.0, 999.0, 999.0, 999.0, 999.0, 208.0, 289.0, 0.0, 0.0], [], [0.0854034423828125, -0.123016357421875, -0.293365478515625, 0.944183349609375], [], [0.8818511962890625, -0.288177490234375, 0.2509918212890625, -0.27618408203125]
72880, 73.439208984375, [1000.0, 56.0, 295.0, 86.0, 338.0, 59.0, 519.0, 0.0, 411.0, 1000.0, 0.0, 1000.0, 0.0, 1000.0, 898.0, 999.0, 999.0, 999.0, 999.0, 207.0, 293.0, 0.0, 0.0], [], [0.085235595703125, -0.123077392578125, -0.29315185546875, 0.9442596435546875], [], [0.8817291259765625, -0.288726806640625, 0.25048828125, -0.2764434814453125]
72890, 73.44913482666016, [1000.0, 57.0, 297.0, 86.0, 338.0, 59.0, 519.0, 0.0, 410.0, 1000.0, 0.0, 1000.0, 0.0, 1000.0, 898.0, 999.0, 999.0, 999.0, 999.0, 208.0, 294.0, 0.0, 0.0], [], [0.0850982666015625, -0.123077392578125, -0.29296875, 0.9443359375], [], [0.8812408447265625, -0.2898101806640625, 0.2510223388671875, -0.2763824462890625]
72900, 73.45915222167969, [1000.0, 56.0, 296.0, 85.0, 339.0, 59.0, 519.0, 0.0, 411.0, 1000.0, 0.0, 1000.0, 0.0, 1000.0, 895.0, 999.0, 999.0, 999.0, 999.0, 208.0, 295.0, 0.0, 0.0], [], [0.084930419921875, -0.123016357421875, -0.2928466796875, 0.94439697265625], [], [0.881744384765625, -0.2883148193359375, 0.25152587890625, -0.27587890625]
72910, 73.4691390991211, [1000.0, 56.0, 296.0, 85.0, 340.0, 59.0, 519.0, 0.0, 412.0, 1000.0, 0.0, 1000.0, 0.0, 1000.0, 897.0, 999.0, 999.0, 999.0, 999.0, 208.0, 293.0, 0.0, 0.0], [], [0.084747314453125, -0.1229400634765625, -0.2926025390625, 0.944488525390625], [], [0.8822784423828125, -0.286773681640625, 0.251953125, -0.275390625]
72920, 73.479248046875, [1000.0, 56.0, 296.0, 85.0, 339.0, 59.0, 520.0, 0.0, 410.0, 1000.0, 0.0, 1000.0, 0.0, 1000.0, 898.0, 999.0, 999.0, 999.0, 999.0, 208.0, 293.0, 0.0, 0.0], [], [0.084564208984375, -0.1228485107421875, -0.292388916015625, 0.9445953369140625], [], [0.8825225830078125, -0.28607177734375, 0.2523345947265625, -0.2750091552734375]
72930, 73.48924255371094, [1000.0, 56.0, 295.0, 86.0, 339.0, 59.0, 519.0, 0.0, 410.0, 1000.0, 0.0, 1000.0, 0.0, 1000.0, 902.0, 999.0, 999.0, 999.0, 999.0, 208.0, 293.0, 0.0, 0.0], [], [0.0843505859375, -0.1228485107421875, -0.292236328125, 0.9446563720703125], [], [0.882537841796875, -0.2852783203125, 0.2540130615234375, -0.274200439453125]
72940, 73.4991455078125, [1000.0, 56.0, 295.0, 85.0, 338.0, 59.0, 519.0, 0.0, 409.0, 1000.0, 0.0, 1000.0, 0.0, 1000.0, 902.0, 999.0, 999.0, 999.0, 999.0, 208.0, 293.0, 0.0, 0.0], [], [0.0841217041015625, -0.1229705810546875, -0.2921905517578125, 0.944671630859375], [], [0.8831939697265625, -0.2841033935546875, 0.2528228759765625, -0.2744140625]
72950, 73.50914001464844, [1000.0, 56.0, 295.0, 85.0, 339.0, 59.0, 518.0, 0.0, 408.0, 1000.0, 0.0, 1000.0, 0.0, 1000.0, 904.0, 999.0, 999.0, 999.0, 999.0, 207.0, 291.0, 0.0, 0.0], [], [0.0838470458984375, -0.1231536865234375, -0.29205322265625, 0.9447174072265625], [], [0.8829193115234375, -0.28497314453125, 0.252532958984375, -0.2746429443359375]
72960, 73.52134704589844, [1000.0, 56.0, 295.0, 85.0, 339.0, 59.0, 519.0, 0.0, 408.0, 1000.0, 0.0, 1000.0, 0.0, 1000.0, 904.0, 999.0, 999.0, 999.0, 999.0, 206.0, 291.0, 0.0, 0.0], [], [0.0836029052734375, -0.1233367919921875, -0.2919464111328125, 0.9447479248046875], [], [0.883514404296875, -0.284210205078125, 0.2508544921875, -0.27508544921875]
72970, 73.52916717529297, [1000.0, 56.0, 295.0, 85.0, 339.0, 59.0, 519.0, 0.0, 408.0, 1000.0, 0.0, 1000.0, 0.0, 1000.0, 904.0, 999.0, 999.0, 999.0, 999.0, 206.0, 291.0, 0.0, 0.0], [], [0.0836029052734375, -0.1233367919921875, -0.2919464111328125, 0.9447479248046875], [], [0.882965087890625, -0.2855987548828125, 0.2510986328125, -0.2751922607421875]
72980, 73.5392074584961, [1000.0, 57.0, 295.0, 85.0, 339.0, 58.0, 518.0, 0.0, 408.0, 1000.0, 0.0, 1000.0, 0.0, 1000.0, 904.0, 999.0, 999.0, 999.0, 999.0, 206.0, 291.0, 0.0, 0.0], [], [0.0831756591796875, -0.12353515625, -0.2918701171875, 0.9447784423828125], [], [0.8819580078125, -0.287811279296875, 0.252105712890625, -0.27520751953125]
72990, 73.5492172241211, [1000.0, 57.0, 295.0, 85.0, 338.0, 58.0, 520.0, 0.0, 409.0, 1000.0, 0.0, 1000.0, 0.0, 1000.0, 901.0, 999.0, 999.0, 999.0, 999.0, 206.0, 290.0, 0.0, 0.0], [], [0.0828857421875, -0.1237335205078125, -0.2913818359375, 0.9449310302734375], [], [0.8809661865234375, -0.290069580078125, 0.25286865234375, -0.275299072265625]
73000, 73.55917358398438, [1000.0, 57.0, 295.0, 85.0, 338.0, 58.0, 520.0, 0.0, 409.0, 1000.0, 0.0, 1000.0, 0.0, 1000.0, 901.0, 999.0, 999.0, 999.0, 999.0, 206.0, 290.0, 0.0, 0.0], [], [0.0828857421875, -0.1237335205078125, -0.2913818359375, 0.9449310302734375], [], [0.880218505859375, -0.2917938232421875, 0.25335693359375, -0.275421142578125]
73010, 73.56910705566406, [1000.0, 57.0, 295.0, 86.0, 338.0, 58.0, 519.0, 0.0, 410.0, 1000.0, 0.0, 1000.0, 0.0, 1000.0, 904.0, 999.0, 999.0, 999.0, 999.0, 208.0, 294.0, 0.0, 0.0], [], [0.082550048828125, -0.1236572265625, -0.29144287109375, 0.9449462890625], [], [0.8812713623046875, -0.289276123046875, 0.2528533935546875, -0.2751922607421875]
73020, 73.57913208007812, [1000.0, 57.0, 295.0, 85.0, 338.0, 58.0, 518.0, 0.0, 409.0, 1000.0, 0.0, 1000.0, 0.0, 1000.0, 905.0, 999.0, 999.0, 999.0, 999.0, 207.0, 294.0, 0.0, 0.0], [], [0.082489013671875, -0.12335205078125, -0.291717529296875, 0.944915771484375], [], [0.880889892578125, -0.289794921875, 0.2537841796875, -0.27496337890625]
73030, 73.58917999267578, [1000.0, 56.0, 294.0, 85.0, 338.0, 59.0, 518.0, 0.0, 409.0, 1000.0, 0.0, 1000.0, 0.0, 1000.0, 901.0, 999.0, 999.0, 999.0, 999.0, 205.0, 294.0, 0.0, 0.0], [], [0.082489013671875, -0.1228790283203125, -0.291900634765625, 0.944915771484375], [], [0.8812713623046875, -0.2893524169921875, 0.2525177001953125, -0.275421142578125]
73040, 73.59910583496094, [1000.0, 56.0, 294.0, 85.0, 339.0, 59.0, 518.0, 0.0, 409.0, 1000.0, 0.0, 1000.0, 0.0, 1000.0, 903.0, 999.0, 999.0, 999.0, 999.0, 205.0, 293.0, 0.0, 0.0], [], [0.08245849609375, -0.12237548828125, -0.2918701171875, 0.9449920654296875], [], [0.8819122314453125, -0.2866973876953125, 0.254638671875, -0.274169921875]
73050, 73.60941314697266, [1000.0, 56.0, 295.0, 85.0, 339.0, 58.0, 519.0, 0.0, 409.0, 1000.0, 0.0, 1000.0, 0.0, 1000.0, 901.0, 999.0, 999.0, 999.0, 999.0, 207.0, 293.0, 0.0, 0.0], [], [0.082366943359375, -0.122039794921875, -0.29205322265625, 0.9449920654296875], [], [0.8823699951171875, -0.28607177734375, 0.25335693359375, -0.2745208740234375]
