136510, 137.45901489257812, [1000.0, 49.0, 235.0, 111.0, 248.0, 139.0, 130.0, 0.0, 0.0, 1000.0, 0.0, 1000.0, 0.0, 1000.0, 907.0, 999.0, 999.0, 999.0, 999.0, 316.0, 330.0, 0.0, 0.0], [], [-0.9737701416015625, 0.189544677734375, -0.0989990234375, 0.0776824951171875], [], [-0.555267333984375, 0.1480255126953125, -0.388641357421875, 0.72021484375]
136520, 137.46920776367188, [1000.0, 49.0, 235.0, 111.0, 248.0, 139.0, 130.0, 0.0, 0.0, 1000.0, 0.0, 1000.0, 0.0, 1000.0, 907.0, 999.0, 999.0, 999.0, 999.0, 316.0, 330.0, 0.0, 0.0], [], [-0.9737701416015625, 0.189544677734375, -0.0989990234375, 0.0776824951171875], [], [-0.5552825927734375, 0.147003173828125, -0.3888092041015625, 0.720306396484375]
136530, 137.4791259765625, [1000.0, 49.0, 235.0, 111.0, 248.0, 139.0, 130.0, 0.0, 0.0, 1000.0, 0.0, 1000.0, 0.0, 1000.0, 907.0, 999.0, 999.0, 999.0, 999.0, 316.0, 330.0, 0.0, 0.0], [], [-0.9737701416015625, 0.189544677734375, -0.0989990234375, 0.0776824951171875], [], [-0.5552520751953125, 0.146331787109375, -0.388702392578125, 0.7205352783203125]
136540, 137.4890899658203, [1000.0, 49.0, 235.0, 111.0, 248.0, 139.0, 130.0, 0.0, 0.0, 1000.0, 0.0, 1000.0, 0.0, 1000.0, 907.0, 999.0, 999.0, 999.0, 999.0, 316.0, 330.0, 0.0, 0.0], [], [-0.9737701416015625, 0.189544677734375, -0.0989990234375, 0.0776824951171875], [], [-0.5549468994140625, 0.1459197998046875, -0.3899383544921875, 0.720184326171875]
136550, 137.49981689453125, [1000.0, 49.0, 235.0, 111.0, 248.0, 139.0, 130.0, 0.0, 0.0, 1000.0, 0.0, 1000.0, 0.0, 1000.0, 907.0, 999.0, 999.0, 999.0, 999.0, 316.0, 330.0, 0.0, 0.0], [], [-0.9737701416015625, 0.189544677734375, -0.0989990234375, 0.0776824951171875], [], [-0.555023193359375, 0.1451263427734375, -0.3898468017578125, 0.7203369140625]
136560, 137.5089874267578, [1000.0, 49.0, 235.0, 111.0, 248.0, 139.0, 130.0, 0.0, 0.0, 1000.0, 0.0, 1000.0, 0.0, 1000.0, 907.0, 999.0, 999.0, 999.0, 999.0, 316.0, 330.0, 0.0, 0.0], [], [-0.9737701416015625, 0.189544677734375, -0.0989990234375, 0.0776824951171875], [], [-0.5552520751953125, 0.1444091796875, -0.389007568359375, 0.7207489013671875]
136570, 137.51902770996094, [1000.0, 49.0, 235.0, 111.0, 248.0, 139.0, 130.0, 0.0, 0.0, 1000.0, 0.0, 1000.0, 0.0, 1000.0, 907.0, 999.0, 999.0, 999.0, 999.0, 316.0, 330.0, 0.0, 0.0], [], [-0.9737701416015625, 0.189544677734375, -0.0989990234375, 0.0776824951171875], [], [-0.555267333984375, 0.1439208984375, -0.3892059326171875, 0.720733642578125]
136580, 137.52911376953125, [1000.0, 49.0, 235.0, 111.0, 248.0, 139.0, 130.0, 0.0, 0.0, 1000.0, 0.0, 1000.0, 0.0, 1000.0, 907.0, 999.0, 999.0, 999.0, 999.0, 316.0, 330.0, 0.0, 0.0], [], [-0.9737701416015625, 0.189544677734375, -0.0989990234375, 0.0776824951171875], [], [-0.55450439453125, 0.1445159912109375, -0.391082763671875, 0.720184326171875]
136590, 137.53912353515625, [1000.0, 49.0, 235.0, 111.0, 248.0, 139.0, 130.0, 0.0, 0.0, 1000.0, 0.0, 1000.0, 0.0, 1000.0, 907.0, 999.0, 999.0, 999.0, 999.0, 316.0, 330.0, 0.0, 0.0], [], [-0.9737701416015625, 0.189544677734375, -0.0989990234375, 0.0776824951171875], [], [-0.555084228515625, 0.14288330078125, -0.3907623291015625, 0.720245361328125]
136600, 137.55130004882812, [1000.0, 49.0, 235.0, 111.0, 248.0, 139.0, 130.0, 0.0, 0.0, 1000.0, 0.0, 1000.0, 0.0, 1000.0, 907.0, 999.0, 999.0, 999.0, 999.0, 316.0, 330.0, 0.0, 0.0], [], [-0.9737701416015625, 0.189544677734375, -0.0989990234375, 0.0776824951171875], [], [-0.555389404296875, 0.1421661376953125, -0.3904266357421875, 0.7203216552734375]
136610, 137.55894470214844, [1000.0, 49.0, 235.0, 111.0, 248.0, 139.0, 130.0, 0.0, 0.0, 1000.0, 0.0, 1000.0, 0.0, 1000.0, 907.0, 999.0, 999.0, 999.0, 999.0, 316.0, 330.0, 0.0, 0.0], [], [-0.9737701416015625, 0.189544677734375, -0.0989990234375, 0.0776824951171875], [], [-0.5554962158203125, 0.1418609619140625, -0.39031982421875, 0.720367431640625]
136620, 137.56912231445312, [1000.0, 49.0, 235.0, 111.0, 248.0, 139.0, 130.0, 0.0, 0.0, 1000.0, 0.0, 1000.0, 0.0, 1000.0, 907.0, 999.0, 999.0, 999.0, 999.0, 316.0, 330.0, 0.0, 0.0], [], [-0.9737701416015625, 0.189544677734375, -0.0989990234375, 0.0776824951171875], [], [-0.555694580078125, 0.1412811279296875, -0.3906707763671875, 0.7201385498046875]
136630, 137.5790557861328, [1000.0, 49.0, 235.0, 111.0, 248.0, 139.0, 130.0, 0.0, 0.0, 1000.0, 0.0, 1000.0, 0.0, 1000.0, 907.0, 999.0, 999.0, 999.0, 999.0, 316.0, 330.0, 0.0, 0.0], [], [-0.9737701416015625, 0.189544677734375, -0.0989990234375, 0.0776824951171875], [], [-0.5558319091796875, 0.141265869140625, -0.3900146484375, 0.7203826904296875]
136640, 137.5889892578125, [1000.0, 49.0, 235.0, 111.0, 248.0, 139.0, 130.0, 0.0, 0.0, 1000.0, 0.0, 1000.0, 0.0, 1000.0, 907.0, 999.0, 999.0, 999.0, 999.0, 316.0, 330.0, 0.0, 0.0], [], [-0.9737701416015625, 0.189544677734375, -0.0989990234375, 0.0776824951171875], [], [-0.5555267333984375, 0.1417388916015625, -0.3911285400390625, 0.7199249267578125]
136650, 137.60946655273438, [1000.0, 49.0, 235.0, 111.0, 248.0, 139.0, 130.0, 0.0, 0.0, 1000.0, 0.0, 1000.0, 0.0, 1000.0, 907.0, 999.0, 999.0, 999.0, 999.0, 316.0, 330.0, 0.0, 0.0], [], [-0.9737701416015625, 0.189544677734375, -0.0989990234375, 0.0776824951171875], [], [-0.555206298828125, 0.142486572265625, -0.391387939453125, 0.7198944091796875]
136660, 137.61911010742188, [1000.0, 49.0, 235.0, 111.0, 248.0, 139.0, 130.0, 0.0, 0.0, 1000.0, 0.0, 1000.0, 0.0, 1000.0, 907.0, 999.0, 999.0, 999.0, 999.0, 316.0, 330.0, 0.0, 0.0], [], [-0.9737701416015625, 0.189544677734375, -0.0989990234375, 0.0776824951171875], [], [-0.55499267578125, 0.143035888671875, -0.3918609619140625, 0.719696044921875]
136670, 137.6291046142578, [1000.0, 49.0, 235.0, 111.0, 248.0, 139.0, 130.0, 0.0, 0.0, 1000.0, 0.0, 1000.0, 0.0, 1000.0, 907.0, 999.0, 999.0, 999.0, 999.0, 316.0, 330.0, 0.0, 0.0], [], [-0.9737701416015625, 0.189544677734375, -0.0989990234375, 0.0776824951171875], [], [-0.5545196533203125, 0.1443634033203125, -0.391693115234375, 0.719879150390625]
136680, 137.63912963867188, [1000.0, 49.0, 235.0, 111.0, 248.0, 139.0, 130.0, 0.0, 0.0, 1000.0, 0.0, 1000.0, 0.0, 1000.0, 907.0, 999.0, 999.0, 999.0, 999.0, 316.0, 330.0, 0.0, 0.0], [], [-0.9737701416015625, 0.189544677734375, -0.0989990234375, 0.0776824951171875], [], [-0.5547637939453125, 0.1439971923828125, -0.391815185546875, 0.719696044921875]
136690, 137.6490020751953, [1000.0, 49.0, 235.0, 111.0, 248.0, 139.0, 130.0, 0.0, 0.0, 1000.0, 0.0, 1000.0, 0.0, 1000.0, 907.0, 999.0, 999.0, 999.0, 999.0, 316.0, 330.0, 0.0, 0.0], [], [-0.9737701416015625, 0.189544677734375, -0.0989990234375, 0.0776824951171875], [], [-0.554962158203125, 0.143890380859375, -0.3914031982421875, 0.7197723388671875]
136700, 137.65899658203125, [1000.0, 49.0, 235.0, 111.0, 248.0, 139.0, 130.0, 0.0, 0.0, 1000.0, 0.0, 1000.0, 0.0, 1000.0, 907.0, 999.0, 999.0, 999.0, 999.0, 316.0, 330.0, 0.0, 0.0], [], [-0.9737701416015625, 0.189544677734375, -0.0989990234375, 0.0776824951171875], [], [-0.555023193359375, 0.1437835693359375, -0.3920440673828125, 0.7194061279296875]
136710, 137.6691131591797, [1000.0, 49.0, 235.0, 111.0, 248.0, 139.0, 130.0, 0.0, 0.0, 1000.0, 0.0, 1000.0, 0.0, 1000.0, 907.0, 999.0, 999.0, 999.0, 999.0, 316.0, 330.0, 0.0, 0.0], [], [-0.9737701416015625, 0.189544677734375, -0.0989990234375, 0.0776824951171875], [], [-0.5546875, 0.144744873046875, -0.39208984375, 0.719451904296875]
136720, 137.67906188964844, [1000.0, 49.0, 235.0, 111.0, 248.0, 139.0, 130.0, 0.0, 0.0, 1000.0, 0.0, 1000.0, 0.0, 1000.0, 907.0, 999.0, 999.0, 999.0, 999.0, 316.0, 330.0, 0.0, 0.0], [], [-0.9737701416015625, 0.189544677734375, -0.0989990234375, 0.0776824951171875], [], [-0.55499267578125, 0.14398193359375, -0.3934326171875, 0.7186431884765625]
136730, 137.6890411376953, [1000.0, 49.0, 235.0, 111.0, 248.0, 139.0, 130.0, 0.0, 0.0, 1000.0, 0.0, 1000.0, 0.0, 1000.0, 907.0, 999.0, 999.0, 999.0, 999.0, 316.0, 330.0, 0.0, 0.0], [], [-0.9737701416015625, 0.189544677734375, -0.0989990234375, 0.0776824951171875], [], [-0.554443359375, 0.1454925537109375, -0.39410400390625, 0.7183837890625]
136740, 137.69900512695312, [1000.0, 49.0, 235.0, 111.0, 248.0, 139.0, 130.0, 0.0, 0.0, 1000.0, 0.0, 1000.0, 0.0, 1000.0, 907.0, 999.0, 999.0, 999.0, 999.0, 316.0, 330.0, 0.0, 0.0], [], [-0.9737701416015625, 0.189544677734375, -0.0989990234375, 0.0776824951171875], [], [-0.553955078125, 0.147308349609375, -0.393402099609375, 0.7187652587890625]
136750, 137.7090606689453, [1000.0, 49.0, 235.0, 111.0, 248.0, 139.0, 130.0, 0.0, 0.0, 1000.0, 0.0, 1000.0, 0.0, 1000.0, 907.0, 999.0, 999.0, 999.0, 999.0, 316.0, 330.0, 0.0, 0.0], [], [-0.9737701416015625, 0.189544677734375, -0.0989990234375, 0.0776824951171875], [], [-0.55426025390625, 0.1473236083984375, -0.3919830322265625, 0.7193145751953125]
136760, 137.71908569335938, [1000.0, 49.0, 235.0, 111.0, 248.0, 139.0, 130.0, 0.0, 0.0, 1000.0, 0.0, 1000.0, 0.0, 1000.0, 907.0, 999.0, 999.0, 999.0, 999.0, 316.0, 330.0, 0.0, 0.0], [], [-0.9737701416015625, 0.189544677734375, -0.0989990234375, 0.0776824951171875], [], [-0.554229736328125, 0.14776611328125, -0.3915252685546875, 0.719482421875]
136770, 137.7290496826172, [1000.0, 49.0, 235.0, 111.0, 248.0, 139.0, 130.0, 0.0, 0.0, 1000.0, 0.0, 1000.0, 0.0, 1000.0, 907.0, 999.0, 999.0, 999.0, 999.0, 316.0, 330.0, 0.0, 0.0], [], [-0.9737701416015625, 0.189544677734375, -0.0989990234375, 0.0776824951171875], [], [-0.553924560546875, 0.148834228515625, -0.3909454345703125, 0.719818115234375]
136780, 137.73910522460938, [1000.0, 49.0, 235.0, 111.0, 248.0, 139.0, 130.0, 0.0, 0.0, 1000.0, 0.0, 1000.0, 0.0, 1000.0, 907.0, 999.0, 999.0, 999.0, 999.0, 316.0, 330.0, 0.0, 0.0], [], [-0.9737701416015625, 0.189544677734375, -0.0989990234375, 0.0776824951171875], [], [-0.5537872314453125, 0.149658203125, -0.389495849609375, 0.720550537109375]
136790, 137.74899291992188, [1000.0, 49.0, 235.0, 111.0, 248.0, 139.0, 130.0, 0.0, 0.0, 1000.0, 0.0, 1000.0, 0.0, 1000.0, 907.0, 999.0, 999.0, 999.0, 999.0, 316.0, 330.0, 0.0, 0.0], [], [-0.9737701416015625, 0.189544677734375, -0.0989990234375, 0.0776824951171875], [], [-0.5540008544921875, 0.1489105224609375, -0.3909912109375, 0.7197265625]
136800, 137.75900268554688, [1000.0, 49.0, 235.0, 111.0, 248.0, 139.0, 130.0, 0.0, 0.0, 1000.0, 0.0, 1000.0, 0.0, 1000.0, 907.0, 999.0, 999.0, 999.0, 999.0, 316.0, 330.0, 0.0, 0.0], [], [-0.9737701416015625, 0.189544677734375, -0.0989990234375, 0.0776824951171875], [], [-0.5540771484375, 0.148651123046875, -0.3913116455078125, 0.71954345703125]
136810, 137.76910400390625, [1000.0, 49.0, 235.0, 111.0, 248.0, 139.0, 130.0, 0.0, 0.0, 1000.0, 0.0, 1000.0, 0.0, 1000.0, 907.0, 999.0, 999.0, 999.0, 999.0, 316.0, 330.0, 0.0, 0.0], [], [-0.9737701416015625, 0.189544677734375, -0.0989990234375, 0.0776824951171875], [], [-0.55401611328125, 0.14910888671875, -0.3903656005859375, 0.7200164794921875]
136820, 137.7794189453125, [1000.0, 49.0, 235.0, 111.0, 248.0, 139.0, 130.0, 0.0, 0.0, 1000.0, 0.0, 1000.0, 0.0, 1000.0, 907.0, 999.0, 999.0, 999.0, 999.0, 316.0, 330.0, 0.0, 0.0], [], [-0.9737701416015625, 0.189544677734375, -0.0989990234375, 0.0776824951171875], [], [-0.5540771484375, 0.1489410400390625, -0.3907318115234375, 0.7198028564453125]
136830, 137.78915405273438, [1000.0, 49.0, 235.0, 111.0, 248.0, 139.0, 130.0, 0.0, 0.0, 1000.0, 0.0, 1000.0, 0.0, 1000.0, 907.0, 999.0, 999.0, 999.0, 999.0, 316.0, 330.0, 0.0, 0.0], [], [-0.9737701416015625, 0.189544677734375, -0.0989990234375, 0.0776824951171875], [], [-0.5547332763671875, 0.1473236083984375, -0.39141845703125, 0.719268798828125]
136840, 137.79913330078125, [1000.0, 49.0, 235.0, 111.0, 248.0, 139.0, 130.0, 0.0, 0.0, 1000.0, 0.0, 1000.0, 0.0, 1000.0, 907.0, 999.0, 999.0, 999.0, 999.0, 316.0, 330.0, 0.0, 0.0], [], [-0.9737701416015625, 0.189544677734375, -0.0989990234375, 0.0776824951171875], [], [-0.5550689697265625, 0.1466522216796875, -0.3910980224609375, 0.7193145751953125]
136850, 137.80906677246094, [1000.0, 49.0, 235.0, 111.0, 248.0, 139.0, 130.0, 0.0, 0.0, 1000.0, 0.0, 1000.0, 0.0, 1000.0, 907.0, 999.0, 999.0, 999.0, 999.0, 316.0, 330.0, 0.0, 0.0], [], [-0.9737701416015625, 0.189544677734375, -0.0989990234375, 0.0776824951171875], [], [-0.5552978515625, 0.1467742919921875, -0.3892669677734375, 0.7201080322265625]
136860, 137.81912231445312, [1000.0, 49.0, 235.0, 111.0, 248.0, 139.0, 130.0, 0.0, 0.0, 1000.0, 0.0, 1000.0, 0.0, 1000.0, 907.0, 999.0, 999.0, 999.0, 999.0, 316.0, 330.0, 0.0, 0.0], [], [-0.9737701416015625, 0.189544677734375, -0.0989990234375, 0.0776824951171875], [], [-0.5557403564453125, 0.146087646484375, -0.388427734375, 0.7203521728515625]
136870, 137.82908630371094, [1000.0, 49.0, 235.0, 111.0, 248.0, 139.0, 130.0, 0.0, 0.0, 1000.0, 0.0, 1000.0, 0.0, 1000.0, 907.0, 999.0, 999.0, 999.0, 999.0, 316.0, 330.0, 0.0, 0.0], [], [-0.9737701416015625, 0.189544677734375, -0.0989990234375, 0.0776824951171875], [], [-0.5556793212890625, 0.146484375, -0.3880615234375, 0.72052001953125]
136880, 137.83912658691406, [1000.0, 49.0, 235.0, 111.0, 248.0, 139.0, 130.0, 0.0, 0.0, 1000.0, 0.0, 1000.0, 0.0, 1000.0, 907.0, 999.0, 999.0, 999.0, 999.0, 316.0, 330.0, 0.0, 0.0], [], [-0.9737701416015625, 0.189544677734375, -0.0989990234375, 0.0776824951171875], [], [-0.5552825927734375, 0.147308349609375, -0.388824462890625, 0.720245361328125]
136890, 137.84909057617188, [1000.0, 49.0, 235.0, 111.0, 248.0, 139.0, 130.0, 0.0, 0.0, 1000.0, 0.0, 1000.0, 0.0, 1000.0, 907.0, 999.0, 999.0, 999.0, 999.0, 316.0, 330.0, 0.0, 0.0], [], [-0.9737701416015625, 0.189544677734375, -0.0989990234375, 0.0776824951171875], [], [-0.553955078125, 0.1502685546875, -0.3891448974609375, 0.720489501953125]
136900, 137.8590545654297, [1000.0, 49.0, 235.0, 111.0, 248.0, 139.0, 130.0, 0.0, 0.0, 1000.0, 0.0, 1000.0, 0.0, 1000.0, 907.0, 999.0, 999.0, 999.0, 999.0, 316.0, 330.0, 0.0, 0.0], [], [-0.9737701416015625, 0.189544677734375, -0.0989990234375, 0.0776824951171875], [], [-0.5531005859375, 0.151153564453125, -0.391357421875, 0.719757080078125]
136910, 137.86912536621094, [1000.0, 49.0, 235.0, 111.0, 248.0, 139.0, 130.0, 0.0, 0.0, 1000.0, 0.0, 1000.0, 0.0, 1000.0, 907.0, 999.0, 999.0, 999.0, 999.0, 316.0, 330.0, 0.0, 0.0], [], [-0.9737701416015625, 0.189544677734375, -0.0989990234375, 0.0776824951171875], [], [-0.554290771484375, 0.147491455078125, -0.393218994140625, 0.7185821533203125]
136920, 137.8810272216797, [1000.0, 49.0, 235.0, 111.0, 248.0, 139.0, 130.0, 0.0, 0.0, 1000.0, 0.0, 1000.0, 0.0, 1000.0, 907.0, 999.0, 999.0, 999.0, 999.0, 316.0, 330.0, 0.0, 0.0], [], [-0.9737701416015625, 0.189544677734375, -0.0989990234375, 0.0776824951171875], [], [-0.5537872314453125, 0.1486358642578125, -0.3920135498046875, 0.719390869140625]
136930, 137.8891143798828, [1000.0, 49.0, 235.0, 111.0, 248.0, 139.0, 130.0, 0.0, 0.0, 1000.0, 0.0, 1000.0, 0.0, 1000.0, 907.0, 999.0, 999.0, 999.0, 999.0, 316.0, 330.0, 0.0, 0.0], [], [-0.9737701416015625, 0.189544677734375, -0.0989990234375, 0.0776824951171875], [], [-0.5545806884765625, 0.14739990234375, -0.38909912109375, 0.720611572265625]
136940, 137.89907836914062, [1000.0, 49.0, 235.0, 111.0, 248.0, 139.0, 130.0, 0.0, 0.0, 1000.0, 0.0, 1000.0, 0.0, 1000.0, 907.0, 999.0, 999.0, 999.0, 999.0, 316.0, 330.0, 0.0, 0.0], [], [-0.9737701416015625, 0.189544677734375, -0.0989990234375, 0.0776824951171875], [], [-0.5545501708984375, 0.1471710205078125, -0.389404296875, 0.72052001953125]
136950, 137.9090576171875, [1000.0, 49.0, 235.0, 111.0, 248.0, 139.0, 130.0, 0.0, 0.0, 1000.0, 0.0, 1000.0, 0.0, 1000.0, 907.0, 999.0, 999.0, 999.0, 999.0, 316.0, 330.0, 0.0, 0.0], [], [-0.9737701416015625, 0.189544677734375, -0.0989990234375, 0.0776824951171875], [], [-0.554473876953125, 0.147003173828125, -0.389739990234375, 0.720428466796875]
136960, 137.9191131591797, [1000.0, 49.0, 235.0, 111.0, 248.0, 139.0, 130.0, 0.0, 0.0, 1000.0, 0.0, 1000.0, 0.0, 1000.0, 907.0, 999.0, 999.0, 999.0, 999.0, 316.0, 330.0, 0.0, 0.0], [], [-0.9737701416015625, 0.189544677734375, -0.0989990234375, 0.0776824951171875], [], [-0.554351806640625, 0.14678955078125, -0.390289306640625, 0.72027587890625]
136970, 137.92910766601562, [1000.0, 49.0, 235.0, 111.0, 248.0, 139.0, 130.0, 0.0, 0.0, 1000.0, 0.0, 1000.0, 0.0, 1000.0, 907.0, 999.0, 999.0, 999.0, 999.0, 316.0, 330.0, 0.0, 0.0], [], [-0.9737701416015625, 0.189544677734375, -0.0989990234375, 0.0776824951171875], [], [-0.5542449951171875, 0.1464996337890625, -0.3907623291015625, 0.7201690673828125]
136980, 137.9390869140625, [1000.0, 49.0, 235.0, 111.0, 248.0, 139.0, 130.0, 0.0, 0.0, 1000.0, 0.0, 1000.0, 0.0, 1000.0, 907.0, 999.0, 999.0, 999.0, 999.0, 316.0, 330.0, 0.0, 0.0], [], [-0.9737701416015625, 0.189544677734375, -0.0989990234375, 0.0776824951171875], [], [-0.5541534423828125, 0.146240234375, -0.391387939453125, 0.719940185546875]
136990, 137.94908142089844, [1000.0, 49.0, 235.0, 111.0, 248.0, 139.0, 130.0, 0.0, 0.0, 1000.0, 0.0, 1000.0, 0.0, 1000.0, 907.0, 999.0, 999.0, 999.0, 999.0, 316.0, 330.0, 0.0, 0.0], [], [-0.9737701416015625, 0.189544677734375, -0.0989990234375, 0.0776824951171875], [], [-0.554107666015625, 0.145965576171875, -0.3916168212890625, 0.71990966796875]
137000, 137.9590606689453, [1000.0, 49.0, 235.0, 111.0, 248.0, 139.0, 130.0, 0.0, 0.0, 1000.0, 0.0, 1000.0, 0.0, 1000.0, 907.0, 999.0, 999.0, 999.0, 999.0, 316.0, 330.0, 0.0, 0.0], [], [-0.9737701416015625, 0.189544677734375, -0.0989990234375, 0.0776824951171875], [], [-0.5540771484375, 0.145843505859375, -0.3918609619140625, 0.719818115234375]
137010, 137.96913146972656, [1000.0, 49.0, 235.0, 111.0, 248.0, 139.0, 130.0, 0.0, 0.0, 1000.0, 0.0, 1000.0, 0.0, 1000.0, 907.0, 999.0, 999.0, 999.0, 999.0, 316.0, 330.0, 0.0, 0.0], [], [-0.9737701416015625, 0.189544677734375, -0.0989990234375, 0.0776824951171875], [], [-0.5544586181640625, 0.1449737548828125, -0.3916778564453125, 0.7198028564453125]
137020, 137.97911071777344, [1000.0, 49.0, 235.0, 111.0, 248.0, 139.0, 130.0, 0.0, 0.0, 1000.0, 0.0, 1000.0, 0.0, 1000.0, 907.0, 999.0, 999.0, 999.0, 999.0, 316.0, 330.0, 0.0, 0.0], [], [-0.9737701416015625, 0.189544677734375, -0.0989990234375, 0.0776824951171875], [], [-0.5546417236328125, 0.1445770263671875, -0.391510009765625, 0.7198333740234375]
137030, 137.99078369140625, [1000.0, 49.0, 235.0, 111.0, 248.0, 139.0, 130.0, 0.0, 0.0, 1000.0, 0.0, 1000.0, 0.0, 1000.0, 907.0, 999.0, 999.0, 999.0, 999.0, 316.0, 330.0, 0.0, 0.0], [], [-0.9737701416015625, 0.189544677734375, -0.0989990234375, 0.0776824951171875], [], [-0.5548553466796875, 0.1442108154296875, -0.391021728515625, 0.7200164794921875]
137040, 137.9990997314453, [1000.0, 49.0, 235.0, 111.0, 248.0, 139.0, 130.0, 0.0, 0.0, 1000.0, 0.0, 1000.0, 0.0, 1000.0, 907.0, 999.0, 999.0, 999.0, 999.0, 316.0, 330.0, 0.0, 0.0], [], [-0.9737701416015625, 0.189544677734375, -0.0989990234375, 0.0776824951171875], [], [-0.555023193359375, 0.14373779296875, -0.3913116455078125, 0.719818115234375]
137050, 138.00904846191406, [1000.0, 49.0, 235.0, 111.0, 248.0, 139.0, 130.0, 0.0, 0.0, 1000.0, 0.0, 1000.0, 0.0, 1000.0, 907.0, 999.0, 999.0, 999.0, 999.0, 316.0, 330.0, 0.0, 0.0], [], [-0.9737701416015625, 0.189544677734375, -0.0989990234375, 0.0776824951171875], [], [-0.5551300048828125, 0.1434173583984375, -0.3919219970703125, 0.7194671630859375]
137060, 138.01910400390625, [1000.0, 49.0, 235.0, 111.0, 248.0, 139.0, 130.0, 0.0, 0.0, 1000.0, 0.0, 1000.0, 0.0, 1000.0, 907.0, 999.0, 999.0, 999.0, 999.0, 316.0, 330.0, 0.0, 0.0], [], [-0.9737701416015625, 0.189544677734375, -0.0989990234375, 0.0776824951171875], [], [-0.554779052734375, 0.14373779296875, -0.3937530517578125, 0.7186737060546875]
137070, 138.02911376953125, [1000.0, 49.0, 235.0, 111.0, 248.0, 139.0, 130.0, 0.0, 0.0, 1000.0, 0.0, 1000.0, 0.0, 1000.0, 907.0, 999.0, 999.0, 999.0, 999.0, 316.0, 330.0, 0.0, 0.0], [], [-0.9737701416015625, 0.189544677734375, -0.0989990234375, 0.0776824951171875], [], [-0.554595947265625, 0.1437530517578125, -0.3954315185546875, 0.7178955078125]
137080, 138.03909301757812, [1000.0, 49.0, 235.0, 111.0, 248.0, 139.0, 130.0, 0.0, 0.0, 1000.0, 0.0, 1000.0, 0.0, 1000.0, 907.0, 999.0, 999.0, 999.0, 999.0, 316.0, 330.0, 0.0, 0.0], [], [-0.9737701416015625, 0.189544677734375, -0.0989990234375, 0.0776824951171875], [], [-0.554412841796875, 0.143707275390625, -0.3972320556640625, 0.717041015625]
137090, 138.04904174804688, [1000.0, 49.0, 235.0, 111.0, 248.0, 139.0, 130.0, 0.0, 0.0, 1000.0, 0.0, 1000.0, 0.0, 1000.0, 907.0, 999.0, 999.0, 999.0, 999.0, 316.0, 330.0, 0.0, 0.0], [], [-0.9737701416015625, 0.189544677734375, -0.0989990234375, 0.0776824951171875], [], [-0.554534912109375, 0.1430816650390625, -0.39862060546875, 0.71630859375]
137100, 138.05909729003906, [1000.0, 49.0, 235.0, 111.0, 248.0, 139.0, 130.0, 0.0, 0.0, 1000.0, 0.0, 1000.0, 0.0, 1000.0, 907.0, 999.0, 999.0, 999.0, 999.0, 316.0, 330.0, 0.0, 0.0], [], [-0.9737701416015625, 0.189544677734375, -0.0989990234375, 0.0776824951171875], [], [-0.554351806640625, 0.143280029296875, -0.3993682861328125, 0.7159881591796875]
137110, 138.069091796875, [1000.0, 49.0, 235.0, 111.0, 248.0, 139.0, 130.0, 0.0, 0.0, 1000.0, 0.0, 1000.0, 0.0, 1000.0, 907.0, 999.0, 999.0, 999.0, 999.0, 316.0, 330.0, 0.0, 0.0], [], [-0.9737701416015625, 0.189544677734375, -0.0989990234375, 0.0776824951171875], [], [-0.5545196533203125, 0.1425323486328125, -0.4008331298828125, 0.7151947021484375]
137120, 138.07907104492188, [1000.0, 49.0, 235.0, 111.0, 248.0, 139.0, 130.0, 0.0, 0.0, 1000.0, 0.0, 1000.0, 0.0, 1000.0, 907.0, 999.0, 999.0, 999.0, 999.0, 316.0, 330.0, 0.0, 0.0], [], [-0.9737701416015625, 0.189544677734375, -0.0989990234375, 0.0776824951171875], [], [-0.5546417236328125, 0.1421356201171875, -0.401702880859375, 0.714691162109375]
137130, 138.08905029296875, [1000.0, 49.0, 235.0, 111.0, 248.0, 139.0, 130.0, 0.0, 0.0, 1000.0, 0.0, 1000.0, 0.0, 1000.0, 907.0, 999.0, 999.0, 999.0, 999.0, 316.0, 330.0, 0.0, 0.0], [], [-0.9737701416015625, 0.189544677734375, -0.0989990234375, 0.0776824951171875], [], [-0.554656982421875, 0.14208984375, -0.40240478515625, 0.7142791748046875]
137140, 138.09910583496094, [1000.0, 49.0, 235.0, 111.0, 248.0, 139.0, 130.0, 0.0, 0.0, 1000.0, 0.0, 1000.0, 0.0, 1000.0, 907.0, 999.0, 999.0, 999.0, 999.0, 316.0, 330.0, 0.0, 0.0], [], [-0.9737701416015625, 0.189544677734375, -0.0989990234375, 0.0776824951171875], [], [-0.5549774169921875, 0.1414642333984375, -0.403228759765625, 0.7136993408203125]
137150, 138.10902404785156, [1000.0, 49.0, 235.0, 111.0, 248.0, 139.0, 130.0, 0.0, 0.0, 1000.0, 0.0, 1000.0, 0.0, 1000.0, 907.0, 999.0, 999.0, 999.0, 999.0, 316.0, 330.0, 0.0, 0.0], [], [-0.9737701416015625, 0.189544677734375, -0.0989990234375, 0.0776824951171875], [], [-0.5550689697265625, 0.141265869140625, -0.4044036865234375, 0.7130126953125]
137160, 138.11912536621094, [1000.0, 49.0, 235.0, 111.0, 248.0, 139.0, 130.0, 0.0, 0.0, 1000.0, 0.0, 1000.0, 0.0, 1000.0, 907.0, 999.0, 999.0, 999.0, 999.0, 316.0, 330.0, 0.0, 0.0], [], [-0.9737701416015625, 0.189544677734375, -0.0989990234375, 0.0776824951171875], [], [-0.5553131103515625, 0.1408843994140625, -0.405426025390625, 0.712310791015625]
137170, 138.12905883789062, [1000.0, 49.0, 235.0, 111.0, 248.0, 139.0, 130.0, 0.0, 0.0, 1000.0, 0.0, 1000.0, 0.0, 1000.0, 907.0, 999.0, 999.0, 999.0, 999.0, 316.0, 330.0, 0.0, 0.0], [], [-0.9737701416015625, 0.189544677734375, -0.0989990234375, 0.0776824951171875], [], [-0.5549774169921875, 0.1414642333984375, -0.40716552734375, 0.711456298828125]
137180, 138.1391143798828, [1000.0, 49.0, 235.0, 111.0, 248.0, 139.0, 130.0, 0.0, 0.0, 1000.0, 0.0, 1000.0, 0.0, 1000.0, 907.0, 999.0, 999.0, 999.0, 999.0, 316.0, 330.0, 0.0, 0.0], [], [-0.9737701416015625, 0.189544677734375, -0.0989990234375, 0.0776824951171875], [], [-0.554840087890625, 0.1417388916015625, -0.40887451171875, 0.7105255126953125]
137190, 138.15237426757812, [1000.0, 49.0, 235.0, 111.0, 248.0, 139.0, 130.0, 0.0, 0.0, 1000.0, 0.0, 1000.0, 0.0, 1000.0, 907.0, 999.0, 999.0, 999.0, 999.0, 316.0, 330.0, 0.0, 0.0], [], [-0.9737701416015625, 0.189544677734375, -0.0989990234375, 0.0776824951171875], [], [-0.5544891357421875, 0.1425018310546875, -0.410186767578125, 0.7098846435546875]
137200, 138.15895080566406, [1000.0, 49.0, 235.0, 111.0, 248.0, 139.0, 130.0, 0.0, 0.0, 1000.0, 0.0, 1000.0, 0.0, 1000.0, 907.0, 999.0, 999.0, 999.0, 999.0, 316.0, 330.0, 0.0, 0.0], [], [-0.9737701416015625, 0.189544677734375, -0.0989990234375, 0.0776824951171875], [], [-0.5547027587890625, 0.1428680419921875, -0.4091644287109375, 0.7102508544921875]
137210, 138.16908264160156, [1000.0, 49.0, 235.0, 111.0, 248.0, 139.0, 130.0, 0.0, 0.0, 1000.0, 0.0, 1000.0, 0.0, 1000.0, 907.0, 999.0, 999.0, 999.0, 999.0, 316.0, 330.0, 0.0, 0.0], [], [-0.9737701416015625, 0.189544677734375, -0.0989990234375, 0.0776824951171875], [], [-0.5554656982421875, 0.142364501953125, -0.407135009765625, 0.7109222412109375]
137220, 138.17909240722656, [1000.0, 49.0, 235.0, 111.0, 248.0, 139.0, 130.0, 0.0, 0.0, 1000.0, 0.0, 1000.0, 0.0, 1000.0, 907.0, 999.0, 999.0, 999.0, 999.0, 316.0, 330.0, 0.0, 0.0], [], [-0.9737701416015625, 0.189544677734375, -0.0989990234375, 0.0776824951171875], [], [-0.5551300048828125, 0.1437835693359375, -0.4064483642578125, 0.7112884521484375]
137230, 138.18911743164062, [1000.0, 49.0, 235.0, 111.0, 248.0, 139.0, 130.0, 0.0, 0.0, 1000.0, 0.0, 1000.0, 0.0, 1000.0, 907.0, 999.0, 999.0, 999.0, 999.0, 316.0, 330.0, 0.0, 0.0], [], [-0.9737701416015625, 0.189544677734375, -0.0989990234375, 0.0776824951171875], [], [-0.5554962158203125, 0.1436920166015625, -0.40570068359375, 0.7114410400390625]
137240, 138.1990203857422, [1000.0, 49.0, 235.0, 111.0, 248.0, 139.0, 130.0, 0.0, 0.0, 1000.0, 0.0, 1000.0, 0.0, 1000.0, 907.0, 999.0, 999.0, 999.0, 999.0, 316.0, 330.0, 0.0, 0.0], [], [-0.9737701416015625, 0.189544677734375, -0.0989990234375, 0.0776824951171875], [], [-0.5559844970703125, 0.14306640625, -0.4059600830078125, 0.711029052734375]
137250, 138.2089385986328, [1000.0, 49.0, 235.0, 111.0, 248.0, 139.0, 130.0, 0.0, 0.0, 1000.0, 0.0, 1000.0, 0.0, 1000.0, 907.0, 999.0, 999.0, 999.0, 999.0, 316.0, 330.0, 0.0, 0.0], [], [-0.9737701416015625, 0.189544677734375, -0.0989990234375, 0.0776824951171875], [], [-0.5562896728515625, 0.1430206298828125, -0.40570068359375, 0.710968017578125]
137260, 138.2191162109375, [1000.0, 49.0, 235.0, 111.0, 248.0, 139.0, 130.0, 0.0, 0.0, 1000.0, 0.0, 1000.0, 0.0, 1000.0, 907.0, 999.0, 999.0, 999.0, 999.0, 316.0, 330.0, 0.0, 0.0], [], [-0.9737701416015625, 0.189544677734375, -0.0989990234375, 0.0776824951171875], [], [-0.556121826171875, 0.14385986328125, -0.40582275390625, 0.710845947265625]
137270, 138.2290802001953, [1000.0, 49.0, 235.0, 111.0, 248.0, 139.0, 130.0, 0.0, 0.0, 1000.0, 0.0, 1000.0, 0.0, 1000.0, 907.0, 999.0, 999.0, 999.0, 999.0, 316.0, 330.0, 0.0, 0.0], [], [-0.9737701416015625, 0.189544677734375, -0.0989990234375, 0.0776824951171875], [], [-0.556243896484375, 0.144378662109375, -0.405059814453125, 0.711090087890625]
137280, 138.23912048339844, [1000.0, 49.0, 235.0, 111.0, 248.0, 139.0, 130.0, 0.0, 0.0, 1000.0, 0.0, 1000.0, 0.0, 1000.0, 907.0, 999.0, 999.0, 999.0, 999.0, 316.0, 330.0, 0.0, 0.0], [], [-0.9737701416015625, 0.189544677734375, -0.0989990234375, 0.0776824951171875], [], [-0.5559234619140625, 0.1451873779296875, -0.40594482421875, 0.710662841796875]
137290, 138.24900817871094, [1000.0, 49.0, 235.0, 111.0, 248.0, 139.0, 130.0, 0.0, 0.0, 1000.0, 0.0, 1000.0, 0.0, 1000.0, 907.0, 999.0, 999.0, 999.0, 999.0, 316.0, 330.0, 0.0, 0.0], [], [-0.9737701416015625, 0.189544677734375, -0.0989990234375, 0.0776824951171875], [], [-0.556060791015625, 0.1455078125, -0.4050140380859375, 0.711029052734375]
137300, 138.2628173828125, [1000.0, 49.0, 235.0, 111.0, 248.0, 139.0, 130.0, 0.0, 0.0, 1000.0, 0.0, 1000.0, 0.0, 1000.0, 907.0, 999.0, 999.0, 999.0, 999.0, 316.0, 330.0, 0.0, 0.0], [], [-0.9737701416015625, 0.189544677734375, -0.0989990234375, 0.0776824951171875], [], [-0.55621337890625, 0.1447296142578125, -0.406524658203125, 0.710205078125]
137310, 138.26905822753906, [1000.0, 49.0, 235.0, 111.0, 248.0, 139.0, 130.0, 0.0, 0.0, 1000.0, 0.0, 1000.0, 0.0, 1000.0, 907.0, 999.0, 999.0, 999.0, 999.0, 316.0, 330.0, 0.0, 0.0], [], [-0.9737701416015625, 0.189544677734375, -0.0989990234375, 0.0776824951171875], [], [-0.556488037109375, 0.1446075439453125, -0.4050445556640625, 0.7108612060546875]
137320, 138.27935791015625, [1000.0, 49.0, 235.0, 111.0, 248.0, 139.0, 130.0, 0.0, 0.0, 1000.0, 0.0, 1000.0, 0.0, 1000.0, 907.0, 999.0, 999.0, 999.0, 999.0, 316.0, 330.0, 0.0, 0.0], [], [-0.9737701416015625, 0.189544677734375, -0.0989990234375, 0.0776824951171875], [], [-0.556396484375, 0.1448822021484375, -0.4046173095703125, 0.7111053466796875]
137330, 138.28924560546875, [1000.0, 49.0, 235.0, 111.0, 248.0, 139.0, 130.0, 0.0, 0.0, 1000.0, 0.0, 1000.0, 0.0, 1000.0, 907.0, 999.0, 999.0, 999.0, 999.0, 316.0, 330.0, 0.0, 0.0], [], [-0.9737701416015625, 0.189544677734375, -0.0989990234375, 0.0776824951171875], [], [-0.5557861328125, 0.145538330078125, -0.40655517578125, 0.7103424072265625]
137340, 138.29922485351562, [1000.0, 49.0, 235.0, 111.0, 248.0, 139.0, 130.0, 0.0, 0.0, 1000.0, 0.0, 1000.0, 0.0, 1000.0, 907.0, 999.0, 999.0, 999.0, 999.0, 316.0, 330.0, 0.0, 0.0], [], [-0.9737701416015625, 0.189544677734375, -0.0989990234375, 0.0776824951171875], [], [-0.5564422607421875, 0.14422607421875, -0.405731201171875, 0.7105865478515625]
137350, 138.30911254882812, [1000.0, 49.0, 235.0, 111.0, 248.0, 139.0, 130.0, 0.0, 0.0, 1000.0, 0.0, 1000.0, 0.0, 1000.0, 907.0, 999.0, 999.0, 999.0, 999.0, 316.0, 330.0, 0.0, 0.0], [], [-0.9737701416015625, 0.189544677734375, -0.0989990234375, 0.0776824951171875], [], [-0.55560302734375, 0.1450653076171875, -0.408050537109375, 0.7097320556640625]
137360, 138.3191375732422, [1000.0, 49.0, 235.0, 111.0, 248.0, 139.0, 130.0, 0.0, 0.0, 1000.0, 0.0, 1000.0, 0.0, 1000.0, 907.0, 999.0, 999.0, 999.0, 999.0, 316.0, 330.0, 0.0, 0.0], [], [-0.9737701416015625, 0.189544677734375, -0.0989990234375, 0.0776824951171875], [], [-0.5554046630859375, 0.14520263671875, -0.4082489013671875, 0.709747314453125]
137370, 138.32936096191406, [1000.0, 49.0, 235.0, 111.0, 248.0, 139.0, 130.0, 0.0, 0.0, 1000.0, 0.0, 1000.0, 0.0, 1000.0, 907.0, 999.0, 999.0, 999.0, 999.0, 316.0, 330.0, 0.0, 0.0], [], [-0.9737701416015625, 0.189544677734375, -0.0989990234375, 0.0776824951171875], [], [-0.5551300048828125, 0.1461029052734375, -0.406494140625, 0.710784912109375]
137380, 138.33912658691406, [1000.0, 49.0, 235.0, 111.0, 248.0, 139.0, 130.0, 0.0, 0.0, 1000.0, 0.0, 1000.0, 0.0, 1000.0, 907.0, 999.0, 999.0, 999.0, 999.0, 316.0, 330.0, 0.0, 0.0], [], [-0.9737701416015625, 0.189544677734375, -0.0989990234375, 0.0776824951171875], [], [-0.55487060546875, 0.1466217041015625, -0.4048919677734375, 0.7118072509765625]
137390, 138.34925842285156, [1000.0, 49.0, 235.0, 111.0, 248.0, 139.0, 130.0, 0.0, 0.0, 1000.0, 0.0, 1000.0, 0.0, 1000.0, 907.0, 999.0, 999.0, 999.0, 999.0, 316.0, 330.0, 0.0, 0.0], [], [-0.9737701416015625, 0.189544677734375, -0.0989990234375, 0.0776824951171875], [], [-0.555999755859375, 0.1441802978515625, -0.4029693603515625, 0.7125091552734375]
137400, 138.35928344726562, [1000.0, 49.0, 235.0, 111.0, 248.0, 139.0, 130.0, 0.0, 0.0, 1000.0, 0.0, 1000.0, 0.0, 1000.0, 907.0, 999.0, 999.0, 999.0, 999.0, 316.0, 330.0, 0.0, 0.0], [], [-0.9737701416015625, 0.189544677734375, -0.0989990234375, 0.0776824951171875], [], [-0.555419921875, 0.1446990966796875, -0.4033203125, 0.712646484375]
137410, 138.36929321289062, [1000.0, 49.0, 235.0, 111.0, 248.0, 139.0, 130.0, 0.0, 0.0, 1000.0, 0.0, 1000.0, 0.0, 1000.0, 907.0, 999.0, 999.0, 999.0, 999.0, 316.0, 330.0, 0.0, 0.0], [], [-0.9737701416015625, 0.189544677734375, -0.0989990234375, 0.0776824951171875], [], [-0.5552520751953125, 0.1434478759765625, -0.4060211181640625, 0.7115020751953125]
137420, 138.3793182373047, [1000.0, 49.0, 235.0, 111.0, 248.0, 139.0, 130.0, 0.0, 0.0, 1000.0, 0.0, 1000.0, 0.0, 1000.0, 907.0, 999.0, 999.0, 999.0, 999.0, 316.0, 330.0, 0.0, 0.0], [], [-0.9737701416015625, 0.189544677734375, -0.0989990234375, 0.0776824951171875], [], [-0.5546875, 0.1432647705078125, -0.4082794189453125, 0.7106781005859375]
137430, 138.38929748535156, [1000.0, 49.0, 235.0, 111.0, 248.0, 139.0, 130.0, 0.0, 0.0, 1000.0, 0.0, 1000.0, 0.0, 1000.0, 907.0, 999.0, 999.0, 999.0, 999.0, 316.0, 330.0, 0.0, 0.0], [], [-0.9737701416015625, 0.189544677734375, -0.0989990234375, 0.0776824951171875], [], [-0.5536651611328125, 0.1442718505859375, -0.409912109375, 0.7103424072265625]
137440, 138.39927673339844, [1000.0, 49.0, 235.0, 111.0, 248.0, 139.0, 130.0, 0.0, 0.0, 1000.0, 0.0, 1000.0, 0.0, 1000.0, 907.0, 999.0, 999.0, 999.0, 999.0, 316.0, 330.0, 0.0, 0.0], [], [-0.9737701416015625, 0.189544677734375, -0.0989990234375, 0.0776824951171875], [], [-0.5534515380859375, 0.1439971923828125, -0.4099884033203125, 0.7105255126953125]
137450, 138.4091033935547, [1000.0, 49.0, 235.0, 111.0, 248.0, 139.0, 130.0, 0.0, 0.0, 1000.0, 0.0, 1000.0, 0.0, 1000.0, 907.0, 999.0, 999.0, 999.0, 999.0, 316.0, 330.0, 0.0, 0.0], [], [-0.9737701416015625, 0.189544677734375, -0.0989990234375, 0.0776824951171875], [], [-0.5532379150390625, 0.1436614990234375, -0.4100494384765625, 0.710723876953125]
137460, 138.4251251220703, [1000.0, 49.0, 235.0, 111.0, 248.0, 139.0, 130.0, 0.0, 0.0, 1000.0, 0.0, 1000.0, 0.0, 1000.0, 907.0, 999.0, 999.0, 999.0, 999.0, 316.0, 330.0, 0.0, 0.0], [], [-0.9737701416015625, 0.189544677734375, -0.0989990234375, 0.0776824951171875], [], [-0.553070068359375, 0.14324951171875, -0.410125732421875, 0.7108917236328125]
137470, 138.4290008544922, [1000.0, 49.0, 235.0, 111.0, 248.0, 139.0, 130.0, 0.0, 0.0, 1000.0, 0.0, 1000.0, 0.0, 1000.0, 907.0, 999.0, 999.0, 999.0, 999.0, 316.0, 330.0, 0.0, 0.0], [], [-0.9737701416015625, 0.189544677734375, -0.0989990234375, 0.0776824951171875], [], [-0.55291748046875, 0.1430511474609375, -0.409912109375, 0.7111663818359375]
137480, 138.4390106201172, [1000.0, 49.0, 235.0, 111.0, 248.0, 139.0, 130.0, 0.0, 0.0, 1000.0, 0.0, 1000.0, 0.0, 1000.0, 907.0, 999.0, 999.0, 999.0, 999.0, 316.0, 330.0, 0.0, 0.0], [], [-0.9737701416015625, 0.189544677734375, -0.0989990234375, 0.0776824951171875], [], [-0.5530548095703125, 0.1423492431640625, -0.4097137451171875, 0.7113189697265625]
137490, 138.44906616210938, [1000.0, 49.0, 235.0, 111.0, 248.0, 139.0, 130.0, 0.0, 0.0, 1000.0, 0.0, 1000.0, 0.0, 1000.0, 907.0, 999.0, 999.0, 999.0, 999.0, 316.0, 330.0, 0.0, 0.0], [], [-0.9737701416015625, 0.189544677734375, -0.0989990234375, 0.0776824951171875], [], [-0.55303955078125, 0.14208984375, -0.409515380859375, 0.71148681640625]
137500, 138.4590301513672, [1000.0, 49.0, 235.0, 111.0, 248.0, 139.0, 130.0, 0.0, 0.0, 1000.0, 0.0, 1000.0, 0.0, 1000.0, 907.0, 999.0, 999.0, 999.0, 999.0, 316.0, 330.0, 0.0, 0.0], [], [-0.9737701416015625, 0.189544677734375, -0.0989990234375, 0.0776824951171875], [], [-0.552947998046875, 0.1421051025390625, -0.4090423583984375, 0.7118377685546875]
137510, 138.46910095214844, [1000.0, 49.0, 235.0, 111.0, 248.0, 139.0, 130.0, 0.0, 0.0, 1000.0, 0.0, 1000.0, 0.0, 1000.0, 907.0, 999.0, 999.0, 999.0, 999.0, 316.0, 330.0, 0.0, 0.0], [], [-0.9737701416015625, 0.189544677734375, -0.0989990234375, 0.0776824951171875], [], [-0.5529632568359375, 0.141754150390625, -0.409149169921875, 0.7118377685546875]
137520, 138.47909545898438, [1000.0, 49.0, 235.0, 111.0, 248.0, 139.0, 130.0, 0.0, 0.0, 1000.0, 0.0, 1000.0, 0.0, 1000.0, 907.0, 999.0, 999.0, 999.0, 999.0, 316.0, 330.0, 0.0, 0.0], [], [-0.9737701416015625, 0.189544677734375, -0.0989990234375, 0.0776824951171875], [], [-0.55291748046875, 0.1417236328125, -0.408935546875, 0.7119903564453125]
137530, 138.48904418945312, [1000.0, 49.0, 235.0, 111.0, 248.0, 139.0, 130.0, 0.0, 0.0, 1000.0, 0.0, 1000.0, 0.0, 1000.0, 907.0, 999.0, 999.0, 999.0, 999.0, 316.0, 330.0, 0.0, 0.0], [], [-0.9737701416015625, 0.189544677734375, -0.0989990234375, 0.0776824951171875], [], [-0.552947998046875, 0.141571044921875, -0.4088897705078125, 0.7120361328125]
137540, 138.49905395507812, [1000.0, 49.0, 235.0, 111.0, 248.0, 139.0, 130.0, 0.0, 0.0, 1000.0, 0.0, 1000.0, 0.0, 1000.0, 907.0, 999.0, 999.0, 999.0, 999.0, 316.0, 330.0, 0.0, 0.0], [], [-0.9737701416015625, 0.189544677734375, -0.0989990234375, 0.0776824951171875], [], [-0.553009033203125, 0.1412506103515625, -0.409393310546875, 0.711761474609375]
137550, 138.5089874267578, [1000.0, 49.0, 235.0, 111.0, 248.0, 139.0, 130.0, 0.0, 0.0, 1000.0, 0.0, 1000.0, 0.0, 1000.0, 907.0, 999.0, 999.0, 999.0, 999.0, 316.0, 330.0, 0.0, 0.0], [], [-0.9737701416015625, 0.189544677734375, -0.0989990234375, 0.0776824951171875], [], [-0.552947998046875, 0.1413116455078125, -0.40960693359375, 0.7116851806640625]
137560, 138.51902770996094, [1000.0, 49.0, 235.0, 111.0, 248.0, 139.0, 130.0, 0.0, 0.0, 1000.0, 0.0, 1000.0, 0.0, 1000.0, 907.0, 999.0, 999.0, 999.0, 999.0, 316.0, 330.0, 0.0, 0.0], [], [-0.9737701416015625, 0.189544677734375, -0.0989990234375, 0.0776824951171875], [], [-0.553131103515625, 0.141143798828125, -0.4088592529296875, 0.7119903564453125]
137570, 138.5290069580078, [1000.0, 49.0, 235.0, 111.0, 248.0, 139.0, 130.0, 0.0, 0.0, 1000.0, 0.0, 1000.0, 0.0, 1000.0, 907.0, 999.0, 999.0, 999.0, 999.0, 316.0, 330.0, 0.0, 0.0], [], [-0.9737701416015625, 0.189544677734375, -0.0989990234375, 0.0776824951171875], [], [-0.5533599853515625, 0.1404266357421875, -0.4093017578125, 0.711700439453125]
137580, 138.53903198242188, [1000.0, 49.0, 235.0, 111.0, 248.0, 139.0, 130.0, 0.0, 0.0, 1000.0, 0.0, 1000.0, 0.0, 1000.0, 907.0, 999.0, 999.0, 999.0, 999.0, 316.0, 330.0, 0.0, 0.0], [], [-0.9737701416015625, 0.189544677734375, -0.0989990234375, 0.0776824951171875], [], [-0.5531158447265625, 0.1407470703125, -0.4098052978515625, 0.7115325927734375]
137590, 138.549072265625, [1000.0, 49.0, 235.0, 111.0, 248.0, 139.0, 130.0, 0.0, 0.0, 1000.0, 0.0, 1000.0, 0.0, 1000.0, 907.0, 999.0, 999.0, 999.0, 999.0, 316.0, 330.0, 0.0, 0.0], [], [-0.9737701416015625, 0.189544677734375, -0.0989990234375, 0.0776824951171875], [], [-0.5528564453125, 0.14111328125, -0.4104156494140625, 0.7113189697265625]
137600, 138.55899047851562, [1000.0, 49.0, 235.0, 111.0, 248.0, 139.0, 130.0, 0.0, 0.0, 1000.0, 0.0, 1000.0, 0.0, 1000.0, 907.0, 999.0, 999.0, 999.0, 999.0, 316.0, 330.0, 0.0, 0.0], [], [-0.9737701416015625, 0.189544677734375, -0.0989990234375, 0.0776824951171875], [], [-0.55322265625, 0.140289306640625, -0.410491943359375, 0.711151123046875]
137610, 138.56910705566406, [1000.0, 49.0, 235.0, 111.0, 248.0, 139.0, 130.0, 0.0, 0.0, 1000.0, 0.0, 1000.0, 0.0, 1000.0, 907.0, 999.0, 999.0, 999.0, 999.0, 316.0, 330.0, 0.0, 0.0], [], [-0.9737701416015625, 0.189544677734375, -0.0989990234375, 0.0776824951171875], [], [-0.5535430908203125, 0.1400146484375, -0.4098052978515625, 0.7113494873046875]
137620, 138.5858612060547, [1000.0, 49.0, 235.0, 111.0, 248.0, 139.0, 130.0, 0.0, 0.0, 1000.0, 0.0, 1000.0, 0.0, 1000.0, 907.0, 999.0, 999.0, 999.0, 999.0, 316.0, 330.0, 0.0, 0.0], [], [-0.9737701416015625, 0.189544677734375, -0.0989990234375, 0.0776824951171875], [], [-0.5535125732421875, 0.140228271484375, -0.4096221923828125, 0.71142578125]
137630, 138.58901977539062, [1000.0, 49.0, 235.0, 111.0, 248.0, 139.0, 130.0, 0.0, 0.0, 1000.0, 0.0, 1000.0, 0.0, 1000.0, 907.0, 999.0, 999.0, 999.0, 999.0, 316.0, 330.0, 0.0, 0.0], [], [-0.9737701416015625, 0.189544677734375, -0.0989990234375, 0.0776824951171875], [], [-0.55316162109375, 0.140899658203125, -0.4100189208984375, 0.7113494873046875]
137640, 138.5990447998047, [1000.0, 49.0, 235.0, 111.0, 248.0, 139.0, 130.0, 0.0, 0.0, 1000.0, 0.0, 1000.0, 0.0, 1000.0, 907.0, 999.0, 999.0, 999.0, 999.0, 316.0, 330.0, 0.0, 0.0], [], [-0.9737701416015625, 0.189544677734375, -0.0989990234375, 0.0776824951171875], [], [-0.5528106689453125, 0.1408843994140625, -0.412628173828125, 0.710113525390625]
137650, 138.609375, [1000.0, 49.0, 235.0, 111.0, 248.0, 139.0, 130.0, 0.0, 0.0, 1000.0, 0.0, 1000.0, 0.0, 1000.0, 907.0, 999.0, 999.0, 999.0, 999.0, 316.0, 330.0, 0.0, 0.0], [], [-0.9737701416015625, 0.189544677734375, -0.0989990234375, 0.0776824951171875], [], [-0.553619384765625, 0.138946533203125, -0.412689208984375, 0.7098388671875]
137660, 138.6193389892578, [1000.0, 49.0, 235.0, 111.0, 248.0, 139.0, 130.0, 0.0, 0.0, 1000.0, 0.0, 1000.0, 0.0, 1000.0, 907.0, 999.0, 999.0, 999.0, 999.0, 316.0, 330.0, 0.0, 0.0], [], [-0.9737701416015625, 0.189544677734375, -0.0989990234375, 0.0776824951171875], [], [-0.55401611328125, 0.1385955810546875, -0.41156005859375, 0.7102508544921875]
137670, 138.62937927246094, [1000.0, 49.0, 235.0, 111.0, 248.0, 139.0, 130.0, 0.0, 0.0, 1000.0, 0.0, 1000.0, 0.0, 1000.0, 907.0, 999.0, 999.0, 999.0, 999.0, 316.0, 330.0, 0.0, 0.0], [], [-0.9737701416015625, 0.189544677734375, -0.0989990234375, 0.0776824951171875], [], [-0.554656982421875, 0.1374359130859375, -0.4105072021484375, 0.7105865478515625]
137680, 138.64083862304688, [1000.0, 49.0, 235.0, 111.0, 248.0, 139.0, 130.0, 0.0, 0.0, 1000.0, 0.0, 1000.0, 0.0, 1000.0, 907.0, 999.0, 999.0, 999.0, 999.0, 316.0, 330.0, 0.0, 0.0], [], [-0.9737701416015625, 0.189544677734375, -0.0989990234375, 0.0776824951171875], [], [-0.5550079345703125, 0.1366119384765625, -0.4108123779296875, 0.710296630859375]
137690, 138.6492462158203, [1000.0, 49.0, 235.0, 111.0, 248.0, 139.0, 130.0, 0.0, 0.0, 1000.0, 0.0, 1000.0, 0.0, 1000.0, 907.0, 999.0, 999.0, 999.0, 999.0, 316.0, 330.0, 0.0, 0.0], [], [-0.9737701416015625, 0.189544677734375, -0.0989990234375, 0.0776824951171875], [], [-0.5549163818359375, 0.136993408203125, -0.4103240966796875, 0.7105712890625]
137700, 138.6591796875, [1000.0, 49.0, 235.0, 111.0, 248.0, 139.0, 130.0, 0.0, 0.0, 1000.0, 0.0, 1000.0, 0.0, 1000.0, 907.0, 999.0, 999.0, 999.0, 999.0, 316.0, 330.0, 0.0, 0.0], [], [-0.9737701416015625, 0.189544677734375, -0.0989990234375, 0.0776824951171875], [], [-0.5550689697265625, 0.13720703125, -0.408782958984375, 0.7112884521484375]
137710, 138.66909790039062, [1000.0, 49.0, 235.0, 111.0, 248.0, 139.0, 130.0, 0.0, 0.0, 1000.0, 0.0, 1000.0, 0.0, 1000.0, 907.0, 999.0, 999.0, 999.0, 999.0, 316.0, 330.0, 0.0, 0.0], [], [-0.9737701416015625, 0.189544677734375, -0.0989990234375, 0.0776824951171875], [], [-0.5546875, 0.1379852294921875, -0.409027099609375, 0.7113037109375]
137720, 138.67929077148438, [1000.0, 49.0, 235.0, 111.0, 248.0, 139.0, 130.0, 0.0, 0.0, 1000.0, 0.0, 1000.0, 0.0, 1000.0, 907.0, 999.0, 999.0, 999.0, 999.0, 316.0, 330.0, 0.0, 0.0], [], [-0.9737701416015625, 0.189544677734375, -0.0989990234375, 0.0776824951171875], [], [-0.55426025390625, 0.1385345458984375, -0.4102020263671875, 0.710845947265625]
137730, 138.69668579101562, [1000.0, 49.0, 235.0, 111.0, 248.0, 139.0, 130.0, 0.0, 0.0, 1000.0, 0.0, 1000.0, 0.0, 1000.0, 907.0, 999.0, 999.0, 999.0, 999.0, 316.0, 330.0, 0.0, 0.0], [], [-0.9737701416015625, 0.189544677734375, -0.0989990234375, 0.0776824951171875], [], [-0.55426025390625, 0.1385498046875, -0.4102630615234375, 0.7108154296875]
137740, 138.69912719726562, [1000.0, 49.0, 235.0, 111.0, 248.0, 139.0, 130.0, 0.0, 0.0, 1000.0, 0.0, 1000.0, 0.0, 1000.0, 907.0, 999.0, 999.0, 999.0, 999.0, 316.0, 330.0, 0.0, 0.0], [], [-0.9737701416015625, 0.189544677734375, -0.0989990234375, 0.0776824951171875], [], [-0.5547943115234375, 0.13726806640625, -0.4104766845703125, 0.7105255126953125]
137750, 138.7091064453125, [1000.0, 49.0, 235.0, 111.0, 248.0, 139.0, 130.0, 0.0, 0.0, 1000.0, 0.0, 1000.0, 0.0, 1000.0, 907.0, 999.0, 999.0, 999.0, 999.0, 316.0, 330.0, 0.0, 0.0], [], [-0.9737701416015625, 0.189544677734375, -0.0989990234375, 0.0776824951171875], [], [-0.55511474609375, 0.13671875, -0.4099884033203125, 0.710662841796875]
137760, 138.71923828125, [1000.0, 49.0, 235.0, 111.0, 248.0, 139.0, 130.0, 0.0, 0.0, 1000.0, 0.0, 1000.0, 0.0, 1000.0, 907.0, 999.0, 999.0, 999.0, 999.0, 316.0, 330.0, 0.0, 0.0], [], [-0.9737701416015625, 0.189544677734375, -0.0989990234375, 0.0776824951171875], [], [-0.555023193359375, 0.136688232421875, -0.4105072021484375, 0.7104339599609375]
137770, 138.72930908203125, [1000.0, 49.0, 235.0, 111.0, 248.0, 139.0, 130.0, 0.0, 0.0, 1000.0, 0.0, 1000.0, 0.0, 1000.0, 907.0, 999.0, 999.0, 999.0, 999.0, 316.0, 330.0, 0.0, 0.0], [], [-0.9737701416015625, 0.189544677734375, -0.0989990234375, 0.0776824951171875], [], [-0.5555419921875, 0.1358795166015625, -0.409515380859375, 0.71075439453125]
137780, 138.7392578125, [1000.0, 49.0, 235.0, 111.0, 248.0, 139.0, 130.0, 0.0, 0.0, 1000.0, 0.0, 1000.0, 0.0, 1000.0, 907.0, 999.0, 999.0, 999.0, 999.0, 316.0, 330.0, 0.0, 0.0], [], [-0.9737701416015625, 0.189544677734375, -0.0989990234375, 0.0776824951171875], [], [-0.5556182861328125, 0.1361236572265625, -0.408538818359375, 0.711212158203125]
137790, 138.74903869628906, [1000.0, 49.0, 235.0, 111.0, 248.0, 139.0, 130.0, 0.0, 0.0, 1000.0, 0.0, 1000.0, 0.0, 1000.0, 907.0, 999.0, 999.0, 999.0, 999.0, 316.0, 330.0, 0.0, 0.0], [], [-0.9737701416015625, 0.189544677734375, -0.0989990234375, 0.0776824951171875], [], [-0.5563812255859375, 0.1346893310546875, -0.4084320068359375, 0.710968017578125]
137800, 138.7591094970703, [1000.0, 49.0, 235.0, 111.0, 248.0, 139.0, 130.0, 0.0, 0.0, 1000.0, 0.0, 1000.0, 0.0, 1000.0, 907.0, 999.0, 999.0, 999.0, 999.0, 316.0, 330.0, 0.0, 0.0], [], [-0.9737701416015625, 0.189544677734375, -0.0989990234375, 0.0776824951171875], [], [-0.5557403564453125, 0.136016845703125, -0.410003662109375, 0.710296630859375]
137810, 138.76914978027344, [1000.0, 49.0, 235.0, 111.0, 248.0, 139.0, 130.0, 0.0, 0.0, 1000.0, 0.0, 1000.0, 0.0, 1000.0, 907.0, 999.0, 999.0, 999.0, 999.0, 316.0, 330.0, 0.0, 0.0], [], [-0.9737701416015625, 0.189544677734375, -0.0989990234375, 0.0776824951171875], [], [-0.555755615234375, 0.13671875, -0.40911865234375, 0.710662841796875]
137820, 138.7791290283203, [1000.0, 49.0, 235.0, 111.0, 248.0, 139.0, 130.0, 0.0, 0.0, 1000.0, 0.0, 1000.0, 0.0, 1000.0, 907.0, 999.0, 999.0, 999.0, 999.0, 316.0, 330.0, 0.0, 0.0], [], [-0.9737701416015625, 0.189544677734375, -0.0989990234375, 0.0776824951171875], [], [-0.55499267578125, 0.1384735107421875, -0.4100189208984375, 0.7104034423828125]
137830, 138.7891082763672, [1000.0, 49.0, 235.0, 111.0, 248.0, 139.0, 130.0, 0.0, 0.0, 1000.0, 0.0, 1000.0, 0.0, 1000.0, 907.0, 999.0, 999.0, 999.0, 999.0, 316.0, 330.0, 0.0, 0.0], [], [-0.9737701416015625, 0.189544677734375, -0.0989990234375, 0.0776824951171875], [], [-0.555206298828125, 0.1388092041015625, -0.4087371826171875, 0.710906982421875]
137840, 138.79983520507812, [1000.0, 49.0, 235.0, 111.0, 248.0, 139.0, 130.0, 0.0, 0.0, 1000.0, 0.0, 1000.0, 0.0, 1000.0, 907.0, 999.0, 999.0, 999.0, 999.0, 316.0, 330.0, 0.0, 0.0], [], [-0.9737701416015625, 0.189544677734375, -0.0989990234375, 0.0776824951171875], [], [-0.5556182861328125, 0.138641357421875, -0.40753173828125, 0.7113037109375]
137850, 138.80909729003906, [1000.0, 49.0, 235.0, 111.0, 248.0, 139.0, 130.0, 0.0, 0.0, 1000.0, 0.0, 1000.0, 0.0, 1000.0, 907.0, 999.0, 999.0, 999.0, 999.0, 316.0, 330.0, 0.0, 0.0], [], [-0.9737701416015625, 0.189544677734375, -0.0989990234375, 0.0776824951171875], [], [-0.5555419921875, 0.139434814453125, -0.406707763671875, 0.711669921875]
137860, 138.81910705566406, [1000.0, 49.0, 235.0, 111.0, 248.0, 139.0, 130.0, 0.0, 0.0, 1000.0, 0.0, 1000.0, 0.0, 1000.0, 907.0, 999.0, 999.0, 999.0, 999.0, 316.0, 330.0, 0.0, 0.0], [], [-0.9737701416015625, 0.189544677734375, -0.0989990234375, 0.0776824951171875], [], [-0.5556640625, 0.13922119140625, -0.4073638916015625, 0.71124267578125]
137870, 138.82940673828125, [1000.0, 49.0, 235.0, 111.0, 248.0, 139.0, 130.0, 0.0, 0.0, 1000.0, 0.0, 1000.0, 0.0, 1000.0, 907.0, 999.0, 999.0, 999.0, 999.0, 316.0, 330.0, 0.0, 0.0], [], [-0.9737701416015625, 0.189544677734375, -0.0989990234375, 0.0776824951171875], [], [-0.5546875, 0.1416168212890625, -0.4078216552734375, 0.7112884521484375]
137880, 138.83926391601562, [1000.0, 49.0, 235.0, 111.0, 248.0, 139.0, 130.0, 0.0, 0.0, 1000.0, 0.0, 1000.0, 0.0, 1000.0, 907.0, 999.0, 999.0, 999.0, 999.0, 316.0, 330.0, 0.0, 0.0], [], [-0.9737701416015625, 0.189544677734375, -0.0989990234375, 0.0776824951171875], [], [-0.5550079345703125, 0.1416015625, -0.406585693359375, 0.7117462158203125]
137890, 138.85948181152344, [1000.0, 49.0, 235.0, 111.0, 248.0, 139.0, 130.0, 0.0, 0.0, 1000.0, 0.0, 1000.0, 0.0, 1000.0, 907.0, 999.0, 999.0, 999.0, 999.0, 316.0, 330.0, 0.0, 0.0], [], [-0.9737701416015625, 0.189544677734375, -0.0989990234375, 0.0776824951171875], [], [-0.553375244140625, 0.143890380859375, -0.4108123779296875, 0.7101287841796875]
137900, 138.8692626953125, [1000.0, 49.0, 235.0, 111.0, 248.0, 139.0, 130.0, 0.0, 0.0, 1000.0, 0.0, 1000.0, 0.0, 1000.0, 907.0, 999.0, 999.0, 999.0, 999.0, 316.0, 330.0, 0.0, 0.0], [], [-0.9737701416015625, 0.189544677734375, -0.0989990234375, 0.0776824951171875], [], [-0.553558349609375, 0.1429290771484375, -0.412872314453125, 0.708984375]
137910, 138.87916564941406, [1000.0, 49.0, 235.0, 111.0, 248.0, 139.0, 130.0, 0.0, 0.0, 1000.0, 0.0, 1000.0, 0.0, 1000.0, 907.0, 999.0, 999.0, 999.0, 999.0, 316.0, 330.0, 0.0, 0.0], [], [-0.9737701416015625, 0.189544677734375, -0.0989990234375, 0.0776824951171875], [], [-0.5541839599609375, 0.1417083740234375, -0.4129791259765625, 0.70867919921875]
137920, 138.88912963867188, [1000.0, 49.0, 235.0, 111.0, 248.0, 139.0, 130.0, 0.0, 0.0, 1000.0, 0.0, 1000.0, 0.0, 1000.0, 907.0, 999.0, 999.0, 999.0, 999.0, 316.0, 330.0, 0.0, 0.0], [], [-0.9737701416015625, 0.189544677734375, -0.0989990234375, 0.0776824951171875], [], [-0.5548248291015625, 0.141937255859375, -0.408447265625, 0.71075439453125]
137930, 138.89906311035156, [1000.0, 49.0, 235.0, 111.0, 248.0, 139.0, 130.0, 0.0, 0.0, 1000.0, 0.0, 1000.0, 0.0, 1000.0, 907.0, 999.0, 999.0, 999.0, 999.0, 316.0, 330.0, 0.0, 0.0], [], [-0.9737701416015625, 0.189544677734375, -0.0989990234375, 0.0776824951171875], [], [-0.5540618896484375, 0.1430206298828125, -0.410064697265625, 0.7101898193359375]
137940, 138.9090576171875, [1000.0, 49.0, 235.0, 111.0, 248.0, 139.0, 130.0, 0.0, 0.0, 1000.0, 0.0, 1000.0, 0.0, 1000.0, 907.0, 999.0, 999.0, 999.0, 999.0, 316.0, 330.0, 0.0, 0.0], [], [-0.9737701416015625, 0.189544677734375, -0.0989990234375, 0.0776824951171875], [], [-0.5540771484375, 0.1429290771484375, -0.4100189208984375, 0.7102203369140625]
137950, 138.9191131591797, [1000.0, 49.0, 235.0, 111.0, 248.0, 139.0, 130.0, 0.0, 0.0, 1000.0, 0.0, 1000.0, 0.0, 1000.0, 907.0, 999.0, 999.0, 999.0, 999.0, 316.0, 330.0, 0.0, 0.0], [], [-0.9737701416015625, 0.189544677734375, -0.0989990234375, 0.0776824951171875], [], [-0.554046630859375, 0.1428375244140625, -0.4100189208984375, 0.71026611328125]
137960, 138.92909240722656, [1000.0, 49.0, 235.0, 111.0, 248.0, 139.0, 130.0, 0.0, 0.0, 1000.0, 0.0, 1000.0, 0.0, 1000.0, 907.0, 999.0, 999.0, 999.0, 999.0, 316.0, 330.0, 0.0, 0.0], [], [-0.9737701416015625, 0.189544677734375, -0.0989990234375, 0.0776824951171875], [], [-0.553955078125, 0.1427459716796875, -0.41009521484375, 0.7103271484375]
137970, 138.9391326904297, [1000.0, 49.0, 235.0, 111.0, 248.0, 139.0, 130.0, 0.0, 0.0, 1000.0, 0.0, 1000.0, 0.0, 1000.0, 907.0, 999.0, 999.0, 999.0, 999.0, 316.0, 330.0, 0.0, 0.0], [], [-0.9737701416015625, 0.189544677734375, -0.0989990234375, 0.0776824951171875], [], [-0.5540008544921875, 0.1424713134765625, -0.410003662109375, 0.71038818359375]
137980, 138.94906616210938, [1000.0, 49.0, 235.0, 111.0, 248.0, 139.0, 130.0, 0.0, 0.0, 1000.0, 0.0, 1000.0, 0.0, 1000.0, 907.0, 999.0, 999.0, 999.0, 999.0, 316.0, 330.0, 0.0, 0.0], [], [-0.9737701416015625, 0.189544677734375, -0.0989990234375, 0.0776824951171875], [], [-0.5540008544921875, 0.1422576904296875, -0.4099884033203125, 0.71044921875]
137990, 138.95907592773438, [1000.0, 49.0, 235.0, 111.0, 248.0, 139.0, 130.0, 0.0, 0.0, 1000.0, 0.0, 1000.0, 0.0, 1000.0, 907.0, 999.0, 999.0, 999.0, 999.0, 316.0, 330.0, 0.0, 0.0], [], [-0.9737701416015625, 0.189544677734375, -0.0989990234375, 0.0776824951171875], [], [-0.553985595703125, 0.1421051025390625, -0.409912109375, 0.7105255126953125]
138000, 138.96902465820312, [1000.0, 49.0, 235.0, 111.0, 248.0, 139.0, 130.0, 0.0, 0.0, 1000.0, 0.0, 1000.0, 0.0, 1000.0, 907.0, 999.0, 999.0, 999.0, 999.0, 316.0, 330.0, 0.0, 0.0], [], [-0.9737701416015625, 0.189544677734375, -0.0989990234375, 0.0776824951171875], [], [-0.553985595703125, 0.1419219970703125, -0.410003662109375, 0.71051025390625]
138010, 138.9790802001953, [1000.0, 49.0, 235.0, 111.0, 248.0, 139.0, 130.0, 0.0, 0.0, 1000.0, 0.0, 1000.0, 0.0, 1000.0, 907.0, 999.0, 999.0, 999.0, 999.0, 316.0, 330.0, 0.0, 0.0], [], [-0.9737701416015625, 0.189544677734375, -0.0989990234375, 0.0776824951171875], [], [-0.5542449951171875, 0.14129638671875, -0.4097137451171875, 0.710601806640625]
138020, 138.9890899658203, [1000.0, 49.0, 235.0, 111.0, 248.0, 139.0, 130.0, 0.0, 0.0, 1000.0, 0.0, 1000.0, 0.0, 1000.0, 907.0, 999.0, 999.0, 999.0, 999.0, 316.0, 330.0, 0.0, 0.0], [], [-0.9737701416015625, 0.189544677734375, -0.0989990234375, 0.0776824951171875], [], [-0.5543365478515625, 0.1411285400390625, -0.409454345703125, 0.7107086181640625]
138030, 138.9990692138672, [1000.0, 49.0, 235.0, 111.0, 248.0, 139.0, 130.0, 0.0, 0.0, 1000.0, 0.0, 1000.0, 0.0, 1000.0, 907.0, 999.0, 999.0, 999.0, 999.0, 316.0, 330.0, 0.0, 0.0], [], [-0.9737701416015625, 0.189544677734375, -0.0989990234375, 0.0776824951171875], [], [-0.554290771484375, 0.141143798828125, -0.4095916748046875, 0.7106781005859375]
138040, 139.00906372070312, [1000.0, 49.0, 235.0, 111.0, 248.0, 139.0, 130.0, 0.0, 0.0, 1000.0, 0.0, 1000.0, 0.0, 1000.0, 907.0, 999.0, 999.0, 999.0, 999.0, 316.0, 330.0, 0.0, 0.0], [], [-0.9737701416015625, 0.189544677734375, -0.0989990234375, 0.0776824951171875], [], [-0.554351806640625, 0.1409454345703125, -0.409698486328125, 0.710601806640625]
138050, 139.01901245117188, [1000.0, 49.0, 235.0, 111.0, 248.0, 139.0, 130.0, 0.0, 0.0, 1000.0, 0.0, 1000.0, 0.0, 1000.0, 907.0, 999.0, 999.0, 999.0, 999.0, 316.0, 330.0, 0.0, 0.0], [], [-0.9737701416015625, 0.189544677734375, -0.0989990234375, 0.0776824951171875], [], [-0.5547332763671875, 0.1402740478515625, -0.4091796875, 0.710723876953125]
138060, 139.02908325195312, [1000.0, 49.0, 235.0, 111.0, 248.0, 139.0, 130.0, 0.0, 0.0, 1000.0, 0.0, 1000.0, 0.0, 1000.0, 907.0, 999.0, 999.0, 999.0, 999.0, 316.0, 330.0, 0.0, 0.0], [], [-0.9737701416015625, 0.189544677734375, -0.0989990234375, 0.0776824951171875], [], [-0.554718017578125, 0.140228271484375, -0.4094696044921875, 0.7105865478515625]
138070, 139.0393524169922, [1000.0, 49.0, 235.0, 111.0, 248.0, 139.0, 130.0, 0.0, 0.0, 1000.0, 0.0, 1000.0, 0.0, 1000.0, 907.0, 999.0, 999.0, 999.0, 999.0, 316.0, 330.0, 0.0, 0.0], [], [-0.9737701416015625, 0.189544677734375, -0.0989990234375, 0.0776824951171875], [], [-0.55487060546875, 0.1399383544921875, -0.4094390869140625, 0.710540771484375]
138080, 139.04945373535156, [1000.0, 49.0, 235.0, 111.0, 248.0, 139.0, 130.0, 0.0, 0.0, 1000.0, 0.0, 1000.0, 0.0, 1000.0, 907.0, 999.0, 999.0, 999.0, 999.0, 316.0, 330.0, 0.0, 0.0], [], [-0.9737701416015625, 0.189544677734375, -0.0989990234375, 0.0776824951171875], [], [-0.5553436279296875, 0.1392974853515625, -0.4083099365234375, 0.7109527587890625]
138090, 139.05955505371094, [1000.0, 49.0, 235.0, 111.0, 248.0, 139.0, 130.0, 0.0, 0.0, 1000.0, 0.0, 1000.0, 0.0, 1000.0, 907.0, 999.0, 999.0, 999.0, 999.0, 316.0, 330.0, 0.0, 0.0], [], [-0.9737701416015625, 0.189544677734375, -0.0989990234375, 0.0776824951171875], [], [-0.5559234619140625, 0.1384124755859375, -0.40728759765625, 0.7112579345703125]
138100, 139.06924438476562, [1000.0, 49.0, 235.0, 111.0, 248.0, 139.0, 130.0, 0.0, 0.0, 1000.0, 0.0, 1000.0, 0.0, 1000.0, 907.0, 999.0, 999.0, 999.0, 999.0, 316.0, 330.0, 0.0, 0.0], [], [-0.9737701416015625, 0.189544677734375, -0.0989990234375, 0.0776824951171875], [], [-0.555938720703125, 0.13861083984375, -0.4066619873046875, 0.7115631103515625]
138110, 139.07911682128906, [1000.0, 49.0, 235.0, 111.0, 248.0, 139.0, 130.0, 0.0, 0.0, 1000.0, 0.0, 1000.0, 0.0, 1000.0, 907.0, 999.0, 999.0, 999.0, 999.0, 316.0, 330.0, 0.0, 0.0], [], [-0.9737701416015625, 0.189544677734375, -0.0989990234375, 0.0776824951171875], [], [-0.556182861328125, 0.1380462646484375, -0.4068145751953125, 0.7113800048828125]
138120, 139.08912658691406, [1000.0, 49.0, 235.0, 111.0, 248.0, 139.0, 130.0, 0.0, 0.0, 1000.0, 0.0, 1000.0, 0.0, 1000.0, 907.0, 999.0, 999.0, 999.0, 999.0, 316.0, 330.0, 0.0, 0.0], [], [-0.9737701416015625, 0.189544677734375, -0.0989990234375, 0.0776824951171875], [], [-0.5560760498046875, 0.13818359375, -0.4073944091796875, 0.71112060546875]
138130, 139.09902954101562, [1000.0, 49.0, 235.0, 111.0, 248.0, 139.0, 130.0, 0.0, 0.0, 1000.0, 0.0, 1000.0, 0.0, 1000.0, 907.0, 999.0, 999.0, 999.0, 999.0, 316.0, 330.0, 0.0, 0.0], [], [-0.9737701416015625, 0.189544677734375, -0.0989990234375, 0.0776824951171875], [], [-0.5558319091796875, 0.1385650634765625, -0.40789794921875, 0.7109375]
138140, 139.1090545654297, [1000.0, 49.0, 235.0, 111.0, 248.0, 139.0, 130.0, 0.0, 0.0, 1000.0, 0.0, 1000.0, 0.0, 1000.0, 907.0, 999.0, 999.0, 999.0, 999.0, 316.0, 330.0, 0.0, 0.0], [], [-0.9737701416015625, 0.189544677734375, -0.0989990234375, 0.0776824951171875], [], [-0.5560455322265625, 0.138031005859375, -0.40814208984375, 0.7107391357421875]
138150, 139.11904907226562, [1000.0, 49.0, 235.0, 111.0, 248.0, 139.0, 130.0, 0.0, 0.0, 1000.0, 0.0, 1000.0, 0.0, 1000.0, 907.0, 999.0, 999.0, 999.0, 999.0, 316.0, 330.0, 0.0, 0.0], [], [-0.9737701416015625, 0.189544677734375, -0.0989990234375, 0.0776824951171875], [], [-0.5557098388671875, 0.1383514404296875, -0.409271240234375, 0.7102813720703125]
138160, 139.12905883789062, [1000.0, 49.0, 235.0, 111.0, 248.0, 139.0, 130.0, 0.0, 0.0, 1000.0, 0.0, 1000.0, 0.0, 1000.0, 907.0, 999.0, 999.0, 999.0, 999.0, 316.0, 330.0, 0.0, 0.0], [], [-0.9737701416015625, 0.189544677734375, -0.0989990234375, 0.0776824951171875], [], [-0.5558929443359375, 0.1385345458984375, -0.40771484375, 0.71099853515625]
138170, 139.13909912109375, [1000.0, 49.0, 235.0, 111.0, 248.0, 139.0, 130.0, 0.0, 0.0, 1000.0, 0.0, 1000.0, 0.0, 1000.0, 907.0, 999.0, 999.0, 999.0, 999.0, 316.0, 330.0, 0.0, 0.0], [], [-0.9737701416015625, 0.189544677734375, -0.0989990234375, 0.0776824951171875], [], [-0.5563812255859375, 0.13763427734375, -0.407257080078125, 0.7110595703125]
138180, 139.1490020751953, [1000.0, 49.0, 235.0, 111.0, 248.0, 139.0, 130.0, 0.0, 0.0, 1000.0, 0.0, 1000.0, 0.0, 1000.0, 907.0, 999.0, 999.0, 999.0, 999.0, 316.0, 330.0, 0.0, 0.0], [], [-0.9737701416015625, 0.189544677734375, -0.0989990234375, 0.0776824951171875], [], [-0.5558929443359375, 0.1385040283203125, -0.4080352783203125, 0.7108306884765625]
138190, 139.1590576171875, [1000.0, 49.0, 235.0, 111.0, 248.0, 139.0, 130.0, 0.0, 0.0, 1000.0, 0.0, 1000.0, 0.0, 1000.0, 907.0, 999.0, 999.0, 999.0, 999.0, 316.0, 330.0, 0.0, 0.0], [], [-0.9737701416015625, 0.189544677734375, -0.0989990234375, 0.0776824951171875], [], [-0.5560150146484375, 0.1380615234375, -0.408447265625, 0.7105865478515625]
138200, 139.16912841796875, [1000.0, 49.0, 235.0, 111.0, 248.0, 139.0, 130.0, 0.0, 0.0, 1000.0, 0.0, 1000.0, 0.0, 1000.0, 907.0, 999.0, 999.0, 999.0, 999.0, 316.0, 330.0, 0.0, 0.0], [], [-0.9737701416015625, 0.189544677734375, -0.0989990234375, 0.0776824951171875], [], [-0.5564422607421875, 0.137420654296875, -0.407684326171875, 0.7108154296875]
138210, 139.1791534423828, [1000.0, 49.0, 235.0, 111.0, 248.0, 139.0, 130.0, 0.0, 0.0, 1000.0, 0.0, 1000.0, 0.0, 1000.0, 907.0, 999.0, 999.0, 999.0, 999.0, 316.0, 330.0, 0.0, 0.0], [], [-0.9737701416015625, 0.189544677734375, -0.0989990234375, 0.0776824951171875], [], [-0.5555572509765625, 0.1390228271484375, -0.4088287353515625, 0.7105255126953125]
138220, 139.1890869140625, [1000.0, 49.0, 235.0, 111.0, 248.0, 139.0, 130.0, 0.0, 0.0, 1000.0, 0.0, 1000.0, 0.0, 1000.0, 907.0, 999.0, 999.0, 999.0, 999.0, 316.0, 330.0, 0.0, 0.0], [], [-0.9737701416015625, 0.189544677734375, -0.0989990234375, 0.0776824951171875], [], [-0.55596923828125, 0.13836669921875, -0.408111572265625, 0.71075439453125]
138230, 139.19900512695312, [1000.0, 49.0, 235.0, 111.0, 248.0, 139.0, 130.0, 0.0, 0.0, 1000.0, 0.0, 1000.0, 0.0, 1000.0, 907.0, 999.0, 999.0, 999.0, 999.0, 316.0, 330.0, 0.0, 0.0], [], [-0.9737701416015625, 0.189544677734375, -0.0989990234375, 0.0776824951171875], [], [-0.55621337890625, 0.1378631591796875, -0.4080657958984375, 0.7106781005859375]
138240, 139.2090606689453, [1000.0, 49.0, 235.0, 111.0, 248.0, 139.0, 130.0, 0.0, 0.0, 1000.0, 0.0, 1000.0, 0.0, 1000.0, 907.0, 999.0, 999.0, 999.0, 999.0, 316.0, 330.0, 0.0, 0.0], [], [-0.9737701416015625, 0.189544677734375, -0.0989990234375, 0.0776824951171875], [], [-0.5566558837890625, 0.137359619140625, -0.4066314697265625, 0.7112579345703125]
138250, 139.21913146972656, [1000.0, 49.0, 235.0, 111.0, 248.0, 139.0, 130.0, 0.0, 0.0, 1000.0, 0.0, 1000.0, 0.0, 1000.0, 907.0, 999.0, 999.0, 999.0, 999.0, 316.0, 330.0, 0.0, 0.0], [], [-0.9737701416015625, 0.189544677734375, -0.0989990234375, 0.0776824951171875], [], [-0.556304931640625, 0.138031005859375, -0.4069976806640625, 0.711181640625]
138260, 139.22909545898438, [1000.0, 49.0, 235.0, 111.0, 248.0, 139.0, 130.0, 0.0, 0.0, 1000.0, 0.0, 1000.0, 0.0, 1000.0, 907.0, 999.0, 999.0, 999.0, 999.0, 316.0, 330.0, 0.0, 0.0], [], [-0.9737701416015625, 0.189544677734375, -0.0989990234375, 0.0776824951171875], [], [-0.5567779541015625, 0.137176513671875, -0.4066314697265625, 0.7111968994140625]
138270, 139.23887634277344, [1000.0, 49.0, 235.0, 111.0, 248.0, 139.0, 130.0, 0.0, 0.0, 1000.0, 0.0, 1000.0, 0.0, 1000.0, 907.0, 999.0, 999.0, 999.0, 999.0, 316.0, 330.0, 0.0, 0.0], [], [-0.9737701416015625, 0.189544677734375, -0.0989990234375, 0.0776824951171875], [], [-0.55645751953125, 0.1378021240234375, -0.4070892333984375, 0.7110748291015625]
138280, 139.24900817871094, [1000.0, 49.0, 235.0, 111.0, 248.0, 139.0, 130.0, 0.0, 0.0, 1000.0, 0.0, 1000.0, 0.0, 1000.0, 907.0, 999.0, 999.0, 999.0, 999.0, 316.0, 330.0, 0.0, 0.0], [], [-0.9737701416015625, 0.189544677734375, -0.0989990234375, 0.0776824951171875], [], [-0.55621337890625, 0.1376800537109375, -0.408966064453125, 0.710205078125]
138290, 139.25906372070312, [1000.0, 49.0, 235.0, 111.0, 248.0, 139.0, 130.0, 0.0, 0.0, 1000.0, 0.0, 1000.0, 0.0, 1000.0, 907.0, 999.0, 999.0, 999.0, 999.0, 316.0, 330.0, 0.0, 0.0], [], [-0.9737701416015625, 0.189544677734375, -0.0989990234375, 0.0776824951171875], [], [-0.5557403564453125, 0.1389007568359375, -0.4084625244140625, 0.7106170654296875]
138300, 139.2691192626953, [1000.0, 49.0, 235.0, 111.0, 248.0, 139.0, 130.0, 0.0, 0.0, 1000.0, 0.0, 1000.0, 0.0, 1000.0, 907.0, 999.0, 999.0, 999.0, 999.0, 316.0, 330.0, 0.0, 0.0], [], [-0.9737701416015625, 0.189544677734375, -0.0989990234375, 0.0776824951171875], [], [-0.5557708740234375, 0.1393585205078125, -0.407135009765625, 0.7112884521484375]
138310, 139.2791290283203, [1000.0, 49.0, 235.0, 111.0, 248.0, 139.0, 130.0, 0.0, 0.0, 1000.0, 0.0, 1000.0, 0.0, 1000.0, 907.0, 999.0, 999.0, 999.0, 999.0, 316.0, 330.0, 0.0, 0.0], [], [-0.9737701416015625, 0.189544677734375, -0.0989990234375, 0.0776824951171875], [], [-0.5556640625, 0.13958740234375, -0.4073028564453125, 0.7112274169921875]
138320, 139.28912353515625, [1000.0, 49.0, 235.0, 111.0, 248.0, 139.0, 130.0, 0.0, 0.0, 1000.0, 0.0, 1000.0, 0.0, 1000.0, 907.0, 999.0, 999.0, 999.0, 999.0, 316.0, 330.0, 0.0, 0.0], [], [-0.9737701416015625, 0.189544677734375, -0.0989990234375, 0.0776824951171875], [], [-0.5551605224609375, 0.1405487060546875, -0.407806396484375, 0.7111358642578125]
138330, 139.29901123046875, [1000.0, 49.0, 235.0, 111.0, 248.0, 139.0, 130.0, 0.0, 0.0, 1000.0, 0.0, 1000.0, 0.0, 1000.0, 907.0, 999.0, 999.0, 999.0, 999.0, 316.0, 330.0, 0.0, 0.0], [], [-0.9737701416015625, 0.189544677734375, -0.0989990234375, 0.0776824951171875], [], [-0.5569610595703125, 0.13720703125, -0.40594482421875, 0.7114410400390625]
138340, 139.3090057373047, [1000.0, 49.0, 235.0, 111.0, 248.0, 139.0, 130.0, 0.0, 0.0, 1000.0, 0.0, 1000.0, 0.0, 1000.0, 907.0, 999.0, 999.0, 999.0, 999.0, 316.0, 330.0, 0.0, 0.0], [], [-0.9737701416015625, 0.189544677734375, -0.0989990234375, 0.0776824951171875], [], [-0.5569305419921875, 0.13726806640625, -0.40618896484375, 0.7113037109375]
138350, 139.31910705566406, [1000.0, 49.0, 235.0, 111.0, 248.0, 139.0, 130.0, 0.0, 0.0, 1000.0, 0.0, 1000.0, 0.0, 1000.0, 907.0, 999.0, 999.0, 999.0, 999.0, 316.0, 330.0, 0.0, 0.0], [], [-0.9737701416015625, 0.189544677734375, -0.0989990234375, 0.0776824951171875], [], [-0.5568084716796875, 0.1372222900390625, -0.4071807861328125, 0.7108612060546875]
138360, 139.3291473388672, [1000.0, 49.0, 235.0, 111.0, 248.0, 139.0, 130.0, 0.0, 0.0, 1000.0, 0.0, 1000.0, 0.0, 1000.0, 907.0, 999.0, 999.0, 999.0, 999.0, 316.0, 330.0, 0.0, 0.0], [], [-0.9737701416015625, 0.189544677734375, -0.0989990234375, 0.0776824951171875], [], [-0.55731201171875, 0.13592529296875, -0.40777587890625, 0.7103729248046875]
138370, 139.339111328125, [1000.0, 49.0, 235.0, 111.0, 248.0, 139.0, 130.0, 0.0, 0.0, 1000.0, 0.0, 1000.0, 0.0, 1000.0, 907.0, 999.0, 999.0, 999.0, 999.0, 316.0, 330.0, 0.0, 0.0], [], [-0.9737701416015625, 0.189544677734375, -0.0989990234375, 0.0776824951171875], [], [-0.55560302734375, 0.1381378173828125, -0.4121856689453125, 0.7087249755859375]
138380, 139.34901428222656, [1000.0, 49.0, 235.0, 111.0, 248.0, 139.0, 130.0, 0.0, 0.0, 1000.0, 0.0, 1000.0, 0.0, 1000.0, 907.0, 999.0, 999.0, 999.0, 999.0, 316.0, 330.0, 0.0, 0.0], [], [-0.9737701416015625, 0.189544677734375, -0.0989990234375, 0.0776824951171875], [], [-0.555267333984375, 0.138427734375, -0.413238525390625, 0.7083282470703125]
138390, 139.3590545654297, [1000.0, 49.0, 235.0, 111.0, 248.0, 139.0, 130.0, 0.0, 0.0, 1000.0, 0.0, 1000.0, 0.0, 1000.0, 907.0, 999.0, 999.0, 999.0, 999.0, 316.0, 330.0, 0.0, 0.0], [], [-0.9737701416015625, 0.189544677734375, -0.0989990234375, 0.0776824951171875], [], [-0.5560302734375, 0.1375732421875, -0.41082763671875, 0.70928955078125]
138400, 139.36911010742188, [1000.0, 49.0, 235.0, 111.0, 248.0, 139.0, 130.0, 0.0, 0.0, 1000.0, 0.0, 1000.0, 0.0, 1000.0, 907.0, 999.0, 999.0, 999.0, 999.0, 316.0, 330.0, 0.0, 0.0], [], [-0.9737701416015625, 0.189544677734375, -0.0989990234375, 0.0776824951171875], [], [-0.5564422607421875, 0.13702392578125, -0.40972900390625, 0.709716796875]
138410, 139.37945556640625, [1000.0, 49.0, 235.0, 111.0, 248.0, 139.0, 130.0, 0.0, 0.0, 1000.0, 0.0, 1000.0, 0.0, 1000.0, 907.0, 999.0, 999.0, 999.0, 999.0, 316.0, 330.0, 0.0, 0.0], [], [-0.9737701416015625, 0.189544677734375, -0.0989990234375, 0.0776824951171875], [], [-0.5562896728515625, 0.1377410888671875, -0.4086456298828125, 0.7103118896484375]
138420, 139.3893585205078, [1000.0, 49.0, 235.0, 111.0, 248.0, 139.0, 130.0, 0.0, 0.0, 1000.0, 0.0, 1000.0, 0.0, 1000.0, 907.0, 999.0, 999.0, 999.0, 999.0, 316.0, 330.0, 0.0, 0.0], [], [-0.9737701416015625, 0.189544677734375, -0.0989990234375, 0.0776824951171875], [], [-0.556243896484375, 0.137420654296875, -0.4098968505859375, 0.709686279296875]
