87750, 88.40911865234375, [1000.0, 48.0, 219.0, 44.0, 152.0, 0.0, 58.0, 0.0, 23.0, 1000.0, 0.0, 1000.0, 0.0, 1000.0, 916.0, 999.0, 999.0, 999.0, 999.0, 338.0, 294.0, 0.0, 0.0], [], [-0.1141510009765625, 0.0639801025390625, -0.1813507080078125, 0.9746551513671875], [], [0.908721923828125, -0.2507171630859375, 0.093902587890625, -0.3202056884765625]
87760, 88.41907501220703, [1000.0, 48.0, 219.0, 44.0, 152.0, 0.0, 58.0, 0.0, 23.0, 1000.0, 0.0, 1000.0, 0.0, 1000.0, 916.0, 999.0, 999.0, 999.0, 999.0, 338.0, 295.0, 0.0, 0.0], [], [-0.1140899658203125, 0.064117431640625, -0.18133544921875, 0.9746551513671875], [], [0.9076385498046875, -0.2547149658203125, 0.09490966796875, -0.3198089599609375]
87770, 88.42912292480469, [1000.0, 48.0, 219.0, 44.0, 152.0, 0.0, 60.0, 0.0, 24.0, 1000.0, 0.0, 1000.0, 0.0, 1000.0, 912.0, 999.0, 999.0, 999.0, 999.0, 336.0, 296.0, 0.0, 0.0], [], [-0.1140594482421875, 0.0642242431640625, -0.1812896728515625, 0.97467041015625], [], [0.9063720703125, -0.25921630859375, 0.0980072021484375, -0.31884765625]
87780, 88.43927001953125, [1000.0, 48.0, 219.0, 45.0, 153.0, 0.0, 59.0, 0.0, 23.0, 1000.0, 0.0, 1000.0, 0.0, 1000.0, 912.0, 999.0, 999.0, 999.0, 999.0, 335.0, 297.0, 0.0, 0.0], [], [-0.114044189453125, 0.064117431640625, -0.180694580078125, 0.97479248046875], [], [0.905670166015625, -0.261749267578125, 0.10015869140625, -0.318115234375]
87790, 88.4490737915039, [1000.0, 48.0, 219.0, 45.0, 152.0, 0.0, 59.0, 0.0, 24.0, 1000.0, 0.0, 1000.0, 0.0, 1000.0, 914.0, 999.0, 999.0, 999.0, 999.0, 336.0, 299.0, 0.0, 0.0], [], [-0.1140289306640625, 0.0640869140625, -0.1801910400390625, 0.974884033203125], [], [0.9044036865234375, -0.266082763671875, 0.1041107177734375, -0.316864013671875]
87800, 88.45918273925781, [1000.0, 48.0, 221.0, 45.0, 153.0, 0.0, 58.0, 0.0, 24.0, 1000.0, 0.0, 1000.0, 0.0, 1000.0, 914.0, 999.0, 999.0, 999.0, 999.0, 336.0, 297.0, 0.0, 0.0], [], [-0.1139984130859375, 0.0640411376953125, -0.17999267578125, 0.9749298095703125], [], [0.9042816162109375, -0.2666168212890625, 0.1045684814453125, -0.31658935546875]
87810, 88.46908569335938, [1000.0, 48.0, 221.0, 44.0, 153.0, 0.0, 58.0, 0.0, 24.0, 1000.0, 0.0, 1000.0, 0.0, 1000.0, 912.0, 999.0, 999.0, 999.0, 999.0, 338.0, 297.0, 0.0, 0.0], [], [-0.113983154296875, 0.0639495849609375, -0.1801300048828125, 0.97491455078125], [], [0.90594482421875, -0.26129150390625, 0.100189208984375, -0.3177032470703125]
87820, 88.47917938232422, [1000.0, 48.0, 220.0, 44.0, 152.0, 0.0, 59.0, 0.0, 25.0, 1000.0, 0.0, 1000.0, 0.0, 1000.0, 914.0, 999.0, 999.0, 999.0, 999.0, 339.0, 299.0, 0.0, 0.0], [], [-0.1139984130859375, 0.063629150390625, -0.18011474609375, 0.9749298095703125], [], [0.905975341796875, -0.261322021484375, 0.1002960205078125, -0.3175506591796875]
87830, 88.48926544189453, [1000.0, 47.0, 220.0, 44.0, 152.0, 0.0, 59.0, 0.0, 25.0, 1000.0, 0.0, 1000.0, 0.0, 1000.0, 912.0, 999.0, 999.0, 999.0, 999.0, 338.0, 299.0, 0.0, 0.0], [], [-0.1139984130859375, 0.0634918212890625, -0.180450439453125, 0.974884033203125], [], [0.9060516357421875, -0.2612457275390625, 0.1002960205078125, -0.3173980712890625]
87840, 88.5029067993164, [1000.0, 47.0, 220.0, 44.0, 152.0, 0.0, 59.0, 0.0, 25.0, 1000.0, 0.0, 1000.0, 0.0, 1000.0, 914.0, 999.0, 999.0, 999.0, 999.0, 339.0, 297.0, 0.0, 0.0], [], [-0.11407470703125, 0.063232421875, -0.180908203125, 0.9748077392578125], [], [0.906158447265625, -0.2610321044921875, 0.100372314453125, -0.317230224609375]
87850, 88.50920867919922, [1000.0, 48.0, 220.0, 45.0, 153.0, 0.0, 59.0, 0.0, 24.0, 1000.0, 0.0, 1000.0, 0.0, 1000.0, 911.0, 999.0, 999.0, 999.0, 999.0, 337.0, 296.0, 0.0, 0.0], [], [-0.1142120361328125, 0.062835693359375, -0.1815338134765625, 0.974700927734375], [], [0.9062042236328125, -0.26104736328125, 0.1003875732421875, -0.317108154296875]
87860, 88.5191879272461, [1000.0, 48.0, 220.0, 45.0, 152.0, 0.0, 59.0, 0.0, 23.0, 1000.0, 0.0, 1000.0, 0.0, 1000.0, 911.0, 999.0, 999.0, 999.0, 999.0, 337.0, 295.0, 0.0, 0.0], [], [-0.1142730712890625, 0.062835693359375, -0.182098388671875, 0.974578857421875], [], [0.9062042236328125, -0.26116943359375, 0.1005096435546875, -0.316925048828125]
87870, 88.52915954589844, [1000.0, 48.0, 220.0, 45.0, 152.0, 0.0, 59.0, 0.0, 23.0, 1000.0, 0.0, 1000.0, 0.0, 1000.0, 912.0, 999.0, 999.0, 999.0, 999.0, 337.0, 295.0, 0.0, 0.0], [], [-0.1143646240234375, 0.062652587890625, -0.1823883056640625, 0.9745330810546875], [], [0.9061279296875, -0.2616424560546875, 0.100738525390625, -0.3166961669921875]
87880, 88.5392837524414, [1000.0, 48.0, 221.0, 45.0, 152.0, 0.0, 58.0, 0.0, 24.0, 1000.0, 0.0, 1000.0, 0.0, 1000.0, 912.0, 999.0, 999.0, 999.0, 999.0, 338.0, 294.0, 0.0, 0.0], [], [-0.1144866943359375, 0.0624237060546875, -0.18243408203125, 0.974517822265625], [], [0.9060516357421875, -0.2621307373046875, 0.1009521484375, -0.3164825439453125]
87890, 88.54910278320312, [1000.0, 48.0, 220.0, 44.0, 151.0, 0.0, 59.0, 0.0, 23.0, 1000.0, 0.0, 1000.0, 0.0, 1000.0, 910.0, 999.0, 999.0, 999.0, 999.0, 340.0, 294.0, 0.0, 0.0], [], [-0.1146240234375, 0.0621795654296875, -0.1823883056640625, 0.9745330810546875], [], [0.9059295654296875, -0.26275634765625, 0.10107421875, -0.316253662109375]
87900, 88.55923461914062, [1000.0, 48.0, 221.0, 45.0, 151.0, 0.0, 59.0, 0.0, 24.0, 1000.0, 0.0, 1000.0, 0.0, 1000.0, 912.0, 999.0, 999.0, 999.0, 999.0, 340.0, 297.0, 0.0, 0.0], [], [-0.114715576171875, 0.062225341796875, -0.182403564453125, 0.974517822265625], [], [0.90594482421875, -0.262847900390625, 0.101470947265625, -0.31597900390625]
87910, 88.56908416748047, [1000.0, 48.0, 221.0, 45.0, 153.0, 0.0, 58.0, 0.0, 24.0, 1000.0, 0.0, 1000.0, 0.0, 1000.0, 910.0, 999.0, 999.0, 999.0, 999.0, 339.0, 296.0, 0.0, 0.0], [], [-0.1147918701171875, 0.06231689453125, -0.1822662353515625, 0.9745330810546875], [], [0.906005859375, -0.26287841796875, 0.1010894775390625, -0.31591796875]
87920, 88.57919311523438, [1000.0, 48.0, 220.0, 44.0, 153.0, 0.0, 58.0, 0.0, 23.0, 1000.0, 0.0, 1000.0, 0.0, 1000.0, 912.0, 999.0, 999.0, 999.0, 999.0, 339.0, 296.0, 0.0, 0.0], [], [-0.1149139404296875, 0.062530517578125, -0.1825103759765625, 0.974456787109375], [], [0.906005859375, -0.2630157470703125, 0.1011962890625, -0.3157501220703125]
87930, 88.58927154541016, [1000.0, 48.0, 220.0, 44.0, 153.0, 0.0, 58.0, 0.0, 24.0, 1000.0, 0.0, 1000.0, 0.0, 1000.0, 907.0, 999.0, 999.0, 999.0, 999.0, 338.0, 298.0, 0.0, 0.0], [], [-0.115020751953125, 0.0628662109375, -0.1829681396484375, 0.974334716796875], [], [0.9061126708984375, -0.262847900390625, 0.1013946533203125, -0.3155517578125]
87940, 88.59910583496094, [1000.0, 48.0, 220.0, 44.0, 153.0, 0.0, 59.0, 0.0, 23.0, 1000.0, 0.0, 1000.0, 0.0, 1000.0, 907.0, 999.0, 999.0, 999.0, 999.0, 338.0, 296.0, 0.0, 0.0], [], [-0.1151123046875, 0.0632781982421875, -0.1836090087890625, 0.9741668701171875], [], [0.90643310546875, -0.261962890625, 0.1011962890625, -0.3154144287109375]
87950, 88.60945892333984, [1000.0, 48.0, 220.0, 44.0, 151.0, 0.0, 58.0, 0.0, 24.0, 1000.0, 0.0, 1000.0, 0.0, 1000.0, 906.0, 999.0, 999.0, 999.0, 999.0, 338.0, 296.0, 0.0, 0.0], [], [-0.115234375, 0.0637054443359375, -0.1843109130859375, 0.9739990234375], [], [0.90679931640625, -0.260955810546875, 0.100921630859375, -0.3153076171875]
87960, 88.61933135986328, [1000.0, 48.0, 220.0, 44.0, 151.0, 0.0, 58.0, 0.0, 24.0, 1000.0, 0.0, 1000.0, 0.0, 1000.0, 910.0, 999.0, 999.0, 999.0, 999.0, 338.0, 298.0, 0.0, 0.0], [], [-0.11541748046875, 0.063751220703125, -0.184295654296875, 0.973968505859375], [], [0.906829833984375, -0.261077880859375, 0.1002044677734375, -0.315338134765625]
87970, 88.6295166015625, [1000.0, 48.0, 219.0, 44.0, 151.0, 0.0, 58.0, 0.0, 24.0, 1000.0, 0.0, 1000.0, 0.0, 1000.0, 906.0, 999.0, 999.0, 999.0, 999.0, 339.0, 298.0, 0.0, 0.0], [], [-0.1156158447265625, 0.06378173828125, -0.184326171875, 0.97393798828125], [], [0.906982421875, -0.260711669921875, 0.1007080078125, -0.3150482177734375]
87980, 88.63935089111328, [1000.0, 48.0, 219.0, 44.0, 152.0, 0.0, 58.0, 0.0, 24.0, 1000.0, 0.0, 1000.0, 0.0, 1000.0, 909.0, 999.0, 999.0, 999.0, 999.0, 339.0, 294.0, 0.0, 0.0], [], [-0.1158447265625, 0.0637969970703125, -0.1843719482421875, 0.973907470703125], [], [0.906951904296875, -0.260955810546875, 0.100311279296875, -0.3150482177734375]
87990, 88.6492691040039, [1000.0, 48.0, 219.0, 44.0, 152.0, 0.0, 58.0, 0.0, 24.0, 1000.0, 0.0, 1000.0, 0.0, 1000.0, 909.0, 999.0, 999.0, 999.0, 999.0, 339.0, 294.0, 0.0, 0.0], [], [-0.1158447265625, 0.0637969970703125, -0.1843719482421875, 0.973907470703125], [], [0.9068145751953125, -0.261474609375, 0.10137939453125, -0.314666748046875]
88000, 88.66567993164062, [1000.0, 48.0, 220.0, 44.0, 153.0, 0.0, 58.0, 0.0, 23.0, 1000.0, 0.0, 1000.0, 0.0, 1000.0, 908.0, 999.0, 999.0, 999.0, 999.0, 336.0, 297.0, 0.0, 0.0], [], [-0.116241455078125, 0.0638427734375, -0.1844482421875, 0.973846435546875], [], [0.9066009521484375, -0.26226806640625, 0.1020965576171875, -0.3144073486328125]
88010, 88.66905975341797, [1000.0, 48.0, 219.0, 44.0, 152.0, 0.0, 58.0, 0.0, 24.0, 1000.0, 0.0, 1000.0, 0.0, 1000.0, 905.0, 999.0, 999.0, 999.0, 999.0, 337.0, 297.0, 0.0, 0.0], [], [-0.116455078125, 0.0638427734375, -0.184478759765625, 0.97381591796875], [], [0.90655517578125, -0.26239013671875, 0.1021728515625, -0.31439208984375]
88020, 88.67913818359375, [1000.0, 48.0, 219.0, 44.0, 151.0, 0.0, 57.0, 0.0, 23.0, 1000.0, 0.0, 1000.0, 0.0, 1000.0, 908.0, 999.0, 999.0, 999.0, 999.0, 337.0, 296.0, 0.0, 0.0], [], [-0.11663818359375, 0.0637969970703125, -0.1844329833984375, 0.9738006591796875], [], [0.906402587890625, -0.2629547119140625, 0.10150146484375, -0.314605712890625]
88030, 88.689208984375, [1000.0, 48.0, 219.0, 44.0, 152.0, 0.0, 58.0, 0.0, 24.0, 1000.0, 0.0, 1000.0, 0.0, 1000.0, 906.0, 999.0, 999.0, 999.0, 999.0, 337.0, 295.0, 0.0, 0.0], [], [-0.1168365478515625, 0.0637664794921875, -0.184356689453125, 0.9738006591796875], [], [0.9064788818359375, -0.2626953125, 0.1002655029296875, -0.3149566650390625]
88040, 88.69927978515625, [1000.0, 48.0, 220.0, 44.0, 153.0, 0.0, 59.0, 0.0, 24.0, 1000.0, 0.0, 1000.0, 0.0, 1000.0, 908.0, 999.0, 999.0, 999.0, 999.0, 336.0, 295.0, 0.0, 0.0], [], [-0.11700439453125, 0.0637664794921875, -0.1843109130859375, 0.973785400390625], [], [0.9069671630859375, -0.2610321044921875, 0.09930419921875, -0.31524658203125]
88050, 88.70922088623047, [1000.0, 47.0, 220.0, 44.0, 153.0, 0.0, 59.0, 0.0, 24.0, 1000.0, 0.0, 1000.0, 0.0, 1000.0, 909.0, 999.0, 999.0, 999.0, 999.0, 337.0, 293.0, 0.0, 0.0], [], [-0.117340087890625, 0.0636749267578125, -0.184173583984375, 0.9737701416015625], [], [0.9069671630859375, -0.261016845703125, 0.0994720458984375, -0.3152313232421875]
88060, 88.71906280517578, [1000.0, 47.0, 220.0, 44.0, 153.0, 0.0, 59.0, 0.0, 24.0, 1000.0, 0.0, 1000.0, 0.0, 1000.0, 909.0, 999.0, 999.0, 999.0, 999.0, 337.0, 293.0, 0.0, 0.0], [], [-0.117340087890625, 0.0636749267578125, -0.184173583984375, 0.9737701416015625], [], [0.9072418212890625, -0.2600250244140625, 0.0998077392578125, -0.315155029296875]
88070, 88.72921752929688, [1000.0, 48.0, 219.0, 44.0, 152.0, 0.0, 60.0, 0.0, 24.0, 1000.0, 0.0, 1000.0, 0.0, 1000.0, 908.0, 999.0, 999.0, 999.0, 999.0, 338.0, 295.0, 0.0, 0.0], [], [-0.1174774169921875, 0.06365966796875, -0.1841278076171875, 0.9737701416015625], [], [0.90704345703125, -0.2606048583984375, 0.1013031005859375, -0.31475830078125]
88080, 88.73955535888672, [1000.0, 48.0, 220.0, 44.0, 153.0, 0.0, 58.0, 0.0, 24.0, 1000.0, 0.0, 1000.0, 0.0, 1000.0, 907.0, 999.0, 999.0, 999.0, 999.0, 339.0, 298.0, 0.0, 0.0], [], [-0.1177978515625, 0.0634307861328125, -0.183929443359375, 0.973785400390625], [], [0.907135009765625, -0.26031494140625, 0.100738525390625, -0.3149261474609375]
88090, 88.74940490722656, [1000.0, 48.0, 221.0, 44.0, 152.0, 0.0, 58.0, 0.0, 24.0, 1000.0, 0.0, 1000.0, 0.0, 1000.0, 909.0, 999.0, 999.0, 999.0, 999.0, 338.0, 298.0, 0.0, 0.0], [], [-0.1178131103515625, 0.0633087158203125, -0.183929443359375, 0.973785400390625], [], [0.9072723388671875, -0.2598114013671875, 0.1005859375, -0.314971923828125]
88100, 88.75947570800781, [1000.0, 48.0, 219.0, 44.0, 152.0, 0.0, 58.0, 0.0, 24.0, 1000.0, 0.0, 1000.0, 0.0, 1000.0, 906.0, 999.0, 999.0, 999.0, 999.0, 337.0, 296.0, 0.0, 0.0], [], [-0.11798095703125, 0.063262939453125, -0.1837921142578125, 0.9738006591796875], [], [0.9075469970703125, -0.2588653564453125, 0.1004486083984375, -0.31500244140625]
88110, 88.7756118774414, [1000.0, 48.0, 221.0, 44.0, 152.0, 0.0, 58.0, 0.0, 24.0, 1000.0, 0.0, 750.0, 0.0, 1000.0, 908.0, 999.0, 999.0, 999.0, 999.0, 337.0, 291.0, 0.0, 0.0], [], [-0.1181182861328125, 0.063262939453125, -0.1835784912109375, 0.97381591796875], [], [0.9081878662109375, -0.256683349609375, 0.098388671875, -0.3155975341796875]
88120, 88.77925109863281, [1000.0, 48.0, 221.0, 44.0, 153.0, 0.0, 58.0, 0.0, 24.0, 1000.0, 0.0, 750.0, 0.0, 1000.0, 911.0, 999.0, 999.0, 999.0, 999.0, 337.0, 290.0, 0.0, 0.0], [], [-0.1182708740234375, 0.06329345703125, -0.183319091796875, 0.973846435546875], [], [0.908782958984375, -0.254547119140625, 0.1002044677734375, -0.3150634765625]
88130, 88.78924560546875, [1000.0, 48.0, 219.0, 44.0, 153.0, 0.0, 58.0, 0.0, 23.0, 1000.0, 0.0, 750.0, 0.0, 1000.0, 911.0, 999.0, 999.0, 999.0, 999.0, 338.0, 291.0, 0.0, 0.0], [], [-0.118408203125, 0.0632781982421875, -0.1830596923828125, 0.973876953125], [], [0.9084320068359375, -0.2557525634765625, 0.0997161865234375, -0.31524658203125]
88140, 88.79911041259766, [1000.0, 48.0, 219.0, 44.0, 152.0, 0.0, 58.0, 0.0, 24.0, 1000.0, 0.0, 1000.0, 0.0, 1000.0, 910.0, 999.0, 999.0, 999.0, 999.0, 337.0, 293.0, 0.0, 0.0], [], [-0.1185455322265625, 0.0633544921875, -0.1827850341796875, 0.973907470703125], [], [0.9087982177734375, -0.2545166015625, 0.0986175537109375, -0.3155364990234375]
88150, 88.80921936035156, [1000.0, 48.0, 220.0, 44.0, 153.0, 0.0, 58.0, 0.0, 23.0, 1000.0, 0.0, 1000.0, 0.0, 1000.0, 910.0, 999.0, 999.0, 999.0, 999.0, 337.0, 296.0, 0.0, 0.0], [], [-0.11865234375, 0.0634307861328125, -0.18255615234375, 0.97393798828125], [], [0.9079132080078125, -0.2575531005859375, 0.0987091064453125, -0.3155670166015625]
88160, 88.81909942626953, [1000.0, 48.0, 219.0, 44.0, 152.0, 0.0, 58.0, 0.0, 24.0, 1000.0, 0.0, 1000.0, 0.0, 1000.0, 913.0, 999.0, 999.0, 999.0, 999.0, 337.0, 296.0, 0.0, 0.0], [], [-0.118743896484375, 0.0635528564453125, -0.1824188232421875, 0.97393798828125], [], [0.907379150390625, -0.2593994140625, 0.0988006591796875, -0.3155670166015625]
88170, 88.82917022705078, [1000.0, 48.0, 220.0, 44.0, 152.0, 0.0, 59.0, 0.0, 23.0, 1000.0, 0.0, 1000.0, 0.0, 1000.0, 911.0, 999.0, 999.0, 999.0, 999.0, 337.0, 297.0, 0.0, 0.0], [], [-0.1188201904296875, 0.0637359619140625, -0.18231201171875, 0.97393798828125], [], [0.90716552734375, -0.260101318359375, 0.0994873046875, -0.315399169921875]
88180, 88.83916473388672, [1000.0, 48.0, 220.0, 44.0, 151.0, 0.0, 59.0, 0.0, 23.0, 1000.0, 0.0, 1000.0, 0.0, 1000.0, 912.0, 999.0, 999.0, 999.0, 999.0, 338.0, 297.0, 0.0, 0.0], [], [-0.1188507080078125, 0.0639495849609375, -0.1822052001953125, 0.97393798828125], [], [0.906494140625, -0.262420654296875, 0.1002960205078125, -0.3151702880859375]
88190, 88.84912109375, [1000.0, 48.0, 219.0, 44.0, 152.0, 0.0, 59.0, 0.0, 23.0, 1000.0, 0.0, 1000.0, 0.0, 1000.0, 912.0, 999.0, 999.0, 999.0, 999.0, 337.0, 297.0, 0.0, 0.0], [], [-0.118865966796875, 0.0642242431640625, -0.182037353515625, 0.9739532470703125], [], [0.906768798828125, -0.261444091796875, 0.1005706787109375, -0.3150787353515625]
88200, 88.85942077636719, [1000.0, 48.0, 220.0, 44.0, 152.0, 0.0, 59.0, 0.0, 23.0, 1000.0, 0.0, 1000.0, 0.0, 1000.0, 912.0, 999.0, 999.0, 999.0, 999.0, 337.0, 295.0, 0.0, 0.0], [], [-0.118927001953125, 0.064361572265625, -0.1819000244140625, 0.973968505859375], [], [0.9075927734375, -0.258697509765625, 0.097686767578125, -0.3159027099609375]
88210, 88.86933135986328, [1000.0, 48.0, 219.0, 44.0, 153.0, 0.0, 58.0, 0.0, 23.0, 1000.0, 0.0, 1000.0, 0.0, 1000.0, 908.0, 999.0, 999.0, 999.0, 999.0, 338.0, 294.0, 0.0, 0.0], [], [-0.1190032958984375, 0.0644989013671875, -0.181884765625, 0.9739532470703125], [], [0.9085540771484375, -0.2553863525390625, 0.0975189208984375, -0.315887451171875]
88220, 88.88145446777344, [1000.0, 48.0, 220.0, 44.0, 153.0, 0.0, 58.0, 0.0, 23.0, 1000.0, 0.0, 1000.0, 0.0, 1000.0, 910.0, 999.0, 999.0, 999.0, 999.0, 338.0, 290.0, 0.0, 0.0], [], [-0.11907958984375, 0.0645294189453125, -0.1818084716796875, 0.9739532470703125], [], [0.9089202880859375, -0.2541351318359375, 0.0971221923828125, -0.3159637451171875]
88230, 88.889404296875, [1000.0, 48.0, 220.0, 44.0, 153.0, 0.0, 58.0, 0.0, 23.0, 1000.0, 0.0, 1000.0, 0.0, 1000.0, 910.0, 999.0, 999.0, 999.0, 999.0, 338.0, 294.0, 0.0, 0.0], [], [-0.1191864013671875, 0.064453125, -0.1816253662109375, 0.973968505859375], [], [0.90966796875, -0.2515716552734375, 0.0946502685546875, -0.3166046142578125]
88240, 88.89933013916016, [1000.0, 48.0, 219.0, 44.0, 153.0, 0.0, 58.0, 0.0, 23.0, 1000.0, 0.0, 1000.0, 0.0, 1000.0, 915.0, 999.0, 999.0, 999.0, 999.0, 338.0, 294.0, 0.0, 0.0], [], [-0.1193389892578125, 0.06427001953125, -0.181488037109375, 0.9739990234375], [], [0.909515380859375, -0.2521514892578125, 0.09405517578125, -0.3167572021484375]
88250, 88.90919494628906, [1000.0, 48.0, 219.0, 44.0, 152.0, 0.0, 58.0, 0.0, 23.0, 1000.0, 0.0, 1000.0, 0.0, 1000.0, 916.0, 999.0, 999.0, 999.0, 999.0, 337.0, 295.0, 0.0, 0.0], [], [-0.1195220947265625, 0.0640411376953125, -0.1815185546875, 0.9739837646484375], [], [0.908905029296875, -0.2543182373046875, 0.0957794189453125, -0.316253662109375]
88260, 88.91914367675781, [1000.0, 48.0, 219.0, 44.0, 152.0, 0.0, 58.0, 0.0, 23.0, 1000.0, 0.0, 1000.0, 0.0, 1000.0, 917.0, 999.0, 999.0, 999.0, 999.0, 337.0, 296.0, 0.0, 0.0], [], [-0.1197509765625, 0.063751220703125, -0.181488037109375, 0.9739837646484375], [], [0.9083709716796875, -0.2562103271484375, 0.0970306396484375, -0.315887451171875]
88270, 88.93675231933594, [1000.0, 48.0, 220.0, 44.0, 153.0, 0.0, 58.0, 0.0, 23.0, 1000.0, 0.0, 1000.0, 0.0, 1000.0, 915.0, 999.0, 999.0, 999.0, 999.0, 337.0, 296.0, 0.0, 0.0], [], [-0.119964599609375, 0.063507080078125, -0.1815032958984375, 0.973968505859375], [], [0.9066162109375, -0.262176513671875, 0.10107421875, -0.3147430419921875]
88280, 88.93915557861328, [1000.0, 48.0, 219.0, 44.0, 152.0, 0.0, 58.0, 0.0, 23.0, 1000.0, 0.0, 1000.0, 0.0, 1000.0, 916.0, 999.0, 999.0, 999.0, 999.0, 337.0, 296.0, 0.0, 0.0], [], [-0.1201324462890625, 0.0635223388671875, -0.1814422607421875, 0.9739532470703125], [], [0.9063568115234375, -0.2630462646484375, 0.1013946533203125, -0.3146514892578125]
88290, 88.94925689697266, [1000.0, 48.0, 219.0, 44.0, 152.0, 0.0, 58.0, 0.0, 23.0, 1000.0, 0.0, 1000.0, 0.0, 1000.0, 916.0, 999.0, 999.0, 999.0, 999.0, 337.0, 296.0, 0.0, 0.0], [], [-0.1201324462890625, 0.0635223388671875, -0.1814422607421875, 0.9739532470703125], [], [0.9058837890625, -0.264739990234375, 0.1002044677734375, -0.3150177001953125]
88300, 88.959228515625, [1000.0, 48.0, 222.0, 44.0, 152.0, 0.0, 59.0, 0.0, 23.0, 1000.0, 0.0, 1000.0, 0.0, 1000.0, 917.0, 999.0, 999.0, 999.0, 999.0, 338.0, 298.0, 0.0, 0.0], [], [-0.12042236328125, 0.063690185546875, -0.1815032958984375, 0.9738922119140625], [], [0.9070892333984375, -0.260589599609375, 0.100372314453125, -0.31494140625]
88310, 88.96915435791016, [1000.0, 48.0, 222.0, 44.0, 152.0, 0.0, 59.0, 0.0, 23.0, 1000.0, 0.0, 1000.0, 0.0, 1000.0, 916.0, 999.0, 999.0, 999.0, 999.0, 338.0, 297.0, 0.0, 0.0], [], [-0.120513916015625, 0.06390380859375, -0.1815185546875, 0.9738616943359375], [], [0.907989501953125, -0.2574615478515625, 0.0993499755859375, -0.31524658203125]
88320, 88.9792251586914, [1000.0, 48.0, 222.0, 44.0, 154.0, 0.0, 58.0, 0.0, 23.0, 1000.0, 0.0, 1000.0, 0.0, 1000.0, 917.0, 999.0, 999.0, 999.0, 999.0, 338.0, 295.0, 0.0, 0.0], [], [-0.1205902099609375, 0.0640869140625, -0.1816558837890625, 0.97381591796875], [], [0.907989501953125, -0.2574462890625, 0.0992889404296875, -0.315277099609375]
88330, 88.98986053466797, [1000.0, 48.0, 221.0, 44.0, 154.0, 0.0, 58.0, 0.0, 23.0, 1000.0, 0.0, 1000.0, 0.0, 1000.0, 915.0, 999.0, 999.0, 999.0, 999.0, 336.0, 295.0, 0.0, 0.0], [], [-0.1206207275390625, 0.064453125, -0.1819915771484375, 0.9737396240234375], [], [0.907958984375, -0.2575225830078125, 0.0992584228515625, -0.3153076171875]
88340, 88.99909973144531, [1000.0, 48.0, 220.0, 44.0, 153.0, 0.0, 57.0, 0.0, 23.0, 1000.0, 0.0, 1000.0, 0.0, 1000.0, 915.0, 999.0, 999.0, 999.0, 999.0, 336.0, 293.0, 0.0, 0.0], [], [-0.120635986328125, 0.064849853515625, -0.1822357177734375, 0.973663330078125], [], [0.907958984375, -0.2574310302734375, 0.0992431640625, -0.31536865234375]
88350, 89.00920867919922, [1000.0, 48.0, 220.0, 44.0, 152.0, 0.0, 58.0, 0.0, 22.0, 1000.0, 0.0, 1000.0, 0.0, 1000.0, 913.0, 999.0, 999.0, 999.0, 998.0, 337.0, 294.0, 0.0, 0.0], [], [-0.120513916015625, 0.06610107421875, -0.182525634765625, 0.973541259765625], [], [0.907958984375, -0.2573699951171875, 0.0990447998046875, -0.3155059814453125]
88360, 89.01914978027344, [1000.0, 47.0, 221.0, 44.0, 153.0, 0.0, 58.0, 0.0, 23.0, 1000.0, 0.0, 1000.0, 0.0, 1000.0, 911.0, 999.0, 999.0, 999.0, 998.0, 336.0, 298.0, 0.0, 0.0], [], [-0.1204833984375, 0.066497802734375, -0.1824493408203125, 0.9735260009765625], [], [0.9079437255859375, -0.25732421875, 0.098846435546875, -0.3156280517578125]
88370, 89.02912902832031, [1000.0, 48.0, 220.0, 44.0, 154.0, 0.0, 58.0, 0.0, 23.0, 1000.0, 0.0, 1000.0, 0.0, 1000.0, 912.0, 999.0, 999.0, 999.0, 999.0, 336.0, 301.0, 0.0, 0.0], [], [-0.120452880859375, 0.0666046142578125, -0.1822967529296875, 0.9735565185546875], [], [0.9078826904296875, -0.257476806640625, 0.0988922119140625, -0.3156585693359375]
88380, 89.04627990722656, [1000.0, 47.0, 220.0, 44.0, 153.0, 0.0, 58.0, 0.0, 24.0, 1000.0, 0.0, 1000.0, 0.0, 1000.0, 911.0, 999.0, 999.0, 999.0, 998.0, 337.0, 298.0, 0.0, 0.0], [], [-0.12054443359375, 0.06658935546875, -0.1817779541015625, 0.9736328125], [], [0.907958984375, -0.2571868896484375, 0.0987701416015625, -0.31573486328125]
88390, 89.04900360107422, [1000.0, 47.0, 220.0, 44.0, 153.0, 0.0, 58.0, 0.0, 23.0, 1000.0, 0.0, 1000.0, 0.0, 1000.0, 913.0, 999.0, 999.0, 999.0, 998.0, 337.0, 298.0, 0.0, 0.0], [], [-0.120513916015625, 0.066497802734375, -0.180999755859375, 0.973785400390625], [], [0.908172607421875, -0.25640869140625, 0.0984649658203125, -0.3158416748046875]
88400, 89.05912780761719, [1000.0, 47.0, 220.0, 44.0, 153.0, 0.0, 58.0, 0.0, 22.0, 1000.0, 0.0, 1000.0, 0.0, 1000.0, 912.0, 999.0, 999.0, 999.0, 998.0, 337.0, 299.0, 0.0, 0.0], [], [-0.1205291748046875, 0.0663909912109375, -0.1804046630859375, 0.973907470703125], [], [0.9084014892578125, -0.2555389404296875, 0.097930908203125, -0.316070556640625]
88410, 89.0693588256836, [1000.0, 47.0, 220.0, 44.0, 154.0, 0.0, 58.0, 0.0, 22.0, 1000.0, 0.0, 1000.0, 0.0, 1000.0, 914.0, 999.0, 999.0, 999.0, 999.0, 336.0, 298.0, 0.0, 0.0], [], [-0.12054443359375, 0.0663909912109375, -0.1797943115234375, 0.9740142822265625], [], [0.9084625244140625, -0.255218505859375, 0.097381591796875, -0.3162841796875]
88420, 89.07955932617188, [1000.0, 48.0, 220.0, 44.0, 154.0, 0.0, 58.0, 0.0, 22.0, 1000.0, 0.0, 1000.0, 0.0, 1000.0, 913.0, 999.0, 999.0, 999.0, 999.0, 336.0, 295.0, 0.0, 0.0], [], [-0.12060546875, 0.0660858154296875, -0.1790771484375, 0.9741668701171875], [], [0.9086456298828125, -0.2545623779296875, 0.0969085693359375, -0.316436767578125]
88430, 89.08932495117188, [1000.0, 48.0, 219.0, 44.0, 154.0, 0.0, 58.0, 0.0, 21.0, 1000.0, 0.0, 1000.0, 0.0, 1000.0, 913.0, 999.0, 999.0, 999.0, 999.0, 337.0, 294.0, 0.0, 0.0], [], [-0.1207122802734375, 0.065673828125, -0.17877197265625, 0.9742431640625], [], [0.908599853515625, -0.254730224609375, 0.0968017578125, -0.3164825439453125]
88440, 89.09911346435547, [1000.0, 48.0, 219.0, 44.0, 154.0, 0.0, 58.0, 0.0, 22.0, 1000.0, 0.0, 1000.0, 0.0, 1000.0, 911.0, 999.0, 999.0, 999.0, 999.0, 337.0, 296.0, 0.0, 0.0], [], [-0.1208648681640625, 0.065093994140625, -0.178558349609375, 0.97430419921875], [], [0.908355712890625, -0.25555419921875, 0.097442626953125, -0.3163299560546875]
88450, 89.10914611816406, [1000.0, 47.0, 221.0, 44.0, 154.0, 0.0, 57.0, 0.0, 23.0, 1000.0, 0.0, 1000.0, 0.0, 1000.0, 913.0, 999.0, 999.0, 999.0, 999.0, 338.0, 296.0, 0.0, 0.0], [], [-0.1209716796875, 0.0647125244140625, -0.178558349609375, 0.97430419921875], [], [0.90814208984375, -0.25628662109375, 0.0977630615234375, -0.3162689208984375]
88460, 89.11914825439453, [1000.0, 47.0, 220.0, 44.0, 153.0, 0.0, 58.0, 0.0, 22.0, 1000.0, 0.0, 1000.0, 0.0, 1000.0, 914.0, 999.0, 999.0, 999.0, 999.0, 337.0, 296.0, 0.0, 0.0], [], [-0.1210174560546875, 0.064727783203125, -0.178558349609375, 0.97430419921875], [], [0.90802001953125, -0.2567138671875, 0.098114013671875, -0.316162109375]
88470, 89.12915802001953, [1000.0, 47.0, 220.0, 44.0, 153.0, 0.0, 58.0, 0.0, 22.0, 1000.0, 0.0, 1000.0, 0.0, 1000.0, 914.0, 999.0, 999.0, 999.0, 999.0, 336.0, 296.0, 0.0, 0.0], [], [-0.121063232421875, 0.0647430419921875, -0.1785430908203125, 0.97430419921875], [], [0.9081573486328125, -0.2562103271484375, 0.0976104736328125, -0.316314697265625]
88480, 89.13916778564453, [1000.0, 47.0, 219.0, 44.0, 153.0, 0.0, 58.0, 0.0, 21.0, 1000.0, 0.0, 1000.0, 0.0, 1000.0, 916.0, 999.0, 999.0, 999.0, 999.0, 336.0, 295.0, 0.0, 0.0], [], [-0.12109375, 0.0647735595703125, -0.178466796875, 0.97430419921875], [], [0.9085235595703125, -0.254974365234375, 0.0970458984375, -0.3164215087890625]
88490, 89.15044403076172, [1000.0, 48.0, 219.0, 44.0, 153.0, 0.0, 58.0, 0.0, 22.0, 1000.0, 0.0, 1000.0, 0.0, 1000.0, 916.0, 999.0, 999.0, 999.0, 999.0, 338.0, 294.0, 0.0, 0.0], [], [-0.12115478515625, 0.06475830078125, -0.1783599853515625, 0.9743194580078125], [], [0.909332275390625, -0.252166748046875, 0.096038818359375, -0.316650390625]
88500, 89.1592025756836, [1000.0, 48.0, 219.0, 44.0, 152.0, 0.0, 58.0, 0.0, 23.0, 1000.0, 0.0, 1000.0, 0.0, 1000.0, 915.0, 999.0, 999.0, 999.0, 999.0, 337.0, 296.0, 0.0, 0.0], [], [-0.1212615966796875, 0.064666748046875, -0.178253173828125, 0.974334716796875], [], [0.9100494384765625, -0.249725341796875, 0.0945892333984375, -0.3169708251953125]
88510, 89.16915130615234, [1000.0, 48.0, 219.0, 44.0, 151.0, 0.0, 58.0, 0.0, 22.0, 1000.0, 0.0, 1000.0, 0.0, 1000.0, 916.0, 999.0, 999.0, 999.0, 999.0, 337.0, 296.0, 0.0, 0.0], [], [-0.1214141845703125, 0.0645751953125, -0.1782073974609375, 0.974334716796875], [], [0.9102935791015625, -0.248931884765625, 0.09307861328125, -0.317352294921875]
88520, 89.17915344238281, [1000.0, 48.0, 220.0, 44.0, 152.0, 0.0, 58.0, 0.0, 22.0, 1000.0, 0.0, 1000.0, 0.0, 1000.0, 916.0, 999.0, 999.0, 999.0, 999.0, 337.0, 298.0, 0.0, 0.0], [], [-0.1215667724609375, 0.064483642578125, -0.1782379150390625, 0.97430419921875], [], [0.9103546142578125, -0.248779296875, 0.092498779296875, -0.31744384765625]
88530, 89.18917083740234, [1000.0, 48.0, 219.0, 44.0, 151.0, 0.0, 57.0, 0.0, 22.0, 1000.0, 0.0, 1000.0, 0.0, 1000.0, 916.0, 999.0, 999.0, 999.0, 999.0, 337.0, 298.0, 0.0, 0.0], [], [-0.1217498779296875, 0.06439208984375, -0.178314208984375, 0.974273681640625], [], [0.9100341796875, -0.250030517578125, 0.0934906005859375, -0.3171234130859375]
88540, 89.20857238769531, [1000.0, 48.0, 218.0, 44.0, 152.0, 0.0, 57.0, 0.0, 22.0, 1000.0, 0.0, 1000.0, 0.0, 1000.0, 918.0, 999.0, 999.0, 999.0, 999.0, 338.0, 298.0, 0.0, 0.0], [], [-0.1219482421875, 0.0643310546875, -0.1784210205078125, 0.9742279052734375], [], [0.909393310546875, -0.2523651123046875, 0.095489501953125, -0.316497802734375]
88550, 89.21063995361328, [1000.0, 47.0, 218.0, 44.0, 153.0, 0.0, 58.0, 0.0, 23.0, 1000.0, 0.0, 1000.0, 0.0, 1000.0, 917.0, 999.0, 999.0, 999.0, 999.0, 338.0, 295.0, 0.0, 0.0], [], [-0.122161865234375, 0.0642852783203125, -0.17852783203125, 0.9741973876953125], [], [0.90911865234375, -0.2534332275390625, 0.0963592529296875, -0.3161773681640625]
88560, 89.21905517578125, [1000.0, 48.0, 219.0, 44.0, 153.0, 0.0, 57.0, 0.0, 22.0, 1000.0, 0.0, 1000.0, 0.0, 1000.0, 919.0, 999.0, 999.0, 999.0, 999.0, 339.0, 294.0, 0.0, 0.0], [], [-0.1223907470703125, 0.064178466796875, -0.1785125732421875, 0.9741668701171875], [], [0.9088897705078125, -0.2543182373046875, 0.0964813232421875, -0.316070556640625]
88570, 89.22916412353516, [1000.0, 48.0, 219.0, 44.0, 153.0, 0.0, 57.0, 0.0, 22.0, 1000.0, 0.0, 1000.0, 0.0, 1000.0, 919.0, 999.0, 999.0, 999.0, 999.0, 339.0, 294.0, 0.0, 0.0], [], [-0.1223907470703125, 0.064178466796875, -0.1785125732421875, 0.9741668701171875], [], [0.9085235595703125, -0.2556915283203125, 0.097015380859375, -0.31585693359375]
88580, 89.23917388916016, [1000.0, 48.0, 219.0, 44.0, 153.0, 0.0, 57.0, 0.0, 22.0, 1000.0, 0.0, 1000.0, 0.0, 1000.0, 916.0, 999.0, 999.0, 999.0, 999.0, 338.0, 293.0, 0.0, 0.0], [], [-0.122772216796875, 0.06414794921875, -0.178466796875, 0.9741363525390625], [], [0.908172607421875, -0.2569732666015625, 0.09771728515625, -0.31561279296875]
88590, 89.2491683959961, [1000.0, 47.0, 220.0, 44.0, 152.0, 0.0, 57.0, 0.0, 21.0, 1000.0, 0.0, 1000.0, 0.0, 1000.0, 912.0, 999.0, 999.0, 999.0, 999.0, 338.0, 291.0, 0.0, 0.0], [], [-0.1229705810546875, 0.0641021728515625, -0.17852783203125, 0.9741058349609375], [], [0.9087982177734375, -0.2548370361328125, 0.09722900390625, -0.3156890869140625]
88600, 89.26126098632812, [1000.0, 48.0, 218.0, 44.0, 151.0, 0.0, 57.0, 0.0, 20.0, 1000.0, 0.0, 1000.0, 0.0, 1000.0, 913.0, 999.0, 999.0, 999.0, 999.0, 338.0, 294.0, 0.0, 0.0], [], [-0.1231536865234375, 0.064117431640625, -0.178619384765625, 0.97406005859375], [], [0.9093170166015625, -0.2530517578125, 0.0973968505859375, -0.315582275390625]
88610, 89.26914978027344, [1000.0, 47.0, 218.0, 44.0, 151.0, 0.0, 57.0, 0.0, 21.0, 1000.0, 0.0, 1000.0, 0.0, 1000.0, 912.0, 999.0, 999.0, 999.0, 999.0, 337.0, 296.0, 0.0, 0.0], [], [-0.1233367919921875, 0.0640869140625, -0.1788177490234375, 0.9739990234375], [], [0.908966064453125, -0.254364013671875, 0.0957794189453125, -0.3160400390625]
88620, 89.27911376953125, [1000.0, 47.0, 219.0, 44.0, 152.0, 0.0, 57.0, 0.0, 21.0, 1000.0, 0.0, 1000.0, 0.0, 1000.0, 914.0, 999.0, 999.0, 999.0, 999.0, 337.0, 295.0, 0.0, 0.0], [], [-0.1235198974609375, 0.0640411376953125, -0.1791839599609375, 0.9739227294921875], [], [0.908935546875, -0.2545166015625, 0.0935211181640625, -0.316680908203125]
88630, 89.28922271728516, [1000.0, 47.0, 219.0, 44.0, 151.0, 0.0, 57.0, 0.0, 22.0, 1000.0, 0.0, 1000.0, 0.0, 1000.0, 914.0, 999.0, 999.0, 999.0, 999.0, 338.0, 295.0, 0.0, 0.0], [], [-0.1237030029296875, 0.0640716552734375, -0.179534912109375, 0.9738311767578125], [], [0.909393310546875, -0.2528533935546875, 0.095977783203125, -0.315948486328125]
88640, 89.29910278320312, [1000.0, 48.0, 219.0, 44.0, 151.0, 0.0, 57.0, 0.0, 22.0, 1000.0, 0.0, 1000.0, 0.0, 1000.0, 913.0, 999.0, 999.0, 999.0, 999.0, 338.0, 296.0, 0.0, 0.0], [], [-0.123870849609375, 0.0641326904296875, -0.1798248291015625, 0.9737548828125], [], [0.90936279296875, -0.25299072265625, 0.0960845947265625, -0.3159027099609375]
88650, 89.31817626953125, [1000.0, 47.0, 219.0, 44.0, 151.0, 0.0, 58.0, 0.0, 21.0, 1000.0, 0.0, 1000.0, 0.0, 1000.0, 912.0, 999.0, 999.0, 999.0, 999.0, 338.0, 299.0, 0.0, 0.0], [], [-0.1241912841796875, 0.064208984375, -0.1798858642578125, 0.97369384765625], [], [0.9092559814453125, -0.25335693359375, 0.09588623046875, -0.3159942626953125]
88660, 89.31917572021484, [1000.0, 47.0, 220.0, 44.0, 151.0, 0.0, 58.0, 0.0, 21.0, 1000.0, 0.0, 1000.0, 0.0, 1000.0, 911.0, 999.0, 999.0, 999.0, 999.0, 337.0, 298.0, 0.0, 0.0], [], [-0.12432861328125, 0.0643157958984375, -0.1797637939453125, 0.97369384765625], [], [0.9093017578125, -0.253173828125, 0.093994140625, -0.316558837890625]
88670, 89.32911682128906, [1000.0, 48.0, 220.0, 44.0, 150.0, 0.0, 58.0, 0.0, 22.0, 1000.0, 0.0, 1000.0, 0.0, 1000.0, 913.0, 999.0, 999.0, 999.0, 999.0, 337.0, 296.0, 0.0, 0.0], [], [-0.124298095703125, 0.0643768310546875, -0.179443359375, 0.9737548828125], [], [0.909423828125, -0.2527008056640625, 0.09527587890625, -0.3162078857421875]
88680, 89.33924865722656, [1000.0, 48.0, 219.0, 44.0, 151.0, 0.0, 57.0, 0.0, 23.0, 1000.0, 0.0, 1000.0, 0.0, 1000.0, 909.0, 999.0, 999.0, 999.0, 999.0, 338.0, 296.0, 0.0, 0.0], [], [-0.1244354248046875, 0.0645904541015625, -0.179107666015625, 0.973785400390625], [], [0.909210205078125, -0.2534637451171875, 0.0958709716796875, -0.3160400390625]
88690, 89.34910583496094, [1000.0, 47.0, 219.0, 44.0, 152.0, 0.0, 57.0, 0.0, 22.0, 1000.0, 0.0, 1000.0, 0.0, 1000.0, 908.0, 999.0, 999.0, 999.0, 999.0, 338.0, 298.0, 0.0, 0.0], [], [-0.1245880126953125, 0.064727783203125, -0.1790008544921875, 0.9737701416015625], [], [0.909149169921875, -0.253692626953125, 0.0950927734375, -0.316253662109375]
88700, 89.35943603515625, [1000.0, 47.0, 219.0, 44.0, 151.0, 0.0, 57.0, 0.0, 22.0, 1000.0, 0.0, 1000.0, 0.0, 1000.0, 906.0, 999.0, 999.0, 999.0, 999.0, 338.0, 300.0, 0.0, 0.0], [], [-0.124755859375, 0.0648193359375, -0.1788330078125, 0.9737701416015625], [], [0.9095458984375, -0.2523040771484375, 0.0958709716796875, -0.316009521484375]
88710, 89.37090301513672, [1000.0, 48.0, 219.0, 44.0, 151.0, 0.0, 58.0, 0.0, 21.0, 1000.0, 0.0, 1000.0, 0.0, 1000.0, 909.0, 999.0, 999.0, 999.0, 999.0, 338.0, 298.0, 0.0, 0.0], [], [-0.12493896484375, 0.064910888671875, -0.178802490234375, 0.9737548828125], [], [0.9092864990234375, -0.2532806396484375, 0.0945892333984375, -0.316375732421875]
88720, 89.37918853759766, [1000.0, 47.0, 218.0, 44.0, 151.0, 0.0, 58.0, 0.0, 21.0, 1000.0, 0.0, 1000.0, 0.0, 1000.0, 908.0, 999.0, 999.0, 999.0, 999.0, 338.0, 296.0, 0.0, 0.0], [], [-0.1251373291015625, 0.0648956298828125, -0.178680419921875, 0.9737396240234375], [], [0.9090423583984375, -0.254058837890625, 0.09649658203125, -0.315826416015625]
88730, 89.38926696777344, [1000.0, 47.0, 218.0, 44.0, 151.0, 0.0, 58.0, 0.0, 21.0, 1000.0, 0.0, 1000.0, 0.0, 1000.0, 909.0, 999.0, 999.0, 999.0, 999.0, 338.0, 295.0, 0.0, 0.0], [], [-0.125335693359375, 0.06488037109375, -0.1783905029296875, 0.9737701416015625], [], [0.909271240234375, -0.253265380859375, 0.09625244140625, -0.3159027099609375]
88740, 89.39915466308594, [1000.0, 47.0, 219.0, 43.0, 152.0, 0.0, 58.0, 0.0, 21.0, 1000.0, 0.0, 1000.0, 0.0, 1000.0, 905.0, 999.0, 999.0, 999.0, 999.0, 338.0, 296.0, 0.0, 0.0], [], [-0.125518798828125, 0.06488037109375, -0.17816162109375, 0.973785400390625], [], [0.909393310546875, -0.252899169921875, 0.095123291015625, -0.3162078857421875]
88750, 89.40910339355469, [1000.0, 47.0, 219.0, 43.0, 152.0, 0.0, 58.0, 0.0, 21.0, 1000.0, 0.0, 1000.0, 0.0, 1000.0, 905.0, 999.0, 999.0, 999.0, 999.0, 336.0, 294.0, 0.0, 0.0], [], [-0.125762939453125, 0.064697265625, -0.178131103515625, 0.973785400390625], [], [0.9092254638671875, -0.25341796875, 0.097503662109375, -0.3155059814453125]
88760, 89.4240951538086, [1000.0, 48.0, 219.0, 44.0, 153.0, 0.0, 58.0, 0.0, 21.0, 1000.0, 0.0, 1000.0, 0.0, 1000.0, 904.0, 999.0, 999.0, 999.0, 999.0, 338.0, 294.0, 0.0, 0.0], [], [-0.12603759765625, 0.0644683837890625, -0.17822265625, 0.9737396240234375], [], [0.909332275390625, -0.2531280517578125, 0.0975189208984375, -0.3154449462890625]
88770, 89.42927551269531, [1000.0, 47.0, 218.0, 43.0, 153.0, 0.0, 57.0, 0.0, 21.0, 1000.0, 0.0, 1000.0, 0.0, 1000.0, 906.0, 999.0, 999.0, 999.0, 999.0, 339.0, 295.0, 0.0, 0.0], [], [-0.1262969970703125, 0.0644378662109375, -0.1782379150390625, 0.9737091064453125], [], [0.9091339111328125, -0.253936767578125, 0.0969390869140625, -0.3155517578125]
88780, 89.43930053710938, [1000.0, 47.0, 217.0, 44.0, 153.0, 0.0, 57.0, 0.0, 21.0, 1000.0, 0.0, 1000.0, 0.0, 1000.0, 904.0, 999.0, 999.0, 999.0, 999.0, 338.0, 297.0, 0.0, 0.0], [], [-0.1265869140625, 0.0642852783203125, -0.178436279296875, 0.9736480712890625], [], [0.9098663330078125, -0.2514190673828125, 0.0959625244140625, -0.3157501220703125]
88790, 89.44911193847656, [1000.0, 48.0, 219.0, 44.0, 153.0, 0.0, 57.0, 0.0, 21.0, 1000.0, 0.0, 1000.0, 0.0, 1000.0, 908.0, 999.0, 999.0, 999.0, 999.0, 338.0, 295.0, 0.0, 0.0], [], [-0.126861572265625, 0.0641632080078125, -0.178375244140625, 0.9736328125], [], [0.9102935791015625, -0.24993896484375, 0.106689453125, -0.312255859375]
88800, 89.45924377441406, [1000.0, 48.0, 219.0, 44.0, 152.0, 0.0, 58.0, 0.0, 21.0, 1000.0, 0.0, 1000.0, 0.0, 1000.0, 908.0, 999.0, 999.0, 999.0, 999.0, 338.0, 295.0, 0.0, 0.0], [], [-0.1271209716796875, 0.06402587890625, -0.178375244140625, 0.973602294921875], [], [0.9087677001953125, -0.256134033203125, 0.0947418212890625, -0.3154754638671875]
88810, 89.48015594482422, [1000.0, 48.0, 220.0, 44.0, 151.0, 0.0, 58.0, 0.0, 21.0, 1000.0, 0.0, 1000.0, 0.0, 1000.0, 910.0, 999.0, 999.0, 999.0, 999.0, 338.0, 295.0, 0.0, 0.0], [], [-0.1273651123046875, 0.06390380859375, -0.1783447265625, 0.9735870361328125], [], [0.9086761474609375, -0.2568511962890625, 0.0947723388671875, -0.315185546875]
88820, 89.48922729492188, [1000.0, 48.0, 219.0, 44.0, 152.0, 0.0, 57.0, 0.0, 20.0, 1000.0, 0.0, 1000.0, 0.0, 1000.0, 906.0, 999.0, 999.0, 999.0, 999.0, 337.0, 296.0, 0.0, 0.0], [], [-0.12762451171875, 0.06378173828125, -0.1783447265625, 0.9735565185546875], [], [0.908660888671875, -0.256866455078125, 0.0948333740234375, -0.3151702880859375]
88830, 89.49918365478516, [1000.0, 47.0, 219.0, 43.0, 151.0, 0.0, 56.0, 0.0, 20.0, 1000.0, 0.0, 1000.0, 0.0, 1000.0, 906.0, 999.0, 999.0, 999.0, 999.0, 336.0, 294.0, 0.0, 0.0], [], [-0.1278839111328125, 0.0637359619140625, -0.1786956787109375, 0.9734649658203125], [], [0.9086761474609375, -0.256927490234375, 0.094970703125, -0.3150634765625]
88840, 89.50919342041016, [1000.0, 47.0, 219.0, 44.0, 151.0, 0.0, 56.0, 0.0, 19.0, 1000.0, 0.0, 1000.0, 0.0, 1000.0, 903.0, 999.0, 999.0, 999.0, 999.0, 336.0, 296.0, 0.0, 0.0], [], [-0.1280517578125, 0.0641326904296875, -0.17926025390625, 0.9733123779296875], [], [0.9086456298828125, -0.256988525390625, 0.095123291015625, -0.315032958984375]
88850, 89.51909637451172, [1000.0, 47.0, 219.0, 44.0, 152.0, 0.0, 56.0, 0.0, 21.0, 1000.0, 0.0, 1000.0, 0.0, 1000.0, 907.0, 999.0, 999.0, 999.0, 999.0, 337.0, 298.0, 0.0, 0.0], [], [-0.12823486328125, 0.0644073486328125, -0.1797637939453125, 0.973175048828125], [], [0.908660888671875, -0.2569427490234375, 0.0951385498046875, -0.315032958984375]
88860, 89.52912139892578, [1000.0, 47.0, 220.0, 44.0, 152.0, 0.0, 56.0, 0.0, 21.0, 1000.0, 0.0, 1000.0, 0.0, 1000.0, 910.0, 999.0, 999.0, 999.0, 999.0, 338.0, 298.0, 0.0, 0.0], [], [-0.1283416748046875, 0.06488037109375, -0.18035888671875, 0.9730224609375], [], [0.9086761474609375, -0.2568359375, 0.0952911376953125, -0.315032958984375]
88870, 89.53924560546875, [1000.0, 47.0, 220.0, 44.0, 152.0, 0.0, 56.0, 0.0, 21.0, 1000.0, 0.0, 1000.0, 0.0, 1000.0, 910.0, 999.0, 999.0, 999.0, 999.0, 338.0, 298.0, 0.0, 0.0], [], [-0.1283416748046875, 0.06488037109375, -0.18035888671875, 0.9730224609375], [], [0.9086761474609375, -0.2567596435546875, 0.0953216552734375, -0.3150634765625]
88880, 89.54911041259766, [1000.0, 47.0, 218.0, 44.0, 151.0, 0.0, 57.0, 0.0, 21.0, 1000.0, 0.0, 1000.0, 0.0, 1000.0, 910.0, 999.0, 999.0, 999.0, 999.0, 337.0, 297.0, 0.0, 0.0], [], [-0.1286468505859375, 0.0652008056640625, -0.180450439453125, 0.9729461669921875], [], [0.90875244140625, -0.2564544677734375, 0.0950469970703125, -0.3151702880859375]
88890, 89.55944061279297, [1000.0, 48.0, 217.0, 44.0, 151.0, 0.0, 57.0, 0.0, 21.0, 1000.0, 0.0, 1000.0, 0.0, 1000.0, 912.0, 999.0, 999.0, 999.0, 999.0, 337.0, 294.0, 0.0, 0.0], [], [-0.1287841796875, 0.065338134765625, -0.180694580078125, 0.972869873046875], [], [0.90887451171875, -0.2559814453125, 0.0950775146484375, -0.315216064453125]
88900, 89.5692138671875, [1000.0, 47.0, 218.0, 44.0, 152.0, 0.0, 56.0, 0.0, 21.0, 1000.0, 0.0, 1000.0, 0.0, 1000.0, 914.0, 999.0, 999.0, 999.0, 999.0, 337.0, 293.0, 0.0, 0.0], [], [-0.12890625, 0.0655517578125, -0.180908203125, 0.9727935791015625], [], [0.9089202880859375, -0.2557830810546875, 0.0953369140625, -0.3151702880859375]
88910, 89.57915496826172, [1000.0, 47.0, 219.0, 44.0, 152.0, 0.0, 57.0, 0.0, 21.0, 1000.0, 0.0, 1000.0, 0.0, 1000.0, 913.0, 999.0, 999.0, 999.0, 999.0, 336.0, 294.0, 0.0, 0.0], [], [-0.1290130615234375, 0.0658111572265625, -0.1809539794921875, 0.9727630615234375], [], [0.908935546875, -0.25567626953125, 0.095458984375, -0.315155029296875]
88920, 89.58924102783203, [1000.0, 47.0, 219.0, 43.0, 152.0, 0.0, 58.0, 0.0, 21.0, 1000.0, 0.0, 1000.0, 0.0, 1000.0, 912.0, 999.0, 999.0, 999.0, 999.0, 336.0, 294.0, 0.0, 0.0], [], [-0.129119873046875, 0.066162109375, -0.18121337890625, 0.9726715087890625], [], [0.9087066650390625, -0.256439208984375, 0.0952301025390625, -0.3152923583984375]
88930, 89.59915924072266, [1000.0, 47.0, 218.0, 44.0, 152.0, 0.0, 57.0, 0.0, 20.0, 1000.0, 0.0, 1000.0, 0.0, 1000.0, 909.0, 999.0, 999.0, 999.0, 999.0, 336.0, 291.0, 0.0, 0.0], [], [-0.129180908203125, 0.0665740966796875, -0.1812896728515625, 0.972625732421875], [], [0.908599853515625, -0.256683349609375, 0.0955657958984375, -0.3152618408203125]
88940, 89.60920715332031, [1000.0, 47.0, 218.0, 44.0, 152.0, 0.0, 57.0, 0.0, 21.0, 1000.0, 0.0, 1000.0, 0.0, 1000.0, 912.0, 999.0, 999.0, 999.0, 999.0, 336.0, 294.0, 0.0, 0.0], [], [-0.12933349609375, 0.066497802734375, -0.181304931640625, 0.9726104736328125], [], [0.908599853515625, -0.25665283203125, 0.09576416015625, -0.3152618408203125]
88950, 89.61912536621094, [1000.0, 48.0, 219.0, 43.0, 151.0, 0.0, 56.0, 0.0, 21.0, 1000.0, 0.0, 1000.0, 0.0, 1000.0, 913.0, 999.0, 999.0, 999.0, 999.0, 336.0, 297.0, 0.0, 0.0], [], [-0.129638671875, 0.0662841796875, -0.18060302734375, 0.97271728515625], [], [0.908660888671875, -0.2563323974609375, 0.095306396484375, -0.315460205078125]
88960, 89.62913513183594, [1000.0, 48.0, 218.0, 43.0, 151.0, 0.0, 56.0, 0.0, 20.0, 1000.0, 0.0, 1000.0, 0.0, 1000.0, 912.0, 999.0, 999.0, 999.0, 999.0, 337.0, 295.0, 0.0, 0.0], [], [-0.1297454833984375, 0.0662994384765625, -0.1806182861328125, 0.972686767578125], [], [0.9088592529296875, -0.255584716796875, 0.0945281982421875, -0.31573486328125]
88970, 89.64192962646484, [1000.0, 47.0, 217.0, 43.0, 150.0, 0.0, 57.0, 0.0, 20.0, 1000.0, 0.0, 1000.0, 0.0, 1000.0, 914.0, 999.0, 999.0, 999.0, 999.0, 337.0, 294.0, 0.0, 0.0], [], [-0.1297454833984375, 0.0662689208984375, -0.18060302734375, 0.972686767578125], [], [0.9091339111328125, -0.254547119140625, 0.09454345703125, -0.3157806396484375]
88980, 89.6490478515625, [1000.0, 48.0, 218.0, 43.0, 150.0, 0.0, 56.0, 0.0, 21.0, 1000.0, 0.0, 1000.0, 0.0, 1000.0, 912.0, 999.0, 999.0, 999.0, 999.0, 338.0, 293.0, 0.0, 0.0], [], [-0.129852294921875, 0.0662689208984375, -0.1806488037109375, 0.9726715087890625], [], [0.9092254638671875, -0.254180908203125, 0.0948944091796875, -0.315704345703125]
88990, 89.65924072265625, [1000.0, 48.0, 219.0, 43.0, 151.0, 0.0, 57.0, 0.0, 22.0, 1000.0, 0.0, 1000.0, 0.0, 1000.0, 916.0, 999.0, 999.0, 999.0, 999.0, 338.0, 294.0, 0.0, 0.0], [], [-0.1300048828125, 0.0662384033203125, -0.1806488037109375, 0.97265625], [], [0.909027099609375, -0.2548980712890625, 0.09527587890625, -0.31561279296875]
89000, 89.66917419433594, [1000.0, 47.0, 219.0, 43.0, 152.0, 0.0, 57.0, 0.0, 22.0, 1000.0, 0.0, 1000.0, 0.0, 1000.0, 911.0, 999.0, 999.0, 999.0, 999.0, 338.0, 295.0, 0.0, 0.0], [], [-0.1301422119140625, 0.06622314453125, -0.1806488037109375, 0.9726409912109375], [], [0.908782958984375, -0.2557525634765625, 0.0954437255859375, -0.3155517578125]
89010, 89.67913818359375, [1000.0, 47.0, 218.0, 43.0, 152.0, 0.0, 57.0, 0.0, 22.0, 1000.0, 0.0, 1000.0, 0.0, 1000.0, 912.0, 999.0, 999.0, 999.0, 999.0, 338.0, 295.0, 0.0, 0.0], [], [-0.13031005859375, 0.0662078857421875, -0.1805877685546875, 0.972625732421875], [], [0.908905029296875, -0.2553558349609375, 0.09490966796875, -0.3156890869140625]
89020, 89.68905639648438, [1000.0, 47.0, 217.0, 44.0, 151.0, 0.0, 56.0, 0.0, 22.0, 1000.0, 0.0, 1000.0, 0.0, 1000.0, 906.0, 999.0, 999.0, 999.0, 999.0, 337.0, 296.0, 0.0, 0.0], [], [-0.1305084228515625, 0.0661773681640625, -0.1805419921875, 0.9726104736328125], [], [0.90899658203125, -0.255096435546875, 0.09588623046875, -0.3153533935546875]
89030, 89.69915771484375, [1000.0, 47.0, 218.0, 44.0, 151.0, 0.0, 56.0, 0.0, 21.0, 1000.0, 0.0, 1000.0, 0.0, 1000.0, 910.0, 999.0, 999.0, 999.0, 999.0, 338.0, 295.0, 0.0, 0.0], [], [-0.130706787109375, 0.0661468505859375, -0.1804351806640625, 0.9726104736328125], [], [0.9087677001953125, -0.25592041015625, 0.0959930419921875, -0.315277099609375]
89040, 89.70915985107422, [1000.0, 47.0, 219.0, 44.0, 152.0, 0.0, 56.0, 0.0, 21.0, 1000.0, 0.0, 1000.0, 0.0, 1000.0, 908.0, 999.0, 999.0, 999.0, 999.0, 337.0, 296.0, 0.0, 0.0], [], [-0.13092041015625, 0.0660858154296875, -0.18035888671875, 0.97259521484375], [], [0.908966064453125, -0.2553253173828125, 0.0959014892578125, -0.3152313232421875]
89050, 89.71902465820312, [1000.0, 47.0, 218.0, 44.0, 153.0, 0.0, 56.0, 0.0, 21.0, 1000.0, 0.0, 1000.0, 0.0, 1000.0, 911.0, 999.0, 999.0, 999.0, 999.0, 337.0, 297.0, 0.0, 0.0], [], [-0.1311187744140625, 0.066009521484375, -0.180267333984375, 0.97259521484375], [], [0.9091644287109375, -0.2546539306640625, 0.09503173828125, -0.3154754638671875]
89060, 89.72918701171875, [1000.0, 47.0, 218.0, 44.0, 152.0, 0.0, 55.0, 0.0, 21.0, 1000.0, 0.0, 1000.0, 0.0, 1000.0, 906.0, 999.0, 999.0, 999.0, 999.0, 336.0, 295.0, 0.0, 0.0], [], [-0.13128662109375, 0.066009521484375, -0.180145263671875, 0.97259521484375], [], [0.909027099609375, -0.255126953125, 0.0949859619140625, -0.31549072265625]
89070, 89.7392349243164, [1000.0, 48.0, 219.0, 44.0, 151.0, 0.0, 56.0, 0.0, 21.0, 1000.0, 0.0, 1000.0, 0.0, 1000.0, 909.0, 999.0, 999.0, 999.0, 999.0, 336.0, 294.0, 0.0, 0.0], [], [-0.1314697265625, 0.0660400390625, -0.180084228515625, 0.9725799560546875], [], [0.909088134765625, -0.2549285888671875, 0.09564208984375, -0.3152923583984375]
89080, 89.75149536132812, [1000.0, 47.0, 219.0, 44.0, 151.0, 0.0, 57.0, 0.0, 21.0, 1000.0, 0.0, 1000.0, 0.0, 1000.0, 906.0, 999.0, 999.0, 999.0, 999.0, 338.0, 294.0, 0.0, 0.0], [], [-0.1316375732421875, 0.066070556640625, -0.1800537109375, 0.9725494384765625], [], [0.9082489013671875, -0.257843017578125, 0.097076416015625, -0.314910888671875]
89090, 89.75923156738281, [1000.0, 47.0, 219.0, 43.0, 151.0, 0.0, 57.0, 0.0, 22.0, 1000.0, 0.0, 1000.0, 0.0, 1000.0, 909.0, 999.0, 999.0, 999.0, 999.0, 338.0, 290.0, 0.0, 0.0], [], [-0.1317901611328125, 0.0661773681640625, -0.1800994873046875, 0.9725189208984375], [], [0.9080657958984375, -0.2583465576171875, 0.1001739501953125, -0.31402587890625]
89100, 89.76908111572266, [1000.0, 47.0, 219.0, 43.0, 151.0, 0.0, 56.0, 0.0, 22.0, 1000.0, 0.0, 1000.0, 0.0, 1000.0, 905.0, 999.0, 999.0, 999.0, 999.0, 338.0, 293.0, 0.0, 0.0], [], [-0.1319122314453125, 0.06640625, -0.1802215576171875, 0.97247314453125], [], [0.9076690673828125, -0.2597198486328125, 0.100921630859375, -0.313812255859375]
89110, 89.77919006347656, [1000.0, 47.0, 218.0, 43.0, 152.0, 0.0, 56.0, 0.0, 23.0, 1000.0, 0.0, 1000.0, 0.0, 1000.0, 908.0, 999.0, 999.0, 999.0, 999.0, 337.0, 295.0, 0.0, 0.0], [], [-0.1319732666015625, 0.0666351318359375, -0.180267333984375, 0.9724273681640625], [], [0.9073944091796875, -0.2606353759765625, 0.099639892578125, -0.314239501953125]
89120, 89.7894287109375, [1000.0, 47.0, 218.0, 43.0, 152.0, 0.0, 56.0, 0.0, 21.0, 1000.0, 0.0, 1000.0, 0.0, 1000.0, 907.0, 999.0, 999.0, 999.0, 999.0, 337.0, 297.0, 0.0, 0.0], [], [-0.132049560546875, 0.0668487548828125, -0.1802215576171875, 0.972412109375], [], [0.9074859619140625, -0.260284423828125, 0.098785400390625, -0.3145294189453125]
89130, 89.7994155883789, [1000.0, 47.0, 217.0, 43.0, 152.0, 0.0, 56.0, 0.0, 21.0, 1000.0, 0.0, 1000.0, 0.0, 1000.0, 908.0, 999.0, 999.0, 999.0, 999.0, 335.0, 294.0, 0.0, 0.0], [], [-0.132110595703125, 0.0670013427734375, -0.1800994873046875, 0.9724273681640625], [], [0.907928466796875, -0.25872802734375, 0.098236083984375, -0.3147125244140625]
89140, 89.80941772460938, [1000.0, 47.0, 218.0, 43.0, 152.0, 0.0, 56.0, 0.0, 21.0, 1000.0, 0.0, 1000.0, 0.0, 1000.0, 905.0, 999.0, 999.0, 999.0, 999.0, 335.0, 294.0, 0.0, 0.0], [], [-0.1321563720703125, 0.067138671875, -0.1800689697265625, 0.972412109375], [], [0.908935546875, -0.25518798828125, 0.0952606201171875, -0.3155975341796875]
89150, 89.81953430175781, [1000.0, 47.0, 220.0, 43.0, 151.0, 0.0, 56.0, 0.0, 21.0, 1000.0, 0.0, 1000.0, 0.0, 1000.0, 906.0, 999.0, 999.0, 999.0, 999.0, 336.0, 297.0, 0.0, 0.0], [], [-0.132232666015625, 0.067230224609375, -0.180145263671875, 0.972381591796875], [], [0.910064697265625, -0.251129150390625, 0.0928802490234375, -0.3163299560546875]
89160, 89.82926940917969, [1000.0, 47.0, 220.0, 44.0, 152.0, 0.0, 57.0, 0.0, 22.0, 1000.0, 0.0, 1000.0, 0.0, 1000.0, 905.0, 999.0, 999.0, 999.0, 999.0, 336.0, 294.0, 0.0, 0.0], [], [-0.132293701171875, 0.06732177734375, -0.1802520751953125, 0.97235107421875], [], [0.9102783203125, -0.2503204345703125, 0.0924530029296875, -0.3164825439453125]
89170, 89.83920288085938, [1000.0, 47.0, 220.0, 44.0, 152.0, 0.0, 57.0, 0.0, 22.0, 1000.0, 0.0, 1000.0, 0.0, 1000.0, 905.0, 999.0, 999.0, 999.0, 999.0, 336.0, 294.0, 0.0, 0.0], [], [-0.132293701171875, 0.06732177734375, -0.1802520751953125, 0.97235107421875], [], [0.909759521484375, -0.2521514892578125, 0.0922698974609375, -0.316558837890625]
89180, 89.84915924072266, [1000.0, 47.0, 218.0, 43.0, 152.0, 0.0, 56.0, 0.0, 21.0, 1000.0, 0.0, 1000.0, 0.0, 1000.0, 908.0, 999.0, 999.0, 999.0, 999.0, 339.0, 296.0, 0.0, 0.0], [], [-0.132476806640625, 0.0674896240234375, -0.18035888671875, 0.9722900390625], [], [0.9099578857421875, -0.251373291015625, 0.0910186767578125, -0.316986083984375]
89190, 89.85923767089844, [1000.0, 48.0, 217.0, 43.0, 151.0, 0.0, 57.0, 0.0, 20.0, 1000.0, 0.0, 1000.0, 0.0, 1000.0, 909.0, 999.0, 999.0, 999.0, 999.0, 339.0, 298.0, 0.0, 0.0], [], [-0.132568359375, 0.0674896240234375, -0.18023681640625, 0.9723052978515625], [], [0.909423828125, -0.253204345703125, 0.092376708984375, -0.3166961669921875]
89200, 89.86914825439453, [1000.0, 47.0, 218.0, 43.0, 151.0, 0.0, 56.0, 0.0, 21.0, 1000.0, 0.0, 1000.0, 0.0, 1000.0, 909.0, 999.0, 999.0, 999.0, 999.0, 338.0, 298.0, 0.0, 0.0], [], [-0.1326751708984375, 0.06732177734375, -0.179962158203125, 0.97235107421875], [], [0.9084014892578125, -0.2566986083984375, 0.094451904296875, -0.3161773681640625]
89210, 89.87922668457031, [1000.0, 47.0, 217.0, 43.0, 151.0, 0.0, 56.0, 0.0, 21.0, 1000.0, 0.0, 1000.0, 0.0, 1000.0, 911.0, 999.0, 999.0, 999.0, 999.0, 337.0, 297.0, 0.0, 0.0], [], [-0.132781982421875, 0.067169189453125, -0.1795806884765625, 0.972412109375], [], [0.9086151123046875, -0.2558441162109375, 0.0956878662109375, -0.315887451171875]
89220, 89.88919067382812, [1000.0, 47.0, 218.0, 44.0, 150.0, 0.0, 57.0, 0.0, 20.0, 1000.0, 0.0, 1000.0, 0.0, 1000.0, 912.0, 999.0, 999.0, 999.0, 999.0, 336.0, 296.0, 0.0, 0.0], [], [-0.132904052734375, 0.0669403076171875, -0.1793060302734375, 0.9724578857421875], [], [0.90850830078125, -0.2561187744140625, 0.096710205078125, -0.315643310546875]
89230, 89.89911651611328, [1000.0, 47.0, 219.0, 44.0, 150.0, 0.0, 56.0, 0.0, 20.0, 1000.0, 0.0, 1000.0, 0.0, 1000.0, 913.0, 999.0, 999.0, 999.0, 999.0, 337.0, 295.0, 0.0, 0.0], [], [-0.1331329345703125, 0.066650390625, -0.1789703369140625, 0.9725189208984375], [], [0.908660888671875, -0.25555419921875, 0.0971832275390625, -0.315521240234375]
89240, 89.9137954711914, [1000.0, 47.0, 219.0, 43.0, 151.0, 0.0, 56.0, 0.0, 21.0, 1000.0, 0.0, 1000.0, 0.0, 1000.0, 910.0, 999.0, 999.0, 999.0, 999.0, 337.0, 294.0, 0.0, 0.0], [], [-0.1331634521484375, 0.0664215087890625, -0.1788482666015625, 0.9725494384765625], [], [0.9088897705078125, -0.2547454833984375, 0.0966796875, -0.3156890869140625]
89250, 89.91901397705078, [1000.0, 47.0, 219.0, 43.0, 151.0, 0.0, 56.0, 0.0, 21.0, 1000.0, 0.0, 1000.0, 0.0, 1000.0, 910.0, 999.0, 999.0, 999.0, 999.0, 337.0, 294.0, 0.0, 0.0], [], [-0.1331634521484375, 0.0664215087890625, -0.1788482666015625, 0.9725494384765625], [], [0.9090423583984375, -0.2541656494140625, 0.0957183837890625, -0.31597900390625]
89260, 89.92916107177734, [1000.0, 48.0, 219.0, 43.0, 151.0, 0.0, 56.0, 0.0, 21.0, 1000.0, 0.0, 1000.0, 0.0, 1000.0, 909.0, 999.0, 999.0, 999.0, 998.0, 336.0, 296.0, 0.0, 0.0], [], [-0.133544921875, 0.066314697265625, -0.1790771484375, 0.9724578857421875], [], [0.9100341796875, -0.250640869140625, 0.0946044921875, -0.3162841796875]
89270, 89.93917083740234, [1000.0, 48.0, 218.0, 43.0, 151.0, 0.0, 56.0, 0.0, 21.0, 1000.0, 0.0, 1000.0, 0.0, 1000.0, 911.0, 999.0, 999.0, 999.0, 998.0, 337.0, 294.0, 0.0, 0.0], [], [-0.133575439453125, 0.06622314453125, -0.17926025390625, 0.9724273681640625], [], [0.910797119140625, -0.2479248046875, 0.0947723388671875, -0.316192626953125]
89280, 89.94911193847656, [1000.0, 48.0, 218.0, 43.0, 152.0, 0.0, 57.0, 0.0, 21.0, 1000.0, 0.0, 1000.0, 0.0, 1000.0, 910.0, 999.0, 998.0, 999.0, 999.0, 338.0, 294.0, 0.0, 0.0], [], [-0.133758544921875, 0.066192626953125, -0.179412841796875, 0.972381591796875], [], [0.9109954833984375, -0.2472076416015625, 0.0951385498046875, -0.316070556640625]
89290, 89.95916748046875, [1000.0, 48.0, 218.0, 43.0, 151.0, 0.0, 56.0, 0.0, 19.0, 1000.0, 0.0, 1000.0, 0.0, 1000.0, 912.0, 999.0, 998.0, 999.0, 999.0, 338.0, 294.0, 0.0, 0.0], [], [-0.134002685546875, 0.0659637451171875, -0.1793670654296875, 0.9723663330078125], [], [0.9107513427734375, -0.248260498046875, 0.0934906005859375, -0.3164520263671875]
89300, 89.96902465820312, [1000.0, 47.0, 218.0, 43.0, 151.0, 0.0, 56.0, 0.0, 20.0, 1000.0, 0.0, 1000.0, 0.0, 1000.0, 913.0, 999.0, 999.0, 999.0, 999.0, 337.0, 293.0, 0.0, 0.0], [], [-0.134246826171875, 0.065643310546875, -0.179473876953125, 0.9723358154296875], [], [0.9105377197265625, -0.249114990234375, 0.09307861328125, -0.3165130615234375]
89310, 89.97915649414062, [1000.0, 47.0, 218.0, 43.0, 152.0, 0.0, 56.0, 0.0, 21.0, 1000.0, 0.0, 1000.0, 0.0, 1000.0, 914.0, 999.0, 999.0, 999.0, 999.0, 335.0, 293.0, 0.0, 0.0], [], [-0.134490966796875, 0.0654144287109375, -0.1793670654296875, 0.9723358154296875], [], [0.90960693359375, -0.2525787353515625, 0.09320068359375, -0.3164215087890625]
89320, 89.98917388916016, [1000.0, 47.0, 218.0, 44.0, 151.0, 0.0, 56.0, 0.0, 20.0, 1000.0, 0.0, 1000.0, 0.0, 1000.0, 912.0, 999.0, 999.0, 999.0, 999.0, 335.0, 294.0, 0.0, 0.0], [], [-0.1347503662109375, 0.06524658203125, -0.1791839599609375, 0.97235107421875], [], [0.9095458984375, -0.2528228759765625, 0.0933074951171875, -0.31634521484375]
89330, 89.99910736083984, [1000.0, 48.0, 218.0, 44.0, 152.0, 0.0, 56.0, 0.0, 20.0, 1000.0, 0.0, 1000.0, 0.0, 1000.0, 912.0, 999.0, 999.0, 999.0, 999.0, 335.0, 296.0, 0.0, 0.0], [], [-0.134918212890625, 0.065399169921875, -0.1788787841796875, 0.9723663330078125], [], [0.90948486328125, -0.2530975341796875, 0.0935516357421875, -0.3162384033203125]
89340, 90.00917053222656, [1000.0, 47.0, 218.0, 43.0, 152.0, 0.0, 57.0, 0.0, 20.0, 1000.0, 0.0, 1000.0, 0.0, 1000.0, 910.0, 999.0, 999.0, 999.0, 999.0, 337.0, 296.0, 0.0, 0.0], [], [-0.1350555419921875, 0.0657196044921875, -0.178680419921875, 0.9723663330078125], [], [0.9093780517578125, -0.253509521484375, 0.0937957763671875, -0.3161468505859375]
89350, 90.0235595703125, [1000.0, 47.0, 219.0, 43.0, 152.0, 0.0, 57.0, 0.0, 21.0, 1000.0, 0.0, 1000.0, 0.0, 1000.0, 913.0, 999.0, 999.0, 999.0, 999.0, 337.0, 296.0, 0.0, 0.0], [], [-0.13519287109375, 0.0661163330078125, -0.178955078125, 0.9722747802734375], [], [0.9093475341796875, -0.2536773681640625, 0.093994140625, -0.3160552978515625]
89360, 90.02910614013672, [1000.0, 47.0, 219.0, 43.0, 152.0, 0.0, 56.0, 0.0, 20.0, 1000.0, 0.0, 1000.0, 0.0, 1000.0, 905.0, 999.0, 999.0, 999.0, 999.0, 337.0, 295.0, 0.0, 0.0], [], [-0.1353302001953125, 0.06634521484375, -0.179229736328125, 0.9721832275390625], [], [0.9093017578125, -0.253875732421875, 0.094146728515625, -0.31597900390625]
89370, 90.03916931152344, [1000.0, 47.0, 218.0, 43.0, 152.0, 0.0, 56.0, 0.0, 21.0, 1000.0, 0.0, 1000.0, 0.0, 1000.0, 903.0, 999.0, 999.0, 999.0, 999.0, 336.0, 293.0, 0.0, 0.0], [], [-0.1354522705078125, 0.0666046142578125, -0.1795654296875, 0.9720916748046875], [], [0.909271240234375, -0.253936767578125, 0.09405517578125, -0.3160247802734375]
89380, 90.04910278320312, [1000.0, 47.0, 218.0, 44.0, 151.0, 0.0, 56.0, 0.0, 19.0, 1000.0, 0.0, 1000.0, 0.0, 1000.0, 905.0, 999.0, 999.0, 999.0, 999.0, 335.0, 291.0, 0.0, 0.0], [], [-0.1355438232421875, 0.066864013671875, -0.1798553466796875, 0.9720001220703125], [], [0.9092254638671875, -0.254058837890625, 0.09381103515625, -0.3161163330078125]
89390, 90.05917358398438, [1000.0, 47.0, 218.0, 44.0, 151.0, 0.0, 56.0, 0.0, 20.0, 1000.0, 0.0, 1000.0, 0.0, 1000.0, 911.0, 999.0, 999.0, 999.0, 999.0, 335.0, 293.0, 0.0, 0.0], [], [-0.135528564453125, 0.06756591796875, -0.1804962158203125, 0.971832275390625], [], [0.909210205078125, -0.2541046142578125, 0.093902587890625, -0.31610107421875]
89400, 90.0691909790039, [1000.0, 47.0, 219.0, 44.0, 151.0, 0.0, 55.0, 0.0, 21.0, 1000.0, 0.0, 1000.0, 0.0, 1000.0, 909.0, 999.0, 999.0, 999.0, 999.0, 336.0, 294.0, 0.0, 0.0], [], [-0.135528564453125, 0.0681915283203125, -0.180633544921875, 0.971771240234375], [], [0.9092559814453125, -0.2538604736328125, 0.09326171875, -0.31634521484375]
89410, 90.07917785644531, [1000.0, 47.0, 218.0, 44.0, 151.0, 0.0, 56.0, 0.0, 20.0, 1000.0, 0.0, 1000.0, 0.0, 1000.0, 909.0, 999.0, 999.0, 999.0, 999.0, 336.0, 293.0, 0.0, 0.0], [], [-0.13555908203125, 0.068603515625, -0.1804656982421875, 0.971771240234375], [], [0.9093017578125, -0.253662109375, 0.092926025390625, -0.31646728515625]
89420, 90.08919525146484, [1000.0, 47.0, 218.0, 44.0, 151.0, 0.0, 56.0, 0.0, 20.0, 1000.0, 0.0, 1000.0, 0.0, 1000.0, 907.0, 999.0, 999.0, 999.0, 999.0, 337.0, 294.0, 0.0, 0.0], [], [-0.1356048583984375, 0.068939208984375, -0.1802215576171875, 0.9717864990234375], [], [0.9093170166015625, -0.2536163330078125, 0.0928192138671875, -0.3165283203125]
89430, 90.09912872314453, [1000.0, 47.0, 217.0, 43.0, 151.0, 0.0, 57.0, 0.0, 20.0, 1000.0, 0.0, 1000.0, 0.0, 1000.0, 910.0, 999.0, 999.0, 999.0, 999.0, 337.0, 293.0, 0.0, 0.0], [], [-0.1357269287109375, 0.0689239501953125, -0.1800384521484375, 0.9718017578125], [], [0.909423828125, -0.2532196044921875, 0.09356689453125, -0.3162994384765625]
89440, 90.10916900634766, [1000.0, 47.0, 217.0, 43.0, 151.0, 0.0, 57.0, 0.0, 20.0, 1000.0, 0.0, 1000.0, 0.0, 1000.0, 910.0, 999.0, 999.0, 999.0, 999.0, 337.0, 293.0, 0.0, 0.0], [], [-0.1357269287109375, 0.0689239501953125, -0.1800384521484375, 0.9718017578125], [], [0.90936279296875, -0.2533721923828125, 0.093292236328125, -0.316436767578125]
89450, 90.11910247802734, [1000.0, 47.0, 219.0, 43.0, 151.0, 0.0, 56.0, 0.0, 20.0, 1000.0, 0.0, 1000.0, 0.0, 1000.0, 907.0, 999.0, 999.0, 999.0, 999.0, 338.0, 293.0, 0.0, 0.0], [], [-0.1360626220703125, 0.06842041015625, -0.179351806640625, 0.9719085693359375], [], [0.90924072265625, -0.253753662109375, 0.0937347412109375, -0.3163604736328125]
89460, 90.12909698486328, [1000.0, 47.0, 217.0, 43.0, 151.0, 0.0, 56.0, 0.0, 21.0, 1000.0, 0.0, 1000.0, 0.0, 1000.0, 906.0, 999.0, 999.0, 999.0, 999.0, 338.0, 295.0, 0.0, 0.0], [], [-0.13616943359375, 0.0683746337890625, -0.1789398193359375, 0.97198486328125], [], [0.909027099609375, -0.254425048828125, 0.093902587890625, -0.3163604736328125]
89470, 90.13916015625, [1000.0, 47.0, 217.0, 43.0, 151.0, 0.0, 56.0, 0.0, 21.0, 1000.0, 0.0, 1000.0, 0.0, 1000.0, 906.0, 999.0, 999.0, 999.0, 999.0, 338.0, 295.0, 0.0, 0.0], [], [-0.13616943359375, 0.0683746337890625, -0.1789398193359375, 0.97198486328125], [], [0.90899658203125, -0.254486083984375, 0.0937042236328125, -0.3164825439453125]
89480, 90.14911651611328, [1000.0, 48.0, 217.0, 44.0, 152.0, 0.0, 56.0, 0.0, 21.0, 1000.0, 0.0, 1000.0, 0.0, 1000.0, 906.0, 999.0, 999.0, 999.0, 999.0, 338.0, 295.0, 0.0, 0.0], [], [-0.1363677978515625, 0.0684814453125, -0.1790618896484375, 0.971923828125], [], [0.90924072265625, -0.253570556640625, 0.0934295654296875, -0.31658935546875]
89490, 90.15917205810547, [1000.0, 48.0, 217.0, 43.0, 151.0, 0.0, 56.0, 0.0, 21.0, 1000.0, 0.0, 1000.0, 0.0, 1000.0, 906.0, 999.0, 999.0, 999.0, 999.0, 337.0, 293.0, 0.0, 0.0], [], [-0.136474609375, 0.0684661865234375, -0.179107666015625, 0.971893310546875], [], [0.909637451171875, -0.25213623046875, 0.0929412841796875, -0.316741943359375]
89500, 90.16907501220703, [1000.0, 47.0, 218.0, 43.0, 151.0, 0.0, 56.0, 0.0, 21.0, 1000.0, 0.0, 1000.0, 0.0, 1000.0, 905.0, 999.0, 999.0, 999.0, 999.0, 336.0, 291.0, 0.0, 0.0], [], [-0.1366119384765625, 0.06842041015625, -0.1791229248046875, 0.9718780517578125], [], [0.9097747802734375, -0.25164794921875, 0.0927276611328125, -0.3167877197265625]
89510, 90.1856689453125, [1000.0, 47.0, 218.0, 43.0, 150.0, 0.0, 56.0, 0.0, 21.0, 1000.0, 0.0, 1000.0, 0.0, 1000.0, 908.0, 999.0, 999.0, 999.0, 999.0, 336.0, 295.0, 0.0, 0.0], [], [-0.136749267578125, 0.068359375, -0.17913818359375, 0.97186279296875], [], [0.9097442626953125, -0.2517242431640625, 0.0936431884765625, -0.316558837890625]
89520, 90.18920135498047, [1000.0, 47.0, 218.0, 43.0, 151.0, 0.0, 56.0, 0.0, 20.0, 1000.0, 0.0, 1000.0, 0.0, 1000.0, 910.0, 999.0, 999.0, 999.0, 999.0, 337.0, 297.0, 0.0, 0.0], [], [-0.1368865966796875, 0.0682830810546875, -0.1791839599609375, 0.9718475341796875], [], [0.9095458984375, -0.2523956298828125, 0.09454345703125, -0.3163299560546875]
89530, 90.1991195678711, [1000.0, 47.0, 217.0, 43.0, 151.0, 0.0, 56.0, 0.0, 19.0, 1000.0, 0.0, 1000.0, 0.0, 1000.0, 914.0, 999.0, 999.0, 999.0, 999.0, 337.0, 296.0, 0.0, 0.0], [], [-0.13720703125, 0.068023681640625, -0.179229736328125, 0.9718017578125], [], [0.90985107421875, -0.2512969970703125, 0.09466552734375, -0.3162994384765625]
89540, 90.20915222167969, [1000.0, 47.0, 218.0, 43.0, 151.0, 0.0, 56.0, 0.0, 20.0, 1000.0, 0.0, 1000.0, 0.0, 1000.0, 915.0, 999.0, 999.0, 999.0, 999.0, 338.0, 297.0, 0.0, 0.0], [], [-0.1372528076171875, 0.0678253173828125, -0.1792449951171875, 0.9718170166015625], [], [0.9094696044921875, -0.2527313232421875, 0.095367431640625, -0.3160400390625]
89550, 90.21910095214844, [1000.0, 47.0, 218.0, 43.0, 151.0, 0.0, 56.0, 0.0, 20.0, 1000.0, 0.0, 1000.0, 0.0, 1000.0, 915.0, 999.0, 999.0, 999.0, 999.0, 338.0, 297.0, 0.0, 0.0], [], [-0.13751220703125, 0.067596435546875, -0.1791534423828125, 0.9718017578125], [], [0.9096221923828125, -0.252227783203125, 0.095489501953125, -0.3159332275390625]
89560, 90.22914123535156, [1000.0, 47.0, 218.0, 43.0, 151.0, 0.0, 56.0, 0.0, 21.0, 1000.0, 0.0, 1000.0, 0.0, 1000.0, 916.0, 999.0, 999.0, 999.0, 999.0, 336.0, 296.0, 0.0, 0.0], [], [-0.137847900390625, 0.06732177734375, -0.178985595703125, 0.9718170166015625], [], [0.9098663330078125, -0.2515411376953125, 0.09478759765625, -0.3160247802734375]
89570, 90.23916625976562, [1000.0, 47.0, 218.0, 43.0, 150.0, 0.0, 57.0, 0.0, 21.0, 1000.0, 0.0, 1000.0, 0.0, 1000.0, 916.0, 999.0, 999.0, 999.0, 999.0, 335.0, 296.0, 0.0, 0.0], [], [-0.1381683349609375, 0.067047119140625, -0.1788177490234375, 0.9718170166015625], [], [0.910552978515625, -0.2492523193359375, 0.0931243896484375, -0.31634521484375]
89580, 90.2491226196289, [1000.0, 47.0, 218.0, 43.0, 150.0, 0.0, 56.0, 0.0, 20.0, 1000.0, 0.0, 1000.0, 0.0, 1000.0, 916.0, 999.0, 999.0, 999.0, 999.0, 337.0, 296.0, 0.0, 0.0], [], [-0.1385498046875, 0.0667877197265625, -0.1786651611328125, 0.9718017578125], [], [0.9108734130859375, -0.2482452392578125, 0.0926971435546875, -0.3163299560546875]
89590, 90.25917053222656, [1000.0, 48.0, 217.0, 43.0, 151.0, 0.0, 56.0, 0.0, 20.0, 1000.0, 0.0, 1000.0, 0.0, 1000.0, 916.0, 999.0, 999.0, 999.0, 999.0, 338.0, 296.0, 0.0, 0.0], [], [-0.1389007568359375, 0.0666351318359375, -0.1785430908203125, 0.9717864990234375], [], [0.9102935791015625, -0.2504730224609375, 0.0926055908203125, -0.3162841796875]
89600, 90.26911926269531, [1000.0, 47.0, 218.0, 43.0, 151.0, 0.0, 55.0, 0.0, 19.0, 1000.0, 0.0, 1000.0, 0.0, 1000.0, 919.0, 999.0, 999.0, 999.0, 999.0, 338.0, 294.0, 0.0, 0.0], [], [-0.139251708984375, 0.066619873046875, -0.17852783203125, 0.97174072265625], [], [0.9100341796875, -0.251495361328125, 0.093597412109375, -0.31591796875]
89610, 90.27913665771484, [1000.0, 47.0, 218.0, 43.0, 151.0, 0.0, 55.0, 0.0, 20.0, 1000.0, 0.0, 1000.0, 0.0, 1000.0, 925.0, 999.0, 999.0, 999.0, 999.0, 337.0, 289.0, 0.0, 0.0], [], [-0.139556884765625, 0.066650390625, -0.1785430908203125, 0.9716949462890625], [], [0.9091644287109375, -0.254638671875, 0.09686279296875, -0.314910888671875]
89620, 90.29501342773438, [1000.0, 47.0, 218.0, 43.0, 150.0, 0.0, 55.0, 0.0, 20.0, 1000.0, 0.0, 1000.0, 0.0, 1000.0, 926.0, 999.0, 999.0, 999.0, 999.0, 337.0, 291.0, 0.0, 0.0], [], [-0.1398468017578125, 0.0666961669921875, -0.1786651611328125, 0.97161865234375], [], [0.907989501953125, -0.258697509765625, 0.10101318359375, -0.3137054443359375]
89630, 90.29901123046875, [1000.0, 47.0, 218.0, 43.0, 151.0, 0.0, 56.0, 0.0, 21.0, 1000.0, 0.0, 1000.0, 0.0, 1000.0, 927.0, 999.0, 999.0, 999.0, 999.0, 338.0, 295.0, 0.0, 0.0], [], [-0.140106201171875, 0.066802978515625, -0.17877197265625, 0.9715576171875], [], [0.9071502685546875, -0.2615203857421875, 0.1026153564453125, -0.3132476806640625]
89640, 90.3092041015625, [1000.0, 47.0, 217.0, 43.0, 151.0, 0.0, 56.0, 0.0, 21.0, 1000.0, 0.0, 1000.0, 0.0, 1000.0, 924.0, 999.0, 999.0, 999.0, 999.0, 337.0, 295.0, 0.0, 0.0], [], [-0.140350341796875, 0.0668792724609375, -0.1787567138671875, 0.971527099609375], [], [0.90704345703125, -0.26190185546875, 0.10333251953125, -0.313018798828125]
89650, 90.31927490234375, [1000.0, 47.0, 216.0, 43.0, 151.0, 0.0, 56.0, 0.0, 21.0, 1000.0, 0.0, 1000.0, 0.0, 1000.0, 922.0, 999.0, 999.0, 999.0, 999.0, 337.0, 296.0, 0.0, 0.0], [], [-0.140533447265625, 0.06695556640625, -0.1787567138671875, 0.9714813232421875], [], [0.90740966796875, -0.26068115234375, 0.10186767578125, -0.3134765625]
89660, 90.32923126220703, [1000.0, 47.0, 216.0, 43.0, 151.0, 0.0, 56.0, 0.0, 21.0, 1000.0, 0.0, 1000.0, 0.0, 1000.0, 920.0, 999.0, 999.0, 999.0, 999.0, 336.0, 295.0, 0.0, 0.0], [], [-0.1406707763671875, 0.0671844482421875, -0.1788482666015625, 0.971435546875], [], [0.9081573486328125, -0.258209228515625, 0.09527587890625, -0.315399169921875]
89670, 90.3392333984375, [1000.0, 47.0, 217.0, 43.0, 151.0, 0.0, 56.0, 0.0, 20.0, 1000.0, 0.0, 1000.0, 0.0, 1000.0, 922.0, 999.0, 999.0, 999.0, 999.0, 336.0, 295.0, 0.0, 0.0], [], [-0.1407623291015625, 0.0674896240234375, -0.17901611328125, 0.97137451171875], [], [0.908416748046875, -0.25732421875, 0.093902587890625, -0.3158111572265625]
89680, 90.3491439819336, [1000.0, 47.0, 218.0, 43.0, 150.0, 0.0, 56.0, 0.0, 19.0, 1000.0, 0.0, 1000.0, 0.0, 1000.0, 922.0, 999.0, 999.0, 999.0, 999.0, 335.0, 297.0, 0.0, 0.0], [], [-0.1407928466796875, 0.0679779052734375, -0.179290771484375, 0.971282958984375], [], [0.90899658203125, -0.255279541015625, 0.0949249267578125, -0.31549072265625]
89690, 90.35933685302734, [1000.0, 47.0, 218.0, 43.0, 151.0, 0.0, 56.0, 0.0, 21.0, 1000.0, 0.0, 1000.0, 0.0, 1000.0, 922.0, 999.0, 999.0, 999.0, 999.0, 336.0, 298.0, 0.0, 0.0], [], [-0.1408538818359375, 0.0684967041015625, -0.1797943115234375, 0.9711456298828125], [], [0.9081878662109375, -0.258056640625, 0.0953369140625, -0.3154144287109375]
89700, 90.36924743652344, [1000.0, 47.0, 218.0, 43.0, 151.0, 0.0, 56.0, 0.0, 21.0, 1000.0, 0.0, 1000.0, 0.0, 1000.0, 921.0, 999.0, 999.0, 999.0, 999.0, 337.0, 297.0, 0.0, 0.0], [], [-0.1409149169921875, 0.06884765625, -0.180328369140625, 0.97100830078125], [], [0.9077301025390625, -0.25958251953125, 0.0964813232421875, -0.31512451171875]
89710, 90.37923431396484, [1000.0, 47.0, 217.0, 43.0, 151.0, 0.0, 55.0, 0.0, 20.0, 1000.0, 0.0, 1000.0, 0.0, 1000.0, 923.0, 999.0, 999.0, 999.0, 999.0, 337.0, 296.0, 0.0, 0.0], [], [-0.1409759521484375, 0.069091796875, -0.1807403564453125, 0.970916748046875], [], [0.906890869140625, -0.2624053955078125, 0.0984039306640625, -0.3146209716796875]
89720, 90.38925170898438, [1000.0, 47.0, 217.0, 43.0, 151.0, 0.0, 55.0, 0.0, 19.0, 1000.0, 0.0, 1000.0, 0.0, 1000.0, 922.0, 999.0, 999.0, 999.0, 998.0, 336.0, 294.0, 0.0, 0.0], [], [-0.141021728515625, 0.06927490234375, -0.1810455322265625, 0.9708404541015625], [], [0.9073638916015625, -0.260711669921875, 0.097686767578125, -0.3148956298828125]
89730, 90.3992919921875, [1000.0, 47.0, 218.0, 43.0, 152.0, 0.0, 55.0, 0.0, 19.0, 1000.0, 0.0, 1000.0, 0.0, 1000.0, 923.0, 999.0, 999.0, 999.0, 998.0, 337.0, 291.0, 0.0, 0.0], [], [-0.1410675048828125, 0.06939697265625, -0.1810760498046875, 0.9708099365234375], [], [0.907806396484375, -0.259124755859375, 0.096160888671875, -0.315399169921875]
89740, 90.4093017578125, [1000.0, 47.0, 218.0, 43.0, 152.0, 0.0, 55.0, 0.0, 19.0, 1000.0, 0.0, 1000.0, 0.0, 1000.0, 923.0, 999.0, 999.0, 999.0, 998.0, 337.0, 291.0, 0.0, 0.0], [], [-0.1410675048828125, 0.06939697265625, -0.1810760498046875, 0.9708099365234375], [], [0.9085235595703125, -0.256500244140625, 0.0950927734375, -0.3157806396484375]
89750, 90.41924285888672, [1000.0, 47.0, 217.0, 43.0, 152.0, 0.0, 55.0, 0.0, 20.0, 1000.0, 0.0, 1000.0, 0.0, 1000.0, 922.0, 999.0, 999.0, 999.0, 999.0, 337.0, 293.0, 0.0, 0.0], [], [-0.14117431640625, 0.0693817138671875, -0.1805877685546875, 0.97088623046875], [], [0.9091339111328125, -0.2543182373046875, 0.0937957763671875, -0.316192626953125]
89760, 90.42929077148438, [1000.0, 47.0, 217.0, 43.0, 151.0, 0.0, 56.0, 0.0, 20.0, 1000.0, 0.0, 1000.0, 0.0, 1000.0, 921.0, 999.0, 999.0, 999.0, 999.0, 337.0, 291.0, 0.0, 0.0], [], [-0.1412506103515625, 0.0691375732421875, -0.1801605224609375, 0.970977783203125], [], [0.9081573486328125, -0.2577056884765625, 0.092987060546875, -0.316497802734375]
89770, 90.4392318725586, [1000.0, 47.0, 218.0, 43.0, 150.0, 0.0, 55.0, 0.0, 21.0, 1000.0, 0.0, 1000.0, 0.0, 1000.0, 924.0, 999.0, 999.0, 999.0, 999.0, 337.0, 294.0, 0.0, 0.0], [], [-0.141326904296875, 0.0688934326171875, -0.1797637939453125, 0.9710540771484375], [], [0.908599853515625, -0.256072998046875, 0.093658447265625, -0.31634521484375]
89780, 90.45816040039062, [1000.0, 47.0, 218.0, 43.0, 151.0, 0.0, 56.0, 0.0, 21.0, 1000.0, 0.0, 1000.0, 0.0, 1000.0, 923.0, 999.0, 999.0, 999.0, 999.0, 337.0, 295.0, 0.0, 0.0], [], [-0.1414642333984375, 0.06854248046875, -0.179595947265625, 0.9710845947265625], [], [0.908477783203125, -0.2564239501953125, 0.0957794189453125, -0.315765380859375]
89790, 90.45980834960938, [1000.0, 47.0, 217.0, 43.0, 152.0, 0.0, 56.0, 0.0, 20.0, 1000.0, 0.0, 1000.0, 0.0, 1000.0, 925.0, 999.0, 999.0, 999.0, 999.0, 336.0, 297.0, 0.0, 0.0], [], [-0.141632080078125, 0.068145751953125, -0.17962646484375, 0.9710845947265625], [], [0.9089202880859375, -0.2548828125, 0.095550537109375, -0.3158111572265625]
89800, 90.46914672851562, [1000.0, 47.0, 217.0, 43.0, 151.0, 0.0, 57.0, 0.0, 19.0, 1000.0, 0.0, 1000.0, 0.0, 1000.0, 920.0, 999.0, 999.0, 999.0, 999.0, 337.0, 298.0, 0.0, 0.0], [], [-0.1417999267578125, 0.067901611328125, -0.17962646484375, 0.9710845947265625], [], [0.9093170166015625, -0.2535552978515625, 0.094879150390625, -0.31597900390625]
89810, 90.47921752929688, [1000.0, 47.0, 219.0, 43.0, 151.0, 0.0, 57.0, 0.0, 19.0, 1000.0, 0.0, 1000.0, 0.0, 1000.0, 919.0, 999.0, 999.0, 999.0, 999.0, 336.0, 295.0, 0.0, 0.0], [], [-0.1419677734375, 0.0677490234375, -0.1796112060546875, 0.9710693359375], [], [0.9089508056640625, -0.254974365234375, 0.091583251953125, -0.3168487548828125]
89820, 90.4892349243164, [1000.0, 47.0, 217.0, 43.0, 151.0, 0.0, 57.0, 0.0, 20.0, 1000.0, 0.0, 1000.0, 0.0, 1000.0, 916.0, 999.0, 999.0, 999.0, 999.0, 337.0, 290.0, 0.0, 0.0], [], [-0.1421051025390625, 0.0675811767578125, -0.1793060302734375, 0.9711151123046875], [], [0.908935546875, -0.25506591796875, 0.091644287109375, -0.316802978515625]
89830, 90.49922943115234, [1000.0, 47.0, 218.0, 43.0, 151.0, 0.0, 56.0, 0.0, 19.0, 1000.0, 0.0, 1000.0, 0.0, 1000.0, 912.0, 999.0, 999.0, 999.0, 998.0, 336.0, 297.0, 0.0, 0.0], [], [-0.142364501953125, 0.067474365234375, -0.178558349609375, 0.971221923828125], [], [0.9088592529296875, -0.255279541015625, 0.091766357421875, -0.3167724609375]
89840, 90.50936126708984, [1000.0, 47.0, 218.0, 43.0, 151.0, 0.0, 54.0, 0.0, 20.0, 1000.0, 0.0, 1000.0, 0.0, 1000.0, 913.0, 999.0, 999.0, 999.0, 999.0, 336.0, 297.0, 0.0, 0.0], [], [-0.142333984375, 0.0676116943359375, -0.1784515380859375, 0.9712371826171875], [], [0.9087677001953125, -0.2555999755859375, 0.092010498046875, -0.31671142578125]
89850, 90.51915740966797, [1000.0, 47.0, 218.0, 43.0, 151.0, 0.0, 54.0, 0.0, 20.0, 1000.0, 0.0, 1000.0, 0.0, 1000.0, 912.0, 999.0, 999.0, 999.0, 999.0, 336.0, 295.0, 0.0, 0.0], [], [-0.142364501953125, 0.0678558349609375, -0.1788787841796875, 0.97113037109375], [], [0.9086456298828125, -0.2560272216796875, 0.0924835205078125, -0.31658935546875]
89860, 90.5291519165039, [1000.0, 47.0, 217.0, 43.0, 151.0, 0.0, 56.0, 0.0, 20.0, 1000.0, 0.0, 1000.0, 0.0, 1000.0, 914.0, 999.0, 999.0, 999.0, 999.0, 337.0, 294.0, 0.0, 0.0], [], [-0.1424407958984375, 0.06805419921875, -0.1796722412109375, 0.9709625244140625], [], [0.9085235595703125, -0.2564544677734375, 0.093017578125, -0.3164520263671875]
89870, 90.5391616821289, [1000.0, 47.0, 219.0, 43.0, 151.0, 0.0, 56.0, 0.0, 19.0, 1000.0, 0.0, 1000.0, 0.0, 1000.0, 911.0, 999.0, 999.0, 999.0, 999.0, 336.0, 295.0, 0.0, 0.0], [], [-0.14251708984375, 0.068145751953125, -0.1802520751953125, 0.9708404541015625], [], [0.908538818359375, -0.2563629150390625, 0.0934600830078125, -0.3163299560546875]
89880, 90.54910278320312, [1000.0, 47.0, 219.0, 43.0, 151.0, 0.0, 56.0, 0.0, 19.0, 1000.0, 0.0, 1000.0, 0.0, 1000.0, 914.0, 999.0, 999.0, 999.0, 999.0, 336.0, 296.0, 0.0, 0.0], [], [-0.142578125, 0.06829833984375, -0.180419921875, 0.970794677734375], [], [0.9085693359375, -0.2562103271484375, 0.0936279296875, -0.3163299560546875]
89890, 90.5666275024414, [1000.0, 47.0, 219.0, 43.0, 151.0, 0.0, 56.0, 0.0, 19.0, 1000.0, 0.0, 1000.0, 0.0, 1000.0, 917.0, 999.0, 999.0, 999.0, 999.0, 336.0, 296.0, 0.0, 0.0], [], [-0.14263916015625, 0.06829833984375, -0.180389404296875, 0.970794677734375], [], [0.9086761474609375, -0.2558135986328125, 0.092926025390625, -0.3165435791015625]
89900, 90.56900024414062, [1000.0, 47.0, 217.0, 43.0, 151.0, 0.0, 56.0, 0.0, 19.0, 1000.0, 0.0, 1000.0, 0.0, 1000.0, 918.0, 999.0, 999.0, 999.0, 999.0, 337.0, 296.0, 0.0, 0.0], [], [-0.1427001953125, 0.068145751953125, -0.1803436279296875, 0.970794677734375], [], [0.908905029296875, -0.254974365234375, 0.092498779296875, -0.3166961669921875]
89910, 90.57914733886719, [1000.0, 47.0, 216.0, 43.0, 151.0, 0.0, 55.0, 0.0, 19.0, 1000.0, 0.0, 1000.0, 0.0, 1000.0, 916.0, 999.0, 999.0, 999.0, 999.0, 335.0, 296.0, 0.0, 0.0], [], [-0.1427459716796875, 0.068023681640625, -0.1802825927734375, 0.9708099365234375], [], [0.90887451171875, -0.2550048828125, 0.092620849609375, -0.31671142578125]
89920, 90.58924865722656, [1000.0, 47.0, 217.0, 43.0, 152.0, 0.0, 55.0, 0.0, 19.0, 1000.0, 0.0, 1000.0, 0.0, 1000.0, 916.0, 999.0, 999.0, 999.0, 999.0, 336.0, 294.0, 0.0, 0.0], [], [-0.142730712890625, 0.068084716796875, -0.1800537109375, 0.970855712890625], [], [0.90887451171875, -0.2549896240234375, 0.0923309326171875, -0.31683349609375]
89930, 90.59921264648438, [1000.0, 47.0, 217.0, 43.0, 151.0, 0.0, 56.0, 0.0, 20.0, 1000.0, 0.0, 1000.0, 0.0, 1000.0, 915.0, 999.0, 999.0, 999.0, 999.0, 336.0, 296.0, 0.0, 0.0], [], [-0.1426849365234375, 0.0683135986328125, -0.1803131103515625, 0.970794677734375], [], [0.9088134765625, -0.2551116943359375, 0.092376708984375, -0.31689453125]
89940, 90.60924530029297, [1000.0, 47.0, 219.0, 43.0, 151.0, 0.0, 56.0, 0.0, 20.0, 1000.0, 0.0, 1000.0, 0.0, 1000.0, 916.0, 999.0, 999.0, 999.0, 999.0, 337.0, 296.0, 0.0, 0.0], [], [-0.142669677734375, 0.06854248046875, -0.18048095703125, 0.9707489013671875], [], [0.9087066650390625, -0.2554168701171875, 0.093536376953125, -0.316619873046875]
89950, 90.61915588378906, [1000.0, 47.0, 217.0, 43.0, 149.0, 0.0, 55.0, 0.0, 19.0, 1000.0, 0.0, 1000.0, 0.0, 1000.0, 916.0, 999.0, 999.0, 999.0, 999.0, 336.0, 297.0, 0.0, 0.0], [], [-0.142608642578125, 0.068756103515625, -0.180145263671875, 0.9708099365234375], [], [0.9084930419921875, -0.2560272216796875, 0.09442138671875, -0.3164520263671875]
89960, 90.62914276123047, [1000.0, 47.0, 217.0, 43.0, 150.0, 0.0, 55.0, 0.0, 19.0, 1000.0, 0.0, 1000.0, 0.0, 1000.0, 915.0, 999.0, 999.0, 999.0, 999.0, 336.0, 296.0, 0.0, 0.0], [], [-0.1425933837890625, 0.0687713623046875, -0.180023193359375, 0.9708251953125], [], [0.9085693359375, -0.2556610107421875, 0.0943756103515625, -0.3165435791015625]
89970, 90.63915252685547, [1000.0, 47.0, 217.0, 43.0, 151.0, 0.0, 56.0, 0.0, 20.0, 1000.0, 0.0, 1000.0, 0.0, 1000.0, 916.0, 999.0, 999.0, 999.0, 999.0, 336.0, 296.0, 0.0, 0.0], [], [-0.142578125, 0.068756103515625, -0.179901123046875, 0.970855712890625], [], [0.9087982177734375, -0.2548065185546875, 0.093780517578125, -0.3167877197265625]
89980, 90.64910888671875, [1000.0, 47.0, 217.0, 43.0, 152.0, 0.0, 56.0, 0.0, 20.0, 1000.0, 0.0, 1000.0, 0.0, 1000.0, 915.0, 999.0, 999.0, 999.0, 999.0, 336.0, 297.0, 0.0, 0.0], [], [-0.1425628662109375, 0.068756103515625, -0.17974853515625, 0.97088623046875], [], [0.908905029296875, -0.254302978515625, 0.094085693359375, -0.3167724609375]
89990, 90.65924835205078, [1000.0, 47.0, 218.0, 43.0, 152.0, 0.0, 56.0, 0.0, 20.0, 1000.0, 0.0, 1000.0, 0.0, 1000.0, 916.0, 999.0, 999.0, 999.0, 999.0, 337.0, 296.0, 0.0, 0.0], [], [-0.14251708984375, 0.0687713623046875, -0.1796417236328125, 0.970916748046875], [], [0.908935546875, -0.2541046142578125, 0.0930328369140625, -0.317138671875]
90000, 90.6709213256836, [1000.0, 47.0, 218.0, 43.0, 152.0, 0.0, 56.0, 0.0, 19.0, 1000.0, 0.0, 1000.0, 0.0, 1000.0, 915.0, 999.0, 999.0, 999.0, 999.0, 338.0, 295.0, 0.0, 0.0], [], [-0.142486572265625, 0.0688018798828125, -0.1796112060546875, 0.970916748046875], [], [0.909088134765625, -0.25347900390625, 0.0931549072265625, -0.317169189453125]
90010, 90.67916870117188, [1000.0, 47.0, 219.0, 43.0, 151.0, 0.0, 55.0, 0.0, 20.0, 1000.0, 0.0, 1000.0, 0.0, 1000.0, 916.0, 999.0, 999.0, 999.0, 999.0, 337.0, 296.0, 0.0, 0.0], [], [-0.142425537109375, 0.0688629150390625, -0.1796417236328125, 0.970916748046875], [], [0.90863037109375, -0.255096435546875, 0.0931854248046875, -0.31719970703125]
90020, 90.68928527832031, [1000.0, 47.0, 218.0, 43.0, 151.0, 0.0, 55.0, 0.0, 20.0, 1000.0, 0.0, 1000.0, 0.0, 1000.0, 918.0, 999.0, 999.0, 999.0, 999.0, 336.0, 296.0, 0.0, 0.0], [], [-0.142303466796875, 0.0689849853515625, -0.179656982421875, 0.9709320068359375], [], [0.908538818359375, -0.25537109375, 0.0931243896484375, -0.3172454833984375]
90030, 90.69913482666016, [1000.0, 47.0, 219.0, 43.0, 150.0, 0.0, 55.0, 0.0, 20.0, 1000.0, 0.0, 1000.0, 0.0, 1000.0, 920.0, 999.0, 999.0, 999.0, 999.0, 337.0, 294.0, 0.0, 0.0], [], [-0.142242431640625, 0.0691070556640625, -0.1797027587890625, 0.970916748046875], [], [0.90887451171875, -0.25421142578125, 0.0933074951171875, -0.3171539306640625]
90040, 90.70926666259766, [1000.0, 47.0, 218.0, 43.0, 151.0, 0.0, 55.0, 0.0, 20.0, 1000.0, 0.0, 1000.0, 0.0, 1000.0, 918.0, 999.0, 999.0, 999.0, 999.0, 337.0, 294.0, 0.0, 0.0], [], [-0.142242431640625, 0.0691375732421875, -0.1798095703125, 0.9709014892578125], [], [0.9104156494140625, -0.248809814453125, 0.0904998779296875, -0.3178558349609375]
90050, 90.7282485961914, [1000.0, 47.0, 218.0, 43.0, 151.0, 0.0, 55.0, 0.0, 20.0, 1000.0, 0.0, 1000.0, 0.0, 1000.0, 918.0, 999.0, 999.0, 999.0, 999.0, 337.0, 294.0, 0.0, 0.0], [], [-0.142242431640625, 0.0691375732421875, -0.1798095703125, 0.9709014892578125], [], [0.910400390625, -0.2490386962890625, 0.0917510986328125, -0.3173675537109375]
90060, 90.72924041748047, [1000.0, 47.0, 217.0, 43.0, 151.0, 0.0, 55.0, 0.0, 20.0, 1000.0, 0.0, 1000.0, 0.0, 1000.0, 915.0, 999.0, 999.0, 999.0, 999.0, 336.0, 294.0, 0.0, 0.0], [], [-0.14251708984375, 0.069122314453125, -0.1800994873046875, 0.970794677734375], [], [0.910491943359375, -0.2488250732421875, 0.09326171875, -0.3167877197265625]
90070, 90.73918151855469, [1000.0, 47.0, 217.0, 43.0, 151.0, 0.0, 55.0, 0.0, 20.0, 1000.0, 0.0, 1000.0, 0.0, 1000.0, 917.0, 999.0, 999.0, 999.0, 999.0, 337.0, 290.0, 0.0, 0.0], [], [-0.142669677734375, 0.0690765380859375, -0.180206298828125, 0.97076416015625], [], [0.9117431640625, -0.2444610595703125, 0.0912933349609375, -0.3171539306640625]
90080, 90.74909973144531, [1000.0, 47.0, 216.0, 43.0, 151.0, 0.0, 55.0, 0.0, 20.0, 1000.0, 0.0, 1000.0, 0.0, 1000.0, 914.0, 999.0, 999.0, 999.0, 999.0, 337.0, 290.0, 0.0, 0.0], [], [-0.142852783203125, 0.06890869140625, -0.1798858642578125, 0.9708099365234375], [], [0.9121856689453125, -0.24310302734375, 0.08892822265625, -0.317626953125]
90090, 90.75921630859375, [1000.0, 47.0, 216.0, 43.0, 150.0, 0.0, 55.0, 0.0, 20.0, 1000.0, 0.0, 1000.0, 0.0, 1000.0, 917.0, 999.0, 999.0, 999.0, 999.0, 337.0, 290.0, 0.0, 0.0], [], [-0.1431121826171875, 0.068695068359375, -0.179473876953125, 0.970855712890625], [], [0.9117431640625, -0.244964599609375, 0.088775634765625, -0.3175048828125]
90100, 90.76920318603516, [1000.0, 47.0, 218.0, 43.0, 149.0, 0.0, 55.0, 0.0, 19.0, 1000.0, 0.0, 1000.0, 0.0, 1000.0, 917.0, 999.0, 997.0, 999.0, 999.0, 338.0, 293.0, 0.0, 0.0], [], [-0.1433868408203125, 0.0684661865234375, -0.179168701171875, 0.97088623046875], [], [0.91058349609375, -0.2493438720703125, 0.091644287109375, -0.3166351318359375]
90110, 90.78022766113281, [1000.0, 47.0, 218.0, 43.0, 150.0, 0.0, 55.0, 0.0, 20.0, 1000.0, 0.0, 1000.0, 0.0, 1000.0, 918.0, 999.0, 997.0, 999.0, 999.0, 337.0, 295.0, 0.0, 0.0], [], [-0.1436920166015625, 0.068206787109375, -0.178955078125, 0.9709014892578125], [], [0.9092864990234375, -0.254058837890625, 0.095703125, -0.31536865234375]
90120, 90.78913879394531, [1000.0, 47.0, 218.0, 43.0, 151.0, 0.0, 55.0, 0.0, 19.0, 1000.0, 0.0, 1000.0, 0.0, 1000.0, 915.0, 999.0, 999.0, 999.0, 999.0, 337.0, 291.0, 0.0, 0.0], [], [-0.1439971923828125, 0.0678863525390625, -0.178741455078125, 0.970916748046875], [], [0.907928466796875, -0.258880615234375, 0.0992431640625, -0.3142852783203125]
90130, 90.79910278320312, [1000.0, 47.0, 217.0, 43.0, 151.0, 0.0, 55.0, 0.0, 19.0, 1000.0, 0.0, 1000.0, 0.0, 1000.0, 911.0, 999.0, 999.0, 999.0, 999.0, 337.0, 291.0, 0.0, 0.0], [], [-0.1444091796875, 0.067474365234375, -0.1782684326171875, 0.970977783203125], [], [0.9072265625, -0.2613372802734375, 0.101043701171875, -0.313690185546875]
90140, 90.80927276611328, [1000.0, 47.0, 216.0, 43.0, 149.0, 0.0, 55.0, 0.0, 20.0, 1000.0, 0.0, 1000.0, 0.0, 1000.0, 913.0, 999.0, 999.0, 999.0, 999.0, 337.0, 294.0, 0.0, 0.0], [], [-0.1443939208984375, 0.0674591064453125, -0.1780853271484375, 0.97100830078125], [], [0.9072418212890625, -0.261474609375, 0.0995330810546875, -0.3140411376953125]
90150, 90.81920623779297, [1000.0, 47.0, 217.0, 43.0, 151.0, 0.0, 55.0, 0.0, 20.0, 1000.0, 0.0, 1000.0, 0.0, 1000.0, 910.0, 999.0, 999.0, 999.0, 999.0, 337.0, 295.0, 0.0, 0.0], [], [-0.14447021484375, 0.0675506591796875, -0.1779632568359375, 0.97100830078125], [], [0.9080047607421875, -0.258941650390625, 0.0988616943359375, -0.3141021728515625]
90160, 90.83216094970703, [1000.0, 47.0, 218.0, 43.0, 151.0, 0.0, 55.0, 0.0, 19.0, 1000.0, 0.0, 1000.0, 0.0, 1000.0, 910.0, 999.0, 999.0, 999.0, 998.0, 337.0, 296.0, 0.0, 0.0], [], [-0.14453125, 0.067779541015625, -0.1780242919921875, 0.970977783203125], [], [0.9088897705078125, -0.2560577392578125, 0.0966644287109375, -0.3146209716796875]
90170, 90.8391342163086, [1000.0, 47.0, 217.0, 43.0, 150.0, 0.0, 55.0, 0.0, 18.0, 1000.0, 0.0, 1000.0, 0.0, 1000.0, 907.0, 999.0, 999.0, 999.0, 998.0, 337.0, 291.0, 0.0, 0.0], [], [-0.144622802734375, 0.0679473876953125, -0.17828369140625, 0.9709014892578125], [], [0.909698486328125, -0.25335693359375, 0.0952301025390625, -0.3148956298828125]
90180, 90.84910583496094, [1000.0, 47.0, 216.0, 43.0, 149.0, 0.0, 56.0, 0.0, 19.0, 1000.0, 0.0, 1000.0, 0.0, 1000.0, 911.0, 999.0, 999.0, 999.0, 999.0, 335.0, 290.0, 0.0, 0.0], [], [-0.1447296142578125, 0.068206787109375, -0.178802490234375, 0.9707794189453125], [], [0.91119384765625, -0.2481842041015625, 0.09033203125, -0.316131591796875]
90190, 90.85926055908203, [1000.0, 47.0, 216.0, 43.0, 149.0, 0.0, 55.0, 0.0, 19.0, 1000.0, 0.0, 1000.0, 0.0, 1000.0, 911.0, 999.0, 999.0, 999.0, 998.0, 335.0, 294.0, 0.0, 0.0], [], [-0.1448211669921875, 0.0685272216796875, -0.179290771484375, 0.9706573486328125], [], [0.9114837646484375, -0.2473297119140625, 0.08856201171875, -0.316497802734375]
90200, 90.86921691894531, [1000.0, 47.0, 218.0, 43.0, 150.0, 0.0, 55.0, 0.0, 19.0, 1000.0, 0.0, 1000.0, 0.0, 1000.0, 915.0, 999.0, 999.0, 999.0, 998.0, 336.0, 291.0, 0.0, 0.0], [], [-0.1449127197265625, 0.0687713623046875, -0.179473876953125, 0.9705810546875], [], [0.9113006591796875, -0.2481231689453125, 0.0888519287109375, -0.316314697265625]
90210, 90.89039611816406, [1000.0, 47.0, 219.0, 43.0, 150.0, 0.0, 55.0, 0.0, 20.0, 1000.0, 0.0, 1000.0, 0.0, 1000.0, 913.0, 999.0, 999.0, 999.0, 998.0, 336.0, 291.0, 0.0, 0.0], [], [-0.1450347900390625, 0.06890869140625, -0.17938232421875, 0.9705810546875], [], [0.910552978515625, -0.2509613037109375, 0.08892822265625, -0.3162078857421875]
90220, 90.89920043945312, [1000.0, 47.0, 219.0, 43.0, 151.0, 0.0, 55.0, 0.0, 20.0, 1000.0, 0.0, 1000.0, 0.0, 1000.0, 914.0, 999.0, 999.0, 999.0, 999.0, 337.0, 295.0, 0.0, 0.0], [], [-0.1451568603515625, 0.0690460205078125, -0.1790618896484375, 0.970611572265625], [], [0.908966064453125, -0.2567596435546875, 0.0900726318359375, -0.3157958984375]
90230, 90.90921783447266, [1000.0, 47.0, 219.0, 43.0, 151.0, 0.0, 56.0, 0.0, 20.0, 1000.0, 0.0, 1000.0, 0.0, 1000.0, 910.0, 999.0, 999.0, 999.0, 999.0, 337.0, 294.0, 0.0, 0.0], [], [-0.145233154296875, 0.0693206787109375, -0.178497314453125, 0.9706878662109375], [], [0.908294677734375, -0.2591400146484375, 0.094573974609375, -0.314453125]
90240, 90.91914367675781, [1000.0, 47.0, 219.0, 43.0, 151.0, 0.0, 56.0, 0.0, 19.0, 1000.0, 0.0, 1000.0, 0.0, 1000.0, 910.0, 999.0, 999.0, 999.0, 999.0, 337.0, 297.0, 0.0, 0.0], [], [-0.1453399658203125, 0.0695037841796875, -0.17791748046875, 0.97076416015625], [], [0.9078369140625, -0.2607269287109375, 0.0987091064453125, -0.313201904296875]
90250, 90.92920684814453, [1000.0, 47.0, 219.0, 43.0, 151.0, 0.0, 56.0, 0.0, 19.0, 1000.0, 0.0, 1000.0, 0.0, 1000.0, 910.0, 999.0, 999.0, 999.0, 999.0, 336.0, 298.0, 0.0, 0.0], [], [-0.145416259765625, 0.06976318359375, -0.177398681640625, 0.9708251953125], [], [0.90777587890625, -0.2610321044921875, 0.09857177734375, -0.3131561279296875]
90260, 90.9393081665039, [1000.0, 47.0, 218.0, 43.0, 151.0, 0.0, 55.0, 0.0, 20.0, 1000.0, 0.0, 1000.0, 0.0, 1000.0, 915.0, 999.0, 999.0, 999.0, 999.0, 336.0, 298.0, 0.0, 0.0], [], [-0.1455230712890625, 0.069793701171875, -0.176971435546875, 0.97088623046875], [], [0.908203125, -0.25970458984375, 0.0958709716796875, -0.3138580322265625]
90270, 90.94937133789062, [1000.0, 47.0, 217.0, 43.0, 151.0, 0.0, 55.0, 0.0, 20.0, 1000.0, 0.0, 1000.0, 0.0, 1000.0, 916.0, 999.0, 999.0, 999.0, 999.0, 335.0, 295.0, 0.0, 0.0], [], [-0.1456146240234375, 0.0699005126953125, -0.1766204833984375, 0.9709320068359375], [], [0.9090576171875, -0.256927490234375, 0.092620849609375, -0.3146514892578125]
90280, 90.95928192138672, [1000.0, 47.0, 217.0, 43.0, 151.0, 0.0, 56.0, 0.0, 19.0, 1000.0, 0.0, 1000.0, 0.0, 1000.0, 916.0, 999.0, 999.0, 999.0, 999.0, 336.0, 294.0, 0.0, 0.0], [], [-0.1457366943359375, 0.069976806640625, -0.1768035888671875, 0.9708709716796875], [], [0.909576416015625, -0.255218505859375, 0.0916595458984375, -0.3148193359375]
90290, 90.96907043457031, [1000.0, 47.0, 217.0, 43.0, 149.0, 0.0, 56.0, 0.0, 19.0, 1000.0, 0.0, 1000.0, 0.0, 1000.0, 916.0, 999.0, 999.0, 999.0, 999.0, 336.0, 296.0, 0.0, 0.0], [], [-0.145904541015625, 0.07000732421875, -0.177215576171875, 0.97076416015625], [], [0.911041259765625, -0.2500457763671875, 0.089508056640625, -0.3153228759765625]
90300, 90.9791488647461, [1000.0, 47.0, 217.0, 43.0, 149.0, 0.0, 56.0, 0.0, 18.0, 1000.0, 0.0, 1000.0, 0.0, 1000.0, 916.0, 999.0, 999.0, 999.0, 999.0, 337.0, 295.0, 0.0, 0.0], [], [-0.1460723876953125, 0.07012939453125, -0.177764892578125, 0.9706268310546875], [], [0.911712646484375, -0.24774169921875, 0.0882568359375, -0.315582275390625]
90310, 90.98916625976562, [1000.0, 47.0, 217.0, 43.0, 150.0, 0.0, 56.0, 0.0, 19.0, 1000.0, 0.0, 1000.0, 0.0, 1000.0, 915.0, 999.0, 999.0, 999.0, 999.0, 336.0, 295.0, 0.0, 0.0], [], [-0.1463165283203125, 0.0700531005859375, -0.178253173828125, 0.9705047607421875], [], [0.9121551513671875, -0.24627685546875, 0.08856201171875, -0.31536865234375]
90320, 91.00016784667969, [1000.0, 47.0, 216.0, 43.0, 151.0, 0.0, 55.0, 0.0, 19.0, 1000.0, 0.0, 1000.0, 0.0, 1000.0, 915.0, 999.0, 999.0, 999.0, 999.0, 336.0, 293.0, 0.0, 0.0], [], [-0.1466217041015625, 0.06976318359375, -0.1786651611328125, 0.9704132080078125], [], [0.9120635986328125, -0.246734619140625, 0.088958740234375, -0.3151397705078125]
90330, 91.00926208496094, [1000.0, 47.0, 216.0, 43.0, 151.0, 0.0, 55.0, 0.0, 19.0, 1000.0, 0.0, 750.0, 0.0, 1000.0, 916.0, 999.0, 999.0, 999.0, 999.0, 336.0, 294.0, 0.0, 0.0], [], [-0.1469879150390625, 0.0693359375, -0.1787109375, 0.9703826904296875], [], [0.9119873046875, -0.2471923828125, 0.08941650390625, -0.31488037109375]
90340, 91.01908874511719, [1000.0, 47.0, 218.0, 43.0, 151.0, 0.0, 55.0, 0.0, 19.0, 1000.0, 0.0, 750.0, 0.0, 1000.0, 916.0, 999.0, 999.0, 999.0, 999.0, 335.0, 296.0, 0.0, 0.0], [], [-0.14739990234375, 0.0687713623046875, -0.178558349609375, 0.9703826904296875], [], [0.911865234375, -0.247833251953125, 0.08990478515625, -0.3145904541015625]
