165570, 166.8292999267578, 1000.0,177.0,188.0,47.0,150.0,81.0,38.0,0.0,43.0,1000.0,0.0,1000.0,1000.0,1000.0,998.0,999.0,999.0,999.0,999.0,396.0,1000.0,0.0,0.0, 0.8254241943359375,-0.1950836181640625,-0.1633758544921875,0.5038909912109375, 0.8661346435546875,-0.3793487548828125,-0.034698486328125,0.32354736328125
165580, 166.83934020996094, 1000.0,177.0,188.0,47.0,150.0,81.0,38.0,0.0,43.0,1000.0,0.0,750.0,1000.0,1000.0,998.0,999.0,999.0,999.0,999.0,396.0,1000.0,0.0,0.0, 0.8253631591796875,-0.195098876953125,-0.1634521484375,0.503936767578125, 0.8666229248046875,-0.3778839111328125,-0.033843994140625,0.32403564453125
165590, 166.84942626953125, 1000.0,176.0,188.0,47.0,150.0,81.0,38.0,0.0,43.0,1000.0,0.0,750.0,1000.0,1000.0,998.0,999.0,999.0,999.0,999.0,396.0,1000.0,0.0,0.0, 0.8253173828125,-0.195068359375,-0.1634521484375,0.5040435791015625, 0.8670196533203125,-0.376922607421875,-0.0337677001953125,0.3241119384765625
165600, 166.8593292236328, 1000.0,177.0,188.0,47.0,150.0,81.0,38.0,0.0,43.0,1000.0,0.0,1000.0,1000.0,1000.0,998.0,999.0,999.0,999.0,999.0,396.0,1000.0,0.0,0.0, 0.82525634765625,-0.1950836181640625,-0.1633453369140625,0.504180908203125, 0.8674163818359375,-0.375701904296875,-0.0329132080078125,0.3245391845703125
165610, 166.87037658691406, 1000.0,177.0,188.0,47.0,149.0,81.0,38.0,0.0,43.0,1000.0,0.0,750.0,1000.0,1000.0,998.0,999.0,999.0,999.0,999.0,396.0,1000.0,0.0,0.0, 0.8251800537109375,-0.19512939453125,-0.1631317138671875,0.5043487548828125, 0.8680267333984375,-0.374603271484375,-0.03436279296875,0.3240509033203125
165620, 166.8795166015625, 1000.0,177.0,188.0,47.0,149.0,81.0,38.0,0.0,43.0,1000.0,0.0,750.0,1000.0,1000.0,998.0,999.0,999.0,999.0,999.0,396.0,1000.0,0.0,0.0, 0.8251800537109375,-0.19512939453125,-0.1631317138671875,0.5043487548828125, 0.8685455322265625,-0.373382568359375,-0.03472900390625,0.324005126953125
165630, 166.88938903808594, 1000.0,177.0,188.0,47.0,149.0,81.0,38.0,0.0,43.0,1000.0,0.0,750.0,1000.0,1000.0,998.0,999.0,999.0,999.0,999.0,396.0,1000.0,0.0,0.0, 0.824981689453125,-0.1952667236328125,-0.1627655029296875,0.504730224609375, 0.8678741455078125,-0.3748626708984375,-0.033721923828125,0.3242034912109375
165640, 166.89959716796875, 1000.0,177.0,188.0,47.0,150.0,81.0,38.0,0.0,43.0,1000.0,0.0,750.0,1000.0,1000.0,998.0,999.0,999.0,999.0,999.0,396.0,1000.0,0.0,0.0, 0.8248748779296875,-0.195404052734375,-0.162384033203125,0.5049896240234375, 0.868316650390625,-0.373992919921875,-0.0345001220703125,0.3239593505859375
165650, 166.90928649902344, 1000.0,177.0,188.0,47.0,150.0,81.0,38.0,0.0,43.0,1000.0,0.0,750.0,1000.0,1000.0,998.0,999.0,999.0,999.0,999.0,396.0,1000.0,0.0,0.0, 0.824737548828125,-0.1955718994140625,-0.162017822265625,0.5052490234375, 0.867767333984375,-0.375335693359375,-0.034271240234375,0.323883056640625
165660, 166.9221954345703, 1000.0,178.0,188.0,47.0,149.0,81.0,38.0,0.0,43.0,1000.0,0.0,750.0,1000.0,1000.0,998.0,999.0,999.0,999.0,999.0,396.0,1000.0,0.0,0.0, 0.824615478515625,-0.195709228515625,-0.16168212890625,0.5055084228515625, 0.8673248291015625,-0.3765716552734375,-0.034637451171875,0.3236236572265625
165670, 166.9295654296875, 1000.0,178.0,188.0,47.0,150.0,81.0,38.0,0.0,43.0,1000.0,0.0,750.0,1000.0,666.0,998.0,999.0,999.0,999.0,999.0,396.0,1000.0,0.0,0.0, 0.824493408203125,-0.1958465576171875,-0.16131591796875,0.5057830810546875, 0.866546630859375,-0.3786773681640625,-0.0352630615234375,0.323150634765625
165680, 166.9394073486328, 1000.0,178.0,188.0,47.0,150.0,81.0,38.0,0.0,43.0,1000.0,0.0,1000.0,1000.0,666.0,998.0,999.0,999.0,999.0,999.0,396.0,1000.0,0.0,0.0, 0.8242034912109375,-0.196197509765625,-0.160919189453125,0.5062408447265625, 0.866363525390625,-0.3790130615234375,-0.034881591796875,0.32330322265625
165690, 166.94955444335938, 1000.0,179.0,188.0,47.0,150.0,81.0,38.0,0.0,43.0,1000.0,0.0,750.0,1000.0,1000.0,998.0,999.0,999.0,999.0,999.0,396.0,1000.0,0.0,0.0, 0.82415771484375,-0.1963653564453125,-0.1608123779296875,0.5062713623046875, 0.86627197265625,-0.379547119140625,-0.0359954833984375,0.3227996826171875
165700, 166.95932006835938, 1000.0,178.0,188.0,47.0,150.0,81.0,38.0,0.0,43.0,1000.0,0.0,750.0,1000.0,1000.0,998.0,999.0,999.0,999.0,999.0,396.0,1000.0,0.0,0.0, 0.8240203857421875,-0.196563720703125,-0.1608428955078125,0.50640869140625, 0.8650970458984375,-0.382171630859375,-0.03485107421875,0.322998046875
165710, 166.98072814941406, 1000.0,178.0,187.0,47.0,150.0,81.0,38.0,0.0,43.0,1000.0,0.0,750.0,1000.0,1000.0,998.0,999.0,999.0,999.0,999.0,396.0,1000.0,0.0,0.0, 0.823883056640625,-0.1967315673828125,-0.1608428955078125,0.506561279296875, 0.8652496337890625,-0.3816375732421875,-0.03436279296875,0.3232574462890625
165720, 166.98939514160156, 1000.0,178.0,188.0,47.0,150.0,81.0,38.0,0.0,43.0,1000.0,0.0,750.0,1000.0,1000.0,998.0,999.0,999.0,999.0,999.0,396.0,1000.0,0.0,0.0, 0.82379150390625,-0.196868896484375,-0.1609649658203125,0.5066375732421875, 0.8650665283203125,-0.3821563720703125,-0.0346221923828125,0.3231048583984375
165730, 166.9993438720703, 1000.0,178.0,187.0,47.0,150.0,81.0,38.0,0.0,43.0,1000.0,0.0,750.0,1000.0,1000.0,998.0,999.0,999.0,999.0,999.0,396.0,1000.0,0.0,0.0, 0.82366943359375,-0.197113037109375,-0.1611480712890625,0.506683349609375, 0.86517333984375,-0.38214111328125,-0.0356292724609375,0.322723388671875
165740, 167.00926208496094, 1000.0,179.0,187.0,47.0,150.0,82.0,38.0,0.0,43.0,1000.0,0.0,750.0,1000.0,1000.0,998.0,999.0,999.0,999.0,999.0,396.0,1000.0,0.0,0.0, 0.823577880859375,-0.1971893310546875,-0.1612396240234375,0.5067596435546875, 0.86505126953125,-0.382476806640625,-0.035797119140625,0.322662353515625
165750, 167.01943969726562, 1000.0,178.0,187.0,47.0,150.0,81.0,38.0,0.0,43.0,1000.0,0.0,750.0,1000.0,1000.0,998.0,999.0,999.0,999.0,999.0,396.0,1000.0,0.0,0.0, 0.8235321044921875,-0.1971893310546875,-0.16143798828125,0.50677490234375, 0.86492919921875,-0.3827667236328125,-0.03594970703125,0.3225860595703125
165760, 167.02931213378906, 1000.0,177.0,188.0,47.0,150.0,81.0,38.0,0.0,43.0,1000.0,0.0,750.0,1000.0,1000.0,998.0,999.0,999.0,999.0,999.0,396.0,1000.0,0.0,0.0, 0.823516845703125,-0.1970977783203125,-0.1617584228515625,0.506744384765625, 0.8647918701171875,-0.3827056884765625,-0.0345001220703125,0.323211669921875
165770, 167.03944396972656, 1000.0,177.0,187.0,47.0,150.0,81.0,38.0,0.0,43.0,1000.0,0.0,1000.0,1000.0,1000.0,996.0,999.0,994.0,999.0,999.0,396.0,1000.0,0.0,0.0, 0.823516845703125,-0.196929931640625,-0.1620025634765625,0.5067138671875, 0.865509033203125,-0.3812408447265625,-0.035797119140625,0.3228759765625
165780, 167.04957580566406, 1000.0,178.0,187.0,47.0,150.0,81.0,38.0,0.0,43.0,1000.0,0.0,1000.0,1000.0,1000.0,994.0,999.0,986.0,999.0,999.0,396.0,1000.0,0.0,0.0, 0.8235321044921875,-0.19677734375,-0.1621856689453125,0.5066986083984375, 0.8659515380859375,-0.3797607421875,-0.0345611572265625,0.3235626220703125
165790, 167.05931091308594, 1000.0,178.0,187.0,47.0,150.0,81.0,38.0,0.0,43.0,1000.0,0.0,750.0,1000.0,1000.0,993.0,999.0,966.0,999.0,999.0,396.0,1000.0,0.0,0.0, 0.823516845703125,-0.1967010498046875,-0.162384033203125,0.506683349609375, 0.8667755126953125,-0.3772735595703125,-0.0331573486328125,0.324432373046875
165800, 167.0694122314453, 1000.0,178.0,187.0,47.0,150.0,81.0,38.0,0.0,43.0,1000.0,0.0,750.0,1000.0,1000.0,994.0,999.0,951.0,999.0,999.0,396.0,1000.0,0.0,0.0, 0.8235015869140625,-0.1966705322265625,-0.1624908447265625,0.5066986083984375, 0.866851806640625,-0.3769073486328125,-0.032623291015625,0.324676513671875
165810, 167.07940673828125, 1000.0,177.0,187.0,47.0,149.0,81.0,38.0,0.0,43.0,1000.0,0.0,750.0,1000.0,1000.0,994.0,999.0,943.0,999.0,999.0,396.0,1000.0,0.0,0.0, 0.823516845703125,-0.1964874267578125,-0.1625823974609375,0.5067138671875, 0.8677825927734375,-0.3750457763671875,-0.0344085693359375,0.3241729736328125
165820, 167.0901641845703, 1000.0,178.0,187.0,47.0,149.0,81.0,38.0,0.0,43.0,1000.0,0.0,750.0,1000.0,1000.0,993.0,999.0,944.0,999.0,999.0,396.0,1000.0,0.0,0.0, 0.823516845703125,-0.19635009765625,-0.1624755859375,0.5067901611328125, 0.8678741455078125,-0.3746795654296875,-0.033843994140625,0.3244171142578125
165830, 167.09938049316406, 1000.0,178.0,187.0,47.0,149.0,81.0,38.0,0.0,43.0,1000.0,0.0,750.0,1000.0,1000.0,992.0,999.0,956.0,999.0,999.0,396.0,1000.0,0.0,0.0, 0.8235321044921875,-0.1961212158203125,-0.1624603271484375,0.506866455078125, 0.8683624267578125,-0.373138427734375,-0.032745361328125,0.3249969482421875
165840, 167.10926818847656, 1000.0,179.0,187.0,47.0,149.0,81.0,38.0,0.0,43.0,1000.0,0.0,750.0,1000.0,1000.0,991.0,999.0,968.0,999.0,999.0,396.0,1000.0,0.0,0.0, 0.8235015869140625,-0.1960296630859375,-0.162445068359375,0.5069427490234375, 0.8685455322265625,-0.37261962890625,-0.0323638916015625,0.3251495361328125
165850, 167.11940002441406, 1000.0,178.0,187.0,46.0,149.0,81.0,38.0,0.0,43.0,1000.0,0.0,750.0,1000.0,1000.0,992.0,999.0,967.0,999.0,999.0,396.0,1000.0,0.0,0.0, 0.823455810546875,-0.1959686279296875,-0.162384033203125,0.5070648193359375, 0.8685302734375,-0.3726654052734375,-0.032318115234375,0.325103759765625
165860, 167.12930297851562, 1000.0,178.0,187.0,46.0,149.0,81.0,38.0,0.0,43.0,1000.0,0.0,750.0,1000.0,1000.0,993.0,999.0,964.0,999.0,999.0,396.0,1000.0,0.0,0.0, 0.8233795166015625,-0.196044921875,-0.1620941162109375,0.50726318359375, 0.8685302734375,-0.3726959228515625,-0.0322265625,0.3250885009765625
165870, 167.13941955566406, 1000.0,178.0,187.0,46.0,149.0,81.0,38.0,0.0,43.0,1000.0,0.0,1000.0,1000.0,1000.0,995.0,999.0,957.0,999.0,999.0,396.0,1000.0,0.0,0.0, 0.823272705078125,-0.196197509765625,-0.161712646484375,0.5074920654296875, 0.8684844970703125,-0.3728790283203125,-0.032257080078125,0.3250274658203125
165880, 167.14955139160156, 1000.0,178.0,187.0,46.0,149.0,81.0,38.0,0.0,43.0,1000.0,0.0,750.0,1000.0,1000.0,995.0,999.0,951.0,999.0,999.0,396.0,1000.0,0.0,0.0, 0.8232574462890625,-0.1960296630859375,-0.1612396240234375,0.5077362060546875, 0.868499755859375,-0.372833251953125,-0.03216552734375,0.325042724609375
165890, 167.15933227539062, 1000.0,178.0,187.0,46.0,149.0,81.0,38.0,0.0,43.0,1000.0,0.0,750.0,1000.0,1000.0,995.0,999.0,951.0,999.0,999.0,396.0,1000.0,0.0,0.0, 0.8232574462890625,-0.1960296630859375,-0.1612396240234375,0.5077362060546875, 0.868438720703125,-0.3730010986328125,-0.0322418212890625,0.324981689453125
165900, 167.1695556640625, 1000.0,178.0,187.0,46.0,150.0,81.0,38.0,0.0,42.0,1000.0,0.0,750.0,1000.0,1000.0,996.0,999.0,952.0,999.0,999.0,396.0,1000.0,0.0,0.0, 0.8231353759765625,-0.1957550048828125,-0.160888671875,0.5081329345703125, 0.8683319091796875,-0.3733062744140625,-0.032318115234375,0.3249053955078125
165910, 167.17970275878906, 1000.0,178.0,187.0,46.0,150.0,81.0,38.0,0.0,42.0,1000.0,0.0,750.0,1000.0,1000.0,996.0,999.0,954.0,999.0,999.0,397.0,1000.0,0.0,0.0, 0.8231048583984375,-0.19549560546875,-0.160919189453125,0.50830078125, 0.8680572509765625,-0.3740997314453125,-0.0325469970703125,0.3247222900390625
165920, 167.18942260742188, 1000.0,179.0,187.0,46.0,150.0,81.0,38.0,0.0,42.0,1000.0,0.0,750.0,1000.0,1000.0,995.0,999.0,957.0,999.0,999.0,397.0,1000.0,0.0,0.0, 0.8231353759765625,-0.1949920654296875,-0.1609649658203125,0.5084228515625, 0.8676910400390625,-0.3750457763671875,-0.0326690673828125,0.3245849609375
165930, 167.19932556152344, 1000.0,179.0,186.0,46.0,149.0,81.0,38.0,0.0,42.0,1000.0,0.0,750.0,1000.0,1000.0,995.0,999.0,960.0,999.0,999.0,397.0,1000.0,0.0,0.0, 0.8231201171875,-0.1946258544921875,-0.1609649658203125,0.5085906982421875, 0.86761474609375,-0.3752899169921875,-0.0328826904296875,0.324493408203125
165940, 167.2096405029297, 1000.0,180.0,186.0,46.0,149.0,81.0,38.0,0.0,42.0,1000.0,0.0,1000.0,1000.0,1000.0,996.0,999.0,959.0,999.0,999.0,397.0,1000.0,0.0,0.0, 0.823089599609375,-0.1943511962890625,-0.161163330078125,0.5086822509765625, 0.8673553466796875,-0.375946044921875,-0.0330047607421875,0.32440185546875
165950, 167.21954345703125, 1000.0,179.0,187.0,46.0,149.0,81.0,38.0,0.0,42.0,1000.0,0.0,750.0,1000.0,1000.0,996.0,999.0,956.0,999.0,999.0,397.0,1000.0,0.0,0.0, 0.82305908203125,-0.194061279296875,-0.1615142822265625,0.50872802734375, 0.8671722412109375,-0.3764801025390625,-0.033172607421875,0.32427978515625
165960, 167.22927856445312, 1000.0,179.0,187.0,46.0,149.0,81.0,38.0,0.0,42.0,1000.0,0.0,750.0,1000.0,1000.0,996.0,999.0,958.0,999.0,999.0,397.0,1000.0,0.0,0.0, 0.822998046875,-0.19390869140625,-0.1617279052734375,0.508819580078125, 0.8673553466796875,-0.3760833740234375,-0.033538818359375,0.3242034912109375
165970, 167.23951721191406, 1000.0,179.0,186.0,46.0,149.0,81.0,38.0,0.0,42.0,1000.0,0.0,750.0,1000.0,1000.0,996.0,999.0,962.0,999.0,999.0,397.0,1000.0,0.0,0.0, 0.8227996826171875,-0.1941070556640625,-0.16259765625,0.5087890625, 0.8671875,-0.3765411376953125,-0.0337066650390625,0.3241119384765625
165980, 167.25254821777344, 1000.0,179.0,186.0,46.0,149.0,81.0,37.0,0.0,42.0,1000.0,0.0,750.0,1000.0,1000.0,996.0,999.0,958.0,999.0,999.0,397.0,1000.0,0.0,0.0, 0.822723388671875,-0.1941070556640625,-0.16314697265625,0.50872802734375, 0.8674468994140625,-0.3758697509765625,-0.03369140625,0.3242034912109375
165990, 167.25929260253906, 1000.0,179.0,186.0,46.0,149.0,81.0,37.0,0.0,42.0,1000.0,0.0,750.0,1000.0,1000.0,994.0,999.0,956.0,999.0,999.0,397.0,1000.0,0.0,0.0, 0.822723388671875,-0.194091796875,-0.1634063720703125,0.5086517333984375, 0.8676300048828125,-0.375335693359375,-0.033538818359375,0.3243408203125
166000, 167.2694549560547, 1000.0,178.0,186.0,46.0,149.0,81.0,37.0,0.0,42.0,1000.0,0.0,750.0,1000.0,1000.0,994.0,999.0,953.0,999.0,999.0,397.0,1000.0,0.0,0.0, 0.822601318359375,-0.1942901611328125,-0.1635284423828125,0.50872802734375, 0.867706298828125,-0.375244140625,-0.0340576171875,0.324188232421875
166010, 167.27963256835938, 1000.0,178.0,186.0,46.0,150.0,81.0,37.0,0.0,42.0,1000.0,0.0,1000.0,1000.0,1000.0,994.0,999.0,953.0,999.0,999.0,397.0,1000.0,0.0,0.0, 0.8225555419921875,-0.194305419921875,-0.1635894775390625,0.5087890625, 0.86712646484375,-0.3768157958984375,-0.0345001220703125,0.3238677978515625
166020, 167.2893829345703, 1000.0,178.0,186.0,46.0,150.0,81.0,37.0,0.0,42.0,1000.0,0.0,750.0,1000.0,1000.0,995.0,999.0,956.0,999.0,999.0,397.0,1000.0,0.0,0.0, 0.822509765625,-0.1943206787109375,-0.16363525390625,0.5088348388671875, 0.86700439453125,-0.377105712890625,-0.0345306396484375,0.3238525390625
166030, 167.2993621826172, 1000.0,178.0,186.0,46.0,150.0,81.0,37.0,0.0,42.0,1000.0,0.0,750.0,1000.0,1000.0,996.0,999.0,964.0,999.0,999.0,397.0,1000.0,0.0,0.0, 0.82244873046875,-0.1943359375,-0.1636810302734375,0.5089111328125, 0.8670501708984375,-0.376739501953125,-0.0336151123046875,0.3242645263671875
166040, 167.30950927734375, 1000.0,178.0,186.0,46.0,149.0,81.0,37.0,0.0,42.0,1000.0,0.0,750.0,1000.0,1000.0,996.0,999.0,966.0,999.0,999.0,397.0,1000.0,0.0,0.0, 0.8223724365234375,-0.1943359375,-0.1636962890625,0.5090179443359375, 0.867340087890625,-0.3758392333984375,-0.033050537109375,0.3245697021484375
166050, 167.31944274902344, 1000.0,178.0,186.0,46.0,149.0,81.0,38.0,0.0,42.0,1000.0,0.0,750.0,1000.0,1000.0,996.0,999.0,959.0,999.0,999.0,397.0,1000.0,0.0,0.0, 0.8222808837890625,-0.1944122314453125,-0.163726806640625,0.5091400146484375, 0.8679656982421875,-0.3743133544921875,-0.03338623046875,0.3246002197265625
166060, 167.3292694091797, 1000.0,178.0,186.0,46.0,149.0,81.0,37.0,0.0,42.0,1000.0,0.0,1000.0,1000.0,1000.0,997.0,999.0,954.0,999.0,999.0,397.0,1000.0,0.0,0.0, 0.82220458984375,-0.194366455078125,-0.163665771484375,0.5092926025390625, 0.8680877685546875,-0.3737945556640625,-0.032440185546875,0.3249969482421875
166070, 167.33941650390625, 1000.0,178.0,186.0,46.0,149.0,81.0,37.0,0.0,42.0,1000.0,0.0,1000.0,1000.0,1000.0,997.0,999.0,953.0,999.0,999.0,397.0,1000.0,0.0,0.0, 0.8220977783203125,-0.1944427490234375,-0.1635589599609375,0.5094757080078125, 0.8685455322265625,-0.3727264404296875,-0.03253173828125,0.324981689453125
166080, 167.34954833984375, 1000.0,178.0,186.0,46.0,149.0,81.0,37.0,0.0,42.0,1000.0,0.0,750.0,1000.0,1000.0,997.0,999.0,950.0,999.0,999.0,397.0,1000.0,0.0,0.0, 0.821990966796875,-0.1945343017578125,-0.1633453369140625,0.509674072265625, 0.868621826171875,-0.3726043701171875,-0.0325775146484375,0.324920654296875
166090, 167.35926818847656, 1000.0,178.0,186.0,46.0,149.0,81.0,37.0,0.0,42.0,1000.0,0.0,750.0,1000.0,1000.0,997.0,999.0,949.0,999.0,999.0,397.0,1000.0,0.0,0.0, 0.821868896484375,-0.194671630859375,-0.1631317138671875,0.5098876953125, 0.867950439453125,-0.374755859375,-0.0338897705078125,0.3241119384765625
166100, 167.36949157714844, 1000.0,178.0,186.0,46.0,149.0,81.0,37.0,0.0,42.0,1000.0,0.0,750.0,1000.0,1000.0,997.0,999.0,954.0,999.0,999.0,397.0,1000.0,0.0,0.0, 0.8217620849609375,-0.1947174072265625,-0.16290283203125,0.5101318359375, 0.86767578125,-0.3755035400390625,-0.0339508056640625,0.323974609375
166110, 167.37954711914062, 1000.0,178.0,186.0,46.0,149.0,81.0,37.0,0.0,42.0,1000.0,0.0,1000.0,1000.0,1000.0,996.0,999.0,962.0,999.0,999.0,397.0,1000.0,0.0,0.0, 0.8216400146484375,-0.194793701171875,-0.1627197265625,0.510345458984375, 0.867828369140625,-0.3753814697265625,-0.0347747802734375,0.3236236572265625
166120, 167.38931274414062, 1000.0,177.0,186.0,46.0,149.0,81.0,37.0,0.0,41.0,1000.0,0.0,1000.0,1000.0,1000.0,995.0,999.0,960.0,999.0,999.0,397.0,1000.0,0.0,0.0, 0.8215179443359375,-0.194854736328125,-0.162445068359375,0.5106048583984375, 0.867523193359375,-0.3759002685546875,-0.033843994140625,0.3239288330078125
166130, 167.39932250976562, 1000.0,177.0,186.0,46.0,149.0,81.0,37.0,0.0,41.0,1000.0,0.0,750.0,1000.0,1000.0,995.0,999.0,956.0,999.0,999.0,397.0,1000.0,0.0,0.0, 0.8214111328125,-0.1949310302734375,-0.1622314453125,0.510833740234375, 0.86737060546875,-0.37677001953125,-0.0355682373046875,0.3231353759765625
166140, 167.4139404296875, 1000.0,177.0,186.0,46.0,149.0,81.0,37.0,0.0,41.0,1000.0,0.0,750.0,1000.0,1000.0,994.0,999.0,954.0,999.0,999.0,397.0,1000.0,0.0,0.0, 0.8213043212890625,-0.1949462890625,-0.1620635986328125,0.5110321044921875, 0.8670654296875,-0.3775177001953125,-0.03533935546875,0.3231048583984375
166150, 167.41954040527344, 1000.0,177.0,186.0,46.0,149.0,81.0,37.0,0.0,41.0,1000.0,0.0,750.0,1000.0,1000.0,993.0,999.0,960.0,999.0,999.0,397.0,1000.0,0.0,0.0, 0.82122802734375,-0.19488525390625,-0.161956787109375,0.5112152099609375, 0.8677825927734375,-0.3756103515625,-0.0350189208984375,0.323455810546875
166160, 167.4295196533203, 1000.0,179.0,186.0,46.0,149.0,81.0,37.0,0.0,41.0,1000.0,0.0,1000.0,1000.0,666.0,995.0,999.0,960.0,999.0,999.0,397.0,1000.0,0.0,0.0, 0.821197509765625,-0.1946563720703125,-0.1618804931640625,0.511383056640625, 0.8675994873046875,-0.375885009765625,-0.0343475341796875,0.3236846923828125
166170, 167.4393310546875, 1000.0,181.0,186.0,46.0,149.0,81.0,37.0,0.0,41.0,1000.0,0.0,1000.0,1000.0,666.0,996.0,999.0,955.0,999.0,999.0,397.0,1000.0,0.0,0.0, 0.8210906982421875,-0.1946868896484375,-0.1620941162109375,0.511474609375, 0.867218017578125,-0.377044677734375,-0.034942626953125,0.3233184814453125
166180, 167.44976806640625, 1000.0,181.0,186.0,46.0,149.0,81.0,37.0,0.0,41.0,1000.0,0.0,1000.0,1000.0,666.0,996.0,999.0,955.0,999.0,999.0,397.0,1000.0,0.0,0.0, 0.8210906982421875,-0.1946868896484375,-0.1620941162109375,0.511474609375, 0.867340087890625,-0.37701416015625,-0.0360565185546875,0.3228912353515625
166190, 167.4594268798828, 1000.0,182.0,185.0,46.0,149.0,81.0,37.0,0.0,41.0,1000.0,0.0,750.0,1000.0,1000.0,997.0,999.0,957.0,999.0,999.0,397.0,1000.0,0.0,0.0, 0.8208770751953125,-0.1948089599609375,-0.1622772216796875,0.5117034912109375, 0.867095947265625,-0.377655029296875,-0.036224365234375,0.322784423828125
166200, 167.46937561035156, 1000.0,182.0,185.0,46.0,149.0,81.0,37.0,0.0,41.0,1000.0,0.0,750.0,1000.0,1000.0,988.0,999.0,955.0,999.0,999.0,397.0,1000.0,0.0,0.0, 0.8207855224609375,-0.194915771484375,-0.1624908447265625,0.5117645263671875, 0.8670501708984375,-0.377197265625,-0.034149169921875,0.32366943359375
166210, 167.47938537597656, 1000.0,183.0,185.0,46.0,149.0,81.0,37.0,0.0,41.0,1000.0,0.0,750.0,1000.0,1000.0,979.0,999.0,950.0,999.0,999.0,397.0,1000.0,0.0,0.0, 0.820709228515625,-0.194915771484375,-0.1627197265625,0.5117950439453125, 0.8671417236328125,-0.377593994140625,-0.03656005859375,0.3227081298828125
166220, 167.4895477294922, 1000.0,183.0,185.0,46.0,149.0,81.0,37.0,0.0,41.0,1000.0,0.0,750.0,1000.0,1000.0,984.0,999.0,945.0,999.0,999.0,397.0,1000.0,0.0,0.0, 0.820648193359375,-0.1948699951171875,-0.163055419921875,0.511810302734375, 0.86688232421875,-0.3780670166015625,-0.0360565185546875,0.3228912353515625
166230, 167.4994659423828, 1000.0,182.0,185.0,46.0,149.0,81.0,37.0,0.0,41.0,1000.0,0.0,750.0,1000.0,1000.0,990.0,999.0,944.0,999.0,999.0,397.0,1000.0,0.0,0.0, 0.8206329345703125,-0.19476318359375,-0.16339111328125,0.5117645263671875, 0.8664093017578125,-0.3790435791015625,-0.03546142578125,0.32305908203125
166240, 167.50941467285156, 1000.0,183.0,185.0,46.0,149.0,81.0,37.0,0.0,41.0,1000.0,0.0,750.0,1000.0,1000.0,976.0,999.0,944.0,999.0,999.0,397.0,1000.0,0.0,0.0, 0.820556640625,-0.1946868896484375,-0.16400146484375,0.51171875, 0.8665618896484375,-0.3783111572265625,-0.034423828125,0.3236236572265625
166250, 167.52468872070312, 1000.0,182.0,185.0,46.0,149.0,81.0,37.0,0.0,41.0,1000.0,0.0,750.0,1000.0,1000.0,975.0,999.0,944.0,999.0,999.0,397.0,1000.0,0.0,0.0, 0.8204345703125,-0.1949920654296875,-0.16424560546875,0.5117340087890625, 0.86712646484375,-0.3766937255859375,-0.033782958984375,0.3240966796875
166260, 167.52926635742188, 1000.0,182.0,185.0,46.0,149.0,81.0,37.0,0.0,41.0,1000.0,0.0,750.0,1000.0,1000.0,975.0,999.0,944.0,999.0,999.0,397.0,1000.0,0.0,0.0, 0.8204345703125,-0.1949920654296875,-0.16424560546875,0.5117340087890625, 0.867156982421875,-0.376373291015625,-0.032958984375,0.324462890625
166270, 167.53919982910156, 1000.0,182.0,185.0,45.0,149.0,81.0,37.0,0.0,41.0,1000.0,0.0,1000.0,1000.0,1000.0,995.0,999.0,942.0,999.0,999.0,397.0,1000.0,0.0,0.0, 0.82037353515625,-0.1949615478515625,-0.1644439697265625,0.51177978515625, 0.8677215576171875,-0.3747711181640625,-0.03240966796875,0.3248443603515625
166280, 167.5497589111328, 1000.0,181.0,185.0,45.0,149.0,81.0,37.0,0.0,41.0,1000.0,0.0,1000.0,1000.0,1000.0,997.0,999.0,943.0,999.0,999.0,397.0,1000.0,0.0,0.0, 0.8204345703125,-0.1947174072265625,-0.164398193359375,0.51177978515625, 0.868988037109375,-0.371337890625,-0.0316925048828125,0.3254852294921875
166290, 167.55917358398438, 1000.0,181.0,185.0,45.0,149.0,81.0,37.0,0.0,41.0,1000.0,0.0,750.0,1000.0,1000.0,997.0,999.0,944.0,999.0,999.0,397.0,1000.0,0.0,0.0, 0.8203887939453125,-0.1946258544921875,-0.164276123046875,0.5119171142578125, 0.8685760498046875,-0.3732147216796875,-0.0344696044921875,0.32415771484375
166300, 167.56915283203125, 1000.0,181.0,185.0,45.0,149.0,81.0,37.0,0.0,41.0,1000.0,0.0,750.0,1000.0,1000.0,997.0,999.0,942.0,999.0,999.0,397.0,1000.0,0.0,0.0, 0.8202972412109375,-0.194732666015625,-0.164215087890625,0.512054443359375, 0.8688201904296875,-0.373138427734375,-0.036376953125,0.3233795166015625
166310, 167.5791778564453, 1000.0,183.0,185.0,45.0,149.0,81.0,37.0,0.0,41.0,1000.0,0.0,750.0,1000.0,1000.0,997.0,999.0,939.0,999.0,999.0,397.0,1000.0,0.0,0.0, 0.820220947265625,-0.19476318359375,-0.1639862060546875,0.512237548828125, 0.8691558837890625,-0.3725738525390625,-0.0374755859375,0.322967529296875
166320, 167.5891876220703, 1000.0,184.0,185.0,45.0,149.0,80.0,37.0,0.0,41.0,1000.0,0.0,750.0,1000.0,1000.0,996.0,999.0,938.0,999.0,999.0,397.0,1000.0,0.0,0.0, 0.8200836181640625,-0.194915771484375,-0.1637725830078125,0.5124664306640625, 0.868133544921875,-0.37481689453125,-0.0357818603515625,0.3233184814453125
166330, 167.59927368164062, 1000.0,184.0,185.0,45.0,149.0,80.0,37.0,0.0,41.0,1000.0,0.0,750.0,1000.0,1000.0,997.0,999.0,936.0,999.0,999.0,397.0,1000.0,0.0,0.0, 0.819976806640625,-0.1949920654296875,-0.1634521484375,0.5126953125, 0.8681793212890625,-0.3743743896484375,-0.0343475341796875,0.323883056640625
166340, 167.60914611816406, 1000.0,184.0,185.0,45.0,149.0,80.0,37.0,0.0,41.0,1000.0,0.0,1000.0,1000.0,1000.0,998.0,999.0,935.0,999.0,999.0,397.0,1000.0,0.0,0.0, 0.819915771484375,-0.1949920654296875,-0.163055419921875,0.5129547119140625, 0.8681793212890625,-0.374542236328125,-0.0348663330078125,0.323638916015625
166350, 167.619140625, 1000.0,183.0,185.0,45.0,149.0,80.0,37.0,0.0,41.0,1000.0,0.0,750.0,1000.0,1000.0,998.0,999.0,936.0,999.0,999.0,397.0,1000.0,0.0,0.0, 0.8199005126953125,-0.194671630859375,-0.16278076171875,0.51318359375, 0.8681488037109375,-0.374603271484375,-0.0348358154296875,0.3236541748046875
166360, 167.6291046142578, 1000.0,183.0,185.0,45.0,149.0,80.0,37.0,0.0,41.0,1000.0,0.0,750.0,1000.0,1000.0,993.0,999.0,938.0,999.0,999.0,397.0,1000.0,0.0,0.0, 0.81988525390625,-0.194427490234375,-0.162750244140625,0.5133056640625, 0.86810302734375,-0.3747100830078125,-0.0347900390625,0.32366943359375
166370, 167.63917541503906, 1000.0,183.0,185.0,45.0,149.0,80.0,37.0,0.0,41.0,1000.0,0.0,750.0,1000.0,1000.0,984.0,999.0,935.0,999.0,999.0,397.0,1000.0,0.0,0.0, 0.8197784423828125,-0.194427490234375,-0.162811279296875,0.513458251953125, 0.8680572509765625,-0.374847412109375,-0.0347442626953125,0.323638916015625
166380, 167.64939880371094, 1000.0,184.0,185.0,45.0,149.0,80.0,37.0,0.0,40.0,1000.0,0.0,750.0,1000.0,1000.0,976.0,999.0,936.0,999.0,999.0,397.0,1000.0,0.0,0.0, 0.819671630859375,-0.1944580078125,-0.1628875732421875,0.513580322265625, 0.8679962158203125,-0.3749542236328125,-0.0347137451171875,0.3236541748046875
166390, 167.65931701660156, 1000.0,184.0,185.0,45.0,149.0,80.0,37.0,0.0,40.0,1000.0,0.0,750.0,1000.0,1000.0,976.0,999.0,938.0,999.0,999.0,397.0,1000.0,0.0,0.0, 0.819610595703125,-0.19427490234375,-0.1629791259765625,0.5137176513671875, 0.86798095703125,-0.375,-0.0346832275390625,0.3236846923828125
166400, 167.66949462890625, 1000.0,182.0,185.0,45.0,149.0,80.0,37.0,0.0,40.0,1000.0,0.0,750.0,1000.0,1000.0,977.0,999.0,938.0,999.0,999.0,397.0,1000.0,0.0,0.0, 0.8195953369140625,-0.1940765380859375,-0.162933349609375,0.5138397216796875, 0.86785888671875,-0.3752288818359375,-0.03448486328125,0.32373046875
166410, 167.68624877929688, 1000.0,182.0,184.0,45.0,149.0,80.0,37.0,0.0,40.0,1000.0,0.0,750.0,1000.0,1000.0,986.0,999.0,940.0,999.0,999.0,397.0,1000.0,0.0,0.0, 0.81951904296875,-0.19403076171875,-0.1631622314453125,0.513885498046875, 0.8676910400390625,-0.375732421875,-0.0348358154296875,0.3235626220703125
166420, 167.68919372558594, 1000.0,183.0,184.0,45.0,149.0,80.0,37.0,0.0,40.0,1000.0,0.0,750.0,1000.0,1000.0,995.0,999.0,941.0,999.0,999.0,397.0,1000.0,0.0,0.0, 0.8194732666015625,-0.1938934326171875,-0.1635589599609375,0.513885498046875, 0.8676910400390625,-0.37579345703125,-0.0350189208984375,0.3235015869140625
166430, 167.69927978515625, 1000.0,183.0,184.0,45.0,149.0,80.0,37.0,0.0,40.0,1000.0,0.0,750.0,1000.0,666.0,997.0,999.0,941.0,999.0,999.0,397.0,1000.0,0.0,0.0, 0.8194580078125,-0.193634033203125,-0.1641387939453125,0.513824462890625, 0.867706298828125,-0.375701904296875,-0.0349884033203125,0.3235626220703125
166440, 167.70948791503906, 1000.0,184.0,184.0,45.0,149.0,80.0,37.0,0.0,40.0,1000.0,0.0,750.0,1000.0,666.0,997.0,999.0,938.0,999.0,999.0,397.0,1000.0,0.0,0.0, 0.8194580078125,-0.193359375,-0.1647796630859375,0.5137481689453125, 0.8676605224609375,-0.375732421875,-0.034881591796875,0.32366943359375
166450, 167.71939086914062, 1000.0,184.0,184.0,45.0,149.0,80.0,37.0,0.0,40.0,1000.0,0.0,750.0,1000.0,666.0,997.0,999.0,938.0,999.0,999.0,397.0,1000.0,0.0,0.0, 0.8194580078125,-0.193359375,-0.1647796630859375,0.5137481689453125, 0.86767578125,-0.37567138671875,-0.0350494384765625,0.3236541748046875
166460, 167.72927856445312, 1000.0,183.0,184.0,45.0,149.0,80.0,37.0,0.0,40.0,1000.0,0.0,750.0,1000.0,1000.0,984.0,999.0,935.0,999.0,999.0,397.0,1000.0,0.0,0.0, 0.8193817138671875,-0.193389892578125,-0.165252685546875,0.5136871337890625, 0.8677520751953125,-0.375518798828125,-0.0353851318359375,0.323577880859375
166470, 167.73927307128906, 1000.0,181.0,184.0,45.0,149.0,80.0,37.0,0.0,40.0,1000.0,0.0,750.0,1000.0,1000.0,975.0,999.0,932.0,999.0,999.0,397.0,1000.0,0.0,0.0, 0.8194122314453125,-0.193206787109375,-0.1651611328125,0.5137481689453125, 0.86767578125,-0.3758087158203125,-0.0357513427734375,0.32342529296875
166480, 167.74954223632812, 1000.0,180.0,184.0,45.0,149.0,80.0,37.0,0.0,40.0,1000.0,0.0,1000.0,1000.0,1000.0,973.0,999.0,934.0,999.0,999.0,397.0,1000.0,0.0,0.0, 0.8194580078125,-0.192901611328125,-0.1651153564453125,0.5138092041015625, 0.8675689697265625,-0.3759613037109375,-0.035430908203125,0.323577880859375
166490, 167.75930786132812, 1000.0,181.0,184.0,45.0,149.0,80.0,37.0,0.0,40.0,1000.0,0.0,1000.0,1000.0,1000.0,973.0,999.0,944.0,999.0,999.0,397.0,1000.0,0.0,0.0, 0.81951904296875,-0.1925811767578125,-0.165069580078125,0.5138397216796875, 0.867706298828125,-0.375457763671875,-0.0347137451171875,0.323883056640625
166500, 167.7694091796875, 1000.0,181.0,184.0,45.0,149.0,80.0,37.0,0.0,40.0,1000.0,0.0,750.0,1000.0,666.0,974.0,999.0,953.0,999.0,999.0,398.0,1000.0,0.0,0.0, 0.8195953369140625,-0.1922149658203125,-0.1649627685546875,0.513885498046875, 0.867950439453125,-0.3748321533203125,-0.03466796875,0.323944091796875
166510, 167.77955627441406, 1000.0,181.0,184.0,45.0,149.0,80.0,37.0,0.0,40.0,1000.0,0.0,750.0,1000.0,666.0,983.0,999.0,961.0,999.0,999.0,398.0,1000.0,0.0,0.0, 0.8196258544921875,-0.1919708251953125,-0.1647186279296875,0.5139923095703125, 0.8681488037109375,-0.3743133544921875,-0.0347137451171875,0.3239898681640625
166520, 167.79562377929688, 1000.0,180.0,184.0,45.0,149.0,80.0,37.0,0.0,40.0,1000.0,0.0,750.0,1000.0,666.0,990.0,999.0,953.0,999.0,999.0,398.0,1000.0,0.0,0.0, 0.819610595703125,-0.19189453125,-0.1647491455078125,0.5140533447265625, 0.8688812255859375,-0.3723602294921875,-0.03424072265625,0.3243255615234375
166530, 167.79925537109375, 1000.0,180.0,184.0,45.0,148.0,80.0,37.0,0.0,40.0,1000.0,0.0,750.0,1000.0,1000.0,994.0,999.0,936.0,999.0,999.0,398.0,1000.0,0.0,0.0, 0.8194732666015625,-0.19189453125,-0.1647186279296875,0.5142822265625, 0.86920166015625,-0.3716583251953125,-0.034393310546875,0.3242950439453125
166540, 167.8092803955078, 1000.0,181.0,184.0,45.0,148.0,80.0,37.0,0.0,40.0,1000.0,0.0,750.0,1000.0,1000.0,994.0,999.0,933.0,999.0,999.0,398.0,1000.0,0.0,0.0, 0.8193817138671875,-0.19189453125,-0.1645355224609375,0.5144805908203125, 0.86907958984375,-0.3717803955078125,-0.033477783203125,0.3245697021484375
166550, 167.81939697265625, 1000.0,182.0,184.0,45.0,148.0,80.0,37.0,0.0,40.0,1000.0,0.0,750.0,1000.0,1000.0,995.0,999.0,935.0,999.0,999.0,398.0,1000.0,0.0,0.0, 0.8193817138671875,-0.19189453125,-0.1643829345703125,0.5145263671875, 0.869415283203125,-0.3706817626953125,-0.03240966796875,0.3250274658203125
166560, 167.8292694091797, 1000.0,182.0,184.0,45.0,148.0,79.0,37.0,0.0,40.0,1000.0,0.0,750.0,1000.0,1000.0,989.0,999.0,944.0,999.0,999.0,398.0,1000.0,0.0,0.0, 0.81927490234375,-0.191925048828125,-0.1641845703125,0.514739990234375, 0.86907958984375,-0.3717498779296875,-0.032989501953125,0.32464599609375
166570, 167.83941650390625, 1000.0,182.0,184.0,45.0,148.0,79.0,37.0,0.0,40.0,1000.0,0.0,750.0,1000.0,1000.0,980.0,999.0,956.0,999.0,999.0,398.0,1000.0,0.0,0.0, 0.819183349609375,-0.191925048828125,-0.1639404296875,0.5149688720703125, 0.8692169189453125,-0.371673583984375,-0.0338287353515625,0.3242645263671875
166580, 167.84947204589844, 1000.0,182.0,184.0,45.0,148.0,80.0,37.0,0.0,40.0,1000.0,0.0,750.0,1000.0,1000.0,973.0,999.0,968.0,999.0,999.0,398.0,1000.0,0.0,0.0, 0.8190765380859375,-0.19195556640625,-0.1637420654296875,0.5152130126953125, 0.8689422607421875,-0.37261962890625,-0.0346832275390625,0.323822021484375
166590, 167.8592987060547, 1000.0,182.0,184.0,45.0,148.0,80.0,37.0,0.0,40.0,1000.0,0.0,750.0,1000.0,1000.0,974.0,999.0,965.0,999.0,999.0,398.0,1000.0,0.0,0.0, 0.8189544677734375,-0.1920623779296875,-0.16357421875,0.515411376953125, 0.8684539794921875,-0.3737945556640625,-0.034271240234375,0.323822021484375
166600, 167.8695068359375, 1000.0,181.0,184.0,45.0,148.0,80.0,37.0,0.0,39.0,1000.0,0.0,750.0,1000.0,1000.0,975.0,999.0,958.0,999.0,999.0,398.0,1000.0,0.0,0.0, 0.81884765625,-0.1920928955078125,-0.16339111328125,0.515625, 0.8687744140625,-0.3733673095703125,-0.03570556640625,0.3232879638671875
166610, 167.87945556640625, 1000.0,181.0,183.0,45.0,148.0,80.0,37.0,0.0,39.0,1000.0,0.0,1000.0,1000.0,1000.0,975.0,999.0,958.0,999.0,999.0,398.0,1000.0,0.0,0.0, 0.818756103515625,-0.19207763671875,-0.1633453369140625,0.5157928466796875, 0.8678436279296875,-0.3757171630859375,-0.0355224609375,0.3231201171875
166620, 167.88937377929688, 1000.0,182.0,183.0,45.0,148.0,80.0,37.0,0.0,40.0,1000.0,0.0,750.0,1000.0,1000.0,975.0,999.0,957.0,999.0,999.0,398.0,1000.0,0.0,0.0, 0.8186798095703125,-0.1920318603515625,-0.1632843017578125,0.5159454345703125, 0.867462158203125,-0.3765411376953125,-0.035003662109375,0.3232421875
166630, 167.89927673339844, 1000.0,182.0,183.0,45.0,148.0,79.0,37.0,0.0,40.0,1000.0,0.0,750.0,1000.0,1000.0,983.0,999.0,958.0,999.0,999.0,398.0,1000.0,0.0,0.0, 0.8185882568359375,-0.19207763671875,-0.1633453369140625,0.5160675048828125, 0.8675689697265625,-0.376434326171875,-0.035614013671875,0.3230133056640625
166640, 167.90951538085938, 1000.0,182.0,183.0,45.0,148.0,80.0,37.0,0.0,39.0,1000.0,0.0,750.0,1000.0,1000.0,985.0,999.0,954.0,999.0,999.0,398.0,1000.0,0.0,0.0, 0.8185272216796875,-0.191986083984375,-0.163482666015625,0.516143798828125, 0.867095947265625,-0.3775482177734375,-0.0353546142578125,0.322998046875
166650, 167.91940307617188, 1000.0,181.0,183.0,45.0,148.0,80.0,37.0,0.0,39.0,1000.0,0.0,750.0,1000.0,1000.0,990.0,999.0,952.0,999.0,999.0,398.0,1000.0,0.0,0.0, 0.8184356689453125,-0.1919708251953125,-0.1636505126953125,0.5162353515625, 0.867340087890625,-0.3767547607421875,-0.034912109375,0.32330322265625
166660, 167.9292755126953, 1000.0,182.0,183.0,45.0,148.0,79.0,37.0,0.0,39.0,1000.0,0.0,750.0,1000.0,1000.0,983.0,999.0,948.0,999.0,999.0,398.0,1000.0,0.0,0.0, 0.818359375,-0.191925048828125,-0.16387939453125,0.51629638671875, 0.8673553466796875,-0.376983642578125,-0.0359649658203125,0.3229217529296875
166670, 167.9394073486328, 1000.0,182.0,183.0,45.0,148.0,79.0,37.0,0.0,39.0,1000.0,0.0,750.0,1000.0,1000.0,978.0,999.0,941.0,999.0,999.0,398.0,1000.0,0.0,0.0, 0.8182830810546875,-0.1920013427734375,-0.1641693115234375,0.51629638671875, 0.8669281005859375,-0.3779449462890625,-0.0357513427734375,0.3229522705078125
166680, 167.9574737548828, 1000.0,181.0,183.0,45.0,148.0,79.0,37.0,0.0,39.0,1000.0,0.0,750.0,1000.0,666.0,973.0,999.0,937.0,999.0,999.0,398.0,1000.0,0.0,0.0, 0.8182525634765625,-0.191925048828125,-0.1645050048828125,0.5162811279296875, 0.8666839599609375,-0.378753662109375,-0.036590576171875,0.32257080078125
166690, 167.9601287841797, 1000.0,180.0,183.0,45.0,148.0,79.0,37.0,0.0,39.0,1000.0,0.0,750.0,1000.0,666.0,974.0,999.0,936.0,999.0,999.0,398.0,1000.0,0.0,0.0, 0.818206787109375,-0.1918792724609375,-0.164886474609375,0.5162506103515625, 0.867156982421875,-0.3773956298828125,-0.0362548828125,0.322906494140625
166700, 167.9694366455078, 1000.0,180.0,183.0,45.0,148.0,80.0,37.0,0.0,39.0,1000.0,0.0,750.0,1000.0,1000.0,974.0,999.0,939.0,999.0,999.0,398.0,1000.0,0.0,0.0, 0.8181304931640625,-0.1919097900390625,-0.165252685546875,0.5162200927734375, 0.8673248291015625,-0.3765106201171875,-0.034698486328125,0.3236541748046875
166710, 167.9795379638672, 1000.0,181.0,183.0,45.0,148.0,80.0,37.0,0.0,39.0,1000.0,0.0,750.0,1000.0,666.0,973.0,999.0,944.0,999.0,999.0,398.0,1000.0,0.0,0.0, 0.81805419921875,-0.1920013427734375,-0.165374755859375,0.5162811279296875, 0.8676300048828125,-0.3755950927734375,-0.03424072265625,0.323944091796875
166720, 167.9893798828125, 1000.0,181.0,183.0,45.0,148.0,80.0,37.0,0.0,39.0,1000.0,0.0,750.0,1000.0,666.0,973.0,999.0,945.0,999.0,999.0,398.0,1000.0,0.0,0.0, 0.8179473876953125,-0.1922149658203125,-0.165435791015625,0.516357421875, 0.867706298828125,-0.375213623046875,-0.0335845947265625,0.324249267578125
166730, 167.9993438720703, 1000.0,181.0,183.0,45.0,148.0,79.0,37.0,0.0,39.0,1000.0,0.0,750.0,1000.0,1000.0,972.0,999.0,935.0,999.0,999.0,398.0,1000.0,0.0,0.0, 0.8178558349609375,-0.1923980712890625,-0.1654510498046875,0.5164337158203125, 0.8671112060546875,-0.376495361328125,-0.0325164794921875,0.3244781494140625
166740, 168.00953674316406, 1000.0,181.0,183.0,45.0,148.0,80.0,37.0,0.0,39.0,1000.0,0.0,1000.0,1000.0,1000.0,972.0,999.0,930.0,999.0,999.0,398.0,1000.0,0.0,0.0, 0.8177642822265625,-0.1925506591796875,-0.1654052734375,0.51654052734375, 0.867889404296875,-0.3749237060546875,-0.03399658203125,0.324066162109375
166750, 168.0194091796875, 1000.0,181.0,183.0,45.0,148.0,80.0,37.0,0.0,39.0,1000.0,0.0,1000.0,1000.0,1000.0,972.0,999.0,930.0,999.0,999.0,398.0,1000.0,0.0,0.0, 0.8177642822265625,-0.1925506591796875,-0.1654052734375,0.51654052734375, 0.8683319091796875,-0.373565673828125,-0.0330810546875,0.32452392578125
166760, 168.02931213378906, 1000.0,181.0,183.0,45.0,148.0,80.0,37.0,0.0,39.0,1000.0,0.0,750.0,1000.0,1000.0,971.0,999.0,941.0,999.0,999.0,398.0,1000.0,0.0,0.0, 0.817596435546875,-0.192535400390625,-0.165191650390625,0.516876220703125, 0.8687896728515625,-0.3726806640625,-0.0339202880859375,0.324249267578125
166770, 168.03929138183594, 1000.0,181.0,183.0,45.0,148.0,80.0,37.0,0.0,39.0,1000.0,0.0,750.0,1000.0,1000.0,971.0,999.0,942.0,999.0,999.0,398.0,1000.0,0.0,0.0, 0.8175506591796875,-0.192413330078125,-0.1648712158203125,0.51708984375, 0.86798095703125,-0.3745269775390625,-0.0329437255859375,0.324371337890625
166780, 168.04953002929688, 1000.0,181.0,183.0,45.0,148.0,80.0,37.0,0.0,39.0,1000.0,0.0,750.0,1000.0,1000.0,971.0,999.0,936.0,999.0,999.0,398.0,1000.0,0.0,0.0, 0.817474365234375,-0.1923828125,-0.16455078125,0.517333984375, 0.868865966796875,-0.372314453125,-0.0329742431640625,0.324554443359375
166790, 168.06759643554688, 1000.0,181.0,183.0,45.0,148.0,80.0,37.0,0.0,39.0,1000.0,0.0,750.0,1000.0,1000.0,972.0,999.0,935.0,999.0,999.0,398.0,1000.0,0.0,0.0, 0.81744384765625,-0.192230224609375,-0.16412353515625,0.5175628662109375, 0.868438720703125,-0.3737945556640625,-0.0343475341796875,0.3238372802734375
166800, 168.07034301757812, 1000.0,180.0,183.0,45.0,148.0,80.0,36.0,0.0,39.0,1000.0,0.0,750.0,1000.0,1000.0,973.0,999.0,941.0,999.0,999.0,398.0,1000.0,0.0,0.0, 0.81732177734375,-0.19189453125,-0.1636505126953125,0.518035888671875, 0.867645263671875,-0.3760986328125,-0.035064697265625,0.3232574462890625
166810, 168.07937622070312, 1000.0,180.0,183.0,45.0,148.0,80.0,36.0,0.0,39.0,1000.0,0.0,750.0,1000.0,1000.0,973.0,999.0,941.0,999.0,999.0,398.0,1000.0,0.0,0.0, 0.81732177734375,-0.19189453125,-0.1636505126953125,0.518035888671875, 0.867950439453125,-0.3751373291015625,-0.0342559814453125,0.323638916015625
166820, 168.08956909179688, 1000.0,181.0,183.0,45.0,148.0,79.0,36.0,0.0,39.0,1000.0,0.0,750.0,1000.0,1000.0,973.0,999.0,936.0,999.0,999.0,398.0,1000.0,0.0,0.0, 0.8172760009765625,-0.1916656494140625,-0.16357421875,0.5182037353515625, 0.867584228515625,-0.37603759765625,-0.034271240234375,0.3235321044921875
166830, 168.09938049316406, 1000.0,181.0,183.0,45.0,148.0,80.0,36.0,0.0,39.0,1000.0,0.0,750.0,1000.0,1000.0,974.0,999.0,931.0,999.0,999.0,398.0,1000.0,0.0,0.0, 0.81719970703125,-0.191192626953125,-0.163818359375,0.5184326171875, 0.8675079345703125,-0.376220703125,-0.0340728759765625,0.3235931396484375
166840, 168.10928344726562, 1000.0,181.0,183.0,45.0,148.0,80.0,36.0,0.0,39.0,1000.0,0.0,750.0,1000.0,1000.0,974.0,999.0,927.0,999.0,999.0,398.0,1000.0,0.0,0.0, 0.81707763671875,-0.191253662109375,-0.1640472412109375,0.518524169921875, 0.86749267578125,-0.3759613037109375,-0.033111572265625,0.324005126953125
166850, 168.11978149414062, 1000.0,181.0,183.0,45.0,148.0,80.0,36.0,0.0,39.0,1000.0,0.0,750.0,1000.0,1000.0,984.0,999.0,926.0,999.0,999.0,398.0,1000.0,0.0,0.0, 0.817047119140625,-0.19134521484375,-0.1645355224609375,0.518402099609375, 0.867523193359375,-0.3759002685546875,-0.033111572265625,0.3240203857421875
166860, 168.12933349609375, 1000.0,180.0,183.0,45.0,148.0,80.0,37.0,0.0,39.0,1000.0,0.0,750.0,1000.0,1000.0,994.0,999.0,922.0,999.0,999.0,398.0,1000.0,0.0,0.0, 0.816925048828125,-0.1914215087890625,-0.1649932861328125,0.518402099609375, 0.867462158203125,-0.37603759765625,-0.0331573486328125,0.324005126953125
166870, 168.139404296875, 1000.0,181.0,183.0,45.0,149.0,80.0,37.0,0.0,39.0,1000.0,0.0,750.0,1000.0,1000.0,999.0,999.0,918.0,999.0,999.0,398.0,1000.0,0.0,0.0, 0.81683349609375,-0.1914215087890625,-0.1653289794921875,0.5184478759765625, 0.867431640625,-0.3760833740234375,-0.033172607421875,0.3240203857421875
166880, 168.14944458007812, 1000.0,181.0,183.0,45.0,149.0,80.0,37.0,0.0,39.0,1000.0,0.0,750.0,1000.0,1000.0,989.0,999.0,912.0,999.0,999.0,398.0,1000.0,0.0,0.0, 0.8167572021484375,-0.1913909912109375,-0.165740966796875,0.5184478759765625, 0.8675079345703125,-0.37591552734375,-0.0332183837890625,0.32403564453125
166890, 168.15931701660156, 1000.0,181.0,183.0,45.0,149.0,80.0,37.0,0.0,38.0,1000.0,0.0,750.0,1000.0,1000.0,979.0,999.0,908.0,999.0,999.0,398.0,1000.0,0.0,0.0, 0.8166656494140625,-0.191497802734375,-0.166168212890625,0.5184173583984375, 0.86749267578125,-0.3759307861328125,-0.0332794189453125,0.32403564453125
166900, 168.17213439941406, 1000.0,181.0,183.0,45.0,149.0,80.0,36.0,0.0,38.0,1000.0,0.0,1000.0,1000.0,1000.0,974.0,999.0,905.0,999.0,999.0,398.0,1000.0,0.0,0.0, 0.8165740966796875,-0.191619873046875,-0.1665802001953125,0.5183868408203125, 0.8675384521484375,-0.3758087158203125,-0.0334320068359375,0.32403564453125
166910, 168.17929077148438, 1000.0,181.0,183.0,45.0,149.0,80.0,36.0,0.0,38.0,1000.0,0.0,750.0,1000.0,1000.0,974.0,999.0,906.0,999.0,999.0,398.0,1000.0,0.0,0.0, 0.816558837890625,-0.1914825439453125,-0.1670684814453125,0.5182952880859375, 0.8674468994140625,-0.3759918212890625,-0.033416748046875,0.3240814208984375
166920, 168.1894073486328, 1000.0,181.0,183.0,45.0,149.0,80.0,36.0,0.0,39.0,1000.0,0.0,750.0,1000.0,1000.0,975.0,999.0,910.0,999.0,999.0,398.0,1000.0,0.0,0.0, 0.8165283203125,-0.1914825439453125,-0.1671905517578125,0.518310546875, 0.8672943115234375,-0.37628173828125,-0.0333251953125,0.324127197265625
166930, 168.19944763183594, 1000.0,182.0,183.0,45.0,149.0,80.0,36.0,0.0,39.0,1000.0,0.0,750.0,1000.0,1000.0,975.0,999.0,914.0,999.0,999.0,398.0,1000.0,0.0,0.0, 0.81646728515625,-0.1915740966796875,-0.1670074462890625,0.5184173583984375, 0.8673248291015625,-0.376251220703125,-0.03338623046875,0.324127197265625
166940, 168.2093048095703, 1000.0,182.0,183.0,45.0,148.0,79.0,36.0,0.0,38.0,1000.0,0.0,750.0,1000.0,1000.0,974.0,999.0,918.0,999.0,999.0,398.0,1000.0,0.0,0.0, 0.8165283203125,-0.1912689208984375,-0.166839599609375,0.51849365234375, 0.8673553466796875,-0.37615966796875,-0.033477783203125,0.3241119384765625
166950, 168.2292938232422, 1000.0,182.0,183.0,45.0,148.0,79.0,36.0,0.0,38.0,1000.0,0.0,750.0,1000.0,1000.0,972.0,999.0,920.0,999.0,999.0,398.0,1000.0,0.0,0.0, 0.8165130615234375,-0.1912841796875,-0.1663665771484375,0.5186614990234375, 0.8674468994140625,-0.3758544921875,-0.0332794189453125,0.324249267578125
166960, 168.2394256591797, 1000.0,181.0,183.0,45.0,148.0,79.0,36.0,0.0,38.0,1000.0,0.0,750.0,1000.0,1000.0,972.0,999.0,919.0,999.0,999.0,399.0,1000.0,0.0,0.0, 0.816497802734375,-0.191253662109375,-0.1660614013671875,0.518798828125, 0.8676910400390625,-0.3752593994140625,-0.033233642578125,0.324310302734375
166970, 168.24942016601562, 1000.0,181.0,183.0,45.0,148.0,79.0,36.0,0.0,38.0,1000.0,0.0,750.0,1000.0,1000.0,972.0,999.0,924.0,999.0,999.0,399.0,1000.0,0.0,0.0, 0.8164520263671875,-0.1912994384765625,-0.1655731201171875,0.5189971923828125, 0.8679962158203125,-0.374542236328125,-0.0334320068359375,0.3242950439453125
166980, 168.25930786132812, 1000.0,181.0,183.0,45.0,148.0,79.0,36.0,0.0,38.0,1000.0,0.0,750.0,1000.0,1000.0,971.0,999.0,937.0,999.0,999.0,399.0,1000.0,0.0,0.0, 0.8163604736328125,-0.1915435791015625,-0.1649627685546875,0.5192413330078125, 0.86871337890625,-0.37261962890625,-0.0329437255859375,0.324615478515625
166990, 168.2694854736328, 1000.0,181.0,183.0,45.0,148.0,79.0,36.0,0.0,38.0,1000.0,0.0,750.0,1000.0,1000.0,971.0,999.0,948.0,999.0,999.0,399.0,1000.0,0.0,0.0, 0.816253662109375,-0.191802978515625,-0.1642608642578125,0.5195465087890625, 0.86932373046875,-0.3710784912109375,-0.0328369140625,0.3247833251953125
167000, 168.27932739257812, 1000.0,181.0,183.0,45.0,148.0,79.0,36.0,0.0,38.0,1000.0,0.0,750.0,1000.0,1000.0,971.0,999.0,954.0,999.0,999.0,399.0,1000.0,0.0,0.0, 0.816131591796875,-0.1920623779296875,-0.1635589599609375,0.519866943359375, 0.8696136474609375,-0.3703460693359375,-0.032684326171875,0.324859619140625
167010, 168.28939819335938, 1000.0,181.0,182.0,45.0,148.0,79.0,36.0,0.0,38.0,1000.0,0.0,750.0,1000.0,1000.0,970.0,999.0,949.0,999.0,999.0,399.0,1000.0,0.0,0.0, 0.8160400390625,-0.1920318603515625,-0.163482666015625,0.520050048828125, 0.8693695068359375,-0.3709564208984375,-0.032440185546875,0.324798583984375
167020, 168.2994384765625, 1000.0,181.0,182.0,45.0,148.0,79.0,36.0,0.0,38.0,1000.0,0.0,750.0,1000.0,1000.0,970.0,999.0,949.0,999.0,999.0,399.0,1000.0,0.0,0.0, 0.8160400390625,-0.1920318603515625,-0.163482666015625,0.520050048828125, 0.8692626953125,-0.371490478515625,-0.0330047607421875,0.3244476318359375
167030, 168.3092803955078, 1000.0,181.0,182.0,45.0,148.0,79.0,36.0,0.0,38.0,1000.0,0.0,750.0,1000.0,1000.0,971.0,999.0,936.0,999.0,999.0,399.0,1000.0,0.0,0.0, 0.8157806396484375,-0.1921234130859375,-0.1633148193359375,0.5204620361328125, 0.869232177734375,-0.371734619140625,-0.0334014892578125,0.32421875
167040, 168.3194122314453, 1000.0,180.0,182.0,45.0,148.0,79.0,36.0,0.0,38.0,1000.0,0.0,750.0,1000.0,1000.0,973.0,999.0,929.0,999.0,999.0,399.0,1000.0,0.0,0.0, 0.815673828125,-0.192138671875,-0.1632537841796875,0.520660400390625, 0.868621826171875,-0.3734283447265625,-0.03369140625,0.3238677978515625
167050, 168.32943725585938, 1000.0,180.0,182.0,45.0,148.0,79.0,36.0,0.0,38.0,1000.0,0.0,750.0,1000.0,1000.0,973.0,999.0,929.0,999.0,999.0,399.0,1000.0,0.0,0.0, 0.815673828125,-0.192138671875,-0.1632537841796875,0.520660400390625, 0.8682708740234375,-0.3743133544921875,-0.03350830078125,0.3238067626953125
167060, 168.33953857421875, 1000.0,179.0,182.0,45.0,148.0,79.0,36.0,0.0,38.0,1000.0,0.0,750.0,1000.0,1000.0,984.0,999.0,927.0,999.0,999.0,399.0,1000.0,0.0,0.0, 0.815460205078125,-0.1922149658203125,-0.1632232666015625,0.5209808349609375, 0.8680267333984375,-0.374969482421875,-0.0336456298828125,0.32366943359375
167070, 168.34930419921875, 1000.0,180.0,182.0,45.0,148.0,79.0,36.0,0.0,38.0,1000.0,0.0,750.0,1000.0,1000.0,983.0,999.0,929.0,999.0,999.0,399.0,1000.0,0.0,0.0, 0.815338134765625,-0.192230224609375,-0.1633148193359375,0.5211181640625, 0.867523193359375,-0.3763427734375,-0.0339202880859375,0.323394775390625
167080, 168.3594207763672, 1000.0,180.0,182.0,45.0,148.0,79.0,36.0,0.0,38.0,1000.0,0.0,750.0,1000.0,1000.0,978.0,999.0,927.0,999.0,999.0,398.0,1000.0,0.0,0.0, 0.8152618408203125,-0.1921844482421875,-0.1634674072265625,0.521209716796875, 0.867706298828125,-0.3759307861328125,-0.0340118408203125,0.323394775390625
167090, 168.36956787109375, 1000.0,181.0,182.0,45.0,148.0,79.0,36.0,0.0,38.0,1000.0,0.0,750.0,1000.0,1000.0,981.0,999.0,925.0,999.0,999.0,398.0,1000.0,0.0,0.0, 0.8152008056640625,-0.19207763671875,-0.1636962890625,0.5212860107421875, 0.867279052734375,-0.376953125,-0.0338134765625,0.3233642578125
167100, 168.3793487548828, 1000.0,181.0,182.0,44.0,148.0,79.0,36.0,0.0,38.0,1000.0,0.0,750.0,1000.0,1000.0,982.0,999.0,908.0,999.0,999.0,398.0,1000.0,0.0,0.0, 0.8151397705078125,-0.1917266845703125,-0.164306640625,0.5213165283203125, 0.867279052734375,-0.377227783203125,-0.0348968505859375,0.3229217529296875
167110, 168.3894500732422, 1000.0,181.0,182.0,44.0,148.0,79.0,36.0,0.0,38.0,1000.0,0.0,750.0,1000.0,1000.0,982.0,999.0,906.0,999.0,999.0,398.0,1000.0,0.0,0.0, 0.815185546875,-0.191497802734375,-0.164703369140625,0.521209716796875, 0.8675537109375,-0.3765106201171875,-0.0350341796875,0.3229827880859375
167120, 168.39955139160156, 1000.0,181.0,182.0,44.0,148.0,79.0,36.0,0.0,38.0,1000.0,0.0,750.0,1000.0,1000.0,982.0,999.0,908.0,999.0,999.0,398.0,1000.0,0.0,0.0, 0.815216064453125,-0.1911468505859375,-0.1650848388671875,0.5211639404296875, 0.8671417236328125,-0.3775787353515625,-0.035186767578125,0.3228607177734375
167130, 168.4093780517578, 1000.0,180.0,182.0,44.0,148.0,79.0,36.0,0.0,38.0,1000.0,0.0,750.0,1000.0,1000.0,982.0,999.0,909.0,999.0,999.0,398.0,1000.0,0.0,0.0, 0.8152313232421875,-0.190948486328125,-0.16546630859375,0.521087646484375, 0.8673095703125,-0.3770294189453125,-0.034881591796875,0.3230743408203125
167140, 168.4193115234375, 1000.0,180.0,182.0,44.0,148.0,79.0,36.0,0.0,38.0,1000.0,0.0,750.0,1000.0,1000.0,979.0,999.0,906.0,999.0,999.0,398.0,1000.0,0.0,0.0, 0.815216064453125,-0.1907958984375,-0.16583251953125,0.5210418701171875, 0.86834716796875,-0.3740386962890625,-0.033721923828125,0.3238983154296875
167150, 168.4295196533203, 1000.0,181.0,182.0,44.0,148.0,79.0,36.0,0.0,38.0,1000.0,0.0,750.0,1000.0,1000.0,976.0,999.0,913.0,999.0,999.0,398.0,1000.0,0.0,0.0, 0.815216064453125,-0.1906280517578125,-0.1661529541015625,0.5210113525390625, 0.8684234619140625,-0.3738555908203125,-0.033782958984375,0.32391357421875
167160, 168.43954467773438, 1000.0,181.0,182.0,44.0,148.0,79.0,36.0,0.0,38.0,1000.0,0.0,1000.0,1000.0,1000.0,982.0,999.0,924.0,999.0,999.0,398.0,1000.0,0.0,0.0, 0.815216064453125,-0.190521240234375,-0.1663360595703125,0.52099609375, 0.8686676025390625,-0.3730316162109375,-0.0330810546875,0.3242645263671875
167170, 168.44940185546875, 1000.0,181.0,182.0,44.0,148.0,79.0,36.0,0.0,38.0,1000.0,0.0,1000.0,1000.0,1000.0,986.0,999.0,934.0,999.0,999.0,399.0,1000.0,0.0,0.0, 0.815185546875,-0.1904449462890625,-0.1663818359375,0.5210418701171875, 0.86962890625,-0.3702850341796875,-0.0321197509765625,0.324920654296875
167180, 168.45947265625, 1000.0,181.0,182.0,44.0,148.0,79.0,36.0,0.0,38.0,1000.0,0.0,1000.0,1000.0,1000.0,982.0,999.0,933.0,999.0,999.0,399.0,1000.0,0.0,0.0, 0.815155029296875,-0.1903839111328125,-0.16632080078125,0.5211334228515625, 0.8690643310546875,-0.3717041015625,-0.0317535400390625,0.3248443603515625
167190, 168.46978759765625, 1000.0,181.0,182.0,44.0,148.0,79.0,36.0,0.0,38.0,1000.0,0.0,750.0,1000.0,1000.0,976.0,999.0,927.0,999.0,999.0,399.0,1000.0,0.0,0.0, 0.8150634765625,-0.190460205078125,-0.1663055419921875,0.5212554931640625, 0.8696746826171875,-0.3701934814453125,-0.0319061279296875,0.3249053955078125
167200, 168.47943115234375, 1000.0,181.0,182.0,44.0,148.0,79.0,36.0,0.0,37.0,1000.0,0.0,750.0,1000.0,1000.0,975.0,999.0,920.0,999.0,999.0,399.0,1000.0,0.0,0.0, 0.8149566650390625,-0.190643310546875,-0.1660614013671875,0.521453857421875, 0.8704376220703125,-0.36871337890625,-0.0335235595703125,0.3244171142578125
167210, 168.4893341064453, 1000.0,181.0,182.0,44.0,148.0,79.0,36.0,0.0,37.0,1000.0,0.0,750.0,1000.0,1000.0,975.0,999.0,923.0,999.0,999.0,399.0,1000.0,0.0,0.0, 0.8148651123046875,-0.1907501220703125,-0.16571044921875,0.52166748046875, 0.8706512451171875,-0.3681793212890625,-0.0334320068359375,0.324432373046875
167220, 168.501953125, 1000.0,181.0,182.0,44.0,148.0,79.0,36.0,0.0,38.0,1000.0,0.0,750.0,1000.0,1000.0,977.0,999.0,922.0,999.0,999.0,399.0,1000.0,0.0,0.0, 0.8146820068359375,-0.19110107421875,-0.16558837890625,0.5218658447265625, 0.8700408935546875,-0.3698272705078125,-0.0333709716796875,0.3242340087890625
167230, 168.50927734375, 1000.0,181.0,182.0,44.0,148.0,79.0,36.0,0.0,38.0,1000.0,0.0,750.0,1000.0,1000.0,986.0,999.0,918.0,999.0,999.0,399.0,1000.0,0.0,0.0, 0.814544677734375,-0.191192626953125,-0.1655120849609375,0.522064208984375, 0.8697357177734375,-0.370819091796875,-0.03399658203125,0.3238525390625
167240, 168.51947021484375, 1000.0,181.0,182.0,44.0,148.0,79.0,36.0,0.0,38.0,1000.0,0.0,750.0,1000.0,1000.0,994.0,999.0,917.0,999.0,999.0,399.0,1000.0,0.0,0.0, 0.814422607421875,-0.1912689208984375,-0.16534423828125,0.5222625732421875, 0.8692474365234375,-0.372222900390625,-0.0344696044921875,0.3235015869140625
167250, 168.52960205078125, 1000.0,181.0,181.0,44.0,148.0,79.0,36.0,0.0,37.0,1000.0,0.0,1000.0,1000.0,1000.0,998.0,999.0,917.0,999.0,999.0,399.0,1000.0,0.0,0.0, 0.8143157958984375,-0.191375732421875,-0.1652679443359375,0.522430419921875, 0.868408203125,-0.374237060546875,-0.034088134765625,0.3234710693359375
167260, 168.5394744873047, 1000.0,181.0,181.0,44.0,148.0,79.0,36.0,0.0,37.0,1000.0,0.0,750.0,1000.0,1000.0,989.0,999.0,915.0,999.0,999.0,399.0,1000.0,0.0,0.0, 0.8141937255859375,-0.1914825439453125,-0.16522216796875,0.5225830078125, 0.8676605224609375,-0.37628173828125,-0.0346832275390625,0.3230133056640625
167270, 168.54937744140625, 1000.0,181.0,181.0,44.0,148.0,79.0,36.0,0.0,37.0,1000.0,0.0,750.0,1000.0,1000.0,981.0,999.0,916.0,999.0,999.0,399.0,1000.0,0.0,0.0, 0.8140716552734375,-0.19158935546875,-0.1652984619140625,0.5227203369140625, 0.8678741455078125,-0.3761444091796875,-0.0361480712890625,0.322479248046875
167280, 168.55963134765625, 1000.0,181.0,181.0,44.0,148.0,79.0,36.0,0.0,37.0,1000.0,0.0,750.0,1000.0,1000.0,979.0,999.0,918.0,999.0,999.0,399.0,1000.0,0.0,0.0, 0.813934326171875,-0.1916961669921875,-0.1655426025390625,0.5228118896484375, 0.8676300048828125,-0.3765106201171875,-0.0352630615234375,0.322784423828125
167290, 168.56956481933594, 1000.0,181.0,181.0,44.0,148.0,79.0,36.0,0.0,37.0,1000.0,0.0,750.0,1000.0,1000.0,978.0,999.0,918.0,999.0,999.0,399.0,1000.0,0.0,0.0, 0.813873291015625,-0.1916351318359375,-0.16558837890625,0.5229339599609375, 0.8678741455078125,-0.3762054443359375,-0.0364227294921875,0.322357177734375
167300, 168.579345703125, 1000.0,181.0,181.0,44.0,148.0,79.0,36.0,0.0,37.0,1000.0,0.0,750.0,1000.0,1000.0,978.0,999.0,919.0,999.0,999.0,399.0,1000.0,0.0,0.0, 0.81378173828125,-0.191619873046875,-0.1657867431640625,0.5229949951171875, 0.8677825927734375,-0.37548828125,-0.0330047607421875,0.3237762451171875
167310, 168.58956909179688, 1000.0,181.0,181.0,44.0,148.0,79.0,36.0,0.0,37.0,1000.0,0.0,750.0,1000.0,1000.0,978.0,999.0,919.0,999.0,999.0,399.0,1000.0,0.0,0.0, 0.81378173828125,-0.191619873046875,-0.1657867431640625,0.5229949951171875, 0.868133544921875,-0.374542236328125,-0.032745361328125,0.324005126953125
167320, 168.59957885742188, 1000.0,181.0,181.0,44.0,148.0,79.0,36.0,0.0,37.0,1000.0,0.0,750.0,1000.0,1000.0,980.0,999.0,909.0,999.0,999.0,399.0,1000.0,0.0,0.0, 0.81365966796875,-0.191497802734375,-0.1658477783203125,0.5232086181640625, 0.8680877685546875,-0.3748321533203125,-0.0334625244140625,0.3237152099609375
167330, 168.60934448242188, 1000.0,181.0,181.0,44.0,148.0,79.0,36.0,0.0,37.0,1000.0,0.0,750.0,1000.0,1000.0,980.0,999.0,906.0,999.0,999.0,399.0,1000.0,0.0,0.0, 0.8135833740234375,-0.1915283203125,-0.1659088134765625,0.5233001708984375, 0.8684234619140625,-0.374359130859375,-0.034912109375,0.3231964111328125
167340, 168.61959838867188, 1000.0,181.0,181.0,44.0,148.0,79.0,36.0,0.0,37.0,1000.0,0.0,750.0,1000.0,1000.0,980.0,999.0,904.0,999.0,999.0,399.0,1000.0,0.0,0.0, 0.8135528564453125,-0.19134521484375,-0.16595458984375,0.523406982421875, 0.8676300048828125,-0.3764801025390625,-0.0354156494140625,0.3227996826171875
167350, 168.62953186035156, 1000.0,181.0,181.0,44.0,148.0,79.0,36.0,0.0,37.0,1000.0,0.0,750.0,1000.0,1000.0,987.0,999.0,903.0,999.0,999.0,399.0,1000.0,0.0,0.0, 0.8135223388671875,-0.1911773681640625,-0.1661834716796875,0.5234375, 0.8676300048828125,-0.37646484375,-0.035430908203125,0.322845458984375
167360, 168.63951110839844, 1000.0,181.0,181.0,44.0,148.0,79.0,36.0,0.0,37.0,1000.0,0.0,750.0,1000.0,1000.0,989.0,999.0,904.0,999.0,999.0,399.0,1000.0,0.0,0.0, 0.8135223388671875,-0.1908721923828125,-0.1663818359375,0.5234832763671875, 0.86761474609375,-0.3764495849609375,-0.0355224609375,0.322845458984375
167370, 168.64935302734375, 1000.0,181.0,181.0,44.0,148.0,79.0,36.0,0.0,37.0,1000.0,0.0,750.0,1000.0,1000.0,981.0,999.0,905.0,999.0,999.0,399.0,1000.0,0.0,0.0, 0.8135528564453125,-0.190521240234375,-0.1665191650390625,0.523529052734375, 0.8676300048828125,-0.3763885498046875,-0.035614013671875,0.3228912353515625
167380, 168.66334533691406, 1000.0,181.0,181.0,44.0,148.0,79.0,36.0,0.0,37.0,1000.0,0.0,1000.0,1000.0,1000.0,975.0,999.0,905.0,999.0,999.0,399.0,1000.0,0.0,0.0, 0.8135833740234375,-0.1901702880859375,-0.166595458984375,0.523590087890625, 0.8675537109375,-0.37652587890625,-0.0355682373046875,0.32293701171875
167390, 168.66944885253906, 1000.0,181.0,181.0,44.0,148.0,79.0,36.0,0.0,37.0,1000.0,0.0,750.0,1000.0,1000.0,973.0,999.0,909.0,999.0,999.0,399.0,1000.0,0.0,0.0, 0.8135528564453125,-0.1900634765625,-0.166717529296875,0.5236358642578125, 0.8675994873046875,-0.376373291015625,-0.0354766845703125,0.3230133056640625
167400, 168.67935180664062, 1000.0,180.0,181.0,44.0,148.0,79.0,36.0,0.0,37.0,1000.0,0.0,750.0,1000.0,1000.0,971.0,999.0,927.0,999.0,999.0,399.0,1000.0,0.0,0.0, 0.8135986328125,-0.18963623046875,-0.1667938232421875,0.5236968994140625, 0.867645263671875,-0.3762359619140625,-0.0353851318359375,0.3230743408203125
167410, 168.68946838378906, 1000.0,181.0,181.0,44.0,148.0,79.0,36.0,0.0,37.0,1000.0,0.0,750.0,1000.0,1000.0,971.0,999.0,922.0,999.0,999.0,399.0,1000.0,0.0,0.0, 0.813568115234375,-0.1897430419921875,-0.16656494140625,0.5237579345703125, 0.86785888671875,-0.37554931640625,-0.0348052978515625,0.3233489990234375
167420, 168.69956970214844, 1000.0,180.0,181.0,44.0,148.0,79.0,36.0,0.0,37.0,1000.0,0.0,750.0,1000.0,1000.0,971.0,999.0,913.0,999.0,999.0,399.0,1000.0,0.0,0.0, 0.8134307861328125,-0.190093994140625,-0.166259765625,0.523956298828125, 0.86798095703125,-0.3751678466796875,-0.034454345703125,0.323486328125
167430, 168.70936584472656, 1000.0,179.0,181.0,44.0,148.0,79.0,36.0,0.0,37.0,1000.0,0.0,750.0,1000.0,1000.0,971.0,999.0,903.0,999.0,999.0,399.0,1000.0,0.0,0.0, 0.813262939453125,-0.190460205078125,-0.166107177734375,0.524139404296875, 0.8684234619140625,-0.3739471435546875,-0.0340118408203125,0.3237457275390625
167440, 168.719482421875, 1000.0,180.0,181.0,44.0,148.0,79.0,36.0,0.0,37.0,1000.0,0.0,750.0,1000.0,1000.0,971.0,999.0,896.0,999.0,999.0,399.0,1000.0,0.0,0.0, 0.8130950927734375,-0.190826416015625,-0.1657257080078125,0.5243682861328125, 0.8687286376953125,-0.3731536865234375,-0.0337066650390625,0.3238983154296875
167450, 168.72962951660156, 1000.0,181.0,181.0,44.0,148.0,79.0,36.0,0.0,37.0,1000.0,0.0,750.0,1000.0,1000.0,971.0,999.0,896.0,999.0,999.0,399.0,1000.0,0.0,0.0, 0.8129425048828125,-0.191070556640625,-0.1656036376953125,0.524566650390625, 0.868927001953125,-0.3726959228515625,-0.0337982177734375,0.3238677978515625
167460, 168.7394561767578, 1000.0,181.0,181.0,44.0,148.0,79.0,36.0,0.0,37.0,1000.0,0.0,750.0,1000.0,1000.0,971.0,999.0,900.0,999.0,999.0,399.0,1000.0,0.0,0.0, 0.8127899169921875,-0.191314697265625,-0.165191650390625,0.5248565673828125, 0.86907958984375,-0.3723907470703125,-0.033935546875,0.32379150390625
167470, 168.74935913085938, 1000.0,181.0,181.0,44.0,148.0,78.0,36.0,0.0,37.0,1000.0,0.0,750.0,1000.0,1000.0,971.0,999.0,907.0,999.0,999.0,399.0,1000.0,0.0,0.0, 0.812591552734375,-0.191619873046875,-0.164947509765625,0.5251007080078125, 0.8689117431640625,-0.3729400634765625,-0.0342254638671875,0.3235931396484375
167480, 168.75941467285156, 1000.0,181.0,181.0,44.0,148.0,78.0,36.0,0.0,37.0,1000.0,0.0,750.0,1000.0,1000.0,971.0,999.0,908.0,999.0,999.0,399.0,1000.0,0.0,0.0, 0.812530517578125,-0.1914520263671875,-0.1646728515625,0.525360107421875, 0.868499755859375,-0.3741607666015625,-0.0346832275390625,0.3232574462890625
167490, 168.77330017089844, 1000.0,181.0,181.0,44.0,148.0,78.0,36.0,0.0,37.0,1000.0,0.0,750.0,1000.0,1000.0,972.0,999.0,906.0,999.0,999.0,399.0,1000.0,0.0,0.0, 0.8125,-0.191070556640625,-0.1645660400390625,0.5255584716796875, 0.86859130859375,-0.3739776611328125,-0.0348052978515625,0.3231964111328125
167500, 168.77931213378906, 1000.0,181.0,181.0,44.0,148.0,78.0,36.0,0.0,37.0,1000.0,0.0,750.0,1000.0,1000.0,973.0,999.0,906.0,999.0,999.0,399.0,1000.0,0.0,0.0, 0.812530517578125,-0.1906280517578125,-0.1645660400390625,0.52569580078125, 0.8683319091796875,-0.3744659423828125,-0.0341796875,0.3233795166015625
167510, 168.78958129882812, 1000.0,181.0,181.0,44.0,148.0,78.0,36.0,0.0,37.0,1000.0,0.0,750.0,1000.0,666.0,975.0,999.0,912.0,999.0,999.0,399.0,1000.0,0.0,0.0, 0.812408447265625,-0.190643310546875,-0.1645660400390625,0.52587890625, 0.8678131103515625,-0.3758697509765625,-0.034515380859375,0.3231048583984375
167520, 168.79957580566406, 1000.0,180.0,181.0,44.0,148.0,78.0,36.0,0.0,37.0,1000.0,0.0,750.0,1000.0,666.0,979.0,999.0,918.0,999.0,999.0,399.0,1000.0,0.0,0.0, 0.81231689453125,-0.1906280517578125,-0.164581298828125,0.5260162353515625, 0.867828369140625,-0.3758544921875,-0.034515380859375,0.3231201171875
167530, 168.80938720703125, 1000.0,181.0,181.0,44.0,148.0,78.0,36.0,0.0,37.0,1000.0,0.0,750.0,1000.0,1000.0,982.0,999.0,918.0,999.0,999.0,399.0,1000.0,0.0,0.0, 0.812225341796875,-0.190582275390625,-0.1645965576171875,0.5261688232421875, 0.867889404296875,-0.375640869140625,-0.034423828125,0.32318115234375
167540, 168.81961059570312, 1000.0,180.0,181.0,44.0,148.0,78.0,36.0,0.0,37.0,1000.0,0.0,750.0,1000.0,1000.0,982.0,999.0,916.0,999.0,999.0,399.0,1000.0,0.0,0.0, 0.8121490478515625,-0.190521240234375,-0.1646575927734375,0.5262908935546875, 0.86810302734375,-0.3749237060546875,-0.0337982177734375,0.3235015869140625
167550, 168.8295135498047, 1000.0,180.0,181.0,44.0,148.0,78.0,36.0,0.0,37.0,1000.0,0.0,750.0,1000.0,1000.0,980.0,999.0,910.0,999.0,999.0,399.0,1000.0,0.0,0.0, 0.8120880126953125,-0.1904144287109375,-0.1647491455078125,0.5263824462890625, 0.8681640625,-0.3745880126953125,-0.033172607421875,0.32379150390625
167560, 168.83946228027344, 1000.0,180.0,180.0,44.0,148.0,78.0,36.0,0.0,37.0,1000.0,0.0,750.0,1000.0,1000.0,985.0,999.0,903.0,999.0,999.0,399.0,1000.0,0.0,0.0, 0.8120269775390625,-0.190277099609375,-0.1649322509765625,0.526458740234375, 0.8681488037109375,-0.374908447265625,-0.034210205078125,0.3233795166015625
167570, 168.84938049316406, 1000.0,180.0,180.0,44.0,148.0,78.0,36.0,0.0,37.0,1000.0,0.0,750.0,1000.0,1000.0,993.0,999.0,898.0,999.0,999.0,399.0,1000.0,0.0,0.0, 0.8119964599609375,-0.1901092529296875,-0.1651153564453125,0.526519775390625, 0.8677978515625,-0.37591552734375,-0.0347442626953125,0.323089599609375
167580, 168.8594970703125, 1000.0,180.0,180.0,44.0,148.0,78.0,36.0,0.0,37.0,1000.0,0.0,750.0,1000.0,1000.0,997.0,999.0,896.0,999.0,999.0,399.0,1000.0,0.0,0.0, 0.8119659423828125,-0.189971923828125,-0.1653900146484375,0.5265350341796875, 0.8672637939453125,-0.3774566650390625,-0.0356903076171875,0.3226165771484375
167590, 168.8698272705078, 1000.0,180.0,180.0,44.0,148.0,78.0,36.0,0.0,37.0,1000.0,0.0,750.0,1000.0,1000.0,991.0,999.0,892.0,999.0,999.0,399.0,1000.0,0.0,0.0, 0.8119354248046875,-0.1898651123046875,-0.1657257080078125,0.526519775390625, 0.8670654296875,-0.3782501220703125,-0.036956787109375,0.32208251953125
167600, 168.8793182373047, 1000.0,179.0,180.0,44.0,148.0,78.0,36.0,0.0,37.0,1000.0,0.0,750.0,1000.0,1000.0,984.0,999.0,896.0,999.0,999.0,399.0,1000.0,0.0,0.0, 0.8118743896484375,-0.1898193359375,-0.16607666015625,0.5265045166015625, 0.867156982421875,-0.3779144287109375,-0.0366363525390625,0.322265625
167610, 168.8895721435547, 1000.0,179.0,180.0,44.0,148.0,78.0,36.0,0.0,37.0,1000.0,0.0,750.0,1000.0,1000.0,984.0,999.0,896.0,999.0,999.0,399.0,1000.0,0.0,0.0, 0.8118743896484375,-0.1898193359375,-0.16607666015625,0.5265045166015625, 0.8670806884765625,-0.377655029296875,-0.035064697265625,0.32293701171875
167620, 168.8995819091797, 1000.0,179.0,180.0,44.0,148.0,78.0,36.0,0.0,37.0,1000.0,0.0,750.0,1000.0,1000.0,976.0,999.0,901.0,999.0,999.0,399.0,1000.0,0.0,0.0, 0.8117828369140625,-0.1898651123046875,-0.1664276123046875,0.5265350341796875, 0.868194580078125,-0.3747406005859375,-0.034820556640625,0.3233642578125
167630, 168.90939331054688, 1000.0,179.0,180.0,44.0,148.0,78.0,36.0,0.0,37.0,1000.0,0.0,750.0,1000.0,1000.0,972.0,999.0,911.0,999.0,999.0,399.0,1000.0,0.0,0.0, 0.811737060546875,-0.1898956298828125,-0.1666107177734375,0.52655029296875, 0.86871337890625,-0.3734130859375,-0.0347442626953125,0.3235321044921875
167640, 168.91937255859375, 1000.0,179.0,180.0,44.0,148.0,78.0,36.0,0.0,37.0,1000.0,0.0,750.0,1000.0,1000.0,971.0,999.0,916.0,999.0,999.0,399.0,1000.0,0.0,0.0, 0.811676025390625,-0.1898956298828125,-0.1667022705078125,0.5265960693359375, 0.86895751953125,-0.372467041015625,-0.0333709716796875,0.3241119384765625
167650, 168.935791015625, 1000.0,179.0,180.0,44.0,148.0,78.0,36.0,0.0,37.0,1000.0,0.0,750.0,1000.0,1000.0,971.0,999.0,914.0,999.0,999.0,399.0,1000.0,0.0,0.0, 0.8115692138671875,-0.190032958984375,-0.16680908203125,0.5266876220703125, 0.8695220947265625,-0.3707733154296875,-0.032501220703125,0.3246002197265625
167660, 168.93930053710938, 1000.0,179.0,180.0,44.0,147.0,78.0,36.0,0.0,37.0,1000.0,0.0,750.0,1000.0,1000.0,972.0,999.0,909.0,999.0,999.0,399.0,1000.0,0.0,0.0, 0.8113555908203125,-0.190277099609375,-0.166900634765625,0.5269012451171875, 0.870452880859375,-0.3686981201171875,-0.0334930419921875,0.3243865966796875
167670, 168.9493865966797, 1000.0,178.0,180.0,44.0,147.0,78.0,36.0,0.0,37.0,1000.0,0.0,750.0,1000.0,1000.0,972.0,999.0,909.0,999.0,999.0,399.0,1000.0,0.0,0.0, 0.81121826171875,-0.1904449462890625,-0.1667938232421875,0.5270843505859375, 0.8699188232421875,-0.370025634765625,-0.03314208984375,0.3243560791015625
167680, 168.95950317382812, 1000.0,178.0,180.0,44.0,148.0,78.0,35.0,0.0,37.0,1000.0,0.0,750.0,1000.0,1000.0,971.0,999.0,911.0,999.0,999.0,399.0,1000.0,0.0,0.0, 0.8111724853515625,-0.19061279296875,-0.166656494140625,0.527130126953125, 0.869049072265625,-0.3720550537109375,-0.0321502685546875,0.324462890625
167690, 168.96945190429688, 1000.0,178.0,180.0,44.0,148.0,78.0,35.0,0.0,37.0,1000.0,0.0,750.0,1000.0,1000.0,971.0,999.0,919.0,999.0,999.0,399.0,1000.0,0.0,0.0, 0.810943603515625,-0.1907196044921875,-0.1664886474609375,0.527496337890625, 0.8690643310546875,-0.3724517822265625,-0.0336151123046875,0.3238067626953125
167700, 168.97935485839844, 1000.0,178.0,180.0,44.0,148.0,78.0,35.0,0.0,37.0,1000.0,0.0,1000.0,1000.0,1000.0,971.0,999.0,923.0,999.0,999.0,399.0,1000.0,0.0,0.0, 0.810821533203125,-0.19073486328125,-0.16650390625,0.5276641845703125, 0.869110107421875,-0.3725738525390625,-0.0343780517578125,0.3234710693359375
167710, 168.98931884765625, 1000.0,178.0,180.0,43.0,148.0,78.0,35.0,0.0,37.0,1000.0,0.0,750.0,1000.0,1000.0,971.0,999.0,915.0,999.0,999.0,399.0,1000.0,0.0,0.0, 0.81085205078125,-0.1906280517578125,-0.1665191650390625,0.5276641845703125, 0.869171142578125,-0.37261962890625,-0.0349884033203125,0.3231964111328125
167720, 168.9995880126953, 1000.0,178.0,180.0,43.0,148.0,78.0,35.0,0.0,37.0,1000.0,0.0,750.0,1000.0,1000.0,973.0,999.0,907.0,999.0,999.0,399.0,1000.0,0.0,0.0, 0.810760498046875,-0.1905975341796875,-0.166595458984375,0.5277862548828125, 0.8688507080078125,-0.3732757568359375,-0.034454345703125,0.3233489990234375
167730, 169.00936889648438, 1000.0,178.0,180.0,43.0,148.0,78.0,35.0,0.0,36.0,1000.0,0.0,750.0,1000.0,1000.0,974.0,999.0,905.0,999.0,999.0,399.0,1000.0,0.0,0.0, 0.8106536865234375,-0.190582275390625,-0.1668243408203125,0.5278778076171875, 0.867828369140625,-0.376220703125,-0.0357818603515625,0.322540283203125
167740, 169.01947021484375, 1000.0,177.0,180.0,44.0,148.0,78.0,35.0,0.0,36.0,1000.0,0.0,750.0,1000.0,1000.0,974.0,999.0,905.0,999.0,999.0,399.0,1000.0,0.0,0.0, 0.8105926513671875,-0.1904449462890625,-0.1669921875,0.5279693603515625, 0.86712646484375,-0.37744140625,-0.03375244140625,0.3232269287109375
167750, 169.02975463867188, 1000.0,177.0,180.0,43.0,148.0,78.0,35.0,0.0,36.0,1000.0,0.0,750.0,1000.0,1000.0,974.0,999.0,906.0,999.0,999.0,399.0,1000.0,0.0,0.0, 0.810516357421875,-0.190399169921875,-0.1670989990234375,0.528076171875, 0.8678131103515625,-0.3757171630859375,-0.0338897705078125,0.3233795166015625
167760, 169.04505920410156, 1000.0,178.0,180.0,43.0,148.0,78.0,35.0,0.0,36.0,1000.0,0.0,750.0,1000.0,1000.0,974.0,999.0,907.0,999.0,999.0,399.0,1000.0,0.0,0.0, 0.8104248046875,-0.190399169921875,-0.1673583984375,0.5281219482421875, 0.8674468994140625,-0.3765716552734375,-0.033721923828125,0.3233489990234375
167770, 169.04931640625, 1000.0,178.0,180.0,43.0,148.0,78.0,35.0,0.0,36.0,1000.0,0.0,750.0,1000.0,1000.0,974.0,999.0,906.0,999.0,999.0,399.0,1000.0,0.0,0.0, 0.8103179931640625,-0.1904754638671875,-0.167877197265625,0.528106689453125, 0.8672332763671875,-0.3774261474609375,-0.034881591796875,0.32281494140625
167780, 169.05963134765625, 1000.0,177.0,180.0,43.0,148.0,78.0,35.0,0.0,36.0,1000.0,0.0,750.0,1000.0,1000.0,973.0,999.0,898.0,999.0,999.0,399.0,1000.0,0.0,0.0, 0.8102569580078125,-0.1903839111328125,-0.1683349609375,0.5280914306640625, 0.867401123046875,-0.376800537109375,-0.0340423583984375,0.3231964111328125
167790, 169.06964111328125, 1000.0,178.0,180.0,43.0,148.0,78.0,35.0,0.0,36.0,1000.0,0.0,750.0,1000.0,1000.0,974.0,999.0,893.0,999.0,999.0,399.0,1000.0,0.0,0.0, 0.8101806640625,-0.1904449462890625,-0.16876220703125,0.5280609130859375, 0.8677520751953125,-0.375762939453125,-0.0335845947265625,0.323516845703125
167800, 169.07945251464844, 1000.0,178.0,180.0,43.0,148.0,78.0,35.0,0.0,36.0,1000.0,0.0,750.0,1000.0,1000.0,974.0,999.0,891.0,999.0,999.0,399.0,1000.0,0.0,0.0, 0.8101348876953125,-0.19036865234375,-0.1689300537109375,0.528106689453125, 0.8680419921875,-0.3748931884765625,-0.033294677734375,0.323760986328125
167810, 169.08941650390625, 1000.0,177.0,180.0,43.0,148.0,78.0,35.0,0.0,36.0,1000.0,0.0,750.0,1000.0,1000.0,974.0,999.0,893.0,999.0,999.0,399.0,1000.0,0.0,0.0, 0.81011962890625,-0.1901702880859375,-0.169097900390625,0.5281219482421875, 0.8676910400390625,-0.3759613037109375,-0.0339508056640625,0.3234100341796875
167820, 169.09957885742188, 1000.0,176.0,180.0,43.0,148.0,78.0,35.0,0.0,36.0,1000.0,0.0,750.0,1000.0,1000.0,973.0,999.0,893.0,999.0,999.0,399.0,1000.0,0.0,0.0, 0.8101043701171875,-0.1900177001953125,-0.1692657470703125,0.5281524658203125, 0.8690032958984375,-0.37286376953125,-0.0350341796875,0.323333740234375
167830, 169.109375, 1000.0,177.0,180.0,43.0,148.0,78.0,35.0,0.0,36.0,1000.0,0.0,750.0,1000.0,1000.0,973.0,999.0,894.0,999.0,999.0,399.0,1000.0,0.0,0.0, 0.81011962890625,-0.18975830078125,-0.16925048828125,0.528228759765625, 0.8677825927734375,-0.3753204345703125,-0.03265380859375,0.3240509033203125
167840, 169.1195068359375, 1000.0,176.0,180.0,43.0,148.0,78.0,35.0,0.0,36.0,1000.0,0.0,1000.0,1000.0,1000.0,972.0,999.0,901.0,999.0,999.0,399.0,1000.0,0.0,0.0, 0.8100738525390625,-0.18975830078125,-0.16943359375,0.5282440185546875, 0.8671112060546875,-0.377197265625,-0.0332794189453125,0.3236083984375
167850, 169.12969970703125, 1000.0,175.0,180.0,43.0,147.0,78.0,35.0,0.0,36.0,1000.0,0.0,750.0,1000.0,1000.0,972.0,999.0,912.0,999.0,999.0,399.0,1000.0,0.0,0.0, 0.8099822998046875,-0.189849853515625,-0.1695556640625,0.5283050537109375, 0.86712646484375,-0.377166748046875,-0.0333099365234375,0.3235931396484375
167860, 169.13946533203125, 1000.0,177.0,180.0,43.0,147.0,77.0,35.0,0.0,36.0,1000.0,0.0,750.0,1000.0,1000.0,971.0,999.0,916.0,999.0,999.0,399.0,1000.0,0.0,0.0, 0.8099212646484375,-0.189849853515625,-0.16961669921875,0.5283966064453125, 0.867156982421875,-0.3770751953125,-0.0333099365234375,0.3236083984375
167870, 169.14927673339844, 1000.0,177.0,180.0,43.0,147.0,77.0,35.0,0.0,36.0,1000.0,0.0,750.0,1000.0,1000.0,971.0,999.0,916.0,999.0,999.0,399.0,1000.0,0.0,0.0, 0.8099212646484375,-0.189849853515625,-0.16961669921875,0.5283966064453125, 0.86724853515625,-0.37689208984375,-0.0333709716796875,0.32354736328125
167880, 169.1593475341797, 1000.0,180.0,180.0,43.0,147.0,77.0,35.0,0.0,36.0,1000.0,0.0,750.0,1000.0,1000.0,970.0,999.0,903.0,999.0,999.0,399.0,1000.0,0.0,0.0, 0.809783935546875,-0.18988037109375,-0.169189453125,0.5287322998046875, 0.8673553466796875,-0.3767242431640625,-0.03338623046875,0.3235015869140625
167890, 169.16944885253906, 1000.0,179.0,180.0,43.0,147.0,77.0,35.0,0.0,36.0,1000.0,0.0,750.0,1000.0,666.0,970.0,999.0,900.0,999.0,999.0,399.0,1000.0,0.0,0.0, 0.80975341796875,-0.1897735595703125,-0.168609619140625,0.52899169921875, 0.8675384521484375,-0.3762969970703125,-0.0334625244140625,0.3234710693359375
167900, 169.1793975830078, 1000.0,178.0,180.0,43.0,147.0,77.0,35.0,0.0,36.0,1000.0,0.0,750.0,1000.0,666.0,970.0,999.0,901.0,999.0,999.0,399.0,1000.0,0.0,0.0, 0.8096771240234375,-0.1898345947265625,-0.1681365966796875,0.5292510986328125, 0.8676910400390625,-0.3759918212890625,-0.03369140625,0.323394775390625
167910, 169.18948364257812, 1000.0,179.0,180.0,43.0,147.0,77.0,35.0,0.0,36.0,1000.0,0.0,750.0,1000.0,666.0,970.0,999.0,903.0,999.0,999.0,400.0,1000.0,0.0,0.0, 0.8095855712890625,-0.1899261474609375,-0.1676025390625,0.529510498046875, 0.86798095703125,-0.3752593994140625,-0.033599853515625,0.3234710693359375
167920, 169.2070770263672, 1000.0,179.0,180.0,43.0,147.0,77.0,35.0,0.0,36.0,1000.0,0.0,750.0,1000.0,1000.0,970.0,999.0,904.0,999.0,999.0,400.0,1000.0,0.0,0.0, 0.80950927734375,-0.189971923828125,-0.167144775390625,0.5297698974609375, 0.8679046630859375,-0.37548828125,-0.0335540771484375,0.3234405517578125
167930, 169.2101287841797, 1000.0,179.0,180.0,43.0,147.0,77.0,35.0,0.0,36.0,1000.0,0.0,750.0,1000.0,1000.0,970.0,999.0,912.0,999.0,999.0,400.0,1000.0,0.0,0.0, 0.8094635009765625,-0.1898040771484375,-0.167022705078125,0.5299224853515625, 0.8680877685546875,-0.37518310546875,-0.0341949462890625,0.323211669921875
167940, 169.21945190429688, 1000.0,180.0,180.0,43.0,147.0,77.0,35.0,0.0,36.0,1000.0,0.0,750.0,1000.0,1000.0,970.0,999.0,919.0,999.0,999.0,400.0,1000.0,0.0,0.0, 0.809478759765625,-0.189483642578125,-0.166656494140625,0.5301361083984375, 0.8680267333984375,-0.3753662109375,-0.034332275390625,0.3231353759765625
167950, 169.2294158935547, 1000.0,181.0,180.0,43.0,147.0,77.0,35.0,0.0,36.0,1000.0,0.0,750.0,1000.0,1000.0,970.0,999.0,916.0,999.0,999.0,399.0,1000.0,0.0,0.0, 0.8095550537109375,-0.1888275146484375,-0.1667633056640625,0.5302276611328125, 0.868133544921875,-0.37506103515625,-0.0341339111328125,0.3232421875
167960, 169.23947143554688, 1000.0,181.0,180.0,43.0,147.0,77.0,35.0,0.0,36.0,1000.0,0.0,1000.0,1000.0,1000.0,972.0,999.0,897.0,999.0,999.0,399.0,1000.0,0.0,0.0, 0.8095703125,-0.18798828125,-0.166961669921875,0.530426025390625, 0.868133544921875,-0.374969482421875,-0.0338287353515625,0.3233642578125
167970, 169.24935913085938, 1000.0,181.0,180.0,43.0,147.0,77.0,35.0,0.0,36.0,1000.0,0.0,1000.0,1000.0,1000.0,972.0,999.0,897.0,999.0,999.0,399.0,1000.0,0.0,0.0, 0.8096923828125,-0.187530517578125,-0.1670379638671875,0.5303955078125, 0.868194580078125,-0.374786376953125,-0.0336761474609375,0.3234405517578125
167980, 169.25942993164062, 1000.0,179.0,180.0,43.0,147.0,77.0,35.0,0.0,36.0,1000.0,0.0,750.0,1000.0,1000.0,972.0,999.0,899.0,999.0,999.0,399.0,1000.0,0.0,0.0, 0.8096466064453125,-0.187347412109375,-0.167022705078125,0.530517578125, 0.8682861328125,-0.3744659423828125,-0.03326416015625,0.323638916015625
167990, 169.26943969726562, 1000.0,178.0,179.0,43.0,147.0,77.0,35.0,0.0,36.0,1000.0,0.0,750.0,1000.0,1000.0,972.0,999.0,895.0,999.0,999.0,399.0,1000.0,0.0,0.0, 0.8095855712890625,-0.187255859375,-0.16729736328125,0.5305633544921875, 0.8680267333984375,-0.3750457763671875,-0.033050537109375,0.32366943359375
168000, 169.2793731689453, 1000.0,176.0,179.0,43.0,147.0,77.0,35.0,0.0,36.0,1000.0,0.0,750.0,1000.0,1000.0,971.0,999.0,891.0,999.0,999.0,399.0,1000.0,0.0,0.0, 0.80950927734375,-0.1871185302734375,-0.16766357421875,0.5305938720703125, 0.8682708740234375,-0.3745269775390625,-0.033477783203125,0.32354736328125
168010, 169.28964233398438, 1000.0,177.0,179.0,43.0,147.0,77.0,35.0,0.0,36.0,1000.0,0.0,750.0,1000.0,1000.0,972.0,999.0,886.0,999.0,999.0,399.0,1000.0,0.0,0.0, 0.8094329833984375,-0.1870880126953125,-0.1676483154296875,0.5307464599609375, 0.868377685546875,-0.3744354248046875,-0.0341796875,0.32330322265625
168020, 169.299560546875, 1000.0,178.0,179.0,43.0,147.0,77.0,35.0,0.0,36.0,1000.0,0.0,750.0,1000.0,1000.0,973.0,999.0,881.0,999.0,999.0,399.0,1000.0,0.0,0.0, 0.809356689453125,-0.1870574951171875,-0.167633056640625,0.530853271484375, 0.8681488037109375,-0.37530517578125,-0.0352783203125,0.3227691650390625
168030, 169.31675720214844, 1000.0,179.0,179.0,43.0,147.0,77.0,35.0,0.0,36.0,1000.0,0.0,750.0,1000.0,1000.0,973.0,999.0,875.0,999.0,999.0,400.0,1000.0,0.0,0.0, 0.809295654296875,-0.1870574951171875,-0.1676788330078125,0.5309600830078125, 0.8682098388671875,-0.3752288818359375,-0.0355377197265625,0.32269287109375
168040, 169.3200225830078, 1000.0,179.0,179.0,43.0,147.0,77.0,35.0,0.0,36.0,1000.0,0.0,750.0,1000.0,1000.0,972.0,999.0,871.0,999.0,999.0,399.0,1000.0,0.0,0.0, 0.809234619140625,-0.1870574951171875,-0.16778564453125,0.531005859375, 0.868316650390625,-0.3751068115234375,-0.0362396240234375,0.322479248046875
168050, 169.3293914794922, 1000.0,179.0,179.0,43.0,147.0,77.0,35.0,0.0,36.0,1000.0,0.0,750.0,1000.0,1000.0,972.0,999.0,869.0,999.0,999.0,400.0,1000.0,0.0,0.0, 0.809173583984375,-0.187042236328125,-0.1679229736328125,0.5310516357421875, 0.867706298828125,-0.3767242431640625,-0.036773681640625,0.322174072265625
168060, 169.33941650390625, 1000.0,179.0,179.0,43.0,147.0,77.0,35.0,0.0,36.0,1000.0,0.0,750.0,1000.0,1000.0,971.0,999.0,873.0,999.0,999.0,400.0,1000.0,0.0,0.0, 0.8091278076171875,-0.1870269775390625,-0.1680908203125,0.5310821533203125, 0.86761474609375,-0.376678466796875,-0.035888671875,0.3225555419921875
168070, 169.34934997558594, 1000.0,179.0,179.0,43.0,147.0,77.0,35.0,0.0,35.0,1000.0,0.0,750.0,1000.0,1000.0,971.0,999.0,878.0,999.0,999.0,400.0,1000.0,0.0,0.0, 0.80908203125,-0.1869964599609375,-0.1682891845703125,0.5311126708984375, 0.867919921875,-0.375732421875,-0.0354766845703125,0.3228759765625
168080, 169.35951232910156, 1000.0,179.0,179.0,43.0,147.0,77.0,35.0,0.0,35.0,1000.0,0.0,750.0,1000.0,1000.0,971.0,999.0,883.0,999.0,999.0,400.0,1000.0,0.0,0.0, 0.8090362548828125,-0.1869659423828125,-0.1684722900390625,0.5311431884765625, 0.8684234619140625,-0.3745880126953125,-0.0358734130859375,0.32281494140625
168090, 169.36917114257812, 1000.0,180.0,179.0,43.0,147.0,77.0,35.0,0.0,35.0,1000.0,0.0,750.0,1000.0,1000.0,970.0,999.0,889.0,999.0,999.0,400.0,1000.0,0.0,0.0, 0.8089752197265625,-0.18695068359375,-0.1686859130859375,0.531158447265625, 0.8686981201171875,-0.37396240234375,-0.0362701416015625,0.32275390625
168100, 169.37930297851562, 1000.0,180.0,179.0,43.0,147.0,77.0,35.0,0.0,36.0,1000.0,0.0,750.0,1000.0,1000.0,971.0,999.0,892.0,999.0,999.0,400.0,1000.0,0.0,0.0, 0.8089141845703125,-0.1869354248046875,-0.16888427734375,0.53118896484375, 0.869110107421875,-0.37249755859375,-0.034820556640625,0.323486328125
168110, 169.3894805908203, 1000.0,180.0,179.0,43.0,147.0,77.0,35.0,0.0,35.0,1000.0,0.0,750.0,1000.0,1000.0,973.0,999.0,889.0,999.0,999.0,400.0,1000.0,0.0,0.0, 0.808837890625,-0.18695068359375,-0.16900634765625,0.531280517578125, 0.869476318359375,-0.3712005615234375,-0.0334014892578125,0.32415771484375
168120, 169.39955139160156, 1000.0,180.0,179.0,43.0,147.0,77.0,35.0,0.0,35.0,1000.0,0.0,750.0,1000.0,1000.0,973.0,999.0,888.0,999.0,999.0,400.0,1000.0,0.0,0.0, 0.80865478515625,-0.187255859375,-0.1689300537109375,0.5314483642578125, 0.86944580078125,-0.371063232421875,-0.0323486328125,0.3245086669921875
168130, 169.40939331054688, 1000.0,180.0,179.0,43.0,147.0,77.0,35.0,0.0,35.0,1000.0,0.0,750.0,1000.0,1000.0,973.0,999.0,893.0,999.0,999.0,400.0,1000.0,0.0,0.0, 0.808502197265625,-0.1875457763671875,-0.1688232421875,0.5316162109375, 0.8697052001953125,-0.370391845703125,-0.032012939453125,0.324615478515625
168140, 169.42037963867188, 1000.0,180.0,179.0,43.0,147.0,77.0,35.0,0.0,35.0,1000.0,0.0,750.0,1000.0,1000.0,973.0,999.0,890.0,999.0,999.0,400.0,1000.0,0.0,0.0, 0.8083343505859375,-0.1878662109375,-0.1685333251953125,0.5318603515625, 0.8701629638671875,-0.3698272705078125,-0.034088134765625,0.3238067626953125
168150, 169.4295654296875, 1000.0,180.0,179.0,43.0,147.0,77.0,35.0,0.0,35.0,1000.0,0.0,1000.0,1000.0,1000.0,974.0,999.0,887.0,999.0,999.0,400.0,1000.0,0.0,0.0, 0.8081817626953125,-0.1881103515625,-0.16815185546875,0.5321197509765625, 0.8695831298828125,-0.371368408203125,-0.0340423583984375,0.3236236572265625
168160, 169.43948364257812, 1000.0,180.0,179.0,43.0,147.0,77.0,35.0,0.0,35.0,1000.0,0.0,1000.0,1000.0,1000.0,974.0,999.0,889.0,999.0,999.0,400.0,1000.0,0.0,0.0, 0.8080291748046875,-0.1883392333984375,-0.1678314208984375,0.5323944091796875, 0.868743896484375,-0.3732452392578125,-0.0328369140625,0.3238372802734375
168170, 169.44935607910156, 1000.0,180.0,179.0,43.0,147.0,77.0,35.0,0.0,35.0,1000.0,0.0,1000.0,1000.0,1000.0,974.0,999.0,889.0,999.0,999.0,400.0,1000.0,0.0,0.0, 0.8080291748046875,-0.1883392333984375,-0.1678314208984375,0.5323944091796875, 0.869171142578125,-0.3728179931640625,-0.0352630615234375,0.32293701171875
168180, 169.459716796875, 1000.0,180.0,179.0,43.0,146.0,77.0,35.0,0.0,35.0,1000.0,0.0,1000.0,1000.0,1000.0,974.0,999.0,894.0,999.0,999.0,400.0,1000.0,0.0,0.0, 0.807830810546875,-0.188323974609375,-0.16741943359375,0.5328216552734375, 0.868316650390625,-0.374969482421875,-0.035186767578125,0.322723388671875
168190, 169.47865295410156, 1000.0,180.0,179.0,43.0,147.0,77.0,35.0,0.0,35.0,1000.0,0.0,750.0,1000.0,1000.0,974.0,999.0,892.0,999.0,999.0,400.0,1000.0,0.0,0.0, 0.8077545166015625,-0.1882476806640625,-0.1670379638671875,0.5330657958984375, 0.8681640625,-0.3752899169921875,-0.0348052978515625,0.3228302001953125
168200, 169.48179626464844, 1000.0,180.0,179.0,43.0,147.0,77.0,35.0,0.0,35.0,1000.0,0.0,750.0,1000.0,1000.0,983.0,999.0,889.0,999.0,999.0,400.0,1000.0,0.0,0.0, 0.8077239990234375,-0.18804931640625,-0.1666412353515625,0.5333251953125, 0.8675384521484375,-0.376617431640625,-0.033905029296875,0.3230438232421875
168210, 169.4995574951172, 1000.0,180.0,179.0,43.0,147.0,77.0,35.0,0.0,35.0,1000.0,0.0,750.0,1000.0,1000.0,992.0,999.0,889.0,999.0,999.0,400.0,1000.0,0.0,0.0, 0.8076324462890625,-0.1880645751953125,-0.1666259765625,0.5334625244140625, 0.8669891357421875,-0.37774658203125,-0.032958984375,0.3232879638671875
168220, 169.50941467285156, 1000.0,180.0,179.0,43.0,147.0,77.0,35.0,0.0,35.0,1000.0,0.0,750.0,1000.0,1000.0,995.0,999.0,889.0,999.0,999.0,400.0,1000.0,0.0,0.0, 0.8076324462890625,-0.1876983642578125,-0.16680908203125,0.533538818359375, 0.866668701171875,-0.378692626953125,-0.0333709716796875,0.323028564453125
168230, 169.51947021484375, 1000.0,180.0,179.0,43.0,148.0,78.0,35.0,0.0,35.0,1000.0,0.0,750.0,1000.0,1000.0,978.0,999.0,889.0,999.0,999.0,400.0,1000.0,0.0,0.0, 0.807586669921875,-0.1871337890625,-0.167327880859375,0.53363037109375, 0.867279052734375,-0.3773193359375,-0.0341033935546875,0.322906494140625
168240, 169.52947998046875, 1000.0,180.0,179.0,43.0,148.0,78.0,35.0,0.0,35.0,1000.0,0.0,750.0,1000.0,1000.0,978.0,999.0,889.0,999.0,999.0,400.0,1000.0,0.0,0.0, 0.807586669921875,-0.1871337890625,-0.167327880859375,0.53363037109375, 0.866119384765625,-0.38006591796875,-0.0336151123046875,0.322845458984375
168250, 169.53945922851562, 1000.0,180.0,179.0,43.0,147.0,77.0,35.0,0.0,35.0,1000.0,0.0,750.0,1000.0,1000.0,975.0,999.0,887.0,999.0,999.0,400.0,1000.0,0.0,0.0, 0.807525634765625,-0.187042236328125,-0.16778564453125,0.5336151123046875, 0.8672332763671875,-0.3775634765625,-0.03485107421875,0.3226470947265625
168260, 169.54940795898438, 1000.0,177.0,179.0,43.0,147.0,77.0,35.0,0.0,35.0,1000.0,0.0,750.0,1000.0,1000.0,978.0,999.0,889.0,999.0,999.0,400.0,1000.0,0.0,0.0, 0.8073883056640625,-0.1870269775390625,-0.1688995361328125,0.533477783203125, 0.8672637939453125,-0.377655029296875,-0.03564453125,0.3223876953125
168270, 169.55950927734375, 1000.0,177.0,179.0,43.0,147.0,77.0,35.0,0.0,35.0,1000.0,0.0,750.0,1000.0,1000.0,978.0,999.0,886.0,999.0,999.0,400.0,1000.0,0.0,0.0, 0.8072967529296875,-0.187286376953125,-0.1694488525390625,0.5333404541015625, 0.86724853515625,-0.377655029296875,-0.0355987548828125,0.32244873046875
168280, 169.56944274902344, 1000.0,177.0,178.0,43.0,147.0,77.0,35.0,0.0,35.0,1000.0,0.0,750.0,1000.0,1000.0,976.0,999.0,877.0,999.0,999.0,400.0,1000.0,0.0,0.0, 0.8072052001953125,-0.187469482421875,-0.1699981689453125,0.5332489013671875, 0.86785888671875,-0.3754730224609375,-0.033447265625,0.3235931396484375
168290, 169.5795135498047, 1000.0,177.0,179.0,43.0,147.0,77.0,35.0,0.0,35.0,1000.0,0.0,750.0,1000.0,1000.0,974.0,999.0,873.0,999.0,999.0,400.0,1000.0,0.0,0.0, 0.8071136474609375,-0.1876678466796875,-0.17034912109375,0.533203125, 0.868011474609375,-0.375518798828125,-0.03515625,0.3229217529296875
168300, 169.58938598632812, 1000.0,176.0,179.0,43.0,147.0,77.0,35.0,0.0,35.0,1000.0,0.0,750.0,1000.0,1000.0,973.0,999.0,874.0,999.0,999.0,400.0,1000.0,0.0,0.0, 0.807037353515625,-0.1877899169921875,-0.17034912109375,0.53326416015625, 0.86785888671875,-0.37579345703125,-0.034698486328125,0.3230743408203125
168310, 169.599609375, 1000.0,176.0,179.0,43.0,146.0,77.0,35.0,0.0,35.0,1000.0,0.0,750.0,1000.0,1000.0,974.0,999.0,875.0,999.0,999.0,400.0,1000.0,0.0,0.0, 0.8069610595703125,-0.18798828125,-0.1702728271484375,0.5333404541015625, 0.86822509765625,-0.3744659423828125,-0.0332183837890625,0.323760986328125
168320, 169.60935974121094, 1000.0,176.0,179.0,42.0,146.0,77.0,35.0,0.0,35.0,1000.0,0.0,1000.0,1000.0,1000.0,973.0,999.0,873.0,999.0,999.0,400.0,1000.0,0.0,0.0, 0.806884765625,-0.188079833984375,-0.1702880859375,0.5334320068359375, 0.8689422607421875,-0.3729095458984375,-0.03411865234375,0.32354736328125
168330, 169.6194610595703, 1000.0,176.0,179.0,42.0,146.0,77.0,35.0,0.0,35.0,1000.0,0.0,750.0,1000.0,1000.0,973.0,999.0,869.0,999.0,999.0,400.0,1000.0,0.0,0.0, 0.8068084716796875,-0.1881256103515625,-0.1701507568359375,0.5335540771484375, 0.871368408203125,-0.3666534423828125,-0.034027099609375,0.3242034912109375
168340, 169.6295166015625, 1000.0,176.0,178.0,42.0,146.0,77.0,35.0,0.0,35.0,1000.0,0.0,750.0,1000.0,1000.0,972.0,999.0,865.0,999.0,999.0,400.0,1000.0,0.0,0.0, 0.8067474365234375,-0.18817138671875,-0.1698150634765625,0.53375244140625, 0.872283935546875,-0.3641357421875,-0.0334320068359375,0.3246307373046875
168350, 169.63946533203125, 1000.0,177.0,178.0,42.0,147.0,77.0,35.0,0.0,35.0,1000.0,0.0,750.0,1000.0,1000.0,972.0,999.0,867.0,999.0,999.0,400.0,1000.0,0.0,0.0, 0.8066558837890625,-0.1883087158203125,-0.1690826416015625,0.5340728759765625, 0.872222900390625,-0.3643341064453125,-0.033416748046875,0.324554443359375
168360, 169.6493682861328, 1000.0,176.0,178.0,42.0,147.0,77.0,35.0,0.0,35.0,1000.0,0.0,750.0,1000.0,1000.0,972.0,999.0,864.0,999.0,999.0,400.0,1000.0,0.0,0.0, 0.80657958984375,-0.188323974609375,-0.168365478515625,0.534393310546875, 0.8721466064453125,-0.3646087646484375,-0.033416748046875,0.324462890625
168370, 169.6595001220703, 1000.0,176.0,178.0,42.0,147.0,77.0,35.0,0.0,35.0,1000.0,0.0,750.0,1000.0,1000.0,973.0,999.0,870.0,999.0,999.0,400.0,1000.0,0.0,0.0, 0.8064727783203125,-0.18841552734375,-0.1677398681640625,0.53472900390625, 0.8720245361328125,-0.364990234375,-0.0333709716796875,0.3243865966796875
168380, 169.66940307617188, 1000.0,176.0,178.0,42.0,147.0,77.0,35.0,0.0,35.0,1000.0,0.0,750.0,1000.0,1000.0,972.0,999.0,880.0,999.0,999.0,400.0,1000.0,0.0,0.0, 0.8063812255859375,-0.18841552734375,-0.1672210693359375,0.5350341796875, 0.871917724609375,-0.3653106689453125,-0.033355712890625,0.324310302734375
168390, 169.67933654785156, 1000.0,176.0,178.0,42.0,146.0,77.0,35.0,0.0,35.0,1000.0,0.0,750.0,1000.0,1000.0,973.0,999.0,891.0,999.0,999.0,400.0,1000.0,0.0,0.0, 0.8062286376953125,-0.1885986328125,-0.167083740234375,0.535247802734375, 0.871734619140625,-0.3658294677734375,-0.0334320068359375,0.3242034912109375
168400, 169.68960571289062, 1000.0,175.0,178.0,42.0,146.0,77.0,35.0,0.0,35.0,1000.0,0.0,750.0,1000.0,1000.0,980.0,999.0,897.0,999.0,999.0,400.0,1000.0,0.0,0.0, 0.80609130859375,-0.1887054443359375,-0.167236328125,0.535369873046875, 0.871551513671875,-0.3663177490234375,-0.0334930419921875,0.324127197265625
168410, 169.69956970214844, 1000.0,175.0,178.0,42.0,147.0,77.0,35.0,0.0,35.0,1000.0,0.0,1000.0,1000.0,1000.0,981.0,999.0,895.0,999.0,999.0,400.0,1000.0,0.0,0.0, 0.80596923828125,-0.188690185546875,-0.167572021484375,0.535430908203125, 0.871307373046875,-0.3669891357421875,-0.0335235595703125,0.32403564453125
168420, 169.7093963623047, 1000.0,175.0,178.0,42.0,147.0,77.0,35.0,0.0,35.0,1000.0,0.0,1000.0,1000.0,1000.0,978.0,999.0,892.0,999.0,999.0,400.0,1000.0,0.0,0.0, 0.8058624267578125,-0.1886749267578125,-0.1679229736328125,0.5355072021484375, 0.87115478515625,-0.36737060546875,-0.033477783203125,0.3240203857421875
168430, 169.71957397460938, 1000.0,175.0,178.0,42.0,147.0,77.0,35.0,0.0,34.0,1000.0,0.0,1000.0,1000.0,1000.0,982.0,999.0,888.0,999.0,999.0,400.0,1000.0,0.0,0.0, 0.8057708740234375,-0.188629150390625,-0.168243408203125,0.535552978515625, 0.8707122802734375,-0.3684844970703125,-0.033538818359375,0.3239288330078125
168440, 169.7294921875, 1000.0,175.0,178.0,42.0,147.0,77.0,35.0,0.0,34.0,1000.0,0.0,1000.0,1000.0,1000.0,982.0,999.0,888.0,999.0,999.0,400.0,1000.0,0.0,0.0, 0.8057708740234375,-0.188629150390625,-0.168243408203125,0.535552978515625, 0.8704833984375,-0.3690185546875,-0.0333709716796875,0.323974609375
168450, 169.73959350585938, 1000.0,176.0,178.0,42.0,147.0,77.0,35.0,0.0,35.0,1000.0,0.0,750.0,1000.0,1000.0,997.0,999.0,884.0,999.0,999.0,400.0,1000.0,0.0,0.0, 0.805572509765625,-0.1886749267578125,-0.168792724609375,0.535675048828125, 0.870361328125,-0.36932373046875,-0.033416748046875,0.3239288330078125
168460, 169.75022888183594, 1000.0,175.0,178.0,42.0,147.0,77.0,35.0,0.0,35.0,1000.0,0.0,750.0,1000.0,1000.0,998.0,999.0,881.0,999.0,999.0,400.0,1000.0,0.0,0.0, 0.805389404296875,-0.1888580322265625,-0.1698150634765625,0.5355377197265625, 0.8701019287109375,-0.3699493408203125,-0.0333709716796875,0.3238983154296875
168470, 169.75949096679688, 1000.0,175.0,178.0,42.0,147.0,77.0,35.0,0.0,35.0,1000.0,0.0,750.0,1000.0,1000.0,998.0,999.0,881.0,999.0,999.0,400.0,1000.0,0.0,0.0, 0.805389404296875,-0.1888580322265625,-0.1698150634765625,0.5355377197265625, 0.869598388671875,-0.3713836669921875,-0.0339508056640625,0.32354736328125
168480, 169.76947021484375, 1000.0,175.0,178.0,42.0,147.0,76.0,35.0,0.0,34.0,1000.0,0.0,750.0,1000.0,1000.0,998.0,999.0,879.0,999.0,999.0,400.0,1000.0,0.0,0.0, 0.8052215576171875,-0.1887664794921875,-0.17041015625,0.53564453125, 0.8692474365234375,-0.372283935546875,-0.033935546875,0.323486328125
168490, 169.77932739257812, 1000.0,175.0,178.0,42.0,147.0,76.0,35.0,0.0,34.0,1000.0,0.0,750.0,1000.0,1000.0,998.0,999.0,878.0,999.0,999.0,400.0,1000.0,0.0,0.0, 0.8052825927734375,-0.1882171630859375,-0.1707916259765625,0.5356292724609375, 0.8688201904296875,-0.3734588623046875,-0.03436279296875,0.3232421875
168500, 169.7894744873047, 1000.0,175.0,178.0,42.0,147.0,76.0,35.0,0.0,34.0,1000.0,0.0,750.0,1000.0,666.0,998.0,999.0,879.0,999.0,999.0,400.0,1000.0,0.0,0.0, 0.8053741455078125,-0.1876220703125,-0.171051025390625,0.5356292724609375, 0.868743896484375,-0.3736572265625,-0.03448486328125,0.3231964111328125
168510, 169.79954528808594, 1000.0,175.0,178.0,42.0,146.0,76.0,35.0,0.0,34.0,1000.0,0.0,750.0,1000.0,666.0,989.0,999.0,878.0,999.0,999.0,400.0,1000.0,0.0,0.0, 0.805389404296875,-0.1873016357421875,-0.171142578125,0.535675048828125, 0.8685455322265625,-0.3740692138671875,-0.0342559814453125,0.3232879638671875
168520, 169.80938720703125, 1000.0,175.0,178.0,42.0,146.0,76.0,35.0,0.0,34.0,1000.0,0.0,750.0,1000.0,1000.0,984.0,999.0,875.0,999.0,999.0,400.0,1000.0,0.0,0.0, 0.805328369140625,-0.1873321533203125,-0.17120361328125,0.535736083984375, 0.8683624267578125,-0.3744964599609375,-0.03424072265625,0.3232879638671875
168530, 169.81948852539062, 1000.0,176.0,178.0,42.0,147.0,77.0,35.0,0.0,34.0,1000.0,0.0,1000.0,1000.0,1000.0,976.0,999.0,877.0,999.0,999.0,400.0,1000.0,0.0,0.0, 0.80523681640625,-0.187286376953125,-0.1713104248046875,0.5358734130859375, 0.868682861328125,-0.3735809326171875,-0.033935546875,0.3235015869140625
168540, 169.82949829101562, 1000.0,176.0,178.0,42.0,147.0,77.0,35.0,0.0,34.0,1000.0,0.0,1000.0,1000.0,1000.0,973.0,999.0,868.0,999.0,999.0,400.0,1000.0,0.0,0.0, 0.80523681640625,-0.187286376953125,-0.17132568359375,0.535858154296875, 0.8690338134765625,-0.3726348876953125,-0.0337982177734375,0.323638916015625
168550, 169.83946228027344, 1000.0,177.0,178.0,42.0,147.0,77.0,35.0,0.0,34.0,1000.0,0.0,750.0,1000.0,1000.0,973.0,999.0,853.0,999.0,999.0,400.0,1000.0,0.0,0.0, 0.80517578125,-0.1872406005859375,-0.1713104248046875,0.5359649658203125, 0.8694915771484375,-0.371368408203125,-0.0332183837890625,0.3239593505859375
168560, 169.849365234375, 1000.0,177.0,178.0,42.0,147.0,77.0,35.0,0.0,34.0,1000.0,0.0,750.0,1000.0,1000.0,973.0,999.0,850.0,999.0,999.0,400.0,1000.0,0.0,0.0, 0.8051300048828125,-0.1871795654296875,-0.1712646484375,0.53607177734375, 0.870269775390625,-0.369537353515625,-0.0337371826171875,0.32391357421875
168570, 169.85955810546875, 1000.0,177.0,178.0,42.0,146.0,77.0,35.0,0.0,34.0,1000.0,0.0,750.0,1000.0,1000.0,973.0,999.0,849.0,999.0,999.0,400.0,1000.0,0.0,0.0, 0.8050689697265625,-0.18707275390625,-0.1711273193359375,0.5362396240234375, 0.8698883056640625,-0.3704071044921875,-0.03314208984375,0.324005126953125
168580, 169.86953735351562, 1000.0,177.0,178.0,42.0,146.0,77.0,35.0,0.0,34.0,1000.0,0.0,1000.0,1000.0,1000.0,972.0,999.0,850.0,999.0,999.0,400.0,1000.0,0.0,0.0, 0.80499267578125,-0.18707275390625,-0.170867919921875,0.5364532470703125, 0.8701019287109375,-0.3696441650390625,-0.03228759765625,0.3243560791015625
168590, 169.8793487548828, 1000.0,177.0,178.0,42.0,147.0,77.0,35.0,0.0,34.0,1000.0,0.0,750.0,1000.0,1000.0,972.0,999.0,851.0,999.0,999.0,400.0,1000.0,0.0,0.0, 0.80487060546875,-0.1871490478515625,-0.170654296875,0.5366668701171875, 0.8701171875,-0.36962890625,-0.0321044921875,0.324371337890625
168600, 169.88946533203125, 1000.0,177.0,178.0,42.0,147.0,77.0,35.0,0.0,34.0,1000.0,0.0,750.0,1000.0,1000.0,971.0,999.0,854.0,999.0,999.0,400.0,1000.0,0.0,0.0, 0.80474853515625,-0.187225341796875,-0.1703643798828125,0.5369110107421875, 0.869842529296875,-0.370574951171875,-0.03289794921875,0.3239288330078125
168610, 169.89952087402344, 1000.0,177.0,178.0,42.0,147.0,77.0,35.0,0.0,34.0,1000.0,0.0,1000.0,1000.0,1000.0,972.0,999.0,855.0,999.0,999.0,400.0,1000.0,0.0,0.0, 0.80462646484375,-0.187255859375,-0.1700592041015625,0.53717041015625, 0.869415283203125,-0.372039794921875,-0.0340576171875,0.3232879638671875
168620, 169.91229248046875, 1000.0,177.0,177.0,42.0,146.0,76.0,35.0,0.0,34.0,1000.0,0.0,750.0,1000.0,1000.0,973.0,999.0,854.0,999.0,999.0,400.0,1000.0,0.0,0.0, 0.8045196533203125,-0.1872406005859375,-0.1697540283203125,0.537445068359375, 0.86920166015625,-0.372772216796875,-0.0346832275390625,0.3229522705078125
168630, 169.91957092285156, 1000.0,177.0,177.0,42.0,146.0,76.0,34.0,0.0,34.0,1000.0,0.0,750.0,1000.0,1000.0,974.0,999.0,857.0,999.0,999.0,400.0,1000.0,0.0,0.0, 0.804412841796875,-0.1872406005859375,-0.16943359375,0.5377044677734375, 0.8688507080078125,-0.3733367919921875,-0.0334320068359375,0.323394775390625
