1384030, 1389.879150390625, 1000.0, 86.0, 469.0, 64.0, 162.0, 35.0, 121.0, 17.0, 54.0, 1000.0, 0.0, 750.0, 0.0, 666.0, 930.0, 999.0, 999.0, 999.0, 999.0, 453.0, 653.0, 0.0, 0.0, -18.836912155151367, -2.26607084274292, -89.58394622802734, 0.6976776123046875, -0.129852294921875, 0.1014251708984375, -0.6971893310546875, -31.611379623413086, 20.77042579650879, -162.81385803222656, 0.1899566650390625, 0.1314697265625, 0.2908172607421875, -0.9284515380859375
1384090, 1389.939697265625, 1000.0, 86.0, 470.0, 64.0, 162.0, 34.0, 121.0, 17.0, 54.0, 1000.0, 0.0, 750.0, 0.0, 1000.0, 929.0, 999.0, 999.0, 999.0, 999.0, 454.0, 652.0, 0.0, 0.0, -18.901294708251953, -2.236809015274048, -89.49848937988281, 0.698150634765625, -0.1301422119140625, 0.101898193359375, -0.6965789794921875, -31.78422737121582, 20.633649826049805, -162.87652587890625, 0.189361572265625, 0.130218505859375, 0.2920379638671875, -0.928375244140625
1384140, 1389.989501953125, 1000.0, 86.0, 470.0, 63.0, 162.0, 34.0, 120.0, 17.0, 54.0, 1000.0, 0.0, 750.0, 0.0, 666.0, 929.0, 999.0, 999.0, 999.0, 999.0, 454.0, 652.0, 0.0, 0.0, -18.88323211669922, -2.168593168258667, -89.42747497558594, 0.6986846923828125, -0.1296844482421875, 0.1021270751953125, -0.69610595703125, -31.52943992614746, 20.575037002563477, -162.77471923828125, 0.1897735595703125, 0.1298980712890625, 0.2900390625, -0.928955078125
1384190, 1390.0394287109375, 1000.0, 86.0, 469.0, 63.0, 161.0, 34.0, 120.0, 17.0, 54.0, 1000.0, 0.0, 750.0, 0.0, 666.0, 929.0, 999.0, 999.0, 999.0, 999.0, 454.0, 652.0, 0.0, 0.0, -18.88963508605957, -2.143188238143921, -89.35009002685547, 0.6991729736328125, -0.129638671875, 0.10223388671875, -0.6956024169921875, -31.870174407958984, 20.793075561523438, -162.89051818847656, 0.1896820068359375, 0.1314239501953125, 0.2928466796875, -0.927886962890625
1384250, 1390.099853515625, 1000.0, 86.0, 470.0, 63.0, 161.0, 34.0, 120.0, 17.0, 53.0, 1000.0, 0.0, 750.0, 0.0, 666.0, 928.0, 999.0, 999.0, 999.0, 999.0, 454.0, 652.0, 0.0, 0.0, -18.89714813232422, -2.1337969303131104, -89.27127838134766, 0.6996612548828125, -0.12969970703125, 0.1022491455078125, -0.6951141357421875, -31.868894577026367, 20.82630729675293, -162.90255737304688, 0.1896514892578125, 0.1317291259765625, 0.2928466796875, -0.9278411865234375
1384300, 1390.1497802734375, 1000.0, 86.0, 470.0, 63.0, 161.0, 34.0, 120.0, 17.0, 53.0, 1000.0, 0.0, 750.0, 0.0, 666.0, 928.0, 999.0, 999.0, 999.0, 999.0, 454.0, 652.0, 0.0, 0.0, -18.899866104125977, -2.1628737449645996, -89.21247100830078, 0.699981689453125, -0.12994384765625, 0.102020263671875, -0.6947784423828125, -31.46404266357422, 20.36109733581543, -162.7709503173828, 0.1892852783203125, 0.12823486328125, 0.289337158203125, -0.92950439453125
1384360, 1390.2095947265625, 1000.0, 86.0, 470.0, 63.0, 161.0, 34.0, 119.0, 17.0, 53.0, 1000.0, 0.0, 750.0, 0.0, 1000.0, 929.0, 999.0, 999.0, 999.0, 999.0, 455.0, 652.0, 0.0, 0.0, -18.903629302978516, -2.224689483642578, -89.1243667602539, 0.700439453125, -0.1304168701171875, 0.1015625, -0.6942901611328125, -31.655494689941406, 20.673179626464844, -162.83290100097656, 0.1896514892578125, 0.130645751953125, 0.29107666015625, -0.928558349609375
1384410, 1390.2596435546875, 1000.0, 86.0, 468.0, 63.0, 161.0, 34.0, 119.0, 17.0, 53.0, 1000.0, 0.0, 750.0, 0.0, 666.0, 927.0, 999.0, 999.0, 999.0, 999.0, 455.0, 652.0, 0.0, 0.0, -18.882585525512695, -2.2261178493499756, -89.0568618774414, 0.70086669921875, -0.1303558349609375, 0.101348876953125, -0.6938934326171875, -31.707849502563477, 20.60635757446289, -162.84930419921875, 0.1894378662109375, 0.1300506591796875, 0.2914276123046875, -0.9285736083984375
1384460, 1390.3094482421875, 1000.0, 86.0, 468.0, 63.0, 160.0, 34.0, 119.0, 17.0, 53.0, 1000.0, 0.0, 750.0, 0.0, 666.0, 928.0, 999.0, 999.0, 999.0, 999.0, 455.0, 652.0, 0.0, 0.0, -18.81289291381836, -2.177140235900879, -89.00125122070312, 0.7013397216796875, -0.1296844482421875, 0.101165771484375, -0.693572998046875, -31.684341430664062, 20.697166442871094, -162.85240173339844, 0.1895751953125, 0.1308441162109375, 0.2913055419921875, -0.928466796875
1384520, 1390.3697509765625, 1000.0, 86.0, 468.0, 63.0, 160.0, 34.0, 118.0, 16.0, 53.0, 1000.0, 0.0, 750.0, 0.0, 666.0, 927.0, 999.0, 999.0, 999.0, 999.0, 455.0, 652.0, 0.0, 0.0, -18.948930740356445, -2.1239140033721924, -88.94216918945312, 0.70159912109375, -0.1302490234375, 0.1022491455078125, -0.6930389404296875, -31.79308319091797, 20.785621643066406, -162.90032958984375, 0.1894989013671875, 0.1315155029296875, 0.292205810546875, -0.9281158447265625
1384570, 1390.4195556640625, 1000.0, 86.0, 468.0, 63.0, 160.0, 34.0, 118.0, 16.0, 53.0, 1000.0, 0.0, 750.0, 0.0, 1000.0, 927.0, 999.0, 999.0, 999.0, 999.0, 455.0, 652.0, 0.0, 0.0, -19.09287452697754, -2.1867246627807617, -88.86600494384766, 0.7018280029296875, -0.1315765380859375, 0.1026458740234375, -0.6925048828125, -31.57766342163086, 20.749099731445312, -162.81298828125, 0.18988037109375, 0.13134765625, 0.29052734375, -0.9285736083984375
1384630, 1390.4793701171875, 1000.0, 86.0, 466.0, 63.0, 160.0, 34.0, 118.0, 16.0, 52.0, 1000.0, 0.0, 750.0, 0.0, 666.0, 928.0, 999.0, 999.0, 999.0, 999.0, 455.0, 652.0, 0.0, 0.0, -18.93423843383789, -2.074042558670044, -88.69503784179688, 0.7031707763671875, -0.1300811767578125, 0.1021881103515625, -0.691497802734375, -31.525144577026367, 20.745317459106445, -162.7726593017578, 0.1901397705078125, 0.1313018798828125, 0.2901458740234375, -0.92864990234375
1384680, 1390.529296875, 1000.0, 86.0, 466.0, 63.0, 160.0, 34.0, 118.0, 16.0, 52.0, 1000.0, 0.0, 750.0, 0.0, 666.0, 931.0, 999.0, 999.0, 999.0, 999.0, 456.0, 652.0, 0.0, 0.0, -18.708677291870117, -2.198321580886841, -88.53992462158203, 0.7042236328125, -0.12957763671875, 0.099884033203125, -0.69085693359375, -31.776212692260742, 20.594953536987305, -162.87088012695312, 0.1893157958984375, 0.1298980712890625, 0.2919464111328125, -0.9284515380859375
1384730, 1390.579345703125, 1000.0, 86.0, 466.0, 63.0, 160.0, 34.0, 118.0, 16.0, 52.0, 1000.0, 0.0, 750.0, 0.0, 666.0, 931.0, 999.0, 999.0, 999.0, 999.0, 456.0, 653.0, 0.0, 0.0, -18.735563278198242, -2.3031327724456787, -88.3102035522461, 0.7054595947265625, -0.1305694580078125, 0.0991363525390625, -0.68951416015625, -32.11855697631836, 20.867319107055664, -162.97914123535156, 0.1894073486328125, 0.1318511962890625, 0.2948150634765625, -0.9272613525390625
1384790, 1390.6396484375, 1000.0, 86.0, 466.0, 63.0, 159.0, 34.0, 117.0, 16.0, 52.0, 1000.0, 0.0, 750.0, 0.0, 666.0, 929.0, 999.0, 999.0, 999.0, 999.0, 458.0, 652.0, 0.0, 0.0, -18.712980270385742, -2.469521999359131, -87.97113037109375, 0.70733642578125, -0.1317138671875, 0.0975799560546875, -0.687591552734375, -30.426511764526367, 20.747587203979492, -162.26780700683594, 0.1929779052734375, 0.13189697265625, 0.2818145751953125, -0.9305419921875
1384840, 1390.6895751953125, 1000.0, 86.0, 465.0, 63.0, 159.0, 33.0, 117.0, 16.0, 51.0, 1000.0, 0.0, 750.0, 0.0, 666.0, 927.0, 999.0, 999.0, 999.0, 999.0, 460.0, 652.0, 0.0, 0.0, -18.610990524291992, -2.422637939453125, -87.74444580078125, 0.7088623046875, -0.1309967041015625, 0.0970001220703125, -0.6862335205078125, -31.240699768066406, 20.193544387817383, -162.42665100097656, 0.1914825439453125, 0.1263580322265625, 0.2877655029296875, -0.9297943115234375
1384890, 1390.739501953125, 1000.0, 86.0, 465.0, 63.0, 159.0, 33.0, 116.0, 16.0, 51.0, 1000.0, 0.0, 750.0, 0.0, 666.0, 925.0, 999.0, 999.0, 999.0, 999.0, 461.0, 652.0, 0.0, 0.0, -18.295108795166016, -2.573622465133667, -87.44337463378906, 0.7108612060546875, -0.13018798828125, 0.0938262939453125, -0.6847686767578125, -31.20475959777832, 20.051973342895508, -162.39913940429688, 0.191375732421875, 0.12518310546875, 0.287384033203125, -0.9300994873046875
1384950, 1390.7994384765625, 1000.0, 86.0, 466.0, 63.0, 159.0, 33.0, 116.0, 16.0, 50.0, 1000.0, 0.0, 750.0, 0.0, 666.0, 927.0, 999.0, 999.0, 999.0, 999.0, 463.0, 651.0, 0.0, 0.0, -18.28774070739746, -2.8411574363708496, -87.29010009765625, 0.71148681640625, -0.1318511962890625, 0.0919342041015625, -0.684051513671875, -31.1892032623291, 20.09775733947754, -162.48768615722656, 0.19073486328125, 0.1258087158203125, 0.287200927734375, -0.930206298828125
1385000, 1390.849609375, 1000.0, 86.0, 465.0, 63.0, 159.0, 33.0, 116.0, 16.0, 50.0, 1000.0, 0.0, 750.0, 0.0, 666.0, 928.0, 999.0, 999.0, 999.0, 999.0, 463.0, 651.0, 0.0, 0.0, -18.26075553894043, -2.8655242919921875, -87.20425415039062, 0.712005615234375, -0.13189697265625, 0.091522216796875, -0.683563232421875, -30.74125862121582, 20.099740982055664, -162.4143829345703, 0.1908416748046875, 0.1263885498046875, 0.2836456298828125, -0.9311981201171875
1385060, 1390.9095458984375, 1000.0, 86.0, 465.0, 63.0, 159.0, 32.0, 115.0, 16.0, 50.0, 1000.0, 0.0, 750.0, 0.0, 666.0, 928.0, 999.0, 999.0, 999.0, 999.0, 462.0, 650.0, 0.0, 0.0, -18.183992385864258, -2.525906562805176, -87.0918960571289, 0.713134765625, -0.1295013427734375, 0.0930633544921875, -0.6826324462890625, -30.405397415161133, 19.968778610229492, -162.2668914794922, 0.19140625, 0.1255035400390625, 0.2809600830078125, -0.9320068359375
1385110, 1390.95947265625, 1000.0, 86.0, 466.0, 64.0, 159.0, 33.0, 115.0, 16.0, 50.0, 1000.0, 0.0, 750.0, 0.0, 666.0, 929.0, 999.0, 999.0, 999.0, 999.0, 460.0, 650.0, 0.0, 0.0, -19.49995231628418, -2.0271828174591064, -87.44694519042969, 0.710052490234375, -0.1344146728515625, 0.10443115234375, -0.6832427978515625, -32.04561233520508, 20.567947387695312, -162.83938598632812, 0.1898193359375, 0.129150390625, 0.2941436767578125, -0.927764892578125
1385160, 1391.0093994140625, 1000.0, 86.0, 468.0, 67.0, 159.0, 36.0, 115.0, 16.0, 52.0, 1000.0, 0.0, 750.0, 0.0, 666.0, 934.0, 999.0, 999.0, 999.0, 999.0, 457.0, 662.0, 0.0, 0.0, -21.055362701416016, 0.17538206279277802, -88.5284652709961, 0.704254150390625, -0.129791259765625, 0.12860107421875, -0.686004638671875, -33.228179931640625, 22.10211944580078, -163.3726806640625, 0.190216064453125, 0.14117431640625, 0.304229736328125, -0.92266845703125
1385220, 1391.0694580078125, 1000.0, 87.0, 481.0, 70.0, 159.0, 38.0, 120.0, 16.0, 51.0, 1000.0, 0.0, 750.0, 0.0, 1000.0, 933.0, 999.0, 999.0, 999.0, 999.0, 449.0, 664.0, 0.0, 0.0, -21.99820327758789, 5.402321815490723, -90.56153869628906, 0.696319580078125, -0.101226806640625, 0.16796875, -0.690399169921875, -36.30158233642578, 25.339458465576172, -164.75579833984375, 0.1906890869140625, 0.166259765625, 0.328887939453125, -0.9098358154296875
1385270, 1391.1195068359375, 1000.0, 87.0, 497.0, 70.0, 162.0, 38.0, 135.0, 15.0, 53.0, 1000.0, 0.0, 750.0, 0.0, 666.0, 929.0, 999.0, 999.0, 999.0, 999.0, 444.0, 667.0, 0.0, 0.0, -22.85696029663086, 10.755122184753418, -92.5286865234375, 0.68804931640625, -0.07000732421875, 0.2060394287109375, -0.6922454833984375, -37.59530258178711, 28.101131439208984, -165.844970703125, 0.1907806396484375, 0.1895599365234375, 0.3385162353515625, -0.9016876220703125
1385330, 1391.179443359375, 1000.0, 88.0, 501.0, 70.0, 167.0, 37.0, 156.0, 15.0, 54.0, 1000.0, 0.0, 750.0, 0.0, 666.0, 926.0, 999.0, 999.0, 999.0, 999.0, 438.0, 669.0, 0.0, 0.0, -25.499284744262695, 14.924750328063965, -95.14736938476562, 0.673583984375, -0.0541229248046875, 0.246978759765625, -0.6945037841796875, -39.04086685180664, 30.842275619506836, -167.20782470703125, 0.18951416015625, 0.2131805419921875, 0.3480224609375, -0.8930206298828125
1385380, 1391.2296142578125, 1000.0, 88.0, 500.0, 71.0, 177.0, 41.0, 176.0, 15.0, 56.0, 1000.0, 0.0, 750.0, 0.0, 666.0, 928.0, 999.0, 999.0, 999.0, 999.0, 432.0, 672.0, 0.0, 0.0, -28.4344425201416, 17.009214401245117, -97.31143951416016, 0.6605682373046875, -0.052825927734375, 0.2770538330078125, -0.6957550048828125, -41.41304016113281, 32.54160690307617, -168.98348999023438, 0.1847991943359375, 0.2282867431640625, 0.363006591796875, -0.88427734375
1385430, 1391.28955078125, 1000.0, 88.0, 497.0, 71.0, 192.0, 44.0, 193.0, 15.0, 57.0, 1000.0, 0.0, 750.0, 0.0, 666.0, 933.0, 999.0, 999.0, 999.0, 999.0, 423.0, 669.0, 0.0, 0.0, -33.750431060791016, 17.343914031982422, -99.21166229248047, 0.6463775634765625, -0.076080322265625, 0.3120574951171875, -0.692108154296875, -47.00890350341797, 33.810428619384766, -171.8785858154297, 0.1778106689453125, 0.2389678955078125, 0.399505615234375, -0.866973876953125
1385490, 1391.339599609375, 1000.0, 88.0, 490.0, 69.0, 206.0, 44.0, 206.0, 15.0, 58.0, 1000.0, 0.0, 750.0, 0.0, 666.0, 930.0, 999.0, 999.0, 999.0, 999.0, 410.0, 673.0, 0.0, 0.0, -41.51408386230469, 16.110628128051758, -100.71179962158203, 0.6289520263671875, -0.12298583984375, 0.3538055419921875, -0.681243896484375, -52.55879211425781, 33.91389083862305, -175.48287963867188, 0.1628265380859375, 0.2446136474609375, 0.4334716796875, -0.851898193359375
1385540, 1391.3995361328125, 1000.0, 87.0, 478.0, 65.0, 217.0, 41.0, 215.0, 16.0, 58.0, 1000.0, 0.0, 750.0, 0.0, 1000.0, 937.0, 999.0, 999.0, 999.0, 999.0, 395.0, 687.0, 0.0, 0.0, -48.762840270996094, 12.780268669128418, -101.33463287353516, 0.6092376708984375, -0.181610107421875, 0.381561279296875, -0.670989990234375, -56.28470993041992, 32.92519760131836, -177.7875518798828, 0.14996337890625, 0.2411041259765625, 0.457061767578125, -0.8428802490234375
1385600, 1391.4495849609375, 1000.0, 87.0, 464.0, 64.0, 234.0, 37.0, 213.0, 15.0, 59.0, 1000.0, 0.0, 750.0, 0.0, 666.0, 931.0, 999.0, 999.0, 999.0, 999.0, 379.0, 704.0, 0.0, 0.0, -49.458251953125, 11.430410385131836, -99.15736389160156, 0.6177215576171875, -0.2010345458984375, 0.3755340576171875, -0.6610260009765625, -56.34565734863281, 31.06245231628418, -178.5862579345703, 0.1368865966796875, 0.23040771484375, 0.457763671875, -0.8477020263671875
1385650, 1391.509521484375, 1000.0, 87.0, 445.0, 63.0, 285.0, 33.0, 205.0, 11.0, 64.0, 1000.0, 0.0, 750.0, 0.0, 666.0, 934.0, 999.0, 999.0, 999.0, 999.0, 365.0, 706.0, 0.0, 0.0, -51.03142166137695, 11.714017868041992, -98.44992065429688, 0.619598388671875, -0.210113525390625, 0.3846435546875, -0.6511383056640625, -59.16290283203125, 29.403701782226562, -178.90298461914062, 0.133331298828125, 0.21612548828125, 0.479583740234375, -0.839935302734375
1385700, 1391.5595703125, 1000.0, 88.0, 549.0, 63.0, 453.0, 29.0, 214.0, 10.0, 60.0, 1000.0, 0.0, 750.0, 0.0, 666.0, 938.0, 999.0, 999.0, 999.0, 999.0, 355.0, 706.0, 0.0, 0.0, -56.60438537597656, 11.81509017944336, -99.85783386230469, 0.601104736328125, -0.2342376708984375, 0.419219970703125, -0.638763427734375, -64.3499984741211, 28.197141647338867, 179.60426330566406, 0.1268768310546875, 0.2079620361328125, 0.5157470703125, -0.8213653564453125
1385730, 1391.609375, 1000.0, 88.0, 635.0, 63.0, 560.0, 29.0, 233.0, 10.0, 58.0, 1000.0, 0.0, 750.0, 0.0, 1000.0, 937.0, 999.0, 999.0, 999.0, 999.0, 352.0, 708.0, 0.0, 0.0, -57.60039520263672, 12.078450202941895, -100.5533218383789, 0.5959014892578125, -0.235260009765625, 0.427398681640625, -0.6378631591796875, -65.1032943725586, 27.597930908203125, 179.5568389892578, 0.1251678466796875, 0.20306396484375, 0.5217437744140625, -0.819061279296875
1385760, 1391.6195068359375, 1000.0, 91.0, 794.0, 62.0, 742.0, 30.0, 357.0, 9.0, 51.0, 1000.0, 0.0, 750.0, 0.0, 666.0, 900.0, 999.0, 999.0, 999.0, 999.0, 345.0, 712.0, 0.0, 0.0, -58.95075988769531, 13.450674057006836, -102.36347961425781, 0.58685302734375, -0.2268829345703125, 0.44464111328125, -0.6374969482421875, -66.30977630615234, 27.620891571044922, 179.51898193359375, 0.12713623046875, 0.2020721435546875, 0.530242919921875, -0.8135223388671875
1385810, 1391.669677734375, 1000.0, 90.0, 864.0, 62.0, 863.0, 32.0, 730.0, 8.0, 58.0, 1000.0, 0.0, 750.0, 0.0, 1000.0, 871.0, 999.0, 676.0, 999.0, 999.0, 334.0, 719.0, 0.0, 0.0, -60.42441177368164, 15.153996467590332, -104.15154266357422, 0.578826904296875, -0.2166900634765625, 0.4635009765625, -0.6349334716796875, -68.0195083618164, 25.919189453125, 179.23280334472656, 0.120025634765625, 0.189544677734375, 0.5438232421875, -0.8086395263671875
1385840, 1391.719482421875, 1000.0, 90.0, 877.0, 62.0, 877.0, 34.0, 794.0, 8.0, 67.0, 1000.0, 0.0, 1000.0, 0.0, 666.0, 875.0, 999.0, 376.0, 999.0, 999.0, 330.0, 724.0, 0.0, 0.0, -59.128475189208984, 11.638980865478516, -104.14772033691406, 0.571319580078125, -0.2321319580078125, 0.4413909912109375, -0.6518096923828125, -67.37773132324219, 25.954742431640625, 179.81393432617188, 0.1232452392578125, 0.1877288818359375, 0.5402069091796875, -0.811004638671875
1385870, 1391.7293701171875, 1000.0, 90.0, 885.0, 62.0, 886.0, 36.0, 826.0, 8.0, 102.0, 1000.0, 0.0, 750.0, 0.0, 666.0, 874.0, 999.0, 311.0, 999.0, 999.0, 325.0, 730.0, 0.0, 0.0, -58.379364013671875, 10.655242919921875, -104.09061431884766, 0.5703125, -0.2347412109375, 0.4327392578125, -0.65753173828125, -65.98121643066406, 24.41175079345703, -179.16444396972656, 0.12109375, 0.1734466552734375, 0.5334625244140625, -0.8189239501953125
1385920, 1391.779541015625, 1000.0, 90.0, 886.0, 63.0, 889.0, 39.0, 852.0, 8.0, 260.0, 1000.0, 0.0, 750.0, 0.0, 666.0, 960.0, 999.0, 299.0, 999.0, 999.0, 319.0, 736.0, 0.0, 0.0, -58.89215850830078, 11.09432601928711, -103.37572479248047, 0.574615478515625, -0.2372894287109375, 0.4361114501953125, -0.6506195068359375, -66.40176391601562, 24.973834991455078, -178.00498962402344, 0.132598876953125, 0.1715850830078125, 0.537689208984375, -0.8147735595703125
1385970, 1391.8297119140625, 1000.0, 90.0, 885.0, 63.0, 889.0, 41.0, 853.0, 9.0, 337.0, 1000.0, 0.0, 1000.0, 0.0, 666.0, 990.0, 999.0, 282.0, 999.0, 999.0, 315.0, 740.0, 0.0, 0.0, -58.99362564086914, 11.862457275390625, -102.56066131591797, 0.581207275390625, -0.2361602783203125, 0.4383544921875, -0.64361572265625, -66.38268280029297, 26.041919708251953, -177.6397247314453, 0.140106201171875, 0.177520751953125, 0.5371246337890625, -0.8126068115234375
1386030, 1391.8896484375, 1000.0, 90.0, 883.0, 63.0, 886.0, 42.0, 850.0, 9.0, 364.0, 1000.0, 0.0, 1000.0, 0.0, 666.0, 998.0, 999.0, 333.0, 999.0, 999.0, 311.0, 742.0, 0.0, 0.0, -58.84014892578125, 12.912008285522461, -101.31365966796875, 0.5914154052734375, -0.2336883544921875, 0.4395599365234375, -0.63433837890625, -66.00865936279297, 27.86553192138672, -176.96463012695312, 0.1526641845703125, 0.1878509521484375, 0.5338287353515625, -0.8101806640625
1386080, 1391.939697265625, 1000.0, 90.0, 885.0, 63.0, 882.0, 44.0, 848.0, 9.0, 382.0, 1000.0, 0.0, 750.0, 0.0, 666.0, 999.0, 999.0, 371.0, 999.0, 999.0, 308.0, 743.0, 0.0, 0.0, -58.17660140991211, 14.393905639648438, -99.9603042602539, 0.604156494140625, -0.226318359375, 0.4397735595703125, -0.624786376953125, -65.27922058105469, 29.53181266784668, -176.40110778808594, 0.1629638671875, 0.1981353759765625, 0.52801513671875, -0.809539794921875
1386130, 1391.98974609375, 1000.0, 89.0, 889.0, 63.0, 878.0, 44.0, 846.0, 9.0, 408.0, 1000.0, 0.0, 750.0, 0.0, 666.0, 999.0, 999.0, 390.0, 999.0, 999.0, 305.0, 744.0, 0.0, 0.0, -58.439510345458984, 15.38425064086914, -99.40750885009766, 0.60919189453125, -0.2237701416015625, 0.44451904296875, -0.617401123046875, -64.28939819335938, 31.425573348999023, -176.07847595214844, 0.1718902587890625, 0.211639404296875, 0.51971435546875, -0.8096466064453125
1386190, 1392.0498046875, 1000.0, 89.0, 896.0, 63.0, 876.0, 47.0, 849.0, 10.0, 460.0, 1000.0, 0.0, 750.0, 0.0, 666.0, 999.0, 999.0, 439.0, 999.0, 999.0, 303.0, 745.0, 0.0, 0.0, -57.57876968383789, 16.692577362060547, -98.48775482177734, 0.6190338134765625, -0.2147064208984375, 0.4439849853515625, -0.6111907958984375, -63.549495697021484, 33.485111236572266, -175.8660888671875, 0.1809539794921875, 0.2265472412109375, 0.51275634765625, -0.808074951171875
1386240, 1392.099853515625, 1000.0, 89.0, 898.0, 63.0, 874.0, 49.0, 852.0, 10.0, 509.0, 1000.0, 0.0, 750.0, 0.0, 1000.0, 999.0, 999.0, 462.0, 999.0, 999.0, 301.0, 747.0, 0.0, 0.0, -57.30473709106445, 17.793012619018555, -98.1658935546875, 0.623870849609375, -0.2077178955078125, 0.4468536376953125, -0.6065673828125, -63.275394439697266, 35.323760986328125, -175.90414428710938, 0.1880340576171875, 0.2402801513671875, 0.50872802734375, -0.8050384521484375
1386300, 1392.1595458984375, 1000.0, 89.0, 902.0, 62.0, 872.0, 51.0, 857.0, 10.0, 569.0, 1000.0, 0.0, 750.0, 0.0, 666.0, 999.0, 999.0, 522.0, 999.0, 999.0, 300.0, 748.0, 0.0, 0.0, -57.22077941894531, 19.06879234313965, -97.73107147216797, 0.6292572021484375, -0.2011260986328125, 0.451324462890625, -0.599884033203125, -63.0418586730957, 37.547157287597656, -175.71983337402344, 0.198272705078125, 0.2556610107421875, 0.5048828125, -0.80023193359375
1386350, 1392.20947265625, 1000.0, 89.0, 904.0, 62.0, 870.0, 53.0, 858.0, 11.0, 600.0, 1000.0, 0.0, 750.0, 0.0, 666.0, 999.0, 999.0, 553.0, 999.0, 999.0, 298.0, 748.0, 0.0, 0.0, -57.49295425415039, 20.260751724243164, -97.43933868408203, 0.6329803466796875, -0.1964569091796875, 0.45751953125, -0.5927886962890625, -63.08373260498047, 39.31193923950195, -175.6690673828125, 0.2061614990234375, 0.267852783203125, 0.50311279296875, -0.7953643798828125
1386400, 1392.2596435546875, 1000.0, 89.0, 904.0, 60.0, 868.0, 55.0, 860.0, 11.0, 629.0, 1000.0, 0.0, 750.0, 0.0, 666.0, 999.0, 999.0, 693.0, 999.0, 999.0, 296.0, 748.0, 0.0, 0.0, -57.17292022705078, 21.800939559936523, -97.03388977050781, 0.6389312744140625, -0.18682861328125, 0.46197509765625, -0.5860137939453125, -62.512184143066406, 40.84983825683594, -175.44427490234375, 0.2127685546875, 0.2787628173828125, 0.497711181640625, -0.79327392578125
1386460, 1392.3199462890625, 1000.0, 88.0, 902.0, 60.0, 864.0, 57.0, 860.0, 11.0, 650.0, 1000.0, 0.0, 750.0, 0.0, 666.0, 999.0, 999.0, 906.0, 999.0, 999.0, 295.0, 748.0, 0.0, 0.0, -59.57209396362305, 26.424728393554688, -98.02024841308594, 0.639892578125, -0.16748046875, 0.495147705078125, -0.5632781982421875, -61.27783966064453, 42.312808990478516, -174.83726501464844, 0.219879150390625, 0.2888031005859375, 0.48876953125, -0.7932891845703125
1386510, 1392.3697509765625, 1000.0, 88.0, 900.0, 60.0, 859.0, 58.0, 857.0, 11.0, 652.0, 1000.0, 0.0, 750.0, 0.0, 666.0, 999.0, 999.0, 999.0, 999.0, 999.0, 293.0, 747.0, 0.0, 0.0, -58.807003021240234, 27.634410858154297, -97.8350601196289, 0.6443023681640625, -0.156463623046875, 0.4960784912109375, -0.56060791015625, -60.04978561401367, 43.092491149902344, -174.12228393554688, 0.2248077392578125, 0.2936859130859375, 0.4810943603515625, -0.7948150634765625
1386570, 1392.4295654296875, 1000.0, 88.0, 896.0, 60.0, 853.0, 59.0, 858.0, 12.0, 673.0, 1000.0, 0.0, 750.0, 0.0, 666.0, 999.0, 999.0, 999.0, 999.0, 999.0, 291.0, 747.0, 0.0, 0.0, -58.34501266479492, 27.82038116455078, -97.60662078857422, 0.646392822265625, -0.1536865234375, 0.4942626953125, -0.560546875, -62.982330322265625, 45.98151397705078, -176.26353454589844, 0.2295074462890625, 0.31719970703125, 0.4914703369140625, -0.7779083251953125
1386620, 1392.4796142578125, 1000.0, 88.0, 894.0, 60.0, 847.0, 59.0, 856.0, 12.0, 677.0, 1000.0, 0.0, 1000.0, 0.0, 666.0, 999.0, 999.0, 999.0, 999.0, 999.0, 290.0, 747.0, 0.0, 0.0, -58.1827278137207, 27.59747886657715, -97.34471893310547, 0.6474761962890625, -0.1552886962890625, 0.4922027587890625, -0.5606842041015625, -63.629173278808594, 44.27592849731445, -176.44479370117188, 0.2229766845703125, 0.3049163818359375, 0.4980010986328125, -0.7805633544921875
1386670, 1392.5296630859375, 1000.0, 88.0, 892.0, 60.0, 842.0, 60.0, 854.0, 12.0, 679.0, 1000.0, 0.0, 750.0, 0.0, 1000.0, 999.0, 999.0, 999.0, 999.0, 999.0, 289.0, 747.0, 0.0, 0.0, -58.212974548339844, 26.607303619384766, -96.85396575927734, 0.64794921875, -0.1637115478515625, 0.487548828125, -0.5618133544921875, -65.24185943603516, 40.879459381103516, -177.07183837890625, 0.2083587646484375, 0.2811279296875, 0.512481689453125, -0.784149169921875
1386730, 1392.589599609375, 1000.0, 88.0, 890.0, 60.0, 839.0, 62.0, 850.0, 12.0, 681.0, 1000.0, 0.0, 1000.0, 0.0, 666.0, 999.0, 999.0, 999.0, 999.0, 999.0, 287.0, 746.0, 0.0, 0.0, -56.615482330322266, 23.787946701049805, -95.8912582397461, 0.649627685546875, -0.17608642578125, 0.4660797119140625, -0.5742034912109375, -63.456520080566406, 40.920799255371094, -175.80873107910156, 0.2128448486328125, 0.2790985107421875, 0.5032501220703125, -0.7896270751953125
1386780, 1392.639404296875, 1000.0, 87.0, 889.0, 59.0, 837.0, 62.0, 848.0, 12.0, 676.0, 1000.0, 0.0, 750.0, 0.0, 666.0, 999.0, 999.0, 999.0, 999.0, 999.0, 286.0, 746.0, 0.0, 0.0, -55.63985061645508, 22.270103454589844, -95.34374237060547, 0.6509552001953125, -0.18206787109375, 0.4535369873046875, -0.580841064453125, -61.415313720703125, 42.46809768676758, -174.3109588623047, 0.2244873046875, 0.287384033203125, 0.4908447265625, -0.791229248046875
1386840, 1392.699462890625, 1000.0, 87.0, 888.0, 59.0, 836.0, 63.0, 845.0, 13.0, 668.0, 1000.0, 0.0, 750.0, 0.0, 666.0, 999.0, 999.0, 999.0, 999.0, 999.0, 285.0, 746.0, 0.0, 0.0, -55.080570220947266, 22.622547149658203, -94.85572052001953, 0.6549835205078125, -0.17864990234375, 0.4515380859375, -0.5789337158203125, -62.28277587890625, 42.87912368774414, -174.72830200195312, 0.2254638671875, 0.290374755859375, 0.4952392578125, -0.7871246337890625
1386890, 1392.74951171875, 1000.0, 87.0, 888.0, 59.0, 836.0, 63.0, 843.0, 13.0, 663.0, 1000.0, 0.0, 750.0, 0.0, 666.0, 999.0, 999.0, 999.0, 999.0, 999.0, 284.0, 746.0, 0.0, 0.0, -55.073272705078125, 23.43026351928711, -94.77828979492188, 0.656890869140625, -0.1739654541015625, 0.455047607421875, -0.575439453125, -62.718509674072266, 43.21275329589844, -175.0461883544922, 0.2257537841796875, 0.2932281494140625, 0.4969635009765625, -0.784881591796875
1386940, 1392.7996826171875, 1000.0, 87.0, 888.0, 59.0, 835.0, 63.0, 841.0, 13.0, 656.0, 1000.0, 0.0, 750.0, 0.0, 666.0, 999.0, 999.0, 999.0, 999.0, 999.0, 283.0, 745.0, 0.0, 0.0, -55.725669860839844, 23.888519287109375, -94.92634582519531, 0.656005859375, -0.1743011474609375, 0.460601806640625, -0.5719146728515625, -62.91337585449219, 43.54839324951172, -175.14254760742188, 0.2269744873046875, 0.2956085205078125, 0.497589111328125, -0.7832489013671875
