379310, 380.8294372558594, [1000.0, 261.0, 397.0, 121.0, 209.0, 174.0, 173.0, 131.0, 135.0, 1000.0, 71.0, 1000.0, 0.0, 1000.0, 930.0, 999.0, 999.0, 999.0, 999.0, 497.0, 640.0, 0.0, 123.0], [-18.568574905395508, -0.6464278697967529, 84.10933685302734], [0.733367919921875, -0.116058349609375, -0.1121978759765625, 0.660369873046875], [-30.440776824951172, 12.81908893585205, -151.24021911621094], [0.2665252685546875, 0.03955078125, 0.2794647216796875, -0.9215545654296875]
379360, 380.87945556640625, [1000.0, 261.0, 397.0, 121.0, 208.0, 174.0, 173.0, 131.0, 135.0, 1000.0, 71.0, 1000.0, 0.0, 1000.0, 929.0, 999.0, 999.0, 999.0, 999.0, 497.0, 639.0, 0.0, 122.0], [-18.608125686645508, -0.7072190642356873, 84.164306640625], [0.733062744140625, -0.11590576171875, -0.1128692626953125, 0.660614013671875], [-30.46509552001953, 12.686944961547852, -151.24908447265625], [0.266204833984375, 0.0384368896484375, 0.2794189453125, -0.921722412109375]
379420, 380.939453125, [1000.0, 262.0, 397.0, 121.0, 208.0, 174.0, 172.0, 131.0, 135.0, 1000.0, 70.0, 1000.0, 0.0, 1000.0, 933.0, 999.0, 999.0, 999.0, 999.0, 497.0, 639.0, 0.0, 121.0], [-18.622472763061523, -0.8192391395568848, 84.23531341552734], [0.7327423095703125, -0.1152801513671875, -0.113739013671875, 0.6609344482421875], [-30.44715118408203, 12.699082374572754, -151.2415313720703], [0.2662811279296875, 0.0385589599609375, 0.279296875, -0.921722412109375]
379470, 380.9892578125, [1000.0, 262.0, 396.0, 121.0, 208.0, 174.0, 172.0, 131.0, 134.0, 1000.0, 70.0, 1000.0, 0.0, 1000.0, 938.0, 999.0, 999.0, 999.0, 999.0, 497.0, 639.0, 0.0, 120.0], [-18.654382705688477, -0.7770134806632996, 84.30370330810547], [0.7322845458984375, -0.11566162109375, -0.1137237548828125, 0.6613922119140625], [-30.165868759155273, 12.631141662597656, -151.16941833496094], [0.266632080078125, 0.038482666015625, 0.2769317626953125, -0.922332763671875]
379520, 381.0395812988281, [1000.0, 261.0, 397.0, 121.0, 207.0, 174.0, 172.0, 131.0, 134.0, 1000.0, 69.0, 1000.0, 0.0, 1000.0, 935.0, 999.0, 999.0, 999.0, 999.0, 497.0, 639.0, 0.0, 120.0], [-18.629535675048828, -0.7745158076286316, 84.37225341796875], [0.731903076171875, -0.115447998046875, -0.1136322021484375, 0.6618499755859375], [-30.550642013549805, 12.539436340332031, -151.2615966796875], [0.265838623046875, 0.0370635986328125, 0.2798309326171875, -0.9217529296875]
379580, 381.09979248046875, [1000.0, 262.0, 396.0, 121.0, 207.0, 174.0, 171.0, 130.0, 134.0, 1000.0, 68.0, 1000.0, 0.0, 1000.0, 937.0, 999.0, 999.0, 999.0, 999.0, 497.0, 638.0, 0.0, 119.0], [-18.68305778503418, -0.75307697057724, 84.45777130126953], [0.7313385009765625, -0.1158294677734375, -0.1138916015625, 0.6623687744140625], [-30.572927474975586, 12.370469093322754, -151.27938842773438], [0.2653656005859375, 0.035675048828125, 0.279693603515625, -0.9219818115234375]
379630, 381.1495666503906, [1000.0, 262.0, 396.0, 121.0, 207.0, 173.0, 170.0, 130.0, 134.0, 1000.0, 68.0, 750.0, 0.0, 1000.0, 936.0, 999.0, 999.0, 999.0, 999.0, 497.0, 638.0, 0.0, 118.0], [-18.703514099121094, -0.7454050183296204, 84.51039123535156], [0.7310028076171875, -0.1159515380859375, -0.114013671875, 0.662689208984375], [-30.437908172607422, 12.82697868347168, -151.26107788085938], [0.2663726806640625, 0.0396728515625, 0.279449462890625, -0.921600341796875]
379690, 381.209716796875, [1000.0, 262.0, 396.0, 121.0, 206.0, 173.0, 170.0, 130.0, 133.0, 1000.0, 68.0, 1000.0, 0.0, 1000.0, 936.0, 999.0, 999.0, 999.0, 999.0, 497.0, 638.0, 0.0, 117.0], [-18.63290023803711, -0.6951680183410645, 84.58132934570312], [0.730621337890625, -0.11572265625, -0.1133575439453125, 0.66326904296875], [-29.954755783081055, 12.445611953735352, -151.13894653320312], [0.266448974609375, 0.037384033203125, 0.27490234375, -0.9230499267578125]
379740, 381.2596130371094, [1000.0, 262.0, 396.0, 121.0, 206.0, 173.0, 170.0, 130.0, 133.0, 1000.0, 68.0, 1000.0, 0.0, 1000.0, 934.0, 999.0, 999.0, 999.0, 999.0, 497.0, 638.0, 0.0, 116.0], [-18.469099044799805, -0.820324182510376, 84.64202117919922], [0.7305450439453125, -0.1138916015625, -0.1132659912109375, 0.6636810302734375], [-29.875484466552734, 12.422280311584473, -151.1034698486328], [0.26666259765625, 0.03729248046875, 0.27423095703125, -0.923187255859375]
379790, 381.3096923828125, [1000.0, 262.0, 396.0, 120.0, 205.0, 173.0, 170.0, 130.0, 133.0, 1000.0, 67.0, 1000.0, 0.0, 1000.0, 935.0, 999.0, 999.0, 999.0, 999.0, 497.0, 637.0, 0.0, 116.0], [-18.435245513916016, -0.8148259520530701, 84.73526000976562], [0.73004150390625, -0.113616943359375, -0.113128662109375, 0.6643218994140625], [-30.02886199951172, 12.247541427612305, -151.13539123535156], [0.26611328125, 0.03558349609375, 0.2751312255859375, -0.9231414794921875]
379850, 381.36981201171875, [1000.0, 261.0, 396.0, 120.0, 205.0, 173.0, 169.0, 130.0, 132.0, 1000.0, 66.0, 750.0, 0.0, 1000.0, 928.0, 999.0, 999.0, 999.0, 999.0, 497.0, 638.0, 0.0, 115.0], [-18.319480895996094, -0.9117883443832397, 84.8850326538086], [0.7293701171875, -0.1121673583984375, -0.11322021484375, 0.665283203125], [-30.18488883972168, 12.080099105834961, -151.14439392089844], [0.2657623291015625, 0.03387451171875, 0.2760772705078125, -0.92303466796875]
379900, 381.4193115234375, [1000.0, 262.0, 395.0, 120.0, 205.0, 173.0, 169.0, 130.0, 132.0, 1000.0, 66.0, 1000.0, 0.0, 1000.0, 921.0, 999.0, 999.0, 999.0, 999.0, 497.0, 637.0, 0.0, 114.0], [-18.138578414916992, -0.6608219742774963, 85.04664611816406], [0.7283782958984375, -0.1123199462890625, -0.1107330322265625, 0.666748046875], [-29.286773681640625, 11.616297721862793, -150.8932342529297], [0.266632080078125, 0.0315704345703125, 0.268035888671875, -0.92523193359375]
379960, 381.47943115234375, [1000.0, 262.0, 395.0, 120.0, 204.0, 172.0, 168.0, 129.0, 131.0, 1000.0, 65.0, 1000.0, 0.0, 1000.0, 921.0, 999.0, 999.0, 999.0, 999.0, 497.0, 637.0, 0.0, 114.0], [-17.913522720336914, -0.6710965037345886, 85.2439956665039], [0.7274627685546875, -0.1106414794921875, -0.10968017578125, 0.668212890625], [-29.912172317504883, 11.22638988494873, -150.97244262695312], [0.2653961181640625, 0.0271148681640625, 0.2723236083984375, -0.924468994140625]
380010, 381.52947998046875, [1000.0, 262.0, 394.0, 120.0, 203.0, 172.0, 168.0, 129.0, 131.0, 1000.0, 65.0, 1000.0, 0.0, 1000.0, 920.0, 999.0, 999.0, 999.0, 999.0, 497.0, 637.0, 0.0, 113.0], [-17.794065475463867, -0.7458491325378418, 85.365966796875], [0.7269287109375, -0.1093292236328125, -0.1095733642578125, 0.6690216064453125], [-29.26823616027832, 10.538415908813477, -150.8574981689453], [0.2648468017578125, 0.022705078125, 0.265838623046875, -0.9266357421875]
380020, 381.5794677734375, [1000.0, 262.0, 394.0, 120.0, 203.0, 172.0, 168.0, 129.0, 131.0, 1000.0, 65.0, 1000.0, 0.0, 1000.0, 921.0, 999.0, 999.0, 999.0, 999.0, 497.0, 637.0, 0.0, 112.0], [-17.77750015258789, -0.786894679069519, 85.38739013671875], [0.7268524169921875, -0.1089630126953125, -0.1097564697265625, 0.66912841796875], [-28.764039993286133, 10.390970230102539, -150.7762908935547], [0.2651214599609375, 0.0224761962890625, 0.2614898681640625, -0.92779541015625]
380060, 381.58935546875, [1000.0, 262.0, 394.0, 119.0, 202.0, 172.0, 167.0, 129.0, 131.0, 1000.0, 64.0, 1000.0, 0.0, 1000.0, 923.0, 999.0, 999.0, 999.0, 999.0, 497.0, 637.0, 0.0, 112.0], [-17.809450149536133, -0.9657225012779236, 85.4454345703125], [0.7266387939453125, -0.108062744140625, -0.1111297607421875, 0.669281005859375], [-29.069747924804688, 10.365893363952637, -150.93411254882812], [0.26385498046875, 0.0219268798828125, 0.263885498046875, -0.927490234375]
380120, 381.6394958496094, [1000.0, 261.0, 393.0, 119.0, 202.0, 171.0, 167.0, 128.0, 130.0, 1000.0, 64.0, 1000.0, 0.0, 1000.0, 923.0, 999.0, 999.0, 999.0, 999.0, 498.0, 637.0, 0.0, 111.0], [-17.54527473449707, -1.3352477550506592, 85.51173400878906], [0.726806640625, -0.104156494140625, -0.1119842529296875, 0.6695709228515625], [-27.29608726501465, 9.913402557373047, -150.73974609375], [0.264251708984375, 0.0218658447265625, 0.2486572265625, -0.93157958984375]
380170, 381.6896057128906, [1000.0, 261.0, 393.0, 118.0, 201.0, 171.0, 166.0, 128.0, 130.0, 1000.0, 63.0, 1000.0, 0.0, 1000.0, 922.0, 999.0, 999.0, 999.0, 999.0, 498.0, 636.0, 0.0, 111.0], [-17.328096389770508, -1.2884955406188965, 85.57103729248047], [0.72662353515625, -0.102996826171875, -0.1104736328125, 0.6702117919921875], [-27.98224449157715, 10.149762153625488, -150.9427490234375], [0.2631683349609375, 0.022674560546875, 0.2546539306640625, -0.9302520751953125]
380230, 381.74981689453125, [1000.0, 260.0, 392.0, 118.0, 200.0, 171.0, 166.0, 128.0, 129.0, 1000.0, 62.0, 1000.0, 0.0, 1000.0, 928.0, 999.0, 999.0, 999.0, 999.0, 498.0, 635.0, 0.0, 110.0], [-17.186161041259766, -1.213760256767273, 85.6465835571289], [0.7262420654296875, -0.1024627685546875, -0.1092376708984375, 0.6708984375], [-28.088272094726562, 10.2630615234375, -150.92225646972656], [0.2635650634765625, 0.0233154296875, 0.2557373046875, -0.9298248291015625]
380280, 381.7994689941406, [1000.0, 261.0, 391.0, 118.0, 199.0, 170.0, 165.0, 127.0, 128.0, 1000.0, 62.0, 1000.0, 0.0, 1000.0, 938.0, 999.0, 999.0, 999.0, 999.0, 497.0, 635.0, 0.0, 108.0], [-17.137409210205078, -1.1427477598190308, 85.95480346679688], [0.72442626953125, -0.1022796630859375, -0.1087799072265625, 0.6729736328125], [-28.032360076904297, 9.956795692443848, -150.5198516845703], [0.2662506103515625, 0.0200347900390625, 0.2547607421875, -0.9293975830078125]
380330, 381.8594970703125, [1000.0, 261.0, 391.0, 117.0, 202.0, 167.0, 165.0, 127.0, 128.0, 1000.0, 61.0, 750.0, 0.0, 1000.0, 947.0, 999.0, 999.0, 999.0, 999.0, 497.0, 635.0, 0.0, 108.0], [-17.42878532409668, -2.8233444690704346, 86.93762969970703], [0.7197113037109375, -0.093170166015625, -0.1218719482421875, 0.677093505859375], [-28.247617721557617, 9.845985412597656, -149.73773193359375], [0.2724151611328125, 0.016876220703125, 0.25640869140625, -0.927215576171875]
380390, 381.90966796875, [1000.0, 260.0, 391.0, 116.0, 203.0, 160.0, 165.0, 124.0, 130.0, 1000.0, 61.0, 1000.0, 0.0, 1000.0, 956.0, 999.0, 999.0, 999.0, 999.0, 496.0, 637.0, 0.0, 109.0], [-15.786898612976074, -3.3964972496032715, 87.99828338623047], [0.7150421142578125, -0.0783538818359375, -0.1164703369140625, 0.6848297119140625], [-25.6994686126709, 10.6283597946167, -147.65174865722656], [0.290191650390625, 0.0250396728515625, 0.237823486328125, -0.9265899658203125]
380400, 381.9598083496094, [1000.0, 260.0, 391.0, 115.0, 203.0, 158.0, 165.0, 124.0, 131.0, 1000.0, 60.0, 1000.0, 0.0, 1000.0, 960.0, 999.0, 999.0, 999.0, 999.0, 496.0, 637.0, 0.0, 110.0], [-15.284258842468262, -3.6852657794952393, 88.01691436767578], [0.7154388427734375, -0.073455810546875, -0.115264892578125, 0.685150146484375], [-25.541196823120117, 10.971078872680664, -147.355712890625], [0.2931060791015625, 0.0276336669921875, 0.23736572265625, -0.92572021484375]
380440, 381.9693603515625, [1000.0, 259.0, 393.0, 118.0, 206.0, 162.0, 166.0, 122.0, 138.0, 1000.0, 59.0, 750.0, 0.0, 1000.0, 968.0, 999.0, 999.0, 999.0, 999.0, 502.0, 640.0, 0.0, 113.0], [-13.342669486999512, -4.180764198303223, 87.63514709472656], [0.7191162109375, -0.058685302734375, -0.1065216064453125, 0.6841583251953125], [-23.948049545288086, 12.988651275634766, -146.33912658691406], [0.3038787841796875, 0.0462188720703125, 0.229339599609375, -0.92352294921875]
380490, 382.0195007324219, [1000.0, 260.0, 413.0, 125.0, 215.0, 196.0, 179.0, 124.0, 149.0, 1000.0, 57.0, 1000.0, 0.0, 1000.0, 965.0, 999.0, 999.0, 999.0, 999.0, 498.0, 641.0, 0.0, 106.0], [-11.216230392456055, -3.23730206489563, 86.59124755859375], [0.7259368896484375, -0.05181884765625, -0.0874481201171875, 0.6801910400390625], [-21.598785400390625, 15.559327125549316, -145.11158752441406], [0.315948486328125, 0.071197509765625, 0.2169647216796875, -0.920867919921875]
380550, 382.06982421875, [1000.0, 258.0, 434.0, 137.0, 225.0, 232.0, 204.0, 126.0, 155.0, 1000.0, 55.0, 750.0, 0.0, 1000.0, 962.0, 999.0, 999.0, 999.0, 999.0, 491.0, 641.0, 0.0, 110.0], [-9.711076736450195, -2.9229419231414795, 83.99052429199219], [0.741729736328125, -0.0458831787109375, -0.07550048828125, 0.6648406982421875], [-18.651220321655273, 19.020980834960938, -144.26271057128906], [0.3240966796875, 0.10614013671875, 0.2021331787109375, -0.9180450439453125]
380600, 382.1295471191406, [1000.0, 258.0, 428.0, 137.0, 229.0, 220.0, 213.0, 126.0, 159.0, 1000.0, 53.0, 750.0, 0.0, 1000.0, 930.0, 999.0, 999.0, 999.0, 999.0, 483.0, 658.0, 0.0, 115.0], [-8.918473243713379, -0.811458945274353, 80.90594482421875], [0.75897216796875, -0.0545806884765625, -0.055816650390625, 0.64642333984375], [-17.096036911010742, 20.942481994628906, -144.39816284179688], [0.322998046875, 0.126434326171875, 0.1941070556640625, -0.9176025390625]
380660, 382.17938232421875, [1000.0, 258.0, 415.0, 134.0, 230.0, 210.0, 236.0, 127.0, 167.0, 1000.0, 53.0, 750.0, 0.0, 1000.0, 930.0, 999.0, 999.0, 999.0, 999.0, 481.0, 660.0, 0.0, 130.0], [-10.294276237487793, -3.3921947479248047, 77.63294219970703], [0.7773284912109375, -0.0513916015625, -0.0791778564453125, 0.6219482421875], [-15.273736000061035, 21.399381637573242, -144.48648071289062], [0.3205108642578125, 0.1354217529296875, 0.18048095703125, -0.9199676513671875]
380710, 382.2398986816406, [1000.0, 257.0, 405.0, 132.0, 236.0, 208.0, 270.0, 130.0, 178.0, 1000.0, 52.0, 750.0, 0.0, 1000.0, 949.0, 999.0, 999.0, 999.0, 999.0, 483.0, 656.0, 0.0, 148.0], [-8.388267517089844, -7.565826892852783, 74.65878295898438], [0.794219970703125, -0.01812744140625, -0.0965728759765625, 0.599609375], [-13.869032859802246, 20.215852737426758, -145.3936767578125], [0.3108978271484375, 0.1309814453125, 0.1652984619140625, -0.9267425537109375]
380760, 382.2898254394531, [1000.0, 256.0, 399.0, 132.0, 239.0, 208.0, 298.0, 131.0, 187.0, 1000.0, 50.0, 750.0, 0.0, 1000.0, 930.0, 999.0, 999.0, 999.0, 999.0, 487.0, 653.0, 0.0, 167.0], [-5.217942237854004, -12.774726867675781, 70.61299896240234], [0.813079833984375, 0.027313232421875, -0.1168365478515625, 0.5696258544921875], [-12.247278213500977, 18.226367950439453, -147.08209228515625], [0.2943572998046875, 0.121185302734375, 0.1456298828125, -0.9367218017578125]
380770, 382.33978271484375, [1000.0, 256.0, 398.0, 132.0, 239.0, 207.0, 302.0, 131.0, 188.0, 1000.0, 50.0, 1000.0, 0.0, 1000.0, 936.0, 999.0, 999.0, 999.0, 999.0, 487.0, 653.0, 0.0, 170.0], [-4.443351745605469, -13.7740478515625, 69.72393035888672], [0.816650390625, 0.0369110107421875, -0.1203155517578125, 0.563232421875], [-11.85405158996582, 17.871994018554688, -147.3014373779297], [0.2919769287109375, 0.119537353515625, 0.1413726806640625, -0.938323974609375]
380820, 382.349365234375, [1000.0, 256.0, 390.0, 129.0, 245.0, 200.0, 328.0, 133.0, 198.0, 1000.0, 49.0, 1000.0, 0.0, 1000.0, 941.0, 999.0, 999.0, 999.0, 999.0, 486.0, 652.0, 0.0, 178.0], [-1.6317729949951172, -17.79859733581543, 65.8746566772461], [0.83026123046875, 0.072296142578125, -0.1374664306640625, 0.5352630615234375], [-11.113686561584473, 16.6810359954834, -148.36663818359375], [0.28192138671875, 0.11279296875, 0.13153076171875, -0.9436492919921875]
380870, 382.3995056152344, [1000.0, 256.0, 382.0, 126.0, 248.0, 195.0, 345.0, 137.0, 208.0, 1000.0, 48.0, 750.0, 0.0, 1000.0, 931.0, 999.0, 999.0, 999.0, 999.0, 481.0, 655.0, 0.0, 188.0], [-0.9658443331718445, -19.770288467407227, 64.0438003540039], [0.8359832763671875, 0.083984375, -0.1499481201171875, 0.5211181640625], [-12.217072486877441, 16.433826446533203, -149.59152221679688], [0.27276611328125, 0.1095123291015625, 0.1389007568359375, -0.9456634521484375]
380930, 382.4494323730469, [1000.0, 255.0, 370.0, 124.0, 249.0, 203.0, 341.0, 153.0, 212.0, 1000.0, 50.0, 1000.0, 0.0, 1000.0, 708.0, 999.0, 999.0, 999.0, 999.0, 472.0, 660.0, 0.0, 195.0], [-0.47192254662513733, -22.393754959106445, 61.148773193359375], [0.844970703125, 0.0952911376953125, -0.1692352294921875, 0.4982757568359375], [-12.138391494750977, 15.139081001281738, -150.4630126953125], [0.264739990234375, 0.099945068359375, 0.134735107421875, -0.9496002197265625]
380980, 382.5094909667969, [1000.0, 253.0, 358.0, 123.0, 241.0, 242.0, 309.0, 204.0, 200.0, 1000.0, 57.0, 1000.0, 0.0, 1000.0, 503.0, 999.0, 999.0, 999.0, 999.0, 467.0, 665.0, 0.0, 179.0], [3.6377131938934326, -27.594688415527344, 57.83514404296875], [0.8459625244140625, 0.142242431640625, -0.1937408447265625, 0.475982666015625], [-13.506159782409668, 15.42376708984375, -151.26287841796875], [0.259490966796875, 0.1001739501953125, 0.1459503173828125, -0.949371337890625]
381030, 382.5597839355469, [1000.0, 255.0, 346.0, 122.0, 228.0, 297.0, 285.0, 295.0, 191.0, 1000.0, 71.0, 750.0, 0.0, 1000.0, 339.0, 999.0, 996.0, 999.0, 999.0, 464.0, 673.0, 0.0, 192.0], [3.9651565551757812, -28.51482582092285, 56.54792785644531], [0.8490142822265625, 0.1461181640625, -0.2008819580078125, 0.4663238525390625], [-11.315539360046387, 14.160927772521973, -151.2608184814453], [0.2568511962890625, 0.09454345703125, 0.125213623046875, -0.95361328125]
381090, 382.6199035644531, [1000.0, 257.0, 337.0, 122.0, 207.0, 296.0, 267.0, 305.0, 178.0, 1000.0, 104.0, 1000.0, 0.0, 1000.0, 288.0, 999.0, 479.0, 999.0, 999.0, 460.0, 695.0, 0.0, 192.0], [3.1675055027008057, -29.854862213134766, 54.91603088378906], [0.8537750244140625, 0.142425537109375, -0.2161712646484375, 0.4516754150390625], [-13.228694915771484, 14.551722526550293, -153.57699584960938], [0.2393951416015625, 0.0963592529296875, 0.139984130859375, -0.9559173583984375]
381140, 382.6697692871094, [1000.0, 257.0, 329.0, 121.0, 276.0, 282.0, 340.0, 284.0, 169.0, 1000.0, 148.0, 1000.0, 0.0, 1000.0, 225.0, 999.0, 721.0, 999.0, 999.0, 455.0, 710.0, 0.0, 189.0], [1.8910504579544067, -31.471210479736328, 53.4918327331543], [0.8574066162109375, 0.1362152099609375, -0.2350006103515625, 0.437103271484375], [-15.118545532226562, 14.725168228149414, -155.96990966796875], [0.2211456298828125, 0.0970916748046875, 0.154052734375, -0.9580841064453125]
381160, 382.72064208984375, [1000.0, 256.0, 329.0, 120.0, 367.0, 278.0, 401.0, 275.0, 166.0, 1000.0, 173.0, 750.0, 0.0, 1000.0, 223.0, 999.0, 783.0, 999.0, 999.0, 453.0, 715.0, 0.0, 190.0], [1.5457524061203003, -32.17774963378906, 52.86981964111328], [0.858612060546875, 0.1349639892578125, -0.2423553466796875, 0.4310455322265625], [-15.84294319152832, 14.752577781677246, -156.9949188232422], [0.2132110595703125, 0.09735107421875, 0.1592864990234375, -0.9589996337890625]
381200, 382.729248046875, [1000.0, 255.0, 351.0, 117.0, 614.0, 264.0, 563.0, 318.0, 161.0, 1000.0, 228.0, 1000.0, 0.0, 1000.0, 202.0, 999.0, 903.0, 999.0, 999.0, 449.0, 725.0, 0.0, 187.0], [0.9236123561859131, -33.57147979736328, 51.65241241455078], [0.8607177734375, 0.13275146484375, -0.2565765380859375, 0.419158935546875], [-16.998977661132812, 14.729896545410156, -158.8127899169922], [0.198944091796875, 0.0976715087890625, 0.167388916015625, -0.9606475830078125]
381250, 382.77960205078125, [1000.0, 252.0, 460.0, 113.0, 869.0, 229.0, 761.0, 230.0, 188.0, 1000.0, 264.0, 1000.0, 0.0, 1000.0, 163.0, 999.0, 654.0, 999.0, 999.0, 444.0, 751.0, 0.0, 174.0], [0.5573136806488037, -35.93330383300781, 50.20753479003906], [0.8607330322265625, 0.1350555419921875, -0.2773590087890625, 0.4049224853515625], [-19.015233993530273, 14.41675090789795, -161.23495483398438], [0.179962158203125, 0.0953826904296875, 0.181854248046875, -0.9619903564453125]
381300, 382.8296813964844, [1000.0, 252.0, 569.0, 109.0, 935.0, 189.0, 896.0, 212.0, 512.0, 1000.0, 269.0, 1000.0, 0.0, 1000.0, 150.0, 999.0, 812.0, 999.0, 999.0, 439.0, 763.0, 0.0, 159.0], [3.119201421737671, -36.87275695800781, 47.06857681274414], [0.865997314453125, 0.14990234375, -0.2795257568359375, 0.3865509033203125], [-20.96834945678711, 13.918390274047852, -163.69186401367188], [0.1602630615234375, 0.092315673828125, 0.1956939697265625, -0.9630584716796875]
381360, 382.8893127441406, [1000.0, 252.0, 653.0, 101.0, 979.0, 168.0, 961.0, 213.0, 790.0, 1000.0, 246.0, 1000.0, 0.0, 1000.0, 127.0, 999.0, 961.0, 999.0, 999.0, 432.0, 760.0, 0.0, 152.0], [1.2774933576583862, -40.056846618652344, 46.28022003173828], [0.86236572265625, 0.1442108154296875, -0.310791015625, 0.3726959228515625], [-24.222021102905273, 13.429518699645996, -166.6642303466797], [0.137115478515625, 0.08935546875, 0.2202301025390625, -0.96160888671875]
381410, 382.9398498535156, [1000.0, 252.0, 731.0, 97.0, 1000.0, 147.0, 986.0, 178.0, 919.0, 1000.0, 221.0, 750.0, 0.0, 1000.0, 120.0, 999.0, 999.0, 999.0, 999.0, 425.0, 782.0, 0.0, 151.0], [2.3029727935791016, -45.188148498535156, 45.09622573852539], [0.8495330810546875, 0.1644287109375, -0.3476409912109375, 0.361083984375], [-29.154165267944336, 10.878462791442871, -168.16990661621094], [0.123016357421875, 0.0654296875, 0.2586669921875, -0.9558563232421875]
381470, 382.9997863769531, [1000.0, 250.0, 832.0, 93.0, 1000.0, 127.0, 1000.0, 162.0, 979.0, 1000.0, 195.0, 1000.0, 0.0, 1000.0, 147.0, 999.0, 999.0, 999.0, 999.0, 418.0, 798.0, 0.0, 155.0], [1.834472417831421, -44.53004837036133, 46.405067443847656], [0.84808349609375, 0.162872314453125, -0.3423614501953125, 0.3701324462890625], [-27.765058517456055, 11.722806930541992, -167.213623046875], [0.1318817138671875, 0.0719451904296875, 0.24822998046875, -0.95697021484375]
381520, 383.0496520996094, [1000.0, 248.0, 934.0, 92.0, 1000.0, 120.0, 1000.0, 154.0, 1000.0, 1000.0, 179.0, 750.0, 0.0, 1000.0, 232.0, 999.0, 999.0, 999.0, 999.0, 414.0, 811.0, 0.0, 199.0], [1.3335210084915161, -41.84098815917969, 47.880313873291016], [0.851959228515625, 0.154815673828125, -0.3219146728515625, 0.3827972412109375], [-27.607433319091797, 12.876888275146484, -166.5009002685547], [0.139984130859375, 0.0802764892578125, 0.2482452392578125, -0.9551544189453125]
381570, 383.09954833984375, [1000.0, 248.0, 1000.0, 94.0, 1000.0, 127.0, 1000.0, 146.0, 1000.0, 1000.0, 154.0, 1000.0, 0.0, 1000.0, 291.0, 999.0, 999.0, 999.0, 999.0, 405.0, 805.0, 0.0, 204.0], [-3.7287778854370117, -40.243873596191406, 51.89356994628906], [0.8487548828125, 0.1229705810546875, -0.322540283203125, 0.400543212890625], [-29.816720962524414, 13.701071739196777, -165.70297241210938], [0.14984130859375, 0.08258056640625, 0.267791748046875, -0.948150634765625]
381630, 383.1597900390625, [1000.0, 244.0, 1000.0, 95.0, 1000.0, 141.0, 1000.0, 140.0, 991.0, 1000.0, 144.0, 750.0, 0.0, 1000.0, 311.0, 999.0, 999.0, 999.0, 999.0, 398.0, 808.0, 0.0, 539.0], [-4.836950778961182, -36.702972412109375, 53.53572463989258], [0.8526458740234375, 0.1059112548828125, -0.29888916015625, 0.41522216796875], [-28.668094635009766, 15.074164390563965, -163.5249481201172], [0.1697540283203125, 0.090606689453125, 0.2611083984375, -0.9459228515625]
381680, 383.209716796875, [1000.0, 248.0, 1000.0, 97.0, 972.0, 191.0, 976.0, 360.0, 970.0, 1000.0, 502.0, 1000.0, 0.0, 1000.0, 396.0, 999.0, 999.0, 999.0, 999.0, 394.0, 822.0, 0.0, 717.0], [-9.402179718017578, -32.56196212768555, 56.61556625366211], [0.8531494140625, 0.063232421875, -0.283294677734375, 0.4334259033203125], [-31.032346725463867, 16.201725006103516, -162.72573852539062], [0.1805267333984375, 0.0944671630859375, 0.2822265625, -0.9374542236328125]
381730, 383.2596740722656, [1000.0, 253.0, 1000.0, 105.0, 883.0, 607.0, 901.0, 801.0, 840.0, 1000.0, 831.0, 1000.0, 0.0, 1000.0, 338.0, 999.0, 999.0, 999.0, 999.0, 395.0, 817.0, 0.0, 786.0], [-14.87566089630127, -30.117483139038086, 59.6999626159668], [0.84722900390625, 0.019805908203125, -0.2856597900390625, 0.447418212890625], [-35.68923568725586, 17.53069305419922, -163.33651733398438], [0.182525634765625, 0.099639892578125, 0.3206787109375, -0.924072265625]
381790, 383.31976318359375, [1000.0, 256.0, 1000.0, 128.0, 729.0, 807.0, 637.0, 920.0, 522.0, 1000.0, 898.0, 1000.0, 0.0, 1000.0, 356.0, 999.0, 999.0, 992.0, 999.0, 398.0, 782.0, 0.0, 850.0], [-23.116161346435547, -29.620046615600586, 63.65835189819336], [0.8317413330078125, -0.032501220703125, -0.3149261474609375, 0.4560089111328125], [-43.32577896118164, 18.35953712463379, -165.4584197998047], [0.174530029296875, 0.1009521484375, 0.3802490234375, -0.9026336669921875]
381840, 383.3697204589844, [1000.0, 259.0, 992.0, 166.0, 686.0, 817.0, 527.0, 935.0, 425.0, 1000.0, 910.0, 1000.0, 0.0, 1000.0, 227.0, 999.0, 990.0, 996.0, 999.0, 401.0, 773.0, 0.0, 877.0], [-34.90333557128906, -31.14255142211914, 68.5815200805664], [0.8045806884765625, -0.0944061279296875, -0.37432861328125, 0.4512176513671875], [-53.284576416015625, 18.265085220336914, -169.001953125], [0.1554107666015625, 0.098785400390625, 0.45428466796875, -0.8715972900390625]
381900, 383.42987060546875, [1000.0, 259.0, 968.0, 205.0, 644.0, 832.0, 441.0, 950.0, 356.0, 1000.0, 928.0, 1000.0, 0.0, 1000.0, 179.0, 999.0, 838.0, 985.0, 999.0, 405.0, 772.0, 0.0, 910.0], [-28.776214599609375, -27.875228881835938, 65.38959503173828], [0.823486328125, -0.076934814453125, -0.3266143798828125, 0.4574432373046875], [-66.21346282958984, 18.140731811523438, -173.59201049804688], [0.1322021484375, 0.1016998291015625, 0.5458984375, -0.8210601806640625]
381950, 383.4795837402344, [1000.0, 261.0, 952.0, 235.0, 626.0, 825.0, 409.0, 935.0, 318.0, 1000.0, 929.0, 1000.0, 0.0, 1000.0, 166.0, 999.0, 799.0, 967.0, 999.0, 406.0, 765.0, 0.0, 911.0], [-42.87929153442383, -28.388872146606445, 71.23248291015625], [0.7857666015625, -0.1551513671875, -0.39190673828125, 0.45263671875], [-78.60990905761719, 18.06458282470703, -177.2111358642578], [0.118011474609375, 0.1062164306640625, 0.62835693359375, -0.76153564453125]
382000, 383.52960205078125, [1000.0, 262.0, 950.0, 262.0, 616.0, 814.0, 391.0, 923.0, 284.0, 1000.0, 938.0, 1000.0, 0.0, 1000.0, 160.0, 999.0, 804.0, 965.0, 999.0, 405.0, 763.0, 0.0, 921.0], [-56.259986877441406, -26.831661224365234, 76.35027313232422], [0.741943359375, -0.2340545654296875, -0.4442901611328125, 0.444183349609375], [-89.48912811279297, 18.31840705871582, 179.58767700195312], [0.109527587890625, 0.1155548095703125, 0.694549560546875, -0.7015838623046875]
382060, 383.5896911621094, [1000.0, 262.0, 942.0, 275.0, 586.0, 822.0, 371.0, 918.0, 252.0, 1000.0, 944.0, 1000.0, 0.0, 1000.0, 180.0, 999.0, 936.0, 968.0, 999.0, 405.0, 762.0, 0.0, 931.0], [-68.87567901611328, -24.08845329284668, 80.35433959960938], [0.6923980712890625, -0.3115386962890625, -0.4882965087890625, 0.430206298828125], [-101.72895050048828, 18.534015655517578, 176.5044403076172], [0.1058502197265625, 0.12493896484375, 0.7620697021484375, -0.626434326171875]
382110, 383.6398620605469, [1000.0, 263.0, 941.0, 277.0, 558.0, 830.0, 353.0, 911.0, 225.0, 1000.0, 948.0, 1000.0, 0.0, 1000.0, 211.0, 999.0, 999.0, 985.0, 999.0, 404.0, 761.0, 0.0, 932.0], [-84.75129699707031, -18.114723205566406, 85.73786163330078], [0.6068572998046875, -0.40869140625, -0.5380401611328125, 0.418548583984375], [-108.08029174804688, 18.92669105529785, 174.96836853027344], [0.1075286865234375, 0.131500244140625, 0.79339599609375, -0.584503173828125]
382170, 383.6997985839844, [1000.0, 264.0, 927.0, 281.0, 466.0, 856.0, 325.0, 907.0, 196.0, 1000.0, 950.0, 750.0, 0.0, 1000.0, 303.0, 999.0, 999.0, 985.0, 999.0, 403.0, 757.0, 0.0, 926.0], [-92.61569213867188, -11.62884521484375, 87.9341812133789], [0.54547119140625, -0.469146728515625, -0.5497589111328125, 0.42437744140625], [-111.173583984375, 19.673263549804688, 174.279296875], [0.11297607421875, 0.136993408203125, 0.8070220947265625, -0.5631866455078125]
382220, 383.7497863769531, [1000.0, 265.0, 915.0, 283.0, 414.0, 855.0, 305.0, 899.0, 182.0, 1000.0, 942.0, 750.0, 0.0, 1000.0, 357.0, 999.0, 999.0, 986.0, 999.0, 403.0, 752.0, 0.0, 915.0], [-96.49217224121094, -7.05817174911499, 88.96720123291016], [0.506378173828125, -0.50250244140625, -0.5509796142578125, 0.4329681396484375], [-112.0985107421875, 20.202402114868164, 174.4818878173828], [0.1188507080078125, 0.13714599609375, 0.8109893798828125, -0.556182861328125]
382270, 383.79974365234375, [1000.0, 265.0, 887.0, 285.0, 383.0, 851.0, 285.0, 892.0, 168.0, 1000.0, 942.0, 1000.0, 0.0, 1000.0, 378.0, 999.0, 999.0, 990.0, 999.0, 403.0, 746.0, 0.0, 910.0], [-98.70340728759766, -4.353201866149902, 90.23490905761719], [0.4797515869140625, -0.5174713134765625, -0.554656982421875, 0.440887451171875], [-113.37128448486328, 20.039897918701172, 175.13900756835938], [0.1223297119140625, 0.13037109375, 0.818115234375, -0.5465240478515625]
382330, 383.85980224609375, [1000.0, 267.0, 862.0, 283.0, 362.0, 827.0, 270.0, 875.0, 158.0, 1000.0, 941.0, 1000.0, 0.0, 1000.0, 383.0, 999.0, 999.0, 999.0, 999.0, 404.0, 742.0, 0.0, 891.0], [-100.08024597167969, -1.4993000030517578, 91.29263305664062], [0.45611572265625, -0.52978515625, -0.55389404296875, 0.452178955078125], [-113.59371185302734, 20.654268264770508, 177.3782501220703], [0.13763427734375, 0.116973876953125, 0.820709228515625, -0.542022705078125]
382380, 383.90936279296875, [1000.0, 267.0, 855.0, 284.0, 348.0, 821.0, 261.0, 868.0, 150.0, 1000.0, 940.0, 750.0, 0.0, 1000.0, 361.0, 999.0, 999.0, 998.0, 999.0, 403.0, 736.0, 0.0, 884.0], [-101.01368713378906, -0.342073917388916, 91.46294403076172], [0.4455718994140625, -0.53729248046875, -0.5539093017578125, 0.45379638671875], [-113.78782653808594, 21.299623489379883, 179.2735595703125], [0.151397705078125, 0.1061553955078125, 0.82257080078125, -0.537750244140625]
382440, 383.969482421875, [1000.0, 270.0, 849.0, 285.0, 339.0, 815.0, 253.0, 862.0, 145.0, 1000.0, 937.0, 1000.0, 0.0, 1000.0, 328.0, 999.0, 999.0, 997.0, 999.0, 403.0, 736.0, 0.0, 882.0], [-101.76139831542969, 0.7251278758049011, 91.42479705810547], [0.4370269775390625, -0.5445709228515625, -0.5525665283203125, 0.4550628662109375], [-111.75615692138672, 20.724077224731445, -179.1321258544922], [0.153076171875, 0.0947265625, 0.8150787353515625, -0.5506591796875]
382490, 384.01953125, [1000.0, 267.0, 846.0, 281.0, 334.0, 805.0, 246.0, 859.0, 140.0, 1000.0, 934.0, 1000.0, 0.0, 1000.0, 328.0, 999.0, 999.0, 998.0, 999.0, 402.0, 732.0, 0.0, 878.0], [-101.58396911621094, 1.4159153699874878, 91.81098175048828], [0.432952880859375, -0.54473876953125, -0.5510101318359375, 0.4606170654296875], [-111.60679626464844, 19.763349533081055, -179.56211853027344], [0.1440582275390625, 0.0933380126953125, 0.8152008056640625, -0.5531463623046875]
382540, 384.0696105957031, [1000.0, 268.0, 843.0, 280.0, 331.0, 800.0, 242.0, 856.0, 138.0, 1000.0, 932.0, 1000.0, 0.0, 1000.0, 349.0, 999.0, 999.0, 997.0, 999.0, 402.0, 731.0, 0.0, 875.0], [-100.99229431152344, 0.6139712333679199, 92.03497314453125], [0.4387664794921875, -0.5382537841796875, -0.5528106689453125, 0.4605865478515625], [-111.41229248046875, 18.507017135620117, 179.9112548828125], [0.132415771484375, 0.0912322998046875, 0.8153228759765625, -0.5561981201171875]
382600, 384.12957763671875, [1000.0, 267.0, 840.0, 279.0, 330.0, 797.0, 238.0, 855.0, 134.0, 1000.0, 930.0, 750.0, 0.0, 1000.0, 393.0, 999.0, 999.0, 999.0, 999.0, 401.0, 731.0, 0.0, 873.0], [-101.19419860839844, -0.7978435158729553, 92.05223846435547], [0.4445953369140625, -0.5333099365234375, -0.5591278076171875, 0.45306396484375], [-110.88868713378906, 17.696996688842773, 179.8837127685547], [0.1261138916015625, 0.08807373046875, 0.8136749267578125, -0.560577392578125]
382630, 384.1795349121094, [1000.0, 268.0, 839.0, 279.0, 329.0, 792.0, 236.0, 854.0, 133.0, 1000.0, 929.0, 1000.0, 0.0, 1000.0, 406.0, 999.0, 999.0, 999.0, 999.0, 401.0, 730.0, 0.0, 871.0], [-101.56934356689453, -1.6584606170654297, 92.06553649902344], [0.4469451904296875, -0.5312347412109375, -0.5639190673828125, 0.44720458984375], [-111.42861938476562, 17.357807159423828, 179.74029541015625], [0.1234130859375, 0.08685302734375, 0.8165740966796875, -0.5571441650390625]
382650, 384.18939208984375, [1000.0, 268.0, 838.0, 279.0, 328.0, 791.0, 234.0, 852.0, 132.0, 1000.0, 929.0, 1000.0, 0.0, 1000.0, 404.0, 999.0, 999.0, 999.0, 999.0, 401.0, 730.0, 0.0, 870.0], [-101.84439849853516, -2.042267322540283, 91.98336029052734], [0.4478302001953125, -0.531158447265625, -0.5660400390625, 0.443695068359375], [-112.40705108642578, 17.516462326049805, 179.54995727539062], [0.1243743896484375, 0.087921142578125, 0.82098388671875, -0.5502471923828125]
382710, 384.2395324707031, [1000.0, 269.0, 837.0, 279.0, 325.0, 788.0, 231.0, 849.0, 129.0, 1000.0, 927.0, 1000.0, 0.0, 1000.0, 407.0, 999.0, 999.0, 999.0, 999.0, 400.0, 730.0, 0.0, 869.0], [-102.88105773925781, -2.2751543521881104, 91.5945053100586], [0.44561767578125, -0.53619384765625, -0.5690765380859375, 0.4359283447265625], [-110.00740051269531, 17.281850814819336, -179.5985107421875], [0.12506103515625, 0.0833282470703125, 0.8101806640625, -0.5665740966796875]
382760, 384.28948974609375, [1000.0, 270.0, 834.0, 279.0, 324.0, 786.0, 228.0, 848.0, 127.0, 1000.0, 925.0, 1000.0, 0.0, 1000.0, 382.0, 999.0, 999.0, 998.0, 999.0, 399.0, 730.0, 0.0, 867.0], [-102.78197479248047, -1.0580317974090576, 91.5904312133789], [0.440216064453125, -0.5406646728515625, -0.56414794921875, 0.4422607421875], [-113.28790283203125, 17.924774169921875, 178.83070373535156], [0.12457275390625, 0.0940704345703125, 0.8241424560546875, -0.5444183349609375]
382780, 384.34002685546875, [1000.0, 270.0, 833.0, 279.0, 324.0, 786.0, 227.0, 847.0, 127.0, 1000.0, 925.0, 1000.0, 0.0, 1000.0, 381.0, 999.0, 999.0, 999.0, 999.0, 399.0, 730.0, 0.0, 868.0], [-103.02650451660156, -1.0833110809326172, 91.5572280883789], [0.4393157958984375, -0.5416717529296875, -0.565032958984375, 0.4408111572265625], [-113.33405303955078, 17.930435180664062, 178.75955200195312], [0.1243133544921875, 0.0945587158203125, 0.8242950439453125, -0.544158935546875]
382810, 384.3493957519531, [1000.0, 271.0, 832.0, 279.0, 324.0, 785.0, 226.0, 846.0, 126.0, 1000.0, 924.0, 1000.0, 0.0, 1000.0, 381.0, 999.0, 999.0, 999.0, 999.0, 399.0, 729.0, 0.0, 868.0], [-103.84063720703125, -1.5779879093170166, 91.3964614868164], [0.4384765625, -0.54364013671875, -0.5692138671875, 0.43377685546875], [-112.50870513916016, 18.070533752441406, 179.0994110107422], [0.1262664794921875, 0.09368896484375, 0.8204803466796875, -0.54962158203125]
382870, 384.3995056152344, [1000.0, 271.0, 828.0, 278.0, 323.0, 783.0, 223.0, 845.0, 123.0, 1000.0, 923.0, 1000.0, 0.0, 1000.0, 363.0, 999.0, 999.0, 998.0, 999.0, 397.0, 730.0, 0.0, 867.0], [-104.34071350097656, -1.8286480903625488, 91.16952514648438], [0.43817138671875, -0.5457000732421875, -0.5709381103515625, 0.42919921875], [-112.1710433959961, 18.82284164428711, 179.56707763671875], [0.1336212158203125, 0.094329833984375, 0.8183441162109375, -0.5509490966796875]
382890, 384.4494934082031, [1000.0, 272.0, 827.0, 278.0, 322.0, 782.0, 223.0, 845.0, 123.0, 1000.0, 923.0, 1000.0, 0.0, 1000.0, 370.0, 999.0, 999.0, 998.0, 999.0, 397.0, 729.0, 0.0, 867.0], [-103.65174865722656, -1.4620229005813599, 91.10140991210938], [0.4399261474609375, -0.544830322265625, -0.5666656494140625, 0.43414306640625], [-111.97697448730469, 18.861942291259766, 179.69137573242188], [0.13433837890625, 0.0938568115234375, 0.8174591064453125, -0.552154541015625]
382920, 384.45941162109375, [1000.0, 274.0, 827.0, 278.0, 322.0, 780.0, 221.0, 844.0, 122.0, 1000.0, 921.0, 1000.0, 0.0, 1000.0, 372.0, 999.0, 999.0, 997.0, 999.0, 397.0, 729.0, 0.0, 866.0], [-103.18630981445312, -0.8230761289596558, 91.12577056884766], [0.4389495849609375, -0.5454254150390625, -0.5626220703125, 0.4396209716796875], [-112.01074981689453, 18.89753532409668, 179.7783660888672], [0.135040283203125, 0.0933685302734375, 0.817657470703125, -0.551788330078125]
382970, 384.5099182128906, [1000.0, 275.0, 826.0, 278.0, 322.0, 778.0, 219.0, 843.0, 120.0, 1000.0, 920.0, 750.0, 0.0, 1000.0, 360.0, 999.0, 999.0, 997.0, 999.0, 396.0, 729.0, 0.0, 865.0], [-103.02503967285156, -0.8140972256660461, 91.43316650390625], [0.4384918212890625, -0.5433349609375, -0.5634307861328125, 0.4416351318359375], [-111.9329833984375, 18.122575759887695, 179.99905395507812], [0.1305084228515625, 0.0881500244140625, 0.818359375, -0.5526885986328125]
383030, 384.5695495605469, [1000.0, 275.0, 824.0, 278.0, 320.0, 777.0, 217.0, 842.0, 119.0, 1000.0, 918.0, 1000.0, 0.0, 1000.0, 380.0, 999.0, 999.0, 998.0, 999.0, 395.0, 728.0, 0.0, 865.0], [-102.8917007446289, -1.9069181680679321, 91.44039154052734], [0.4443817138671875, -0.5384674072265625, -0.5670318603515625, 0.4370574951171875], [-110.84856414794922, 18.05242919921875, -179.4588165283203], [0.1318206787109375, 0.0851898193359375, 0.8135833740234375, -0.559844970703125]
383080, 384.6199035644531, [1000.0, 276.0, 824.0, 278.0, 319.0, 775.0, 215.0, 841.0, 118.0, 1000.0, 916.0, 1000.0, 0.0, 1000.0, 375.0, 999.0, 999.0, 999.0, 999.0, 395.0, 728.0, 0.0, 864.0], [-103.01673126220703, -1.8505840301513672, 91.69144439697266], [0.44256591796875, -0.537933349609375, -0.5684814453125, 0.43768310546875], [-110.17308044433594, 17.517539978027344, -179.38198852539062], [0.1279144287109375, 0.0827789306640625, 0.8108978271484375, -0.564971923828125]
383110, 384.66949462890625, [1000.0, 276.0, 822.0, 278.0, 319.0, 773.0, 215.0, 841.0, 117.0, 1000.0, 915.0, 1000.0, 0.0, 1000.0, 389.0, 999.0, 999.0, 999.0, 999.0, 394.0, 728.0, 0.0, 863.0], [-102.63452911376953, -1.6957100629806519, 91.66482543945312], [0.4437103271484375, -0.537200927734375, -0.566314697265625, 0.440216064453125], [-111.38418579101562, 17.814363479614258, -179.99925231933594], [0.127899169921875, 0.0872650146484375, 0.8160552978515625, -0.5568389892578125]
383140, 384.679443359375, [1000.0, 277.0, 822.0, 277.0, 319.0, 772.0, 214.0, 840.0, 116.0, 1000.0, 914.0, 1000.0, 0.0, 1000.0, 395.0, 999.0, 999.0, 999.0, 999.0, 394.0, 727.0, 0.0, 862.0], [-102.4208755493164, -1.6023329496383667, 91.53768157958984], [0.4447479248046875, -0.5373687744140625, -0.564544677734375, 0.44122314453125], [-111.62228393554688, 18.517641067504883, 179.81375122070312], [0.1321868896484375, 0.09173583984375, 0.816253662109375, -0.5548095703125]
383190, 384.7296447753906, [1000.0, 278.0, 822.0, 277.0, 319.0, 770.0, 212.0, 840.0, 115.0, 1000.0, 914.0, 1000.0, 0.0, 1000.0, 382.0, 999.0, 999.0, 999.0, 999.0, 394.0, 726.0, 0.0, 861.0], [-103.4813003540039, -1.4603408575057983, 91.5003433227539], [0.439208984375, -0.542205810546875, -0.567901611328125, 0.4365234375], [-112.17799377441406, 18.135854721069336, 179.74688720703125], [0.12957763671875, 0.0897369384765625, 0.8193206787109375, -0.55120849609375]
383240, 384.7799072265625, [1000.0, 276.0, 821.0, 277.0, 319.0, 768.0, 211.0, 839.0, 114.0, 1000.0, 914.0, 750.0, 0.0, 1000.0, 373.0, 999.0, 999.0, 999.0, 999.0, 393.0, 726.0, 0.0, 861.0], [-103.84317779541016, -1.184647560119629, 91.32754516601562], [0.4368133544921875, -0.5455322265625, -0.56744384765625, 0.4354095458984375], [-111.45967864990234, 18.3482723236084, 179.94125366210938], [0.1314697265625, 0.0901947021484375, 0.815765380859375, -0.5559539794921875]
383300, 384.8395690917969, [1000.0, 278.0, 821.0, 276.0, 319.0, 765.0, 210.0, 838.0, 112.0, 1000.0, 913.0, 1000.0, 0.0, 1000.0, 379.0, 999.0, 999.0, 999.0, 999.0, 393.0, 726.0, 0.0, 860.0], [-103.45721435546875, -1.5247539281845093, 91.23993682861328], [0.4406280517578125, -0.54315185546875, -0.5668182373046875, 0.435333251953125], [-110.71646118164062, 17.529890060424805, -179.82232666015625], [0.1262359619140625, 0.085357666015625, 0.813232421875, -0.5615997314453125]
383350, 384.8896789550781, [1000.0, 277.0, 819.0, 276.0, 319.0, 762.0, 208.0, 836.0, 111.0, 1000.0, 913.0, 1000.0, 0.0, 1000.0, 377.0, 999.0, 999.0, 999.0, 999.0, 392.0, 725.0, 0.0, 859.0], [-102.64823150634766, -2.1993167400360107, 91.07167053222656], [0.448333740234375, -0.538177490234375, -0.565460205078125, 0.4354095458984375], [-109.63837432861328, 17.91683578491211, -179.56329345703125], [0.1294403076171875, 0.086639404296875, 0.8076934814453125, -0.568634033203125]
383360, 384.93963623046875, [1000.0, 277.0, 819.0, 276.0, 319.0, 762.0, 208.0, 836.0, 111.0, 1000.0, 913.0, 750.0, 0.0, 1000.0, 378.0, 999.0, 999.0, 999.0, 999.0, 392.0, 725.0, 0.0, 859.0], [-102.5179443359375, -2.280869483947754, 91.0665512084961], [0.4493560791015625, -0.5373687744140625, -0.56524658203125, 0.435638427734375], [-109.62673950195312, 18.010944366455078, -179.5967559814453], [0.1299285888671875, 0.0873565673828125, 0.8075103759765625, -0.5686798095703125]
383410, 384.9494934082031, [1000.0, 277.0, 819.0, 276.0, 318.0, 761.0, 207.0, 835.0, 110.0, 1000.0, 913.0, 1000.0, 0.0, 1000.0, 385.0, 999.0, 999.0, 999.0, 999.0, 392.0, 725.0, 0.0, 859.0], [-102.26702117919922, -1.8249999284744263, 90.83196258544922], [0.449249267578125, -0.5393524169921875, -0.5614776611328125, 0.4381561279296875], [-109.8516845703125, 18.666776657104492, -179.86253356933594], [0.1334075927734375, 0.09222412109375, 0.80767822265625, -0.566864013671875]
383460, 384.9994812011719, [1000.0, 279.0, 819.0, 276.0, 318.0, 760.0, 206.0, 835.0, 109.0, 1000.0, 912.0, 1000.0, 0.0, 1000.0, 392.0, 999.0, 999.0, 999.0, 999.0, 392.0, 725.0, 0.0, 859.0], [-102.62422943115234, -1.0247210264205933, 90.65257263183594], [0.4444122314453125, -0.5447845458984375, -0.5589752197265625, 0.4395751953125], [-110.5928726196289, 18.791038513183594, 179.58815002441406], [0.1321868896484375, 0.095855712890625, 0.81072998046875, -0.562164306640625]
383510, 385.049560546875, [1000.0, 278.0, 818.0, 275.0, 319.0, 758.0, 205.0, 833.0, 108.0, 1000.0, 912.0, 1000.0, 0.0, 1000.0, 385.0, 999.0, 999.0, 999.0, 999.0, 391.0, 724.0, 0.0, 859.0], [-102.61814880371094, -0.9603119492530823, 90.40789031982422], [0.445068359375, -0.54620361328125, -0.5575408935546875, 0.43896484375], [-111.32810974121094, 18.90778350830078, 178.8521728515625], [0.1300506591796875, 0.100799560546875, 0.8135528564453125, -0.557708740234375]
383570, 385.10968017578125, [1000.0, 279.0, 818.0, 275.0, 318.0, 757.0, 204.0, 832.0, 107.0, 1000.0, 912.0, 1000.0, 0.0, 1000.0, 387.0, 999.0, 999.0, 999.0, 999.0, 391.0, 724.0, 0.0, 858.0], [-103.15299224853516, -1.245829701423645, 90.20172119140625], [0.444671630859375, -0.5481719970703125, -0.5596771240234375, 0.434173583984375], [-111.33137512207031, 17.975513458251953, 178.41348266601562], [0.12127685546875, 0.099395751953125, 0.8143157958984375, -0.5588226318359375]
383620, 385.159912109375, [1000.0, 278.0, 818.0, 274.0, 318.0, 755.0, 202.0, 831.0, 107.0, 1000.0, 912.0, 1000.0, 0.0, 1000.0, 391.0, 999.0, 999.0, 999.0, 999.0, 391.0, 724.0, 0.0, 857.0], [-103.13932037353516, -1.3842499256134033, 89.83290100097656], [0.4467926025390625, -0.54937744140625, -0.558380126953125, 0.43212890625], [-111.83235931396484, 18.59650421142578, 177.83035278320312], [0.123321533203125, 0.1060028076171875, 0.815460205078125, -0.5554656982421875]
