438070, 439.8291931152344, [1000.0, 230.0, 235.0, 90.0, 126.0, 132.0, 217.0, 208.0, 81.0, 1000.0, 0.0, 750.0, 0.0, 1000.0, 893.0, 999.0, 999.0, 999.0, 999.0, 541.0, 571.0, 0.0, 9.0], [-17.04195785522461, -5.156383037567139, 130.33587646484375], [0.4209442138671875, -0.02178955078125, -0.15301513671875, 0.893798828125], [-27.962499618530273, 9.559728622436523, -170.5047607421875], [0.10009765625, 0.0606536865234375, 0.2466278076171875, -0.962005615234375]
438130, 439.8893737792969, [1000.0, 230.0, 235.0, 90.0, 125.0, 132.0, 216.0, 209.0, 80.0, 1000.0, 0.0, 1000.0, 0.0, 1000.0, 892.0, 999.0, 999.0, 999.0, 999.0, 540.0, 571.0, 0.0, 8.0], [-17.016809463500977, -5.244154453277588, 130.43650817871094], [0.420257568359375, -0.0208740234375, -0.1531524658203125, 0.894134521484375], [-27.598308563232422, 9.437058448791504, -170.45420837402344], [0.1000823974609375, 0.0598297119140625, 0.2435302734375, -0.9628448486328125]
438180, 439.9393310546875, [1000.0, 230.0, 235.0, 90.0, 125.0, 132.0, 216.0, 209.0, 80.0, 1000.0, 0.0, 1000.0, 0.0, 1000.0, 893.0, 999.0, 999.0, 999.0, 999.0, 540.0, 571.0, 0.0, 8.0], [-16.966602325439453, -5.304877281188965, 130.4898681640625], [0.4199066162109375, -0.0201416015625, -0.152984619140625, 0.8943328857421875], [-28.07573699951172, 9.494117736816406, -170.5377960205078], [0.0997467041015625, 0.0600738525390625, 0.247528076171875, -0.96185302734375]
438240, 439.9994812011719, [1000.0, 230.0, 235.0, 90.0, 124.0, 132.0, 215.0, 209.0, 80.0, 1000.0, 0.0, 1000.0, 0.0, 1000.0, 893.0, 999.0, 999.0, 999.0, 999.0, 540.0, 570.0, 0.0, 8.0], [-16.987781524658203, -5.312854290008545, 130.60377502441406], [0.4190216064453125, -0.0200042724609375, -0.1531982421875, 0.89471435546875], [-27.689538955688477, 9.38098430633545, -170.46278381347656], [0.099945068359375, 0.059295654296875, 0.2442626953125, -0.96270751953125]
438290, 440.0494079589844, [1000.0, 229.0, 235.0, 89.0, 123.0, 132.0, 215.0, 209.0, 79.0, 1000.0, 0.0, 1000.0, 0.0, 1000.0, 894.0, 999.0, 999.0, 999.0, 999.0, 540.0, 570.0, 0.0, 7.0], [-17.021011352539062, -5.3021392822265625, 130.723388671875], [0.4180755615234375, -0.020050048828125, -0.1534423828125, 0.8951263427734375], [-27.86330795288086, 9.590060234069824, -170.48760986328125], [0.100250244140625, 0.0609588623046875, 0.245819091796875, -0.9621734619140625]
438340, 440.1094970703125, [1000.0, 230.0, 235.0, 89.0, 123.0, 132.0, 215.0, 209.0, 79.0, 1000.0, 0.0, 750.0, 0.0, 1000.0, 895.0, 999.0, 999.0, 999.0, 999.0, 540.0, 571.0, 0.0, 7.0], [-16.999635696411133, -5.275452613830566, 130.82199096679688], [0.4172821044921875, -0.020050048828125, -0.1531982421875, 0.895538330078125], [-27.659631729125977, 9.686371803283691, -170.46693420410156], [0.1005096435546875, 0.0619049072265625, 0.244171142578125, -0.9625091552734375]
438400, 440.159423828125, [1000.0, 232.0, 235.0, 89.0, 122.0, 131.0, 214.0, 208.0, 79.0, 1000.0, 0.0, 1000.0, 0.0, 1000.0, 916.0, 999.0, 999.0, 999.0, 999.0, 541.0, 571.0, 0.0, 6.0], [-16.878019332885742, -5.195012092590332, 130.98814392089844], [0.415924072265625, -0.02001953125, -0.1519927978515625, 0.8963775634765625], [-27.58263397216797, 9.602710723876953, -170.4583282470703], [0.100372314453125, 0.061248779296875, 0.2434844970703125, -0.962738037109375]
438450, 440.219482421875, [1000.0, 233.0, 235.0, 89.0, 122.0, 130.0, 213.0, 207.0, 79.0, 1000.0, 0.0, 1000.0, 0.0, 1000.0, 916.0, 999.0, 999.0, 999.0, 999.0, 541.0, 570.0, 0.0, 5.0], [-16.654281616210938, -5.161122798919678, 131.13088989257812], [0.4148101806640625, -0.019287109375, -0.150146484375, 0.897216796875], [-27.551021575927734, 9.672308921813965, -170.45651245117188], [0.1005096435546875, 0.061859130859375, 0.243255615234375, -0.962738037109375]
438510, 440.2695007324219, [1000.0, 232.0, 237.0, 89.0, 122.0, 130.0, 213.0, 207.0, 78.0, 1000.0, 0.0, 1000.0, 0.0, 1000.0, 926.0, 999.0, 999.0, 999.0, 999.0, 544.0, 570.0, 0.0, 3.0], [-16.23031234741211, -5.438754081726074, 131.545166015625], [0.411895751953125, -0.0150299072265625, -0.147857666015625, 0.899017333984375], [-25.880338668823242, 9.910682678222656, -170.07737731933594], [0.103240966796875, 0.0645751953125, 0.2295379638671875, -0.96563720703125]
438550, 440.3201599121094, [1000.0, 231.0, 248.0, 89.0, 122.0, 129.0, 213.0, 205.0, 78.0, 1000.0, 0.0, 1000.0, 0.0, 1000.0, 922.0, 999.0, 999.0, 999.0, 999.0, 544.0, 573.0, 0.0, 1.0], [-14.54786205291748, -6.777604579925537, 131.9569854736328], [0.4099273681640625, 0.002105712890625, -0.139312744140625, 0.901397705078125], [-24.319080352783203, 10.642083168029785, -169.4630584716797], [0.10882568359375, 0.071014404296875, 0.2171630859375, -0.967437744140625]
438610, 440.3794860839844, [1000.0, 229.0, 257.0, 94.0, 121.0, 140.0, 214.0, 206.0, 80.0, 1000.0, 0.0, 750.0, 0.0, 1000.0, 942.0, 999.0, 999.0, 999.0, 999.0, 548.0, 571.0, 0.0, 5.0], [-11.289956092834473, -6.187836170196533, 132.21128845214844], [0.4073486328125, 0.0093231201171875, -0.1115570068359375, 0.9063720703125], [-21.72684097290039, 12.732626914978027, -167.9170379638672], [0.123504638671875, 0.0885772705078125, 0.197723388671875, -0.9683837890625]
438670, 440.4293212890625, [1000.0, 227.0, 309.0, 103.0, 122.0, 164.0, 236.0, 207.0, 85.0, 1000.0, 0.0, 1000.0, 0.0, 1000.0, 926.0, 999.0, 999.0, 999.0, 999.0, 543.0, 564.0, 0.0, 17.0], [-10.671573638916016, -2.8156843185424805, 132.24815368652344], [0.40496826171875, -0.0152587890625, -0.09490966796875, 0.9092559814453125], [-20.462934494018555, 16.44318389892578, -165.85525512695312], [0.1451263427734375, 0.118011474609375, 0.1917877197265625, -0.96343994140625]
438720, 440.4894714355469, [1000.0, 228.0, 324.0, 109.0, 127.0, 183.0, 260.0, 208.0, 89.0, 1000.0, 0.0, 750.0, 0.0, 1000.0, 918.0, 999.0, 999.0, 999.0, 999.0, 537.0, 565.0, 0.0, 33.0], [-10.97651195526123, 1.4185340404510498, 131.06112670898438], [0.41119384765625, -0.0508270263671875, -0.081939697265625, 0.9064178466796875], [-18.52244758605957, 20.180320739746094, -164.0919647216797], [0.162384033203125, 0.149322509765625, 0.18084716796875, -0.95843505859375]
438770, 440.53948974609375, [1000.0, 226.0, 337.0, 112.0, 146.0, 192.0, 338.0, 204.0, 99.0, 1000.0, 0.0, 1000.0, 0.0, 1000.0, 924.0, 999.0, 999.0, 999.0, 999.0, 530.0, 577.0, 0.0, 51.0], [-11.105414390563965, 4.639291763305664, 128.41281127929688], [0.42919921875, -0.078338623046875, -0.06951904296875, 0.8970947265625], [-16.71529769897461, 23.526840209960938, -163.05911254882812], [0.1719818115234375, 0.1785430908203125, 0.1704559326171875, -0.9536590576171875]
438830, 440.5994873046875, [1000.0, 227.0, 333.0, 113.0, 173.0, 196.0, 441.0, 200.0, 114.0, 1000.0, 0.0, 1000.0, 0.0, 1000.0, 922.0, 999.0, 999.0, 999.0, 999.0, 525.0, 580.0, 0.0, 59.0], [-13.078490257263184, 3.6654388904571533, 125.49434661865234], [0.4514617919921875, -0.0803680419921875, -0.086639404296875, 0.8844146728515625], [-18.13157844543457, 25.179574966430664, -163.9100799560547], [0.16888427734375, 0.1916046142578125, 0.1823883056640625, -0.949462890625]
438880, 440.64947509765625, [1000.0, 224.0, 325.0, 113.0, 206.0, 200.0, 504.0, 198.0, 128.0, 1000.0, 0.0, 750.0, 0.0, 1000.0, 920.0, 999.0, 999.0, 999.0, 999.0, 519.0, 579.0, 0.0, 81.0], [-12.715831756591797, -0.16156738996505737, 122.03730010986328], [0.4816741943359375, -0.05242919921875, -0.0975494384765625, 0.8693084716796875], [-17.184375762939453, 25.74790382385254, -164.73387145996094], [0.1610260009765625, 0.199005126953125, 0.173614501953125, -0.9509429931640625]
438940, 440.7095031738281, [1000.0, 223.0, 307.0, 112.0, 237.0, 202.0, 524.0, 198.0, 147.0, 1000.0, 0.0, 750.0, 0.0, 1000.0, 934.0, 999.0, 999.0, 999.0, 999.0, 513.0, 571.0, 0.0, 116.0], [-12.649636268615723, -8.77820110321045, 117.52347564697266], [0.5211334228515625, 0.0080718994140625, -0.13336181640625, 0.8429412841796875], [-16.2482967376709, 24.876585006713867, -165.89747619628906], [0.1488800048828125, 0.194671630859375, 0.1631317138671875, -0.9556732177734375]
438990, 440.7594299316406, [1000.0, 223.0, 297.0, 110.0, 240.0, 197.0, 513.0, 203.0, 163.0, 1000.0, 0.0, 1000.0, 0.0, 1000.0, 932.0, 999.0, 999.0, 999.0, 999.0, 509.0, 570.0, 0.0, 145.0], [-8.892480850219727, -14.039466857910156, 114.31441497802734], [0.5446014404296875, 0.060638427734375, -0.1307220458984375, 0.826202392578125], [-14.612542152404785, 22.939285278320312, -166.011962890625], [0.143463134765625, 0.1805877685546875, 0.1477203369140625, -0.9617462158203125]
439040, 440.80938720703125, [1000.0, 222.0, 289.0, 111.0, 245.0, 198.0, 510.0, 210.0, 188.0, 1000.0, 0.0, 750.0, 0.0, 1000.0, 927.0, 999.0, 999.0, 999.0, 999.0, 500.0, 571.0, 0.0, 176.0], [-2.7614006996154785, -21.384916305541992, 109.66194915771484], [0.5694732666015625, 0.1379852294921875, -0.126190185546875, 0.800445556640625], [-11.99437141418457, 21.173572540283203, -166.22474670410156], [0.13629150390625, 0.1690826416015625, 0.123870849609375, -0.968231201171875]
439100, 440.8695983886719, [1000.0, 221.0, 275.0, 111.0, 241.0, 209.0, 495.0, 227.0, 202.0, 1000.0, 0.0, 750.0, 0.0, 1000.0, 915.0, 999.0, 999.0, 999.0, 999.0, 494.0, 578.0, 0.0, 202.0], [0.9958509802818298, -25.53239631652832, 106.3580093383789], [0.5829315185546875, 0.1819610595703125, -0.125640869140625, 0.781829833984375], [-11.442852020263672, 19.681570053100586, -166.9167022705078], [0.1286163330078125, 0.1577606201171875, 0.1169586181640625, -0.9720458984375]
439150, 440.9198303222656, [1000.0, 220.0, 262.0, 113.0, 239.0, 225.0, 478.0, 263.0, 199.0, 1000.0, 0.0, 1000.0, 0.0, 1000.0, 913.0, 999.0, 999.0, 999.0, 999.0, 491.0, 587.0, 0.0, 231.0], [3.346684694290161, -27.40519905090332, 104.02047729492188], [0.59228515625, 0.204071044921875, -0.123382568359375, 0.7696075439453125], [-10.753833770751953, 18.417268753051758, -167.50830078125], [0.121826171875, 0.1483154296875, 0.109283447265625, -0.9752960205078125]
439210, 440.9795227050781, [1000.0, 221.0, 244.0, 115.0, 233.0, 250.0, 435.0, 324.0, 182.0, 1000.0, 0.0, 1000.0, 0.0, 1000.0, 929.0, 999.0, 999.0, 999.0, 999.0, 490.0, 610.0, 0.0, 329.0], [5.925868988037109, -31.18122100830078, 100.60258483886719], [0.603729248046875, 0.238311767578125, -0.1331329345703125, 0.7489776611328125], [-11.426665306091309, 17.030607223510742, -169.20338439941406], [0.1072540283203125, 0.137420654296875, 0.11187744140625, -0.978302001953125]
439260, 441.0296936035156, [1000.0, 222.0, 235.0, 116.0, 243.0, 257.0, 429.0, 373.0, 172.0, 1000.0, 0.0, 1000.0, 0.0, 1000.0, 895.0, 999.0, 979.0, 999.0, 999.0, 490.0, 624.0, 0.0, 435.0], [11.428860664367676, -31.216060638427734, 95.39073944091797], [0.625213623046875, 0.262542724609375, -0.1092681884765625, 0.7267913818359375], [-13.4252347946167, 17.34160614013672, -172.1953582763672], [0.0843963623046875, 0.141510009765625, 0.1254730224609375, -0.978302001953125]
439310, 441.07977294921875, [1000.0, 225.0, 225.0, 117.0, 470.0, 255.0, 457.0, 300.0, 160.0, 1000.0, 37.0, 1000.0, 0.0, 1000.0, 375.0, 999.0, 926.0, 999.0, 999.0, 490.0, 678.0, 0.0, 463.0], [9.189620018005371, -34.13180160522461, 92.23905181884766], [0.6435546875, 0.2639312744140625, -0.1475677490234375, 0.703125], [-16.456096649169922, 17.505868911743164, -175.80238342285156], [0.057586669921875, 0.14532470703125, 0.1468658447265625, -0.976715087890625]
439370, 441.1394958496094, [1000.0, 225.0, 253.0, 117.0, 783.0, 239.0, 666.0, 272.0, 165.0, 1000.0, 106.0, 750.0, 0.0, 1000.0, 249.0, 999.0, 970.0, 999.0, 999.0, 485.0, 702.0, 0.0, 466.0], [9.826249122619629, -33.31064987182617, 89.45205688476562], [0.660888671875, 0.259246826171875, -0.1451416015625, 0.68914794921875], [-19.19676399230957, 17.438833236694336, -179.26174926757812], [0.03155517578125, 0.148406982421875, 0.165771484375, -0.9744110107421875]
439420, 441.1897888183594, [1000.0, 222.0, 461.0, 114.0, 880.0, 217.0, 859.0, 288.0, 352.0, 1000.0, 116.0, 1000.0, 0.0, 1000.0, 214.0, 999.0, 989.0, 999.0, 999.0, 479.0, 711.0, 0.0, 411.0], [9.044541358947754, -35.57456588745117, 87.81168365478516], [0.6671905517578125, 0.2652740478515625, -0.1673431396484375, 0.6756134033203125], [-21.448984146118164, 16.93118667602539, 178.03321838378906], [0.010711669921875, 0.1477813720703125, 0.181549072265625, -0.9721527099609375]
439480, 441.2494812011719, [1000.0, 225.0, 696.0, 102.0, 955.0, 169.0, 931.0, 212.0, 737.0, 1000.0, 120.0, 1000.0, 0.0, 1000.0, 153.0, 999.0, 999.0, 999.0, 999.0, 472.0, 724.0, 0.0, 364.0], [7.839272975921631, -38.26198196411133, 86.37860870361328], [0.671875, 0.2708587646484375, -0.194183349609375, 0.6614227294921875], [-24.10004997253418, 16.081096649169922, 175.44451904296875], [-0.009307861328125, 0.1448974609375, 0.20111083984375, -0.9687347412109375]
439530, 441.2998046875, [1000.0, 225.0, 757.0, 94.0, 982.0, 135.0, 960.0, 201.0, 858.0, 1000.0, 111.0, 1000.0, 0.0, 1000.0, 140.0, 999.0, 999.0, 998.0, 999.0, 467.0, 735.0, 0.0, 336.0], [7.172484397888184, -39.67622756958008, 86.00582122802734], [0.672088623046875, 0.2740325927734375, -0.2075653076171875, 0.65582275390625], [-25.81404685974121, 15.332467079162598, 174.222900390625], [-0.0189208984375, 0.141021728515625, 0.21453857421875, -0.9662933349609375]
439580, 441.3496398925781, [1000.0, 224.0, 821.0, 87.0, 1000.0, 99.0, 986.0, 191.0, 949.0, 1000.0, 92.0, 1000.0, 0.0, 1000.0, 139.0, 999.0, 999.0, 998.0, 999.0, 457.0, 742.0, 0.0, 297.0], [6.0419769287109375, -40.50288009643555, 86.3360595703125], [0.6708221435546875, 0.2725372314453125, -0.2182769775390625, 0.6542510986328125], [-26.875307083129883, 14.870658874511719, 173.8328857421875], [-0.0218505859375, 0.1380767822265625, 0.22332763671875, -0.96466064453125]
439640, 441.4095764160156, [1000.0, 222.0, 879.0, 83.0, 1000.0, 86.0, 991.0, 181.0, 980.0, 1000.0, 81.0, 1000.0, 0.0, 1000.0, 130.0, 999.0, 999.0, 998.0, 999.0, 449.0, 743.0, 0.0, 293.0], [-1.0639081001281738, -45.111839294433594, 91.01094055175781], [0.6497344970703125, 0.2675933837890625, -0.274932861328125, 0.656219482421875], [-29.735923767089844, 13.320866584777832, 173.06016540527344], [-0.0283966064453125, 0.1273193359375, 0.2476043701171875, -0.96002197265625]
439690, 441.4595947265625, [1000.0, 220.0, 933.0, 81.0, 1000.0, 72.0, 1000.0, 174.0, 1000.0, 1000.0, 72.0, 750.0, 0.0, 1000.0, 157.0, 999.0, 999.0, 999.0, 999.0, 444.0, 752.0, 0.0, 318.0], [-0.9020075798034668, -43.50999069213867, 91.4595947265625], [0.650390625, 0.260284423828125, -0.263946533203125, 0.662994384765625], [-29.221721649169922, 13.060102462768555, 173.47433471679688], [-0.0260772705078125, 0.1241302490234375, 0.2439422607421875, -0.9614410400390625]
439750, 441.51971435546875, [1000.0, 219.0, 978.0, 82.0, 1000.0, 99.0, 1000.0, 166.0, 1000.0, 1000.0, 59.0, 1000.0, 0.0, 1000.0, 235.0, 999.0, 880.0, 999.0, 999.0, 439.0, 757.0, 0.0, 293.0], [-6.223498821258545, -42.97016525268555, 95.54654693603516], [0.63916015625, 0.2368621826171875, -0.2831878662109375, 0.674652099609375], [-33.0433464050293, 13.442347526550293, 174.07603454589844], [-0.015960693359375, 0.12664794921875, 0.2762451171875, -0.9525604248046875]
439800, 441.5694885253906, [1000.0, 216.0, 1000.0, 80.0, 1000.0, 124.0, 1000.0, 155.0, 1000.0, 1000.0, 56.0, 750.0, 0.0, 1000.0, 308.0, 999.0, 999.0, 999.0, 999.0, 432.0, 750.0, 0.0, 257.0], [-6.074913024902344, -37.75230026245117, 96.59100341796875], [0.64141845703125, 0.2078399658203125, -0.2523651123046875, 0.69403076171875], [-29.868213653564453, 14.834250450134277, 175.5941925048828], [-0.0035858154296875, 0.13446044921875, 0.2505645751953125, -0.9586944580078125]
439850, 441.6196594238281, [1000.0, 219.0, 1000.0, 86.0, 1000.0, 141.0, 1000.0, 143.0, 1000.0, 1000.0, 107.0, 1000.0, 0.0, 1000.0, 331.0, 999.0, 999.0, 999.0, 999.0, 427.0, 742.0, 0.0, 421.0], [-9.043000221252441, -33.372737884521484, 98.71826171875], [0.6391143798828125, 0.1680145263671875, -0.2437286376953125, 0.7098388671875], [-30.931249618530273, 15.818727493286133, 176.4265899658203], [0.0069122314453125, 0.1407928466796875, 0.259857177734375, -0.955291748046875]
439910, 441.6798400878906, [1000.0, 230.0, 1000.0, 99.0, 976.0, 291.0, 982.0, 400.0, 960.0, 1000.0, 619.0, 1000.0, 0.0, 1000.0, 432.0, 999.0, 999.0, 999.0, 999.0, 423.0, 726.0, 0.0, 709.0], [-15.143864631652832, -29.501264572143555, 102.33301544189453], [0.627227783203125, 0.11669921875, -0.2575225830078125, 0.725677490234375], [-35.45878982543945, 16.774839401245117, 176.21682739257812], [0.0132904052734375, 0.1488037109375, 0.2965087890625, -0.9432525634765625]
439960, 441.7298278808594, [1000.0, 250.0, 1000.0, 123.0, 836.0, 701.0, 852.0, 794.0, 667.0, 1000.0, 891.0, 1000.0, 0.0, 1000.0, 474.0, 999.0, 999.0, 999.0, 999.0, 419.0, 710.0, 0.0, 806.0], [-15.396174430847168, -27.108787536621094, 102.67102813720703], [0.6263885498046875, 0.0999908447265625, -0.2467803955078125, 0.73260498046875], [-42.09514236450195, 17.15020179748535, 175.096435546875], [0.0140228271484375, 0.1542205810546875, 0.348846435546875, -0.924285888671875]
440010, 441.7796936035156, [1000.0, 264.0, 994.0, 181.0, 646.0, 831.0, 617.0, 913.0, 469.0, 1000.0, 922.0, 1000.0, 0.0, 1000.0, 384.0, 999.0, 999.0, 997.0, 999.0, 417.0, 693.0, 0.0, 861.0], [-20.853567123413086, -27.602092742919922, 105.28300476074219], [0.613861083984375, 0.079833984375, -0.2820587158203125, 0.7329559326171875], [-47.91130828857422, 17.115447998046875, 173.7283935546875], [0.010894775390625, 0.157745361328125, 0.393463134765625, -0.9056243896484375]
440070, 441.83953857421875, [1000.0, 267.0, 965.0, 251.0, 609.0, 828.0, 521.0, 931.0, 390.0, 1000.0, 906.0, 750.0, 0.0, 1000.0, 198.0, 999.0, 782.0, 992.0, 999.0, 419.0, 671.0, 0.0, 862.0], [-32.57915115356445, -31.2183895111084, 109.99406433105469], [0.59210205078125, 0.0565948486328125, -0.3694305419921875, 0.7139434814453125], [-61.162906646728516, 15.9387788772583, 169.4741973876953], [-0.007965087890625, 0.165069580078125, 0.4907684326171875, -0.8554534912109375]
440120, 441.88934326171875, [1000.0, 270.0, 940.0, 312.0, 702.0, 810.0, 472.0, 929.0, 364.0, 1000.0, 886.0, 1000.0, 0.0, 1000.0, 180.0, 999.0, 616.0, 992.0, 999.0, 421.0, 663.0, 0.0, 865.0], [-48.47710037231445, -34.00835418701172, 117.09808349609375], [0.5573883056640625, 0.02264404296875, -0.4740447998046875, 0.6812286376953125], [-74.42018127441406, 14.7105131149292, 165.49664306640625], [-0.0229034423828125, 0.176849365234375, 0.58209228515625, -0.7933197021484375]
440180, 441.94976806640625, [1000.0, 269.0, 925.0, 326.0, 696.0, 781.0, 433.0, 891.0, 338.0, 1000.0, 882.0, 1000.0, 0.0, 1000.0, 231.0, 999.0, 610.0, 992.0, 999.0, 423.0, 660.0, 0.0, 871.0], [-68.82392883300781, -31.73330307006836, 127.7156982421875], [0.48834228515625, -0.0370330810546875, -0.587371826171875, 0.6443023681640625], [-89.51317596435547, 13.856648445129395, 161.0071563720703], [-0.03253173828125, 0.199798583984375, 0.67523193359375, -0.709259033203125]
440230, 441.9996643066406, [1000.0, 271.0, 933.0, 311.0, 676.0, 760.0, 391.0, 871.0, 294.0, 1000.0, 907.0, 750.0, 0.0, 1000.0, 239.0, 999.0, 829.0, 975.0, 999.0, 424.0, 659.0, 0.0, 875.0], [-90.23973846435547, -28.592456817626953, 136.17015075683594], [0.4175262451171875, -0.0946197509765625, -0.7020416259765625, 0.5690460205078125], [-103.16969299316406, 12.576273918151855, 157.68348693847656], [-0.0353240966796875, 0.2174835205078125, 0.75091552734375, -0.6225433349609375]
440250, 442.0494689941406, [1000.0, 271.0, 942.0, 306.0, 693.0, 757.0, 381.0, 870.0, 280.0, 1000.0, 916.0, 1000.0, 0.0, 1000.0, 223.0, 999.0, 873.0, 963.0, 999.0, 424.0, 659.0, 0.0, 881.0], [-94.02864837646484, -28.61532974243164, 137.52413940429688], [0.4078216552734375, -0.0997161865234375, -0.7217254638671875, 0.5503082275390625], [-107.48822021484375, 12.206782341003418, 157.05926513671875], [-0.0329132080078125, 0.2210693359375, 0.773284912109375, -0.5933380126953125]
440280, 442.05938720703125, [1000.0, 273.0, 957.0, 297.0, 698.0, 759.0, 365.0, 872.0, 259.0, 1000.0, 921.0, 1000.0, 0.0, 1000.0, 221.0, 999.0, 950.0, 960.0, 999.0, 426.0, 663.0, 0.0, 888.0], [-101.15962982177734, -26.076196670532227, 139.0277557373047], [0.3797607421875, -0.1291961669921875, -0.755126953125, 0.5185089111328125], [-112.81791687011719, 11.847028732299805, 156.41964721679688], [-0.028289794921875, 0.225189208984375, 0.799407958984375, -0.5562591552734375]
440340, 442.1094665527344, [1000.0, 275.0, 977.0, 251.0, 642.0, 760.0, 317.0, 880.0, 209.0, 1000.0, 931.0, 1000.0, 0.0, 1000.0, 224.0, 999.0, 929.0, 960.0, 999.0, 430.0, 668.0, 0.0, 893.0], [-113.75132751464844, -22.08483123779297, 141.01686096191406], [0.330169677734375, -0.17559814453125, -0.809783935546875, 0.4520721435546875], [-122.43577575683594, 10.556305885314941, 155.51478576660156], [-0.0228729248046875, 0.2283477783203125, 0.8434906005859375, -0.485626220703125]
440390, 442.1595153808594, [1000.0, 277.0, 995.0, 201.0, 625.0, 780.0, 288.0, 892.0, 183.0, 1000.0, 923.0, 1000.0, 0.0, 1000.0, 288.0, 999.0, 999.0, 974.0, 999.0, 435.0, 684.0, 52.0, 898.0], [-121.4922866821289, -19.523576736450195, 141.69862365722656], [0.2977294921875, -0.20379638671875, -0.83941650390625, 0.4064178466796875], [-126.75990295410156, 9.068434715270996, 155.05372619628906], [-0.0274658203125, 0.2270660400390625, 0.8625030517578125, -0.451385498046875]
440450, 442.21978759765625, [1000.0, 280.0, 1000.0, 162.0, 586.0, 751.0, 271.0, 889.0, 171.0, 1000.0, 919.0, 1000.0, 0.0, 1000.0, 354.0, 999.0, 999.0, 999.0, 999.0, 444.0, 687.0, 95.0, 885.0], [-121.8166275024414, -13.583252906799316, 142.72805786132812], [0.252197265625, -0.2227935791015625, -0.840576171875, 0.4244537353515625], [-130.32803344726562, 7.988857746124268, 154.40252685546875], [-0.0311737060546875, 0.2290802001953125, 0.8763275146484375, -0.4225921630859375]
440500, 442.26947021484375, [1000.0, 282.0, 996.0, 140.0, 601.0, 683.0, 258.0, 892.0, 172.0, 1000.0, 924.0, 1000.0, 0.0, 1000.0, 392.0, 999.0, 999.0, 999.0, 999.0, 449.0, 682.0, 46.0, 876.0], [-123.3473892211914, -10.633243560791016, 145.177978515625], [0.2191925048828125, -0.220306396484375, -0.849456787109375, 0.4263916015625], [-129.17193603515625, 8.132951736450195, 154.58631896972656], [-0.03167724609375, 0.2278594970703125, 0.8721771240234375, -0.431671142578125]
440550, 442.32958984375, [1000.0, 286.0, 978.0, 129.0, 548.0, 615.0, 241.0, 880.0, 215.0, 1000.0, 938.0, 1000.0, 0.0, 1000.0, 435.0, 999.0, 999.0, 965.0, 999.0, 450.0, 622.0, 0.0, 854.0], [-115.10401916503906, -9.289721488952637, 143.86830139160156], [0.230804443359375, -0.2195281982421875, -0.8131103515625, 0.487213134765625], [-121.69410705566406, 9.697553634643555, 154.58973693847656], [-0.0347442626953125, 0.2315521240234375, 0.8398284912109375, -0.48974609375]
440610, 442.3796691894531, [1000.0, 286.0, 951.0, 124.0, 581.0, 549.0, 222.0, 840.0, 239.0, 1000.0, 937.0, 1000.0, 0.0, 1000.0, 499.0, 999.0, 999.0, 966.0, 999.0, 451.0, 597.0, 44.0, 767.0], [-104.91426849365234, -7.369431495666504, 142.8284149169922], [0.2421112060546875, -0.2150726318359375, -0.7624664306640625, 0.5601348876953125], [-114.84954071044922, 11.424423217773438, 155.0634765625], [-0.0337677001953125, 0.2333526611328125, 0.8071441650390625, -0.54119873046875]
440630, 442.4302062988281, [1000.0, 284.0, 940.0, 124.0, 594.0, 537.0, 218.0, 828.0, 240.0, 1000.0, 929.0, 750.0, 0.0, 1000.0, 521.0, 999.0, 930.0, 971.0, 999.0, 452.0, 593.0, 33.0, 747.0], [-101.87554168701172, -6.607650279998779, 142.3517608642578], [0.2453460693359375, -0.2157440185546875, -0.74542236328125, 0.581024169921875], [-112.97132873535156, 11.894918441772461, 155.50201416015625], [-0.0320892333984375, 0.231842041015625, 0.7982330322265625, -0.55499267578125]
440660, 442.4394836425781, [1000.0, 282.0, 929.0, 124.0, 603.0, 531.0, 214.0, 816.0, 237.0, 1000.0, 914.0, 1000.0, 0.0, 1000.0, 630.0, 999.0, 736.0, 977.0, 999.0, 451.0, 590.0, 0.0, 735.0], [-97.70242309570312, -5.370743274688721, 141.26271057128906], [0.2512664794921875, -0.220367431640625, -0.719818115234375, 0.6083831787109375], [-110.94741821289062, 12.357112884521484, 156.06394958496094], [-0.0301055908203125, 0.229522705078125, 0.7886199951171875, -0.5696258544921875]
440720, 442.489501953125, [1000.0, 285.0, 919.0, 127.0, 615.0, 524.0, 205.0, 814.0, 222.0, 1000.0, 868.0, 1000.0, 0.0, 1000.0, 724.0, 999.0, 684.0, 983.0, 999.0, 444.0, 588.0, 0.0, 732.0], [-92.84551239013672, -2.9857985973358154, 139.9424285888672], [0.2537384033203125, -0.2311553955078125, -0.6865386962890625, 0.6409454345703125], [-108.35920715332031, 13.530261993408203, 157.72544860839844], [-0.0185394287109375, 0.223175048828125, 0.7767181396484375, -0.5886688232421875]
440760, 442.53948974609375, [1000.0, 285.0, 915.0, 130.0, 628.0, 517.0, 200.0, 818.0, 217.0, 1000.0, 856.0, 1000.0, 0.0, 1000.0, 769.0, 999.0, 626.0, 989.0, 999.0, 443.0, 586.0, 0.0, 724.0], [-91.46273803710938, -2.0201218128204346, 139.41336059570312], [0.2538909912109375, -0.2367706298828125, -0.67578125, 0.65020751953125], [-107.0318832397461, 14.608941078186035, 159.13560485839844], [-0.006256103515625, 0.21875, 0.7706146240234375, -0.5985260009765625]
440770, 442.5494079589844, [1000.0, 285.0, 912.0, 131.0, 633.0, 518.0, 199.0, 818.0, 215.0, 1000.0, 854.0, 1000.0, 0.0, 1000.0, 781.0, 999.0, 616.0, 991.0, 999.0, 442.0, 586.0, 0.0, 723.0], [-91.11925506591797, -1.832537055015564, 139.40530395507812], [0.2535552978515625, -0.2371368408203125, -0.673431396484375, 0.6526336669921875], [-106.87063598632812, 14.83812427520752, 159.36790466308594], [-0.003753662109375, 0.2183074951171875, 0.769805908203125, -0.599761962890625]
440820, 442.5996398925781, [1000.0, 287.0, 905.0, 138.0, 647.0, 515.0, 195.0, 816.0, 214.0, 1000.0, 809.0, 1000.0, 0.0, 1000.0, 780.0, 999.0, 750.0, 987.0, 999.0, 439.0, 588.0, 0.0, 716.0], [-92.30841064453125, -1.9221177101135254, 139.947509765625], [0.2485504150390625, -0.23602294921875, -0.6814727783203125, 0.6465911865234375], [-107.02503204345703, 15.575970649719238, 160.75401306152344], [0.0089263916015625, 0.2126007080078125, 0.771881103515625, -0.5990753173828125]
440880, 442.64947509765625, [1000.0, 286.0, 898.0, 146.0, 637.0, 511.0, 191.0, 823.0, 216.0, 1000.0, 796.0, 1000.0, 0.0, 1000.0, 847.0, 999.0, 922.0, 985.0, 999.0, 436.0, 576.0, 0.0, 727.0], [-93.77473449707031, -2.948741912841797, 141.09129333496094], [0.2452545166015625, -0.226470947265625, -0.6939544677734375, 0.637939453125], [-106.87567138671875, 16.189647674560547, 162.23980712890625], [0.0207061767578125, 0.20562744140625, 0.7727203369140625, -0.6001434326171875]
440930, 442.70941162109375, [1000.0, 287.0, 896.0, 152.0, 625.0, 511.0, 187.0, 825.0, 220.0, 1000.0, 773.0, 1000.0, 0.0, 1000.0, 852.0, 999.0, 999.0, 984.0, 999.0, 435.0, 573.0, 0.0, 725.0], [-93.50494384765625, -2.968538761138916, 141.1614227294922], [0.245513916015625, -0.2253570556640625, -0.692626953125, 0.639678955078125], [-106.8108901977539, 16.29872703552246, 163.50595092773438], [0.027984619140625, 0.1976318359375, 0.7744140625, -0.600341796875]
440990, 442.7594909667969, [1000.0, 290.0, 894.0, 157.0, 622.0, 512.0, 182.0, 820.0, 222.0, 1000.0, 752.0, 750.0, 0.0, 1000.0, 842.0, 999.0, 999.0, 983.0, 999.0, 433.0, 566.0, 0.0, 715.0], [-95.30707550048828, -3.6257131099700928, 141.45130920410156], [0.2443084716796875, -0.223724365234375, -0.7043304443359375, 0.6278076171875], [-108.04108428955078, 15.744115829467773, 164.5382537841797], [0.0315399169921875, 0.18756103515625, 0.783477783203125, -0.5915679931640625]
441010, 442.8102722167969, [1000.0, 289.0, 895.0, 158.0, 621.0, 515.0, 181.0, 821.0, 223.0, 1000.0, 749.0, 750.0, 0.0, 1000.0, 836.0, 999.0, 998.0, 984.0, 999.0, 433.0, 565.0, 0.0, 716.0], [-95.80889892578125, -3.694911003112793, 141.42095947265625], [0.2439117431640625, -0.2245941162109375, -0.7071380615234375, 0.6244964599609375], [-108.33173370361328, 15.556884765625, 164.74940490722656], [0.0317840576171875, 0.18511962890625, 0.7856292724609375, -0.5894775390625]
441040, 442.81939697265625, [1000.0, 290.0, 894.0, 160.0, 619.0, 515.0, 180.0, 822.0, 226.0, 1000.0, 742.0, 1000.0, 0.0, 1000.0, 829.0, 999.0, 985.0, 984.0, 999.0, 432.0, 564.0, 0.0, 714.0], [-96.20275115966797, -3.782945394515991, 141.07015991210938], [0.245574951171875, -0.22711181640625, -0.708740234375, 0.6211090087890625], [-108.71687316894531, 15.172685623168945, 164.87429809570312], [0.03033447265625, 0.182281494140625, 0.788421630859375, -0.586700439453125]
441090, 442.8693542480469, [1000.0, 293.0, 894.0, 164.0, 616.0, 506.0, 177.0, 818.0, 232.0, 1000.0, 714.0, 1000.0, 0.0, 1000.0, 834.0, 999.0, 968.0, 999.0, 999.0, 431.0, 565.0, 0.0, 706.0], [-97.2864761352539, -3.9965269565582275, 140.8531951904297], [0.245880126953125, -0.2295989990234375, -0.714508056640625, 0.6134033203125], [-109.77465057373047, 14.222119331359863, 164.615478515625], [0.023956298828125, 0.1792144775390625, 0.794891357421875, -0.5791778564453125]
441120, 442.9195556640625, [1000.0, 295.0, 895.0, 165.0, 616.0, 501.0, 176.0, 819.0, 235.0, 1000.0, 711.0, 1000.0, 0.0, 1000.0, 831.0, 999.0, 976.0, 999.0, 999.0, 429.0, 564.0, 0.0, 710.0], [-97.87885284423828, -4.326810836791992, 140.9960479736328], [0.2459564208984375, -0.2281646728515625, -0.7185211181640625, 0.609222412109375], [-109.56581115722656, 13.855895042419434, 164.22300720214844], [0.01904296875, 0.180206298828125, 0.7937774658203125, -0.58056640625]
441150, 442.9293518066406, [1000.0, 296.0, 895.0, 166.0, 614.0, 500.0, 175.0, 820.0, 236.0, 1000.0, 713.0, 1000.0, 0.0, 1000.0, 831.0, 999.0, 996.0, 999.0, 999.0, 429.0, 563.0, 0.0, 723.0], [-98.12420654296875, -4.43336296081543, 140.97247314453125], [0.246246337890625, -0.2282562255859375, -0.7199554443359375, 0.6073760986328125], [-108.68167877197266, 13.773681640625, 164.1787872314453], [0.016845703125, 0.1802520751953125, 0.789337158203125, -0.5866546630859375]
441200, 442.97955322265625, [1000.0, 297.0, 894.0, 167.0, 612.0, 496.0, 174.0, 815.0, 239.0, 1000.0, 719.0, 1000.0, 0.0, 1000.0, 836.0, 999.0, 999.0, 999.0, 999.0, 428.0, 562.0, 0.0, 722.0], [-98.7165298461914, -4.4607720375061035, 140.9566192626953], [0.2453155517578125, -0.2294769287109375, -0.7230987548828125, 0.603546142578125], [-107.05889129638672, 13.286815643310547, 164.45187377929688], [0.0123138427734375, 0.176177978515625, 0.7821044921875, -0.597564697265625]
441250, 443.0297546386719, [1000.0, 298.0, 892.0, 166.0, 610.0, 489.0, 172.0, 811.0, 243.0, 1000.0, 713.0, 750.0, 0.0, 1000.0, 858.0, 999.0, 999.0, 999.0, 999.0, 427.0, 560.0, 0.0, 718.0], [-98.96215057373047, -4.72477912902832, 141.02752685546875], [0.2460784912109375, -0.228118896484375, -0.7249603271484375, 0.60150146484375], [-108.0159683227539, 13.600481986999512, 164.23033142089844], [0.0148468017578125, 0.17913818359375, 0.7862548828125, -0.591156005859375]
441310, 443.08953857421875, [1000.0, 299.0, 890.0, 167.0, 607.0, 485.0, 170.0, 808.0, 244.0, 1000.0, 709.0, 1000.0, 0.0, 1000.0, 862.0, 999.0, 999.0, 999.0, 999.0, 426.0, 560.0, 0.0, 727.0], [-98.56559753417969, -4.685781478881836, 140.91148376464844], [0.2472381591796875, -0.22821044921875, -0.7225799560546875, 0.603851318359375], [-106.23875427246094, 13.661190032958984, 164.59417724609375], [0.014404296875, 0.17718505859375, 0.7774658203125, -0.6032562255859375]
441360, 443.1398620605469, [1000.0, 300.0, 887.0, 167.0, 605.0, 482.0, 169.0, 806.0, 246.0, 1000.0, 703.0, 750.0, 0.0, 1000.0, 840.0, 999.0, 999.0, 999.0, 999.0, 426.0, 559.0, 0.0, 726.0], [-98.33653259277344, -4.591872692108154, 141.0189208984375], [0.246551513671875, -0.2275543212890625, -0.721435546875, 0.6057586669921875], [-107.76548767089844, 13.799039840698242, 164.13995361328125], [0.015380859375, 0.1807708740234375, 0.784515380859375, -0.59295654296875]
441420, 443.1999206542969, [1000.0, 302.0, 885.0, 168.0, 603.0, 479.0, 167.0, 806.0, 247.0, 1000.0, 710.0, 1000.0, 0.0, 1000.0, 862.0, 999.0, 999.0, 998.0, 999.0, 424.0, 558.0, 0.0, 736.0], [-98.66363525390625, -5.289025783538818, 140.94129943847656], [0.2505950927734375, -0.224945068359375, -0.7241363525390625, 0.6018218994140625], [-107.24783325195312, 13.570008277893066, 164.21768188476562], [0.01336669921875, 0.179168701171875, 0.7823028564453125, -0.596405029296875]
441470, 443.2495422363281, [1000.0, 304.0, 881.0, 168.0, 601.0, 477.0, 166.0, 805.0, 248.0, 1000.0, 708.0, 1000.0, 0.0, 1000.0, 868.0, 999.0, 999.0, 999.0, 999.0, 424.0, 557.0, 0.0, 734.0], [-98.4935531616211, -5.28351354598999, 140.9113006591797], [0.2510528564453125, -0.22479248046875, -0.723175048828125, 0.60284423828125], [-107.21989440917969, 13.630345344543457, 164.18606567382812], [0.013580322265625, 0.1796875, 0.782012939453125, -0.59661865234375]
441520, 443.2998046875, [1000.0, 305.0, 878.0, 169.0, 599.0, 477.0, 165.0, 805.0, 248.0, 1000.0, 707.0, 1000.0, 0.0, 1000.0, 866.0, 999.0, 999.0, 999.0, 999.0, 423.0, 556.0, 0.0, 737.0], [-98.37193298339844, -5.358421325683594, 140.89598083496094], [0.2518310546875, -0.224212646484375, -0.722625732421875, 0.6033935546875], [-107.09703826904297, 13.670379638671875, 164.18397521972656], [0.0136566162109375, 0.1799163818359375, 0.78131103515625, -0.59747314453125]
441580, 443.3597106933594, [1000.0, 307.0, 873.0, 170.0, 595.0, 478.0, 163.0, 806.0, 250.0, 1000.0, 714.0, 750.0, 0.0, 1000.0, 876.0, 999.0, 999.0, 999.0, 999.0, 423.0, 556.0, 0.0, 735.0], [-98.48809814453125, -5.6698174476623535, 140.9664764404297], [0.253143310546875, -0.222320556640625, -0.723876953125, 0.60205078125], [-106.92138671875, 13.622014999389648, 164.2254638671875], [0.0132598876953125, 0.179412841796875, 0.7805328369140625, -0.5986480712890625]
441630, 443.40972900390625, [1000.0, 307.0, 871.0, 170.0, 592.0, 477.0, 162.0, 805.0, 250.0, 1000.0, 707.0, 1000.0, 0.0, 1000.0, 884.0, 999.0, 999.0, 997.0, 999.0, 422.0, 554.0, 0.0, 732.0], [-98.48929595947266, -5.621903896331787, 140.9771728515625], [0.2527923583984375, -0.2225189208984375, -0.7238311767578125, 0.6021881103515625], [-106.82752227783203, 13.760575294494629, 164.2437744140625], [0.0141754150390625, 0.17999267578125, 0.7798614501953125, -0.599334716796875]
441690, 443.46954345703125, [1000.0, 309.0, 871.0, 172.0, 589.0, 480.0, 160.0, 806.0, 252.0, 1000.0, 705.0, 1000.0, 0.0, 1000.0, 869.0, 999.0, 999.0, 997.0, 999.0, 422.0, 552.0, 0.0, 741.0], [-98.42051696777344, -5.418896198272705, 140.8994598388672], [0.2520904541015625, -0.223968505859375, -0.722991943359375, 0.6029510498046875], [-107.01563262939453, 13.656798362731934, 164.17987060546875], [0.0134124755859375, 0.1798858642578125, 0.7808990478515625, -0.5980224609375]
441740, 443.519775390625, [1000.0, 310.0, 868.0, 172.0, 586.0, 481.0, 159.0, 810.0, 253.0, 1000.0, 709.0, 1000.0, 0.0, 1000.0, 882.0, 999.0, 999.0, 994.0, 999.0, 421.0, 550.0, 0.0, 739.0], [-98.40886688232422, -5.241295337677002, 140.8824920654297], [0.2511138916015625, -0.2250213623046875, -0.7226104736328125, 0.603424072265625], [-107.00537109375, 13.711058616638184, 164.1863555908203], [0.0138092041015625, 0.18011474609375, 0.7807769775390625, -0.598114013671875]
441790, 443.56982421875, [1000.0, 310.0, 868.0, 172.0, 583.0, 481.0, 157.0, 806.0, 254.0, 1000.0, 705.0, 1000.0, 0.0, 1000.0, 885.0, 999.0, 999.0, 991.0, 999.0, 421.0, 548.0, 0.0, 736.0], [-98.45405578613281, -5.1136908531188965, 140.88731384277344], [0.250213623046875, -0.2257843017578125, -0.7226409912109375, 0.60345458984375], [-106.53853607177734, 13.39137077331543, 164.28814697265625], [0.011383056640625, 0.1778717041015625, 0.7789764404296875, -0.601165771484375]
441850, 443.6296691894531, [1000.0, 310.0, 866.0, 173.0, 581.0, 478.0, 156.0, 803.0, 255.0, 1000.0, 708.0, 1000.0, 0.0, 1000.0, 864.0, 999.0, 999.0, 990.0, 999.0, 419.0, 548.0, 0.0, 730.0], [-98.40892028808594, -5.315339088439941, 140.93695068359375], [0.25128173828125, -0.224273681640625, -0.72283935546875, 0.603363037109375], [-106.96626281738281, 13.792323112487793, 164.1859130859375], [0.014312744140625, 0.1805267333984375, 0.7804412841796875, -0.5984039306640625]
441900, 443.6797180175781, [1000.0, 312.0, 864.0, 174.0, 579.0, 481.0, 155.0, 805.0, 254.0, 1000.0, 703.0, 1000.0, 0.0, 1000.0, 879.0, 999.0, 999.0, 991.0, 999.0, 419.0, 546.0, 0.0, 733.0], [-98.10606384277344, -5.113316535949707, 140.9562530517578], [0.2505340576171875, -0.2245941162109375, -0.720947265625, 0.605804443359375], [-106.74520874023438, 13.646806716918945, 164.1256103515625], [0.01263427734375, 0.18023681640625, 0.7794189453125, -0.5998687744140625]
441960, 443.7398681640625, [1000.0, 315.0, 861.0, 174.0, 576.0, 479.0, 153.0, 802.0, 256.0, 1000.0, 714.0, 750.0, 0.0, 1000.0, 864.0, 999.0, 993.0, 993.0, 999.0, 418.0, 545.0, 0.0, 731.0], [-98.48323059082031, -4.774702072143555, 141.10394287109375], [0.2469329833984375, -0.2263336181640625, -0.7226715087890625, 0.6045684814453125], [-106.65751647949219, 13.555656433105469, 164.1159210205078], [0.011810302734375, 0.1798553466796875, 0.779083251953125, -0.600433349609375]
442010, 443.7896728515625, [1000.0, 317.0, 859.0, 173.0, 572.0, 477.0, 152.0, 801.0, 258.0, 1000.0, 709.0, 1000.0, 0.0, 1000.0, 869.0, 999.0, 995.0, 991.0, 999.0, 418.0, 544.0, 0.0, 726.0], [-97.55123901367188, -5.522371768951416, 141.069091796875], [0.253509521484375, -0.2204132080078125, -0.7188873291015625, 0.6085357666015625], [-106.90300750732422, 13.594841957092285, 164.07159423828125], [0.012237548828125, 0.180328369140625, 0.780242919921875, -0.598785400390625]
442060, 443.83984375, [1000.0, 318.0, 859.0, 173.0, 569.0, 477.0, 151.0, 800.0, 259.0, 1000.0, 708.0, 1000.0, 0.0, 1000.0, 864.0, 999.0, 988.0, 991.0, 999.0, 417.0, 542.0, 0.0, 727.0], [-97.43154907226562, -5.22739839553833, 141.10182189941406], [0.25177001953125, -0.2215728759765625, -0.71783447265625, 0.610076904296875], [-106.95069885253906, 13.690112113952637, 164.0554962158203], [0.0128936767578125, 0.180908203125, 0.7803192138671875, -0.5984954833984375]
442120, 443.8993835449219, [1000.0, 318.0, 857.0, 174.0, 567.0, 475.0, 150.0, 800.0, 261.0, 1000.0, 709.0, 1000.0, 0.0, 1000.0, 854.0, 999.0, 964.0, 992.0, 999.0, 417.0, 542.0, 0.0, 724.0], [-97.7446517944336, -5.037096977233887, 141.11087036132812], [0.2499542236328125, -0.2232513427734375, -0.719207763671875, 0.6085968017578125], [-107.0927734375, 13.547163009643555, 164.04019165039062], [0.0120391845703125, 0.1802825927734375, 0.78125, -0.59747314453125]
442170, 443.9496765136719, [1000.0, 319.0, 856.0, 174.0, 565.0, 475.0, 150.0, 798.0, 262.0, 1000.0, 708.0, 1000.0, 0.0, 1000.0, 878.0, 999.0, 996.0, 991.0, 999.0, 417.0, 541.0, 0.0, 724.0], [-97.77655792236328, -5.084680557250977, 141.03892517089844], [0.2505645751953125, -0.2235107421875, -0.7193145751953125, 0.608123779296875], [-106.90238952636719, 13.403404235839844, 164.13478088378906], [0.01123046875, 0.1789398193359375, 0.7806243896484375, -0.5987091064453125]
442230, 444.0098571777344, [1000.0, 320.0, 855.0, 174.0, 563.0, 474.0, 148.0, 798.0, 262.0, 1000.0, 712.0, 1000.0, 0.0, 1000.0, 864.0, 999.0, 990.0, 992.0, 999.0, 416.0, 540.0, 0.0, 726.0], [-97.97969055175781, -5.256234169006348, 141.03244018554688], [0.251251220703125, -0.223052978515625, -0.7206573486328125, 0.606414794921875], [-106.89297485351562, 13.214751243591309, 164.135498046875], [0.0099029541015625, 0.1779937744140625, 0.7808685302734375, -0.5987091064453125]
442280, 444.0596923828125, [1000.0, 321.0, 855.0, 173.0, 562.0, 473.0, 148.0, 797.0, 262.0, 1000.0, 714.0, 1000.0, 0.0, 1000.0, 862.0, 999.0, 993.0, 992.0, 999.0, 416.0, 539.0, 0.0, 729.0], [-98.16217041015625, -5.265159606933594, 141.0278778076172], [0.2509765625, -0.2234344482421875, -0.7216339111328125, 0.6052398681640625], [-106.44355010986328, 13.411629676818848, 164.23707580566406], [0.0111083984375, 0.1783294677734375, 0.7783660888671875, -0.6018218994140625]
442330, 444.10968017578125, [1000.0, 321.0, 854.0, 174.0, 560.0, 474.0, 146.0, 795.0, 262.0, 1000.0, 724.0, 1000.0, 0.0, 1000.0, 884.0, 999.0, 998.0, 992.0, 999.0, 416.0, 537.0, 0.0, 733.0], [-98.17191314697266, -5.562535762786865, 141.0049591064453], [0.252899169921875, -0.2219696044921875, -0.7221221923828125, 0.604400634765625], [-106.68368530273438, 13.4854097366333, 164.18699645996094], [0.0117340087890625, 0.17901611328125, 0.7794342041015625, -0.6002197265625]
442390, 444.169677734375, [1000.0, 323.0, 852.0, 173.0, 554.0, 479.0, 145.0, 796.0, 259.0, 1000.0, 730.0, 1000.0, 0.0, 1000.0, 888.0, 999.0, 990.0, 992.0, 999.0, 415.0, 536.0, 0.0, 749.0], [-97.95757293701172, -5.875420093536377, 140.83766174316406], [0.256103515625, -0.2208251953125, -0.721160888671875, 0.6045989990234375], [-106.30413055419922, 13.329928398132324, 164.3022003173828], [0.0106658935546875, 0.177490234375, 0.777862548828125, -0.6027374267578125]
442440, 444.2195739746094, [1000.0, 324.0, 852.0, 173.0, 549.0, 487.0, 144.0, 800.0, 257.0, 1000.0, 737.0, 1000.0, 0.0, 1000.0, 878.0, 999.0, 991.0, 991.0, 999.0, 415.0, 534.0, 0.0, 763.0], [-97.77269744873047, -5.7042927742004395, 140.7400665283203], [0.2559356689453125, -0.2219696044921875, -0.7197265625, 0.6059722900390625], [-106.4818344116211, 13.32308578491211, 164.21817016601562], [0.0104522705078125, 0.178009033203125, 0.7786712646484375, -0.601531982421875]
442490, 444.26947021484375, [1000.0, 323.0, 851.0, 172.0, 544.0, 494.0, 143.0, 802.0, 255.0, 1000.0, 744.0, 1000.0, 0.0, 1000.0, 885.0, 999.0, 994.0, 991.0, 999.0, 414.0, 531.0, 0.0, 766.0], [-98.25289916992188, -5.635554313659668, 140.7179718017578], [0.25469970703125, -0.2235565185546875, -0.72210693359375, 0.6030731201171875], [-106.3547592163086, 13.378103256225586, 164.2090301513672], [0.010589599609375, 0.1783599853515625, 0.7779083251953125, -0.6024169921875]
442550, 444.32977294921875, [1000.0, 324.0, 850.0, 172.0, 536.0, 500.0, 142.0, 806.0, 255.0, 1000.0, 752.0, 750.0, 0.0, 1000.0, 886.0, 999.0, 957.0, 992.0, 999.0, 414.0, 530.0, 0.0, 775.0], [-98.55891418457031, -5.828705310821533, 140.80294799804688], [0.2548370361328125, -0.2226409912109375, -0.72418212890625, 0.6008453369140625], [-106.43550872802734, 13.45212459564209, 164.14804077148438], [0.0109100341796875, 0.17913818359375, 0.7781219482421875, -0.601898193359375]
442600, 444.3794860839844, [1000.0, 324.0, 850.0, 172.0, 531.0, 506.0, 140.0, 810.0, 255.0, 1000.0, 754.0, 1000.0, 0.0, 1000.0, 832.0, 999.0, 928.0, 992.0, 999.0, 413.0, 528.0, 0.0, 779.0], [-98.25334930419922, -5.92110013961792, 140.8081512451172], [0.2559661865234375, -0.2214202880859375, -0.7227325439453125, 0.6025543212890625], [-106.75826263427734, 13.687556266784668, 164.04115295410156], [0.0124969482421875, 0.1810150146484375, 0.779296875, -0.5998077392578125]
442660, 444.4397888183594, [1000.0, 326.0, 849.0, 172.0, 526.0, 510.0, 139.0, 808.0, 255.0, 1000.0, 758.0, 1000.0, 0.0, 1000.0, 815.0, 999.0, 893.0, 991.0, 999.0, 413.0, 526.0, 0.0, 777.0], [-98.31029510498047, -6.090510845184326, 140.83377075195312], [0.2567596435546875, -0.220458984375, -0.723358154296875, 0.601837158203125], [-107.28997802734375, 13.621252059936523, 163.97479248046875], [0.0125274658203125, 0.1810760498046875, 0.7820587158203125, -0.596160888671875]
