1057050, 1061.46923828125, [1000.0, 175.0, 394.0, 101.0, 142.0, 143.0, 187.0, 231.0, 44.0, 1000.0, 22.0, 750.0, 0.0, 1000.0, 884.0, 999.0, 999.0, 999.0, 999.0, 532.0, 684.0, 0.0, 141.0], [-18.05984878540039, -4.042550086975098, 135.67034912109375], [0.3774871826171875, -0.02691650390625, -0.1584014892578125, 0.911956787109375], [-27.937223434448242, 10.387372970581055, -83.084228515625], [0.7378387451171875, -0.121673583984375, 0.2251739501953125, -0.6245574951171875]
1057100, 1061.519287109375, [1000.0, 175.0, 396.0, 101.0, 141.0, 142.0, 192.0, 238.0, 43.0, 1000.0, 21.0, 750.0, 0.0, 666.0, 885.0, 999.0, 999.0, 999.0, 999.0, 532.0, 684.0, 0.0, 141.0], [-17.873180389404297, -3.9288809299468994, 135.6845703125], [0.377288818359375, -0.027191162109375, -0.15655517578125, 0.912353515625], [-28.25543975830078, 10.282604217529297, -83.18138122558594], [0.73687744140625, -0.1241302490234375, 0.2263641357421875, -0.6247711181640625]
1057160, 1061.5794677734375, [1000.0, 174.0, 393.0, 101.0, 140.0, 142.0, 195.0, 241.0, 43.0, 1000.0, 20.0, 750.0, 0.0, 1000.0, 883.0, 999.0, 999.0, 999.0, 999.0, 531.0, 683.0, 0.0, 140.0], [-17.776657104492188, -3.855231523513794, 135.73826599121094], [0.376800537109375, -0.0273895263671875, -0.1555633544921875, 0.9127197265625], [-28.172250747680664, 10.18659782409668, -83.1347885131836], [0.7371368408203125, -0.124237060546875, 0.2252655029296875, -0.6248321533203125]
1057210, 1061.6295166015625, [1000.0, 174.0, 394.0, 101.0, 139.0, 142.0, 191.0, 237.0, 43.0, 1000.0, 19.0, 750.0, 0.0, 666.0, 882.0, 999.0, 999.0, 999.0, 999.0, 531.0, 683.0, 0.0, 139.0], [-17.858427047729492, -3.832597255706787, 135.8107147216797], [0.3761749267578125, -0.027740478515625, -0.156158447265625, 0.9128570556640625], [-28.887802124023438, 10.060955047607422, -83.24734497070312], [0.735626220703125, -0.12933349609375, 0.228515625, -0.6244049072265625]
1057270, 1061.689453125, [1000.0, 174.0, 392.0, 101.0, 138.0, 142.0, 173.0, 217.0, 43.0, 1000.0, 19.0, 750.0, 0.0, 666.0, 881.0, 999.0, 999.0, 999.0, 999.0, 530.0, 683.0, 0.0, 138.0], [-17.9301700592041, -3.8562374114990234, 135.91151428222656], [0.3753814697265625, -0.02764892578125, -0.156829833984375, 0.9130706787109375], [-28.374391555786133, 10.052583694458008, -83.14747619628906], [0.7367401123046875, -0.12628173828125, 0.225555419921875, -0.6248016357421875]
1057320, 1061.739501953125, [1000.0, 174.0, 394.0, 101.0, 137.0, 142.0, 165.0, 209.0, 43.0, 1000.0, 18.0, 750.0, 0.0, 666.0, 880.0, 999.0, 999.0, 999.0, 999.0, 530.0, 683.0, 0.0, 137.0], [-17.866422653198242, -3.774853229522705, 135.9900360107422], [0.3746795654296875, -0.027984619140625, -0.1560821533203125, 0.913482666015625], [-28.4421329498291, 9.907243728637695, -83.17147064208984], [0.7364044189453125, -0.12750244140625, 0.2250518798828125, -0.6251220703125]
1057370, 1061.7894287109375, [1000.0, 174.0, 392.0, 101.0, 137.0, 141.0, 160.0, 204.0, 43.0, 1000.0, 18.0, 750.0, 0.0, 666.0, 880.0, 999.0, 999.0, 999.0, 999.0, 530.0, 683.0, 0.0, 137.0], [-17.90772247314453, -3.705021858215332, 136.05142211914062], [0.3740997314453125, -0.028594970703125, -0.1562042236328125, 0.9136810302734375], [-28.381362915039062, 10.066793441772461, -83.17449951171875], [0.7365875244140625, -0.126190185546875, 0.2257080078125, -0.6249237060546875]
1057430, 1061.8494873046875, [1000.0, 174.0, 393.0, 100.0, 136.0, 141.0, 161.0, 205.0, 43.0, 1000.0, 17.0, 1000.0, 0.0, 666.0, 889.0, 999.0, 999.0, 999.0, 999.0, 530.0, 683.0, 0.0, 135.0], [-17.82015037536621, -3.7888360023498535, 136.13311767578125], [0.373565673828125, -0.02752685546875, -0.155792236328125, 0.91400146484375], [-28.501855850219727, 9.824700355529785, -83.22709655761719], [0.7359619140625, -0.1282501220703125, 0.2249298095703125, -0.6255340576171875]
1057480, 1061.8995361328125, [1000.0, 174.0, 392.0, 100.0, 136.0, 141.0, 159.0, 204.0, 43.0, 1000.0, 17.0, 1000.0, 0.0, 666.0, 887.0, 999.0, 999.0, 999.0, 999.0, 529.0, 683.0, 0.0, 135.0], [-17.713973999023438, -3.8995466232299805, 136.16891479492188], [0.3734283447265625, -0.0262451171875, -0.155303955078125, 0.9141693115234375], [-28.30874252319336, 9.849510192871094, -83.21437072753906], [0.73626708984375, -0.12689208984375, 0.2240142822265625, -0.6257781982421875]
1057530, 1061.95947265625, [1000.0, 174.0, 393.0, 100.0, 135.0, 141.0, 155.0, 199.0, 42.0, 1000.0, 17.0, 750.0, 0.0, 666.0, 887.0, 999.0, 999.0, 999.0, 999.0, 529.0, 683.0, 0.0, 134.0], [-17.69990348815918, -3.9064106941223145, 136.22967529296875], [0.372955322265625, -0.02606201171875, -0.1552276611328125, 0.9143829345703125], [-28.19331169128418, 9.906827926635742, -83.17404174804688], [0.736663818359375, -0.1259002685546875, 0.22369384765625, -0.6256256103515625]
1057590, 1062.0093994140625, [1000.0, 173.0, 390.0, 100.0, 134.0, 140.0, 154.0, 199.0, 42.0, 1000.0, 16.0, 750.0, 0.0, 666.0, 890.0, 999.0, 999.0, 999.0, 999.0, 529.0, 682.0, 0.0, 133.0], [-17.68207359313965, -3.9220826625823975, 136.3646697998047], [0.3719024658203125, -0.02569580078125, -0.1551666259765625, 0.9148406982421875], [-28.32517433166504, 9.909625053405762, -83.17005920410156], [0.736541748046875, -0.126739501953125, 0.22442626953125, -0.625335693359375]
1057640, 1062.059326171875, [1000.0, 173.0, 391.0, 100.0, 134.0, 140.0, 152.0, 197.0, 42.0, 1000.0, 16.0, 750.0, 0.0, 666.0, 887.0, 999.0, 999.0, 999.0, 999.0, 529.0, 682.0, 0.0, 133.0], [-17.656902313232422, -3.8879477977752686, 136.4502410888672], [0.371185302734375, -0.0257720947265625, -0.154876708984375, 0.9151763916015625], [-27.961389541625977, 9.813170433044434, -83.09087371826172], [0.7372894287109375, -0.1251068115234375, 0.2217559814453125, -0.625732421875]
1057700, 1062.1195068359375, [1000.0, 174.0, 391.0, 100.0, 133.0, 140.0, 148.0, 193.0, 41.0, 1000.0, 15.0, 750.0, 0.0, 666.0, 882.0, 999.0, 999.0, 999.0, 999.0, 529.0, 682.0, 0.0, 132.0], [-17.646846771240234, -3.854170322418213, 136.60411071777344], [0.3699188232421875, -0.0258026123046875, -0.15472412109375, 0.91571044921875], [-28.259246826171875, 9.47028923034668, -83.1249008178711], [0.736480712890625, -0.1289215087890625, 0.2212982177734375, -0.6260833740234375]
1057750, 1062.1695556640625, [1000.0, 174.0, 391.0, 99.0, 133.0, 140.0, 145.0, 189.0, 41.0, 1000.0, 15.0, 750.0, 0.0, 666.0, 882.0, 999.0, 999.0, 999.0, 999.0, 529.0, 682.0, 0.0, 132.0], [-17.5976505279541, -3.9390814304351807, 136.69383239746094], [0.3693084716796875, -0.02484130859375, -0.1546173095703125, 0.9160003662109375], [-28.507675170898438, 9.7324857711792, -83.18914794921875], [0.736083984375, -0.1288909912109375, 0.2243499755859375, -0.6254730224609375]
1057800, 1062.2294921875, [1000.0, 174.0, 390.0, 100.0, 133.0, 139.0, 145.0, 190.0, 41.0, 1000.0, 14.0, 750.0, 0.0, 666.0, 886.0, 999.0, 999.0, 999.0, 999.0, 529.0, 682.0, 0.0, 131.0], [-17.59145736694336, -4.036375522613525, 136.77870178222656], [0.368743896484375, -0.02392578125, -0.1548919677734375, 0.9162139892578125], [-27.85434341430664, 9.814847946166992, -83.08500671386719], [0.7374420166015625, -0.124420166015625, 0.2211761474609375, -0.6259002685546875]
1057860, 1062.2794189453125, [1000.0, 173.0, 387.0, 99.0, 132.0, 139.0, 144.0, 189.0, 41.0, 1000.0, 14.0, 750.0, 0.0, 1000.0, 887.0, 999.0, 999.0, 999.0, 999.0, 529.0, 682.0, 0.0, 129.0], [-17.45172882080078, -3.9806642532348633, 136.9022216796875], [0.3677215576171875, -0.0237579345703125, -0.15362548828125, 0.916839599609375], [-28.23196792602539, 9.84153938293457, -83.1261215209961], [0.7368316650390625, -0.126617431640625, 0.22344970703125, -0.6253814697265625]
1057910, 1062.3394775390625, [1000.0, 173.0, 385.0, 99.0, 131.0, 139.0, 144.0, 189.0, 41.0, 1000.0, 13.0, 750.0, 0.0, 1000.0, 888.0, 999.0, 999.0, 999.0, 999.0, 529.0, 681.0, 0.0, 129.0], [-17.408716201782227, -4.078361511230469, 137.02183532714844], [0.36688232421875, -0.022674560546875, -0.1536102294921875, 0.917205810546875], [-28.108619689941406, 9.501384735107422, -83.11589050292969], [0.736724853515625, -0.1277923583984375, 0.2206573486328125, -0.626251220703125]
1057970, 1062.389404296875, [1000.0, 173.0, 385.0, 99.0, 131.0, 138.0, 139.0, 185.0, 40.0, 1000.0, 13.0, 750.0, 0.0, 666.0, 888.0, 999.0, 999.0, 999.0, 999.0, 529.0, 682.0, 0.0, 128.0], [-17.41747283935547, -4.079793930053711, 137.18211364746094], [0.3656005859375, -0.0224761962890625, -0.153717041015625, 0.9177093505859375], [-28.188474655151367, 9.546448707580566, -83.12992095947266], [0.736602783203125, -0.128021240234375, 0.2213897705078125, -0.6260986328125]
1057980, 1062.439453125, [1000.0, 174.0, 385.0, 99.0, 131.0, 138.0, 139.0, 184.0, 40.0, 1000.0, 13.0, 750.0, 0.0, 666.0, 889.0, 999.0, 999.0, 999.0, 999.0, 529.0, 682.0, 0.0, 128.0], [-17.438316345214844, -4.147283554077148, 137.213623046875], [0.36541748046875, -0.0219573974609375, -0.1540985107421875, 0.917724609375], [-28.428892135620117, 9.541975975036621, -83.16832733154297], [0.736114501953125, -0.1295166015625, 0.22271728515625, -0.625885009765625]
1058020, 1062.4493408203125, [1000.0, 173.0, 386.0, 99.0, 130.0, 138.0, 137.0, 183.0, 40.0, 1000.0, 14.0, 750.0, 0.0, 666.0, 889.0, 999.0, 999.0, 999.0, 999.0, 529.0, 682.0, 0.0, 128.0], [-17.30132484436035, -4.290473937988281, 137.28062438964844], [0.3650665283203125, -0.0202789306640625, -0.1534576416015625, 0.9180145263671875], [-27.850690841674805, 9.698205947875977, -83.07952880859375], [0.7373809814453125, -0.1250762939453125, 0.220428466796875, -0.6261138916015625]
1058070, 1062.49951171875, [1000.0, 173.0, 385.0, 100.0, 130.0, 140.0, 138.0, 182.0, 40.0, 1000.0, 17.0, 750.0, 0.0, 666.0, 899.0, 999.0, 999.0, 999.0, 999.0, 529.0, 683.0, 0.0, 130.0], [-16.960229873657227, -3.602674722671509, 137.2760772705078], [0.364410400390625, -0.0247344970703125, -0.148590087890625, 0.9189605712890625], [-29.44062614440918, 9.515578269958496, -83.0799789428711], [0.7353973388671875, -0.1363372802734375, 0.22796630859375, -0.623382568359375]
1058110, 1062.549560546875, [1000.0, 173.0, 384.0, 102.0, 130.0, 148.0, 138.0, 184.0, 43.0, 1000.0, 20.0, 750.0, 0.0, 666.0, 901.0, 999.0, 999.0, 999.0, 999.0, 533.0, 687.0, 0.0, 138.0], [-16.369653701782227, -1.7794331312179565, 136.63148498535156], [0.36773681640625, -0.0383148193359375, -0.1379547119140625, 0.9188385009765625], [-28.245887756347656, 10.267895698547363, -82.24839782714844], [0.741943359375, -0.1259918212890625, 0.2252044677734375, -0.618804931640625]
1058130, 1062.559326171875, [1000.0, 173.0, 386.0, 105.0, 130.0, 152.0, 139.0, 184.0, 47.0, 1000.0, 24.0, 750.0, 0.0, 666.0, 920.0, 999.0, 999.0, 999.0, 999.0, 535.0, 693.0, 0.0, 144.0], [-15.143109321594238, -0.2146037518978119, 136.44110107421875], [0.3680267333984375, -0.0471649169921875, -0.123046875, 0.9204254150390625], [-27.288084030151367, 10.876683235168457, -81.67694854736328], [0.7465057373046875, -0.117431640625, 0.223236083984375, -0.615692138671875]
1058180, 1062.609619140625, [1000.0, 174.0, 402.0, 110.0, 133.0, 162.0, 139.0, 182.0, 50.0, 1000.0, 25.0, 750.0, 0.0, 1000.0, 917.0, 999.0, 999.0, 999.0, 999.0, 526.0, 698.0, 0.0, 150.0], [-14.56990909576416, 2.477787733078003, 136.9473876953125], [0.361328125, -0.06646728515625, -0.1100616455078125, 0.92352294921875], [-25.674224853515625, 13.447574615478516, -80.29336547851562], [0.756927490234375, -0.095062255859375, 0.229522705078125, -0.6044158935546875]
1058210, 1062.65966796875, [1000.0, 173.0, 411.0, 111.0, 136.0, 165.0, 141.0, 181.0, 51.0, 1000.0, 23.0, 750.0, 0.0, 666.0, 915.0, 999.0, 999.0, 999.0, 999.0, 522.0, 698.0, 0.0, 149.0], [-13.336209297180176, 4.995029926300049, 137.27423095703125], [0.35675048828125, -0.0825653076171875, -0.0922698974609375, 0.9259490966796875], [-23.53882598876953, 15.181900024414062, -79.11803436279297], [0.7653045654296875, -0.073516845703125, 0.2284698486328125, -0.5972442626953125]
1058240, 1062.66943359375, [1000.0, 173.0, 418.0, 113.0, 138.0, 166.0, 143.0, 181.0, 52.0, 1000.0, 22.0, 750.0, 0.0, 1000.0, 913.0, 999.0, 999.0, 999.0, 999.0, 519.0, 698.0, 0.0, 149.0], [-11.409581184387207, 6.420557975769043, 137.47296142578125], [0.3551025390625, -0.087921142578125, -0.0722808837890625, 0.9278564453125], [-21.17572784423828, 16.976030349731445, -77.84391784667969], [0.773406982421875, -0.05023193359375, 0.22705078125, -0.589691162109375]
1058290, 1062.7197265625, [1000.0, 173.0, 423.0, 114.0, 141.0, 166.0, 146.0, 180.0, 53.0, 1000.0, 19.0, 750.0, 0.0, 1000.0, 911.0, 999.0, 999.0, 999.0, 999.0, 513.0, 703.0, 0.0, 151.0], [-9.461531639099121, 7.651241779327393, 137.1981964111328], [0.3577117919921875, -0.0919342041015625, -0.0523529052734375, 0.9278106689453125], [-18.590320587158203, 19.766786575317383, -76.17422485351562], [0.7823028564453125, -0.020751953125, 0.231475830078125, -0.5778961181640625]
1058340, 1062.76953125, [1000.0, 172.0, 424.0, 115.0, 145.0, 165.0, 150.0, 180.0, 55.0, 1000.0, 18.0, 750.0, 0.0, 1000.0, 910.0, 999.0, 999.0, 999.0, 999.0, 508.0, 710.0, 0.0, 159.0], [-8.224275588989258, 8.218353271484375, 136.6509552001953], [0.3626556396484375, -0.09283447265625, -0.040069580078125, 0.9264068603515625], [-15.901314735412598, 22.173070907592773, -74.54840087890625], [0.78948974609375, 0.00732421875, 0.2337493896484375, -0.56744384765625]
1058400, 1062.82958984375, [1000.0, 171.0, 418.0, 113.0, 146.0, 162.0, 156.0, 179.0, 58.0, 1000.0, 19.0, 750.0, 0.0, 666.0, 919.0, 999.0, 999.0, 999.0, 999.0, 501.0, 709.0, 0.0, 168.0], [-6.351356506347656, 6.542505264282227, 134.74485778808594], [0.3805999755859375, -0.0738677978515625, -0.0291290283203125, 0.9213104248046875], [-13.163212776184082, 23.42125129699707, -73.35582733154297], [0.7940216064453125, 0.030426025390625, 0.2287445068359375, -0.5623626708984375]
1058450, 1062.8795166015625, [1000.0, 171.0, 412.0, 112.0, 148.0, 162.0, 170.0, 177.0, 62.0, 1000.0, 18.0, 750.0, 0.0, 666.0, 926.0, 999.0, 999.0, 999.0, 999.0, 498.0, 702.0, 0.0, 177.0], [-5.740256309509277, 3.7420945167541504, 133.50714111328125], [0.3924713134765625, -0.049713134765625, -0.033111572265625, 0.9178009033203125], [-12.019660949707031, 23.40709114074707, -73.00039672851562], [0.795440673828125, 0.0375823974609375, 0.22314453125, -0.5621795654296875]
1058510, 1062.9395751953125, [1000.0, 170.0, 409.0, 111.0, 151.0, 164.0, 217.0, 176.0, 68.0, 1000.0, 19.0, 750.0, 0.0, 1000.0, 936.0, 999.0, 999.0, 999.0, 999.0, 501.0, 694.0, 0.0, 181.0], [-2.5833401679992676, -5.28705358505249, 128.99380493164062], [0.4309234619140625, 0.03192138671875, -0.0401763916015625, 0.900909423828125], [-9.658954620361328, 22.950361251831055, -73.02436828613281], [0.794830322265625, 0.0516357421875, 0.2084197998046875, -0.56756591796875]
1058560, 1062.9896240234375, [1000.0, 169.0, 406.0, 111.0, 155.0, 169.0, 254.0, 178.0, 75.0, 1000.0, 19.0, 750.0, 0.0, 1000.0, 934.0, 999.0, 999.0, 999.0, 999.0, 498.0, 689.0, 0.0, 193.0], [-1.067132830619812, -10.062600135803223, 126.04378509521484], [0.452606201171875, 0.073944091796875, -0.0480499267578125, 0.8873291015625], [-8.381034851074219, 21.952280044555664, -73.28509521484375], [0.79388427734375, 0.0557708740234375, 0.1951751708984375, -0.5731658935546875]
1058610, 1063.0396728515625, [1000.0, 169.0, 407.0, 110.0, 160.0, 179.0, 312.0, 183.0, 84.0, 1000.0, 20.0, 750.0, 0.0, 666.0, 930.0, 999.0, 999.0, 999.0, 999.0, 495.0, 679.0, 0.0, 211.0], [2.3254849910736084, -16.703575134277344, 121.22142028808594], [0.4828643798828125, 0.136383056640625, -0.05377197265625, 0.8633270263671875], [-7.691269397735596, 20.71971321105957, -74.15776824951172], [0.7902984619140625, 0.0555419921875, 0.18292236328125, -0.582122802734375]
1058670, 1063.099853515625, [1000.0, 168.0, 404.0, 110.0, 167.0, 207.0, 335.0, 231.0, 92.0, 1000.0, 20.0, 750.0, 0.0, 1000.0, 929.0, 999.0, 999.0, 999.0, 999.0, 485.0, 670.0, 0.0, 233.0], [8.006376266479492, -22.553565979003906, 114.97166442871094], [0.5143280029296875, 0.2012939453125, -0.047119140625, 0.8322906494140625], [-5.661188125610352, 18.86904525756836, -75.07840728759766], [0.7861785888671875, 0.061126708984375, 0.1595001220703125, -0.593902587890625]
1058720, 1063.1495361328125, [1000.0, 166.0, 400.0, 111.0, 180.0, 223.0, 317.0, 261.0, 95.0, 1000.0, 21.0, 750.0, 0.0, 666.0, 930.0, 999.0, 999.0, 999.0, 999.0, 477.0, 683.0, 0.0, 280.0], [10.0352201461792, -26.327499389648438, 111.06241607666016], [0.5325469970703125, 0.2352294921875, -0.0581817626953125, 0.8109588623046875], [-6.598813533782959, 18.3625545501709, -76.44719696044922], [0.7799224853515625, 0.053924560546875, 0.1602935791015625, -0.602569580078125]
1058770, 1063.1998291015625, [1000.0, 165.0, 399.0, 112.0, 261.0, 233.0, 316.0, 334.0, 92.0, 1000.0, 27.0, 750.0, 0.0, 666.0, 745.0, 999.0, 999.0, 999.0, 999.0, 468.0, 706.0, 0.0, 385.0], [11.523273468017578, -28.713260650634766, 107.62403869628906], [0.54901123046875, 0.25653076171875, -0.067169189453125, 0.7926177978515625], [-7.263247489929199, 18.12525177001953, -78.30841827392578], [0.7705230712890625, 0.050750732421875, 0.1613922119140625, -0.614532470703125]
1058830, 1063.259521484375, [1000.0, 166.0, 394.0, 112.0, 640.0, 229.0, 463.0, 497.0, 89.0, 1000.0, 46.0, 750.0, 0.0, 1000.0, 323.0, 999.0, 999.0, 999.0, 999.0, 460.0, 746.0, 0.0, 542.0], [12.079383850097656, -32.132843017578125, 103.39680480957031], [0.569427490234375, 0.2786407470703125, -0.0912322998046875, 0.7679595947265625], [-9.819693565368652, 18.367908477783203, -81.8596420288086], [0.7520294189453125, 0.04034423828125, 0.1754913330078125, -0.634033203125]
1058880, 1063.3095703125, [1000.0, 166.0, 397.0, 114.0, 823.0, 225.0, 476.0, 450.0, 86.0, 1000.0, 79.0, 750.0, 0.0, 1000.0, 226.0, 999.0, 738.0, 999.0, 999.0, 454.0, 780.0, 0.0, 632.0], [11.3483247756958, -34.95286178588867, 100.67101287841797], [0.582977294921875, 0.2902374267578125, -0.1181488037109375, 0.749603271484375], [-12.508323669433594, 17.973588943481445, -85.5902328491211], [0.732025146484375, 0.0265350341796875, 0.187042236328125, -0.6545562744140625]
1058940, 1063.369873046875, [1000.0, 165.0, 445.0, 119.0, 927.0, 207.0, 810.0, 378.0, 77.0, 1000.0, 89.0, 750.0, 0.0, 666.0, 158.0, 999.0, 704.0, 999.0, 999.0, 444.0, 820.0, 0.0, 567.0], [9.340729713439941, -38.800254821777344, 98.11857604980469], [0.5955810546875, 0.3003997802734375, -0.1589202880859375, 0.72784423828125], [-16.94738006591797, 17.172107696533203, -90.68379974365234], [0.7030487060546875, 0.00262451171875, 0.207427978515625, -0.6801910400390625]
1058990, 1063.419677734375, [1000.0, 163.0, 630.0, 117.0, 973.0, 169.0, 931.0, 427.0, 91.0, 1000.0, 78.0, 750.0, 0.0, 666.0, 126.0, 999.0, 889.0, 999.0, 999.0, 434.0, 834.0, 0.0, 526.0], [6.8990325927734375, -41.892635345458984, 97.20576477050781], [0.600311279296875, 0.304840087890625, -0.193817138671875, 0.7135162353515625], [-20.40142059326172, 16.217531204223633, -94.09793090820312], [0.6821746826171875, -0.017852783203125, 0.2229156494140625, -0.696136474609375]
1059040, 1063.4698486328125, [1000.0, 164.0, 897.0, 107.0, 1000.0, 124.0, 973.0, 369.0, 522.0, 1000.0, 68.0, 750.0, 0.0, 1000.0, 111.0, 999.0, 999.0, 999.0, 999.0, 427.0, 836.0, 0.0, 469.0], [5.198841571807861, -43.89240646362305, 96.95375061035156], [0.6015472412109375, 0.307403564453125, -0.21600341796875, 0.7049407958984375], [-22.10850715637207, 15.5341796875, -95.64331817626953], [0.6721343994140625, -0.029266357421875, 0.2298431396484375, -0.7032318115234375]
1059100, 1063.5299072265625, [1000.0, 162.0, 958.0, 97.0, 1000.0, 121.0, 1000.0, 340.0, 900.0, 1000.0, 57.0, 750.0, 0.0, 1000.0, 116.0, 999.0, 999.0, 999.0, 999.0, 415.0, 835.0, 0.0, 458.0], [3.80582594871521, -43.4622688293457, 98.17776489257812], [0.5987091064453125, 0.2998504638671875, -0.219024658203125, 0.7096710205078125], [-24.35312843322754, 13.59853458404541, -95.70850372314453], [0.6698150634765625, -0.0547332763671875, 0.232940673828125, -0.7028961181640625]
1059150, 1063.579833984375, [1000.0, 160.0, 983.0, 93.0, 1000.0, 117.0, 1000.0, 326.0, 979.0, 1000.0, 49.0, 750.0, 0.0, 666.0, 148.0, 999.0, 999.0, 999.0, 999.0, 410.0, 839.0, 0.0, 455.0], [3.7089967727661133, -40.6536979675293, 98.98030853271484], [0.600250244140625, 0.2836761474609375, -0.20245361328125, 0.7198638916015625], [-23.425613403320312, 14.332601547241211, -94.60469818115234], [0.67742919921875, -0.04681396484375, 0.230865478515625, -0.69683837890625]
1059210, 1063.6395263671875, [1000.0, 158.0, 1000.0, 96.0, 1000.0, 133.0, 1000.0, 233.0, 1000.0, 1000.0, 39.0, 750.0, 0.0, 666.0, 262.0, 999.0, 964.0, 999.0, 999.0, 402.0, 845.0, 0.0, 492.0], [0.8363125920295715, -37.02210998535156, 102.68893432617188], [0.590484619140625, 0.2522430419921875, -0.192901611328125, 0.7419281005859375], [-24.787832260131836, 15.382376670837402, -93.20314025878906], [0.685882568359375, -0.0511627197265625, 0.244354248046875, -0.68353271484375]
1059260, 1063.689697265625, [1000.0, 158.0, 1000.0, 103.0, 1000.0, 150.0, 1000.0, 343.0, 994.0, 1000.0, 22.0, 750.0, 0.0, 1000.0, 292.0, 999.0, 999.0, 999.0, 999.0, 395.0, 840.0, 0.0, 607.0], [-2.306105613708496, -31.181922912597656, 105.88443756103516], [0.5846405029296875, 0.2027587890625, -0.177398681640625, 0.7652435302734375], [-23.93592643737793, 16.616392135620117, -91.64620971679688], [0.6960601806640625, -0.0416107177734375, 0.24566650390625, -0.6733551025390625]
1059310, 1063.739501953125, [1000.0, 163.0, 1000.0, 110.0, 1000.0, 161.0, 1000.0, 358.0, 928.0, 1000.0, 47.0, 750.0, 0.0, 1000.0, 536.0, 999.0, 999.0, 999.0, 999.0, 391.0, 835.0, 0.0, 633.0], [-6.282790660858154, -26.0783634185791, 109.06468200683594], [0.574493408203125, 0.152496337890625, -0.1741943359375, 0.785064697265625], [-26.477371215820312, 18.21405601501465, -90.934326171875], [0.6999053955078125, -0.0487518310546875, 0.2692413330078125, -0.65972900390625]
1059370, 1063.7998046875, [1000.0, 180.0, 1000.0, 115.0, 883.0, 543.0, 894.0, 840.0, 644.0, 1000.0, 806.0, 750.0, 0.0, 666.0, 440.0, 999.0, 999.0, 999.0, 999.0, 386.0, 824.0, 0.0, 825.0], [-15.393671989440918, -23.168289184570312, 113.48542785644531], [0.55487060546875, 0.094451904296875, -0.218841552734375, 0.7970428466796875], [-33.10598373413086, 19.47495460510254, -92.1126708984375], [0.6902923583984375, -0.078125, 0.3146820068359375, -0.64678955078125]
1059420, 1063.8497314453125, [1000.0, 182.0, 1000.0, 121.0, 702.0, 775.0, 566.0, 952.0, 366.0, 1000.0, 915.0, 750.0, 0.0, 666.0, 306.0, 999.0, 999.0, 999.0, 999.0, 385.0, 793.0, 0.0, 875.0], [-18.566267013549805, -22.5247859954834, 115.3428955078125], [0.544219970703125, 0.0782623291015625, -0.23675537109375, 0.8010101318359375], [-39.138206481933594, 20.573392868041992, -94.00048828125], [0.6760101318359375, -0.1016998291015625, 0.35577392578125, -0.637237548828125]
1059480, 1063.9093017578125, [1000.0, 188.0, 986.0, 132.0, 611.0, 808.0, 443.0, 968.0, 261.0, 1000.0, 933.0, 750.0, 0.0, 666.0, 198.0, 999.0, 999.0, 999.0, 999.0, 386.0, 777.0, 0.0, 890.0], [-26.407724380493164, -23.56391143798828, 118.21049499511719], [0.5293731689453125, 0.0557708740234375, -0.2939453125, 0.7938690185546875], [-48.37732696533203, 20.43897247314453, -97.77242279052734], [0.6450653076171875, -0.143218994140625, 0.41021728515625, -0.6285400390625]
1059530, 1063.9595947265625, [1000.0, 187.0, 981.0, 140.0, 592.0, 789.0, 409.0, 957.0, 223.0, 1000.0, 941.0, 750.0, 0.0, 666.0, 145.0, 999.0, 713.0, 999.0, 999.0, 388.0, 771.0, 0.0, 878.0], [-38.482200622558594, -25.70659828186035, 121.91967010498047], [0.5109100341796875, 0.0276641845703125, -0.382843017578125, 0.7691650390625], [-60.9164924621582, 19.49701690673828, -102.5851821899414], [0.598236083984375, -0.198516845703125, 0.4811248779296875, -0.6092681884765625]
1059580, 1064.009521484375, [1000.0, 188.0, 971.0, 150.0, 563.0, 802.0, 378.0, 962.0, 192.0, 1000.0, 944.0, 750.0, 0.0, 666.0, 132.0, 999.0, 625.0, 999.0, 999.0, 390.0, 773.0, 0.0, 880.0], [-52.36127471923828, -26.981491088867188, 126.6663818359375], [0.483612060546875, -0.005462646484375, -0.4773406982421875, 0.733612060546875], [-73.09244537353516, 18.602523803710938, -107.19995880126953], [0.5479278564453125, -0.24420166015625, 0.5500335693359375, -0.5810089111328125]
1059640, 1064.069580078125, [1000.0, 189.0, 961.0, 158.0, 561.0, 789.0, 362.0, 960.0, 173.0, 1000.0, 947.0, 750.0, 0.0, 666.0, 130.0, 999.0, 652.0, 999.0, 999.0, 391.0, 773.0, 0.0, 887.0], [-67.84309387207031, -24.77796745300293, 133.31222534179688], [0.4310760498046875, -0.052520751953125, -0.57098388671875, 0.696685791015625], [-85.30583190917969, 18.14699363708496, -111.59627532958984], [0.496612548828125, -0.2801666259765625, 0.618560791015625, -0.5406036376953125]
1059690, 1064.1195068359375, [1000.0, 190.0, 956.0, 157.0, 561.0, 768.0, 350.0, 945.0, 151.0, 1000.0, 952.0, 750.0, 0.0, 666.0, 158.0, 999.0, 789.0, 999.0, 999.0, 393.0, 760.0, 0.0, 881.0], [-81.49606323242188, -21.231964111328125, 137.7722625732422], [0.380401611328125, -0.1009063720703125, -0.6487579345703125, 0.65130615234375], [-96.2259292602539, 17.822845458984375, -115.04869842529297], [0.451446533203125, -0.307647705078125, 0.6759796142578125, -0.4945220947265625]
1059750, 1064.179443359375, [1000.0, 190.0, 951.0, 157.0, 570.0, 749.0, 313.0, 915.0, 138.0, 1000.0, 949.0, 750.0, 0.0, 666.0, 199.0, 999.0, 918.0, 999.0, 999.0, 392.0, 754.0, 0.0, 877.0], [-90.78424835205078, -17.5640869140625, 139.7861785888672], [0.3406524658203125, -0.1411895751953125, -0.6975555419921875, 0.614349365234375], [-103.49433135986328, 18.100082397460938, -117.57955169677734], [0.4224700927734375, -0.3185577392578125, 0.7137298583984375, -0.45892333984375]
1059800, 1064.2294921875, [1000.0, 192.0, 943.0, 157.0, 553.0, 733.0, 312.0, 899.0, 131.0, 1000.0, 943.0, 750.0, 0.0, 666.0, 240.0, 999.0, 955.0, 999.0, 999.0, 392.0, 742.0, 0.0, 863.0], [-95.2864761352539, -13.31513786315918, 140.85215759277344], [0.3049163818359375, -0.17230224609375, -0.7177276611328125, 0.6018218994140625], [-107.55059051513672, 18.59296226501465, -118.72891998291016], [0.4093017578125, -0.3235321044921875, 0.7336273193359375, -0.4353790283203125]
1059810, 1064.279541015625, [1000.0, 192.0, 942.0, 157.0, 548.0, 729.0, 294.0, 889.0, 129.0, 1000.0, 943.0, 750.0, 0.0, 666.0, 241.0, 999.0, 956.0, 999.0, 999.0, 392.0, 740.0, 0.0, 860.0], [-95.65425872802734, -12.44228458404541, 141.06076049804688], [0.2981719970703125, -0.176971435546875, -0.7188720703125, 0.60247802734375], [-107.84619903564453, 18.77467155456543, -118.86045837402344], [0.4089813232421875, -0.322845458984375, 0.73541259765625, -0.4331817626953125]
1059850, 1064.28955078125, [1000.0, 192.0, 929.0, 158.0, 539.0, 723.0, 281.0, 881.0, 125.0, 1000.0, 940.0, 750.0, 0.0, 1000.0, 233.0, 999.0, 931.0, 999.0, 999.0, 391.0, 731.0, 0.0, 856.0], [-96.35600280761719, -9.05013370513916, 142.04034423828125], [0.27178955078125, -0.191864013671875, -0.7196044921875, 0.609466552734375], [-108.49385833740234, 19.89632797241211, -119.18586730957031], [0.412200927734375, -0.3175201416015625, 0.740478515625, -0.425384521484375]
1059910, 1064.3394775390625, [1000.0, 193.0, 905.0, 163.0, 515.0, 720.0, 277.0, 879.0, 120.0, 1000.0, 933.0, 750.0, 0.0, 666.0, 225.0, 999.0, 914.0, 999.0, 999.0, 390.0, 721.0, 0.0, 848.0], [-95.77454376220703, -4.994486331939697, 143.56790161132812], [0.2401275634765625, -0.20391845703125, -0.713104248046875, 0.6262664794921875], [-108.50288391113281, 22.415494918823242, -119.1781005859375], [0.4261322021484375, -0.3050537109375, 0.744049072265625, -0.4143829345703125]
1059920, 1064.3897705078125, [1000.0, 193.0, 905.0, 163.0, 515.0, 720.0, 277.0, 879.0, 120.0, 1000.0, 933.0, 750.0, 0.0, 666.0, 225.0, 999.0, 914.0, 999.0, 999.0, 390.0, 721.0, 0.0, 848.0], [-95.77454376220703, -4.994486331939697, 143.56790161132812], [0.2401275634765625, -0.20391845703125, -0.713104248046875, 0.6262664794921875], [-108.48095703125, 22.88469696044922, -119.09427642822266], [0.4290618896484375, -0.30316162109375, 0.7443695068359375, -0.4121551513671875]
1059960, 1064.3995361328125, [1000.0, 193.0, 898.0, 167.0, 500.0, 717.0, 271.0, 877.0, 116.0, 1000.0, 931.0, 750.0, 0.0, 666.0, 215.0, 999.0, 907.0, 999.0, 999.0, 388.0, 717.0, 0.0, 843.0], [-95.1353988647461, -0.6220821738243103, 145.00465393066406], [0.2066802978515625, -0.218414306640625, -0.7050018310546875, 0.64227294921875], [-109.17445373535156, 24.824155807495117, -118.84748077392578], [0.438690185546875, -0.2976531982421875, 0.748626708984375, -0.3981170654296875]
1060010, 1064.4495849609375, [1000.0, 192.0, 893.0, 172.0, 476.0, 712.0, 262.0, 872.0, 109.0, 1000.0, 929.0, 750.0, 0.0, 666.0, 197.0, 999.0, 885.0, 999.0, 999.0, 387.0, 714.0, 0.0, 835.0], [-95.00843048095703, 2.9278054237365723, 145.84413146972656], [0.1803131103515625, -0.2329559326171875, -0.6995086669921875, 0.65106201171875], [-109.26046752929688, 27.313020706176758, -118.40796661376953], [0.4533538818359375, -0.2882843017578125, 0.7506103515625, -0.3845977783203125]
1060070, 1064.49951171875, [1000.0, 193.0, 890.0, 174.0, 458.0, 701.0, 258.0, 866.0, 105.0, 1000.0, 927.0, 750.0, 0.0, 666.0, 184.0, 999.0, 818.0, 999.0, 999.0, 386.0, 709.0, 0.0, 824.0], [-93.70176696777344, 7.404677867889404, 146.05519104003906], [0.1541595458984375, -0.2547607421875, -0.683441162109375, 0.6664886474609375], [-108.86572265625, 29.992055892944336, -117.5275650024414], [0.4713134765625, -0.2787628173828125, 0.7498626708984375, -0.371246337890625]
1060120, 1064.559814453125, [1000.0, 193.0, 887.0, 175.0, 448.0, 690.0, 255.0, 859.0, 101.0, 1000.0, 924.0, 750.0, 0.0, 1000.0, 178.0, 999.0, 785.0, 999.0, 999.0, 385.0, 703.0, 0.0, 817.0], [-94.06268310546875, 9.857831001281738, 146.46438598632812], [0.135711669921875, -0.266387939453125, -0.681121826171875, 0.6683349609375], [-109.77159881591797, 31.176982879638672, -116.7690658569336], [0.477630615234375, -0.281402587890625, 0.7519989013671875, -0.3565826416015625]
1060170, 1064.6094970703125, [1000.0, 193.0, 886.0, 176.0, 441.0, 684.0, 252.0, 853.0, 98.0, 1000.0, 923.0, 750.0, 0.0, 666.0, 186.0, 999.0, 825.0, 999.0, 999.0, 384.0, 699.0, 0.0, 814.0], [-94.0318603515625, 11.057676315307617, 145.94940185546875], [0.1313018798828125, -0.2760009765625, -0.6769866943359375, 0.6695098876953125], [-109.28800964355469, 31.110849380493164, -115.84259796142578], [0.4813690185546875, -0.2857818603515625, 0.748138427734375, -0.3561859130859375]
1060180, 1064.619384765625, [1000.0, 194.0, 886.0, 176.0, 440.0, 681.0, 252.0, 850.0, 98.0, 1000.0, 923.0, 750.0, 0.0, 666.0, 190.0, 999.0, 820.0, 999.0, 999.0, 384.0, 699.0, 0.0, 813.0], [-93.9349594116211, 11.133101463317871, 145.77578735351562], [0.132080078125, -0.2773284912109375, -0.6758270263671875, 0.66998291015625], [-109.1969985961914, 30.94649887084961, -115.73124694824219], [0.481109619140625, -0.2869720458984375, 0.7474212646484375, -0.3571014404296875]
1060190, 1064.659912109375, [1000.0, 194.0, 886.0, 176.0, 440.0, 677.0, 251.0, 846.0, 98.0, 1000.0, 922.0, 750.0, 0.0, 666.0, 193.0, 999.0, 814.0, 999.0, 999.0, 384.0, 699.0, 0.0, 811.0], [-93.89569854736328, 11.152179718017578, 145.6047821044922], [0.133056640625, -0.2783966064453125, -0.675140380859375, 0.6700439453125], [-109.11638641357422, 30.783130645751953, -115.64170837402344], [0.4807586669921875, -0.288055419921875, 0.7467803955078125, -0.3580322265625]
1060230, 1064.66943359375, [1000.0, 194.0, 882.0, 176.0, 438.0, 661.0, 249.0, 831.0, 96.0, 1000.0, 921.0, 750.0, 0.0, 1000.0, 199.0, 999.0, 802.0, 999.0, 999.0, 384.0, 696.0, 0.0, 804.0], [-93.04874420166016, 10.852249145507812, 144.7935791015625], [0.1417388916015625, -0.280487060546875, -0.6688995361328125, 0.6736297607421875], [-107.72369384765625, 30.25933074951172, -114.71600341796875], [0.48455810546875, -0.2908935546875, 0.7394866943359375, -0.3656768798828125]
1060280, 1064.7196044921875, [1000.0, 193.0, 878.0, 177.0, 433.0, 654.0, 245.0, 823.0, 93.0, 1000.0, 918.0, 750.0, 0.0, 666.0, 197.0, 999.0, 773.0, 999.0, 999.0, 382.0, 691.0, 0.0, 798.0], [-92.28730010986328, 9.165834426879883, 142.9345703125], [0.164886474609375, -0.28094482421875, -0.6638946533203125, 0.673126220703125], [-106.4361343383789, 28.84908676147461, -113.79403686523438], [0.48382568359375, -0.298675537109375, 0.7312164306640625, -0.376800537109375]
1060340, 1064.779541015625, [1000.0, 194.0, 868.0, 180.0, 422.0, 651.0, 242.0, 820.0, 91.0, 1000.0, 916.0, 750.0, 0.0, 1000.0, 193.0, 999.0, 695.0, 999.0, 999.0, 381.0, 691.0, 0.0, 794.0], [-91.9224853515625, 7.73964262008667, 141.52474975585938], [0.182708740234375, -0.280609130859375, -0.661712646484375, 0.670806884765625], [-106.06304931640625, 27.422868728637695, -113.16869354248047], [0.4798126220703125, -0.3084716796875, 0.72637939453125, -0.38336181640625]
1060390, 1064.82958984375, [1000.0, 197.0, 865.0, 183.0, 418.0, 651.0, 239.0, 819.0, 89.0, 1000.0, 915.0, 750.0, 0.0, 1000.0, 185.0, 999.0, 658.0, 999.0, 999.0, 380.0, 691.0, 0.0, 792.0], [-92.78860473632812, 6.963112831115723, 140.60809326171875], [0.19061279296875, -0.28302001953125, -0.666351318359375, 0.6629486083984375], [-105.52018737792969, 27.237199783325195, -111.33019256591797], [0.48651123046875, -0.3187408447265625, 0.719268798828125, -0.3799285888671875]
1060450, 1064.87939453125, [1000.0, 198.0, 864.0, 185.0, 415.0, 649.0, 235.0, 817.0, 86.0, 1000.0, 914.0, 750.0, 0.0, 666.0, 171.0, 999.0, 654.0, 999.0, 999.0, 379.0, 689.0, 0.0, 791.0], [-91.8827896118164, 6.035810947418213, 140.17393493652344], [0.2009429931640625, -0.278839111328125, -0.6622467041015625, 0.6657867431640625], [-102.9561538696289, 26.873098373413086, -109.47647857666016], [0.4981536865234375, -0.321136474609375, 0.7048797607421875, -0.3896636962890625]
1060500, 1064.93994140625, [1000.0, 198.0, 862.0, 186.0, 413.0, 647.0, 233.0, 816.0, 86.0, 1000.0, 913.0, 750.0, 0.0, 1000.0, 172.0, 999.0, 657.0, 999.0, 999.0, 378.0, 688.0, 0.0, 790.0], [-90.68826293945312, 6.721500396728516, 140.4766387939453], [0.1979827880859375, -0.27886962890625, -0.65435791015625, 0.674407958984375], [-103.06549072265625, 25.989316940307617, -110.25836181640625], [0.4909820556640625, -0.3214111328125, 0.7058868408203125, -0.396636962890625]
1060550, 1064.989990234375, [1000.0, 198.0, 860.0, 186.0, 411.0, 644.0, 231.0, 815.0, 84.0, 1000.0, 912.0, 750.0, 0.0, 666.0, 174.0, 999.0, 645.0, 999.0, 999.0, 378.0, 687.0, 0.0, 788.0], [-91.64442443847656, 6.416742324829102, 140.69064331054688], [0.19622802734375, -0.2775726318359375, -0.6612091064453125, 0.6687469482421875], [-103.79924774169922, 25.61547088623047, -110.75360107421875], [0.48541259765625, -0.32342529296875, 0.70916748046875, -0.3960113525390625]
1060610, 1065.0496826171875, [1000.0, 198.0, 859.0, 187.0, 409.0, 642.0, 228.0, 815.0, 82.0, 1000.0, 910.0, 750.0, 0.0, 666.0, 174.0, 999.0, 644.0, 999.0, 999.0, 377.0, 684.0, 0.0, 787.0], [-93.52831268310547, 4.831720352172852, 140.53753662109375], [0.2021484375, -0.272918701171875, -0.6753997802734375, 0.654571533203125], [-103.55097961425781, 25.85040855407715, -110.48465728759766], [0.4881744384765625, -0.32281494140625, 0.7079620361328125, -0.3952789306640625]
1060660, 1065.0997314453125, [1000.0, 198.0, 859.0, 187.0, 408.0, 641.0, 227.0, 814.0, 81.0, 1000.0, 909.0, 750.0, 0.0, 666.0, 177.0, 999.0, 637.0, 999.0, 999.0, 376.0, 683.0, 0.0, 786.0], [-93.25035095214844, 4.831514835357666, 140.3708953857422], [0.203765869140625, -0.273406982421875, -0.6734161376953125, 0.655914306640625], [-102.7784652709961, 27.0526065826416, -110.0332260131836], [0.497589111328125, -0.3159942626953125, 0.7061309814453125, -0.392303466796875]
1060720, 1065.159912109375, [1000.0, 199.0, 858.0, 187.0, 407.0, 639.0, 226.0, 813.0, 80.0, 1000.0, 908.0, 750.0, 0.0, 1000.0, 180.0, 999.0, 652.0, 999.0, 999.0, 375.0, 682.0, 0.0, 786.0], [-93.34597778320312, 5.2339186668396, 140.64874267578125], [0.1995086669921875, -0.274169921875, -0.6737060546875, 0.6566009521484375], [-102.4429931640625, 25.70377540588379, -109.6310043334961], [0.493560791015625, -0.3240814208984375, 0.701446533203125, -0.399139404296875]
1060770, 1065.2095947265625, [1000.0, 199.0, 858.0, 187.0, 406.0, 637.0, 225.0, 812.0, 79.0, 1000.0, 907.0, 750.0, 0.0, 1000.0, 186.0, 999.0, 672.0, 999.0, 999.0, 375.0, 681.0, 0.0, 785.0], [-91.48248291015625, 4.475929260253906, 140.718994140625], [0.2080535888671875, -0.266204833984375, -0.6648406982421875, 0.6661834716796875], [-102.97825622558594, 26.74198341369629, -110.00945281982422], [0.4956512451171875, -0.318634033203125, 0.706207275390625, -0.3924713134765625]
1060820, 1065.259521484375, [1000.0, 199.0, 858.0, 187.0, 405.0, 636.0, 224.0, 811.0, 78.0, 1000.0, 906.0, 1000.0, 0.0, 1000.0, 189.0, 999.0, 674.0, 999.0, 999.0, 374.0, 680.0, 0.0, 785.0], [-91.3333969116211, 4.064304828643799, 140.33900451660156], [0.2130584716796875, -0.26580810546875, -0.664031982421875, 0.6655731201171875], [-104.1893310546875, 27.437349319458008, -110.24668884277344], [0.494781494140625, -0.3187713623046875, 0.7121429443359375, -0.38262939453125]
1060880, 1065.319580078125, [1000.0, 200.0, 856.0, 188.0, 407.0, 637.0, 222.0, 810.0, 77.0, 1000.0, 905.0, 750.0, 0.0, 1000.0, 213.0, 999.0, 716.0, 999.0, 999.0, 373.0, 679.0, 0.0, 787.0], [-91.22571563720703, 2.294382095336914, 139.0233154296875], [0.23138427734375, -0.2631988525390625, -0.6643829345703125, 0.660125732421875], [-102.8298568725586, 26.607717514038086, -109.74231719970703], [0.4963531494140625, -0.320343017578125, 0.7047271728515625, -0.39288330078125]
1060930, 1065.3695068359375, [1000.0, 201.0, 851.0, 191.0, 409.0, 639.0, 221.0, 810.0, 76.0, 1000.0, 903.0, 750.0, 0.0, 666.0, 237.0, 999.0, 781.0, 999.0, 999.0, 371.0, 677.0, 0.0, 787.0], [-90.7293930053711, 1.4780205488204956, 138.3178253173828], [0.241363525390625, -0.2616119384765625, -0.6617431640625, 0.659820556640625], [-102.69307708740234, 25.888296127319336, -110.0697021484375], [0.4922027587890625, -0.321502685546875, 0.703887939453125, -0.3986053466796875]
1060990, 1065.4295654296875, [1000.0, 200.0, 840.0, 193.0, 413.0, 643.0, 221.0, 810.0, 75.0, 1000.0, 902.0, 750.0, 0.0, 666.0, 239.0, 999.0, 824.0, 999.0, 999.0, 369.0, 674.0, 0.0, 784.0], [-89.91559600830078, 0.10333103686571121, 137.31954956054688], [0.2569122314453125, -0.257720947265625, -0.65789794921875, 0.659332275390625], [-103.09750366210938, 26.015520095825195, -110.30255126953125], [0.4908599853515625, -0.321136474609375, 0.7061614990234375, -0.3964996337890625]
1061040, 1065.479736328125, [1000.0, 201.0, 834.0, 196.0, 411.0, 651.0, 220.0, 811.0, 74.0, 1000.0, 901.0, 750.0, 0.0, 666.0, 235.0, 999.0, 815.0, 999.0, 999.0, 368.0, 673.0, 0.0, 786.0], [-89.4416732788086, -1.0375468730926514, 136.20269775390625], [0.270904541015625, -0.2564544677734375, -0.655242919921875, 0.6568603515625], [-102.98707580566406, 26.378398895263672, -110.05687713623047], [0.493743896484375, -0.320281982421875, 0.7057342529296875, -0.394378662109375]
1061090, 1065.5299072265625, [1000.0, 201.0, 831.0, 198.0, 412.0, 650.0, 218.0, 810.0, 73.0, 1000.0, 900.0, 750.0, 0.0, 666.0, 234.0, 999.0, 805.0, 999.0, 999.0, 367.0, 671.0, 0.0, 786.0], [-89.24828338623047, -2.1656570434570312, 135.28733825683594], [0.2829437255859375, -0.25469970703125, -0.6546478271484375, 0.6530609130859375], [-102.0572280883789, 25.884700775146484, -109.4310302734375], [0.4962005615234375, -0.32269287109375, 0.6998748779296875, -0.3997650146484375]
1061150, 1065.58984375, [1000.0, 202.0, 826.0, 202.0, 413.0, 657.0, 217.0, 809.0, 73.0, 1000.0, 897.0, 750.0, 0.0, 1000.0, 234.0, 999.0, 773.0, 999.0, 999.0, 366.0, 669.0, 0.0, 789.0], [-88.66149139404297, -3.2123775482177734, 134.5242462158203], [0.29443359375, -0.251495361328125, -0.6519775390625, 0.651885986328125], [-100.4241943359375, 24.44643211364746, -108.83148193359375], [0.496246337890625, -0.326812744140625, 0.6895904541015625, -0.413970947265625]
1061200, 1065.6396484375, [1000.0, 202.0, 807.0, 206.0, 412.0, 666.0, 215.0, 811.0, 72.0, 1000.0, 894.0, 750.0, 0.0, 666.0, 241.0, 999.0, 803.0, 999.0, 999.0, 364.0, 668.0, 0.0, 791.0], [-87.6942138671875, -3.599717855453491, 134.04974365234375], [0.3013916015625, -0.2494049072265625, -0.64630126953125, 0.6551513671875], [-99.52934265136719, 25.136484146118164, -108.8093032836914], [0.5020294189453125, -0.31939697265625, 0.68768310546875, -0.41595458984375]
1061250, 1065.6898193359375, [1000.0, 202.0, 789.0, 209.0, 409.0, 665.0, 215.0, 810.0, 71.0, 1000.0, 891.0, 750.0, 0.0, 1000.0, 236.0, 999.0, 798.0, 999.0, 999.0, 363.0, 666.0, 0.0, 788.0], [-87.19032287597656, -3.8558459281921387, 133.6806182861328], [0.305999755859375, -0.2486419677734375, -0.6432037353515625, 0.6563568115234375], [-101.61255645751953, 25.437761306762695, -109.87818908691406], [0.4937744140625, -0.3203887939453125, 0.69873046875, -0.40655517578125]
1061310, 1065.74951171875, [1000.0, 202.0, 783.0, 210.0, 409.0, 659.0, 213.0, 807.0, 70.0, 1000.0, 890.0, 750.0, 0.0, 666.0, 236.0, 999.0, 765.0, 999.0, 999.0, 362.0, 663.0, 0.0, 788.0], [-86.05500030517578, -4.63759183883667, 132.2527618408203], [0.32086181640625, -0.2488861083984375, -0.6354217529296875, 0.6567535400390625], [-101.72297668457031, 25.57158088684082, -110.36055755615234], [0.4923858642578125, -0.3172149658203125, 0.700714111328125, -0.407318115234375]
1061360, 1065.7996826171875, [1000.0, 201.0, 770.0, 213.0, 409.0, 659.0, 212.0, 805.0, 70.0, 1000.0, 889.0, 750.0, 0.0, 666.0, 234.0, 999.0, 768.0, 999.0, 999.0, 362.0, 663.0, 0.0, 790.0], [-84.99966430664062, -5.642441749572754, 130.7137451171875], [0.3372650146484375, -0.2483673095703125, -0.6284332275390625, 0.6554412841796875], [-99.73299407958984, 25.96516227722168, -110.07710266113281], [0.50067138671875, -0.3082275390625, 0.6935272216796875, -0.41632080078125]
1061420, 1065.8597412109375, [1000.0, 202.0, 745.0, 217.0, 409.0, 660.0, 212.0, 805.0, 69.0, 1000.0, 888.0, 750.0, 0.0, 1000.0, 247.0, 999.0, 796.0, 999.0, 999.0, 361.0, 662.0, 0.0, 791.0], [-84.29927825927734, -6.925468921661377, 129.63214111328125], [0.3515777587890625, -0.2445068359375, -0.625213623046875, 0.652435302734375], [-100.28054809570312, 24.711610794067383, -111.72642517089844], [0.487274169921875, -0.3072662353515625, 0.6975860595703125, -0.4260101318359375]
1061470, 1065.9093017578125, [1000.0, 201.0, 716.0, 218.0, 407.0, 660.0, 211.0, 805.0, 69.0, 1000.0, 888.0, 750.0, 0.0, 666.0, 257.0, 999.0, 890.0, 999.0, 999.0, 360.0, 660.0, 0.0, 792.0], [-83.30003356933594, -8.016401290893555, 129.11195373535156], [0.3621826171875, -0.2376556396484375, -0.6210784912109375, 0.6531219482421875], [-100.45132446289062, 23.176546096801758, -113.39342498779297], [0.47314453125, -0.3059844970703125, 0.6998138427734375, -0.43902587890625]
1061520, 1065.95947265625, [1000.0, 202.0, 690.0, 219.0, 407.0, 660.0, 211.0, 803.0, 69.0, 1000.0, 886.0, 750.0, 0.0, 1000.0, 271.0, 999.0, 922.0, 999.0, 999.0, 360.0, 658.0, 0.0, 789.0], [-82.27066040039062, -9.278926849365234, 128.72451782226562], [0.372772216796875, -0.2287750244140625, -0.6174774169921875, 0.65374755859375], [-99.00154113769531, 23.652132034301758, -112.49723815917969], [0.48272705078125, -0.3028411865234375, 0.6927642822265625, -0.441925048828125]
