1008850, 1013.05908203125, [1000.0, 119.0, 299.0, 87.0, 79.0, 36.0, 36.0, 2.0, 0.0, 1000.0, 0.0, 750.0, 0.0, 1000.0, 946.0, 999.0, 999.0, 999.0, 999.0, 407.0, 594.0, 0.0, 0.0], [-19.34003448486328, -3.358588218688965, -3.337491035461426], [0.98480224609375, -0.168670654296875, -0.02398681640625, -0.0336151123046875], [-27.3975772857666, 15.61379337310791, -76.44810485839844], [0.77606201171875, -0.1026611328125, 0.24884033203125, -0.570281982421875]
1008910, 1013.11962890625, [1000.0, 119.0, 299.0, 87.0, 79.0, 36.0, 36.0, 2.0, 0.0, 1000.0, 0.0, 750.0, 0.0, 1000.0, 958.0, 999.0, 999.0, 999.0, 999.0, 407.0, 594.0, 0.0, 0.0], [-19.3153133392334, -3.311695098876953, -3.2341983318328857], [0.9848785400390625, -0.168426513671875, -0.02374267578125, -0.03265380859375], [-27.075706481933594, 15.5712890625, -76.3932876586914], [0.776611328125, -0.100830078125, 0.246917724609375, -0.570709228515625]
1008960, 1013.1697387695312, [1000.0, 119.0, 299.0, 87.0, 78.0, 36.0, 36.0, 2.0, 0.0, 1000.0, 0.0, 750.0, 0.0, 1000.0, 959.0, 999.0, 999.0, 999.0, 999.0, 407.0, 594.0, 0.0, 0.0], [-19.285537719726562, -3.264894723892212, -3.1842281818389893], [0.984954833984375, -0.16815185546875, -0.0234222412109375, -0.0321502685546875], [-27.390134811401367, 15.372533798217773, -76.4793930053711], [0.7758331298828125, -0.103851318359375, 0.247283935546875, -0.571075439453125]
1009010, 1013.2197265625, [1000.0, 119.0, 299.0, 87.0, 78.0, 36.0, 35.0, 1.0, 0.0, 1000.0, 0.0, 750.0, 0.0, 1000.0, 958.0, 999.0, 999.0, 999.0, 999.0, 407.0, 594.0, 0.0, 0.0], [-19.26728057861328, -3.2851696014404297, -3.119137763977051], [0.9849853515625, -0.1679840087890625, -0.0236968994140625, -0.0316162109375], [-27.19637680053711, 15.279330253601074, -76.43767547607422], [0.77618408203125, -0.1031341552734375, 0.2456817626953125, -0.5714263916015625]
1009070, 1013.27978515625, [1000.0, 119.0, 299.0, 87.0, 78.0, 36.0, 35.0, 2.0, 0.0, 1000.0, 0.0, 750.0, 0.0, 1000.0, 956.0, 999.0, 999.0, 999.0, 999.0, 407.0, 594.0, 0.0, 0.0], [-19.314367294311523, -3.2461111545562744, -3.037614583969116], [0.984954833984375, -0.168365478515625, -0.023468017578125, -0.0308685302734375], [-27.411523818969727, 15.513606071472168, -76.48928833007812], [0.77581787109375, -0.10321044921875, 0.2483062744140625, -0.570770263671875]
1009120, 1013.3296508789062, [1000.0, 119.0, 299.0, 87.0, 78.0, 36.0, 35.0, 2.0, 0.0, 1000.0, 0.0, 750.0, 0.0, 1000.0, 954.0, 999.0, 999.0, 999.0, 999.0, 407.0, 594.0, 0.0, 0.0], [-19.29337501525879, -3.233504295349121, -2.9674928188323975], [0.9850006103515625, -0.1681671142578125, -0.023468017578125, -0.030242919921875], [-27.058225631713867, 15.395866394042969, -76.3894271850586], [0.776580810546875, -0.1016693115234375, 0.245697021484375, -0.5711212158203125]
1009170, 1013.3796997070312, [1000.0, 119.0, 299.0, 87.0, 77.0, 36.0, 35.0, 1.0, 0.0, 1000.0, 0.0, 750.0, 0.0, 1000.0, 953.0, 999.0, 999.0, 999.0, 999.0, 407.0, 593.0, 0.0, 0.0], [-19.285037994384766, -3.2686774730682373, -2.904895067214966], [0.9850311279296875, -0.1680908203125, -0.02386474609375, -0.029754638671875], [-27.053173065185547, 15.419893264770508, -76.398193359375], [0.77655029296875, -0.1014862060546875, 0.2458343505859375, -0.571136474609375]
1009230, 1013.439453125, [1000.0, 119.0, 298.0, 87.0, 77.0, 36.0, 35.0, 1.0, 0.0, 1000.0, 0.0, 750.0, 0.0, 1000.0, 946.0, 999.0, 999.0, 999.0, 999.0, 407.0, 593.0, 0.0, 0.0], [-19.21717643737793, -3.3981707096099854, -2.822611093521118], [0.985107421875, -0.167510986328125, -0.025115966796875, -0.0292205810546875], [-26.93379783630371, 15.475388526916504, -76.37199401855469], [0.7768096923828125, -0.100433349609375, 0.245574951171875, -0.5710906982421875]
1009280, 1013.48974609375, [1000.0, 119.0, 298.0, 87.0, 77.0, 36.0, 35.0, 1.0, 0.0, 1000.0, 0.0, 1000.0, 0.0, 1000.0, 948.0, 999.0, 999.0, 999.0, 999.0, 407.0, 593.0, 0.0, 0.0], [-19.184825897216797, -3.332392454147339, -2.743971109390259], [0.985198974609375, -0.167205810546875, -0.0246734619140625, -0.0284423828125], [-27.069355010986328, 15.603546142578125, -76.38426971435547], [0.77667236328125, -0.1006317138671875, 0.2470855712890625, -0.570587158203125]
1009340, 1013.5494995117188, [1000.0, 119.0, 298.0, 87.0, 77.0, 36.0, 35.0, 1.0, 0.0, 1000.0, 0.0, 750.0, 0.0, 1000.0, 948.0, 999.0, 999.0, 999.0, 999.0, 407.0, 593.0, 0.0, 0.0], [-19.223979949951172, -3.2843475341796875, -2.632176160812378], [0.9851837158203125, -0.167510986328125, -0.0244140625, -0.0274200439453125], [-27.226295471191406, 15.283884048461914, -76.39253234863281], [0.7763824462890625, -0.1034088134765625, 0.245819091796875, -0.571044921875]
1009390, 1013.5997924804688, [1000.0, 119.0, 298.0, 87.0, 77.0, 35.0, 35.0, 1.0, 0.0, 1000.0, 0.0, 750.0, 0.0, 1000.0, 940.0, 999.0, 999.0, 999.0, 999.0, 407.0, 593.0, 0.0, 0.0], [-19.408252716064453, -3.2865960597991943, -2.573976755142212], [0.98492431640625, -0.1690826416015625, -0.02447509765625, -0.0269622802734375], [-26.51825714111328, 15.68909740447998, -76.29000091552734], [0.77764892578125, -0.0966339111328125, 0.24481201171875, -0.5709381103515625]
1009440, 1013.6494140625, [1000.0, 119.0, 298.0, 87.0, 77.0, 35.0, 34.0, 1.0, 0.0, 1000.0, 0.0, 750.0, 0.0, 1000.0, 937.0, 999.0, 999.0, 999.0, 999.0, 407.0, 594.0, 0.0, 0.0], [-19.176843643188477, -3.837796449661255, -2.398244857788086], [0.985137939453125, -0.1671295166015625, -0.0295257568359375, -0.0261993408203125], [-25.033252716064453, 16.902055740356445, -75.55657196044922], [0.7827301025390625, -0.08154296875, 0.244720458984375, -0.566375732421875]
1009500, 1013.7095336914062, [1000.0, 118.0, 297.0, 87.0, 77.0, 36.0, 34.0, 1.0, 0.0, 1000.0, 0.0, 750.0, 0.0, 1000.0, 968.0, 999.0, 999.0, 999.0, 999.0, 410.0, 600.0, 0.0, 0.0], [-17.227415084838867, -5.414168357849121, -2.5081369876861572], [0.987213134765625, -0.1505889892578125, -0.0434112548828125, -0.0286865234375], [-23.46514892578125, 17.674835205078125, -74.23770141601562], [0.7902984619140625, -0.0694427490234375, 0.2411956787109375, -0.558929443359375]
1009550, 1013.7595825195312, [1000.0, 118.0, 297.0, 90.0, 76.0, 41.0, 34.0, 2.0, 0.0, 1000.0, 0.0, 750.0, 0.0, 1000.0, 949.0, 999.0, 999.0, 999.0, 999.0, 414.0, 634.0, 0.0, 0.0], [-17.020851135253906, -1.340474009513855, -2.2572789192199707], [0.9886932373046875, -0.1481781005859375, -0.0086517333984375, -0.021209716796875], [-21.85293960571289, 18.724328994750977, -72.87041473388672], [0.7977294921875, -0.05560302734375, 0.2395782470703125, -0.550567626953125]
1009610, 1013.8194580078125, [1000.0, 119.0, 296.0, 94.0, 81.0, 51.0, 43.0, 2.0, 0.0, 1000.0, 0.0, 750.0, 0.0, 1000.0, 938.0, 999.0, 999.0, 999.0, 999.0, 410.0, 657.0, 0.0, 0.0], [-17.5418701171875, 2.6289427280426025, -2.610867500305176], [0.98785400390625, -0.151885986328125, 0.0261383056640625, -0.019012451171875], [-21.1566162109375, 21.126625061035156, -71.35124969482422], [0.8046112060546875, -0.04150390625, 0.2516326904296875, -0.536224365234375]
1009660, 1013.8697509765625, [1000.0, 119.0, 297.0, 96.0, 85.0, 55.0, 50.0, 3.0, 0.0, 1000.0, 0.0, 750.0, 0.0, 1000.0, 939.0, 999.0, 999.0, 999.0, 999.0, 409.0, 660.0, 0.0, 0.0], [-15.687356948852539, 6.680282115936279, -2.869723320007324], [0.9888458251953125, -0.1347503662109375, 0.0611114501953125, -0.016815185546875], [-18.12307357788086, 22.80133819580078, -69.27146911621094], [0.8141632080078125, -0.016082763671875, 0.24835205078125, -0.524566650390625]
1009710, 1013.91943359375, [1000.0, 119.0, 317.0, 100.0, 105.0, 65.0, 76.0, 4.0, 0.0, 1000.0, 0.0, 750.0, 0.0, 1000.0, 936.0, 999.0, 999.0, 999.0, 999.0, 408.0, 665.0, 0.0, 0.0], [-13.163833618164062, 9.54835033416748, -3.5382440090179443], [0.989776611328125, -0.1116180419921875, 0.0861663818359375, -0.021026611328125], [-15.1915864944458, 24.434358596801758, -67.2397689819336], [0.82220458984375, 0.0085601806640625, 0.2462005615234375, -0.513092041015625]
1009770, 1013.9794921875, [1000.0, 119.0, 361.0, 104.0, 162.0, 81.0, 152.0, 5.0, 0.0, 1000.0, 0.0, 750.0, 0.0, 1000.0, 938.0, 999.0, 999.0, 999.0, 999.0, 405.0, 665.0, 0.0, 0.0], [-11.73529052734375, 9.863290786743164, -3.6309356689453125], [0.9908447265625, -0.099090576171875, 0.0886993408203125, -0.022613525390625], [-12.7099027633667, 25.948293685913086, -65.05540466308594], [0.8299102783203125, 0.0290374755859375, 0.246124267578125, -0.4998016357421875]
1009820, 1014.0294189453125, [1000.0, 119.0, 376.0, 106.0, 184.0, 87.0, 183.0, 6.0, 1.0, 1000.0, 0.0, 1000.0, 0.0, 1000.0, 935.0, 999.0, 999.0, 999.0, 999.0, 402.0, 666.0, 0.0, 0.0], [-10.005257606506348, 11.263069152832031, -4.019442558288574], [0.991058349609375, -0.0832977294921875, 0.100738525390625, -0.026214599609375], [-10.453523635864258, 25.830936431884766, -63.75461196899414], [0.834991455078125, 0.042144775390625, 0.23590087890625, -0.49530029296875]
1009880, 1014.0894775390625, [1000.0, 119.0, 381.0, 107.0, 188.0, 88.0, 218.0, 6.0, 5.0, 1000.0, 0.0, 750.0, 0.0, 1000.0, 935.0, 999.0, 999.0, 999.0, 999.0, 399.0, 668.0, 0.0, 0.0], [-8.198508262634277, 8.219532012939453, -4.715902805328369], [0.994232177734375, -0.06829833984375, 0.0743560791015625, -0.0358123779296875], [-8.617670059204102, 25.11779022216797, -62.9697151184082], [0.8385467529296875, 0.0507049560546875, 0.22320556640625, -0.4944000244140625]
1009930, 1014.139404296875, [1000.0, 119.0, 376.0, 107.0, 180.0, 85.0, 238.0, 6.0, 7.0, 1000.0, 0.0, 750.0, 0.0, 1000.0, 929.0, 999.0, 999.0, 999.0, 999.0, 395.0, 670.0, 0.0, 0.0], [-5.9261298179626465, 2.8593978881835938, -6.349340438842773], [0.99688720703125, -0.0502166748046875, 0.027740478515625, -0.0540008544921875], [-7.0800700187683105, 24.044036865234375, -62.798831939697266], [0.839935302734375, 0.0567626953125, 0.2089080810546875, -0.49761962890625]
1009950, 1014.189453125, [1000.0, 119.0, 375.0, 106.0, 177.0, 83.0, 239.0, 6.0, 8.0, 1000.0, 0.0, 1000.0, 0.0, 1000.0, 931.0, 999.0, 999.0, 999.0, 999.0, 394.0, 671.0, 0.0, 0.0], [-5.2677154541015625, 0.7067552208900452, -7.043889999389648], [0.997039794921875, -0.0454864501953125, 0.00897216796875, -0.0610809326171875], [-6.990415096282959, 23.616682052612305, -62.90055847167969], [0.8399810791015625, 0.0556640625, 0.20538330078125, -0.499114990234375]
1009980, 1014.1993408203125, [1000.0, 119.0, 370.0, 106.0, 172.0, 81.0, 242.0, 6.0, 9.0, 1000.0, 0.0, 750.0, 0.0, 1000.0, 930.0, 999.0, 999.0, 999.0, 999.0, 392.0, 670.0, 0.0, 0.0], [-4.739809513092041, -1.7777979373931885, -8.013978004455566], [0.9965362548828125, -0.042327880859375, -0.0125732421875, -0.0704498291015625], [-6.7706451416015625, 23.045373916625977, -63.026092529296875], [0.8400421142578125, 0.054901123046875, 0.2002410888671875, -0.5012054443359375]
1010040, 1014.2494506835938, [1000.0, 120.0, 364.0, 106.0, 169.0, 80.0, 252.0, 8.0, 11.0, 1000.0, 0.0, 750.0, 0.0, 1000.0, 927.0, 999.0, 999.0, 999.0, 999.0, 392.0, 675.0, 0.0, 0.0], [-1.7231440544128418, -8.6451997756958, -11.08344554901123], [0.9922637939453125, -0.0222015380859375, -0.0735626220703125, -0.097412109375], [-4.504833221435547, 22.46097183227539, -62.4681282043457], [0.8419952392578125, 0.0679473876953125, 0.1863861083984375, -0.5016632080078125]
1010060, 1014.3001708984375, [1000.0, 121.0, 364.0, 106.0, 167.0, 80.0, 251.0, 8.0, 12.0, 1000.0, 0.0, 750.0, 0.0, 1000.0, 926.0, 999.0, 999.0, 999.0, 999.0, 392.0, 673.0, 0.0, 0.0], [-0.49466726183891296, -11.129844665527344, -12.230972290039062], [0.98956298828125, -0.0146026611328125, -0.0959625244140625, -0.1064453125], [-4.835367679595947, 16.978599548339844, -62.5009651184082], [0.8480072021484375, 0.0408477783203125, 0.147735595703125, -0.5073089599609375]
1010090, 1014.3093872070312, [1000.0, 121.0, 359.0, 105.0, 162.0, 80.0, 250.0, 10.0, 13.0, 1000.0, 0.0, 1000.0, 0.0, 1000.0, 925.0, 999.0, 999.0, 999.0, 999.0, 392.0, 669.0, 0.0, 0.0], [1.1859393119812012, -14.631704330444336, -14.160659790039062], [0.9843902587890625, -0.0055084228515625, -0.12762451171875, -0.120941162109375], [-8.675987243652344, 15.164012908935547, -63.36425018310547], [0.846343994140625, 0.0052947998046875, 0.151336669921875, -0.5106201171875]
1010150, 1014.3594970703125, [1000.0, 120.0, 353.0, 105.0, 158.0, 81.0, 267.0, 16.0, 17.0, 1000.0, 0.0, 1000.0, 0.0, 1000.0, 933.0, 999.0, 999.0, 999.0, 999.0, 399.0, 667.0, 0.0, 0.0], [5.293061256408691, -21.796663284301758, -17.68966293334961], [0.9705810546875, 0.0157623291015625, -0.1935882568359375, -0.1421966552734375], [-1.7603600025177002, 17.559663772583008, -61.3248291015625], [0.8511962890625, 0.0647735595703125, 0.1390228271484375, -0.501922607421875]
1010200, 1014.4094848632812, [1000.0, 120.0, 346.0, 103.0, 155.0, 81.0, 362.0, 105.0, 20.0, 1000.0, 0.0, 1000.0, 0.0, 1000.0, 603.0, 999.0, 999.0, 999.0, 999.0, 398.0, 664.0, 0.0, 0.0], [5.080163955688477, -23.785106658935547, -19.850515365600586], [0.964508056640625, 0.007232666015625, -0.21026611328125, -0.1595001220703125], [1.2437536716461182, 17.36592674255371, -60.94455337524414], [0.851104736328125, 0.0858001708984375, 0.124664306640625, -0.502685546875]
1010250, 1014.4696044921875, [1000.0, 121.0, 338.0, 102.0, 207.0, 82.0, 418.0, 20.0, 24.0, 1000.0, 0.0, 750.0, 0.0, 1000.0, 464.0, 999.0, 999.0, 999.0, 999.0, 397.0, 669.0, 0.0, 0.0], [4.572353363037109, -25.748769760131836, -22.601247787475586], [0.9569244384765625, -0.0054931640625, -0.2259368896484375, -0.182159423828125], [0.40920865535736084, 18.450122833251953, -62.58046340942383], [0.8431854248046875, 0.086273193359375, 0.135162353515625, -0.5131378173828125]
1010310, 1014.5194091796875, [1000.0, 123.0, 330.0, 100.0, 552.0, 82.0, 710.0, 111.0, 40.0, 1000.0, 0.0, 1000.0, 0.0, 1000.0, 279.0, 999.0, 864.0, 999.0, 999.0, 396.0, 684.0, 0.0, 0.0], [3.60145902633667, -28.612144470214844, -25.225343704223633], [0.9468231201171875, -0.0242156982421875, -0.2476654052734375, -0.2039031982421875], [-1.9423352479934692, 19.545825958251953, -65.3575439453125], [0.8309173583984375, 0.07757568359375, 0.1518707275390625, -0.5295867919921875]
1010360, 1014.5795288085938, [1000.0, 134.0, 340.0, 112.0, 754.0, 81.0, 831.0, 170.0, 175.0, 1000.0, 0.0, 1000.0, 0.0, 1000.0, 214.0, 999.0, 726.0, 999.0, 999.0, 394.0, 694.0, 0.0, 56.0], [2.605144500732422, -30.98128318786621, -27.55504608154297], [0.9371337890625, -0.0423126220703125, -0.2645416259765625, -0.223541259765625], [-3.333000898361206, 20.30501365661621, -67.78788757324219], [0.819580078125, 0.074493408203125, 0.1622161865234375, -0.54443359375]
1010410, 1014.6294555664062, [1000.0, 169.0, 448.0, 124.0, 871.0, 84.0, 891.0, 88.0, 655.0, 1000.0, 0.0, 1000.0, 0.0, 1000.0, 156.0, 999.0, 902.0, 999.0, 999.0, 389.0, 695.0, 0.0, 171.0], [4.36977481842041, -31.475584030151367, -30.725921630859375], [0.93017578125, -0.0364227294921875, -0.2710723876953125, -0.244842529296875], [-4.95753812789917, 20.74745750427246, -70.5548324584961], [0.8067626953125, 0.0691680908203125, 0.1714324951171875, -0.5612030029296875]
1010470, 1014.6895141601562, [1000.0, 259.0, 551.0, 119.0, 937.0, 86.0, 946.0, 174.0, 889.0, 1000.0, 0.0, 1000.0, 0.0, 1000.0, 133.0, 999.0, 999.0, 999.0, 999.0, 382.0, 699.0, 0.0, 245.0], [5.205994606018066, -32.92572784423828, -33.6495246887207], [0.92071533203125, -0.040252685546875, -0.2835845947265625, -0.2649688720703125], [-7.045691013336182, 21.1256103515625, -73.79216003417969], [0.79144287109375, 0.0615386962890625, 0.182586669921875, -0.5800628662109375]
1010520, 1014.7393798828125, [1000.0, 129.0, 651.0, 113.0, 967.0, 83.0, 960.0, 136.0, 944.0, 1000.0, 0.0, 1000.0, 0.0, 1000.0, 131.0, 999.0, 999.0, 999.0, 999.0, 375.0, 701.0, 0.0, 291.0], [4.354547023773193, -34.747901916503906, -34.24228286743164], [0.9147491455078125, -0.053192138671875, -0.29583740234375, -0.2699127197265625], [-8.869634628295898, 21.138866424560547, -75.7055435180664], [0.782562255859375, 0.0522003173828125, 0.1910400390625, -0.5902099609375]
1010540, 1014.789794921875, [1000.0, 115.0, 700.0, 111.0, 979.0, 81.0, 966.0, 92.0, 958.0, 1000.0, 0.0, 750.0, 0.0, 1000.0, 127.0, 999.0, 999.0, 999.0, 999.0, 372.0, 700.0, 0.0, 295.0], [3.9564452171325684, -35.39295959472656, -34.280696868896484], [0.91290283203125, -0.05810546875, -0.29998779296875, -0.27056884765625], [-9.6002197265625, 21.093605041503906, -76.28044891357422], [0.7799530029296875, 0.047943115234375, 0.1942596435546875, -0.5929718017578125]
1010580, 1014.7993774414062, [1000.0, 107.0, 774.0, 107.0, 989.0, 77.0, 972.0, 100.0, 973.0, 1000.0, 0.0, 750.0, 0.0, 1000.0, 125.0, 999.0, 999.0, 999.0, 999.0, 368.0, 702.0, 0.0, 333.0], [3.2354531288146973, -36.48149490356445, -34.25795364379883], [0.90985107421875, -0.0665283203125, -0.3069000244140625, -0.2711639404296875], [-10.553971290588379, 20.933448791503906, -76.93505859375], [0.7770538330078125, 0.041717529296875, 0.1978912353515625, -0.596038818359375]
1010630, 1014.849609375, [1000.0, 102.0, 851.0, 103.0, 997.0, 71.0, 981.0, 159.0, 980.0, 1000.0, 0.0, 1000.0, 0.0, 1000.0, 120.0, 999.0, 999.0, 999.0, 999.0, 363.0, 704.0, 0.0, 361.0], [1.1530590057373047, -42.515262603759766, -33.046077728271484], [0.8944549560546875, -0.0941162109375, -0.3502349853515625, -0.26153564453125], [-17.00266456604004, 23.871660232543945, -79.6128158569336], [0.762908935546875, 0.01983642578125, 0.249725341796875, -0.595977783203125]
1010680, 1014.8994140625, [1000.0, 99.0, 898.0, 99.0, 1000.0, 65.0, 983.0, 47.0, 991.0, 1000.0, 0.0, 1000.0, 0.0, 1000.0, 115.0, 999.0, 999.0, 999.0, 999.0, 357.0, 705.0, 0.0, 361.0], [0.3130827844142914, -41.596282958984375, -32.8280143737793], [0.897003173828125, -0.0978851318359375, -0.3413238525390625, -0.2632293701171875], [-20.316102981567383, 23.46209144592285, -81.39910125732422], [0.7540435791015625, -0.0004119873046875, 0.2643280029296875, -0.6012725830078125]
1010740, 1014.9595336914062, [1000.0, 96.0, 949.0, 94.0, 1000.0, 59.0, 987.0, 40.0, 989.0, 1000.0, 0.0, 750.0, 0.0, 1000.0, 105.0, 999.0, 999.0, 999.0, 999.0, 350.0, 713.0, 0.0, 355.0], [0.5945265293121338, -40.1982421875, -33.55522918701172], [0.8996124267578125, -0.0945281982421875, -0.330413818359375, -0.2693634033203125], [-18.761171340942383, 24.442052841186523, -81.45487976074219], [0.7532501220703125, 0.0155487060546875, 0.26220703125, -0.602996826171875]
1010790, 1015.0099487304688, [1000.0, 96.0, 970.0, 92.0, 1000.0, 55.0, 995.0, 39.0, 994.0, 1000.0, 0.0, 750.0, 0.0, 1000.0, 95.0, 999.0, 999.0, 995.0, 999.0, 347.0, 725.0, 0.0, 343.0], [0.6708523631095886, -40.736351013183594, -34.29928970336914], [0.8963623046875, -0.097381591796875, -0.3341827392578125, -0.27447509765625], [-23.044742584228516, 23.520751953125, -83.87726593017578], [0.7407684326171875, -0.011993408203125, 0.2792510986328125, -0.6108245849609375]
1010850, 1015.0694580078125, [1000.0, 95.0, 990.0, 91.0, 1000.0, 51.0, 1000.0, 36.0, 990.0, 1000.0, 0.0, 1000.0, 0.0, 1000.0, 93.0, 999.0, 999.0, 995.0, 999.0, 342.0, 735.0, 0.0, 321.0], [1.7227972745895386, -40.14175796508789, -35.18606185913086], [0.89678955078125, -0.0902557373046875, -0.33135986328125, -0.2789459228515625], [-21.777761459350586, 22.462968826293945, -83.7866439819336], [0.741546630859375, -0.0102081298828125, 0.2660980224609375, -0.6157684326171875]
1010900, 1015.1199340820312, [1000.0, 96.0, 1000.0, 88.0, 1000.0, 48.0, 1000.0, 34.0, 985.0, 1000.0, 0.0, 1000.0, 0.0, 1000.0, 108.0, 999.0, 999.0, 999.0, 999.0, 338.0, 747.0, 0.0, 270.0], [2.070344924926758, -39.02958679199219, -35.55830383300781], [0.89923095703125, -0.0857696533203125, -0.3232421875, -0.282012939453125], [-22.487411499023438, 20.369447708129883, -83.87977600097656], [0.7411041259765625, -0.0268402099609375, 0.25726318359375, -0.619537353515625]
1010950, 1015.1695556640625, [1000.0, 97.0, 1000.0, 84.0, 1000.0, 44.0, 1000.0, 33.0, 979.0, 1000.0, 0.0, 750.0, 0.0, 1000.0, 136.0, 999.0, 999.0, 999.0, 999.0, 333.0, 759.0, 0.0, 241.0], [2.2817001342773438, -37.92508316040039, -35.390743255615234], [0.9027557373046875, -0.080810546875, -0.3152313232421875, -0.2812347412109375], [-22.72479820251465, 20.25077247619629, -83.06659698486328], [0.74542236328125, -0.0308990478515625, 0.2576141357421875, -0.6139984130859375]
1011010, 1015.2295532226562, [1000.0, 98.0, 1000.0, 85.0, 1000.0, 54.0, 1000.0, 156.0, 950.0, 1000.0, 0.0, 1000.0, 0.0, 1000.0, 286.0, 999.0, 999.0, 999.0, 999.0, 322.0, 787.0, 0.0, 151.0], [0.5250399112701416, -32.57352066040039, -31.646081924438477], [0.923828125, -0.072235107421875, -0.2710113525390625, -0.2604827880859375], [-19.916433334350586, 21.01702308654785, -79.4607162475586], [0.764923095703125, -0.0159454345703125, 0.246826171875, -0.5947265625]
1011060, 1015.27978515625, [1000.0, 103.0, 1000.0, 86.0, 966.0, 109.0, 1000.0, 365.0, 937.0, 1000.0, 71.0, 1000.0, 0.0, 1000.0, 543.0, 999.0, 999.0, 999.0, 999.0, 319.0, 797.0, 0.0, 298.0], [-2.2318010330200195, -30.09593963623047, -29.44239616394043], [0.9325408935546875, -0.0841522216796875, -0.24627685546875, -0.250244140625], [-20.377151489257812, 22.151796340942383, -78.17780303955078], [0.7711181640625, -0.0155181884765625, 0.2562103271484375, -0.5826416015625]
1011120, 1015.3392944335938, [1000.0, 109.0, 1000.0, 96.0, 839.0, 632.0, 880.0, 794.0, 897.0, 1000.0, 754.0, 750.0, 0.0, 1000.0, 532.0, 999.0, 999.0, 999.0, 999.0, 320.0, 739.0, 0.0, 671.0], [-9.553857803344727, -26.740732192993164, -24.180246353149414], [0.9439697265625, -0.1274871826171875, -0.2083587646484375, -0.221893310546875], [-25.722373962402344, 23.66448211669922, -79.50048828125], [0.7628021240234375, -0.0396728515625, 0.292999267578125, -0.5750579833984375]
1011170, 1015.3895263671875, [1000.0, 115.0, 1000.0, 105.0, 620.0, 786.0, 547.0, 896.0, 660.0, 1000.0, 903.0, 1000.0, 0.0, 1000.0, 789.0, 999.0, 999.0, 999.0, 999.0, 323.0, 700.0, 0.0, 767.0], [-19.770782470703125, -26.54865264892578, -18.893756866455078], [0.9393463134765625, -0.2019500732421875, -0.195709228515625, -0.196258544921875], [-36.375492095947266, 24.3302059173584, -83.48932647705078], [0.7367095947265625, -0.0943603515625, 0.3525238037109375, -0.5692596435546875]
1011220, 1015.4395751953125, [1000.0, 117.0, 981.0, 125.0, 514.0, 829.0, 418.0, 932.0, 462.0, 1000.0, 917.0, 1000.0, 0.0, 1000.0, 342.0, 999.0, 999.0, 999.0, 999.0, 328.0, 687.0, 0.0, 796.0], [-31.045909881591797, -28.9467830657959, -14.228713989257812], [0.9174652099609375, -0.286956787109375, -0.2068634033203125, -0.181915283203125], [-49.430931091308594, 23.33623504638672, -89.00875091552734], [0.6937408447265625, -0.1632537841796875, 0.4180450439453125, -0.5632781982421875]
1011280, 1015.49951171875, [1000.0, 119.0, 960.0, 174.0, 510.0, 805.0, 360.0, 932.0, 357.0, 1000.0, 915.0, 1000.0, 0.0, 1000.0, 170.0, 999.0, 999.0, 965.0, 999.0, 334.0, 693.0, 0.0, 812.0], [-51.55117416381836, -31.655792236328125, -5.004112243652344], [0.8603515625, -0.428680419921875, -0.22711181640625, -0.15631103515625], [-68.58671569824219, 21.123096466064453, -95.87999725341797], [0.6207427978515625, -0.2586212158203125, 0.512664794921875, -0.5337982177734375]
1011330, 1015.549560546875, [1000.0, 122.0, 949.0, 208.0, 490.0, 812.0, 329.0, 940.0, 292.0, 1000.0, 918.0, 1000.0, 0.0, 1000.0, 157.0, 999.0, 999.0, 968.0, 999.0, 338.0, 689.0, 0.0, 843.0], [-70.61595153808594, -30.09836196899414, 4.011928081512451], [0.7928314208984375, -0.550384521484375, -0.231292724609375, -0.1223907470703125], [-84.09722137451172, 19.921226501464844, -100.73670959472656], [0.55572509765625, -0.32183837890625, 0.5899658203125, -0.4893798828125]
1011390, 1015.6095581054688, [1000.0, 124.0, 954.0, 206.0, 490.0, 794.0, 307.0, 930.0, 237.0, 1000.0, 933.0, 1000.0, 0.0, 1000.0, 206.0, 999.0, 999.0, 974.0, 999.0, 341.0, 683.0, 0.0, 856.0], [-91.99803161621094, -22.859127044677734, 11.239676475524902], [0.6915740966796875, -0.6881866455078125, -0.2060394287109375, -0.0751800537109375], [-101.33808898925781, 19.01970100402832, -105.39037322998047], [0.4804840087890625, -0.3790435791015625, 0.670257568359375, -0.4197540283203125]
1011440, 1015.6596069335938, [1000.0, 126.0, 952.0, 193.0, 490.0, 770.0, 297.0, 909.0, 205.0, 1000.0, 941.0, 1000.0, 0.0, 1000.0, 302.0, 999.0, 999.0, 999.0, 999.0, 344.0, 674.0, 0.0, 855.0], [-102.34883880615234, -16.596284866333008, 12.840633392333984], [0.629058837890625, -0.7559356689453125, -0.176116943359375, -0.0423583984375], [-109.374267578125, 19.2254581451416, -107.50575256347656], [0.446868896484375, -0.397857666015625, 0.7059173583984375, -0.379058837890625]
1011490, 1015.7096557617188, [1000.0, 130.0, 956.0, 176.0, 442.0, 762.0, 273.0, 894.0, 175.0, 1000.0, 945.0, 1000.0, 0.0, 1000.0, 427.0, 999.0, 999.0, 999.0, 999.0, 346.0, 660.0, 0.0, 845.0], [-107.87291717529297, -11.636394500732422, 14.354503631591797], [0.5912933349609375, -0.790435791015625, -0.1596832275390625, -0.0081329345703125], [-114.45895385742188, 20.19823455810547, -108.03791046142578], [0.4323883056640625, -0.4095458984375, 0.7256317138671875, -0.3445892333984375]
1011550, 1015.7693481445312, [1000.0, 134.0, 934.0, 159.0, 370.0, 755.0, 245.0, 877.0, 148.0, 1000.0, 953.0, 1000.0, 0.0, 1000.0, 580.0, 999.0, 999.0, 999.0, 999.0, 349.0, 644.0, 0.0, 833.0], [-109.78163146972656, -6.67009973526001, 16.04770278930664], [0.5751800537109375, -0.8040008544921875, -0.147125244140625, 0.03302001953125], [-116.60414123535156, 22.25282859802246, -107.54655456542969], [0.4371337890625, -0.4115753173828125, 0.733367919921875, -0.3188629150390625]
1011600, 1015.8193359375, [1000.0, 137.0, 924.0, 152.0, 335.0, 748.0, 229.0, 870.0, 136.0, 1000.0, 954.0, 1000.0, 0.0, 1000.0, 562.0, 999.0, 999.0, 999.0, 999.0, 350.0, 634.0, 0.0, 826.0], [-107.26612091064453, -3.069300651550293, 16.857765197753906], [0.5894927978515625, -0.793914794921875, -0.133697509765625, 0.0655517578125], [-115.44515228271484, 24.50285530090332, -106.50827026367188], [0.455963134765625, -0.4034881591796875, 0.729827880859375, -0.310821533203125]
1011650, 1015.8690795898438, [1000.0, 140.0, 921.0, 152.0, 330.0, 740.0, 218.0, 869.0, 128.0, 1000.0, 944.0, 1000.0, 0.0, 1000.0, 448.0, 999.0, 999.0, 999.0, 999.0, 351.0, 625.0, 0.0, 823.0], [-105.05912017822266, -0.26383042335510254, 17.896615982055664], [0.601226806640625, -0.783782958984375, -0.1248321533203125, 0.0928192138671875], [-114.4096450805664, 26.312213897705078, -105.16314697265625], [0.4724273681640625, -0.3994598388671875, 0.725006103515625, -0.3026275634765625]
1011710, 1015.92919921875, [1000.0, 142.0, 918.0, 156.0, 331.0, 738.0, 210.0, 867.0, 121.0, 1000.0, 937.0, 1000.0, 0.0, 1000.0, 361.0, 999.0, 999.0, 999.0, 999.0, 352.0, 622.0, 0.0, 818.0], [-103.79472351074219, 2.1554059982299805, 19.184642791748047], [0.605865478515625, -0.7776947021484375, -0.119659423828125, 0.117401123046875], [-114.14098358154297, 27.179183959960938, -103.45137786865234], [0.48211669921875, -0.4050750732421875, 0.7195892333984375, -0.2926483154296875]
1011760, 1015.9794921875, [1000.0, 143.0, 909.0, 164.0, 328.0, 738.0, 204.0, 864.0, 116.0, 1000.0, 930.0, 1000.0, 0.0, 1000.0, 376.0, 999.0, 999.0, 999.0, 999.0, 351.0, 624.0, 0.0, 815.0], [-102.65723419189453, 1.7355163097381592, 19.121784210205078], [0.6141357421875, -0.7713775634765625, -0.120330810546875, 0.1154327392578125], [-112.15994262695312, 27.946252822875977, -101.12825775146484], [0.4987335205078125, -0.407440185546875, 0.70751953125, -0.29095458984375]
1011820, 1016.0397338867188, [1000.0, 146.0, 902.0, 171.0, 324.0, 733.0, 198.0, 856.0, 111.0, 1000.0, 921.0, 750.0, 0.0, 1000.0, 412.0, 999.0, 999.0, 999.0, 999.0, 350.0, 620.0, 0.0, 806.0], [-99.72282409667969, -1.3996461629867554, 17.537214279174805], [0.6384735107421875, -0.7542877197265625, -0.1243133544921875, 0.0890350341796875], [-108.40486907958984, 27.54346466064453, -98.63166809082031], [0.516754150390625, -0.4079437255859375, 0.688140869140625, -0.304931640625]
1011870, 1016.0895385742188, [1000.0, 148.0, 898.0, 179.0, 318.0, 743.0, 195.0, 860.0, 107.0, 1000.0, 915.0, 1000.0, 0.0, 1000.0, 374.0, 999.0, 999.0, 999.0, 999.0, 348.0, 621.0, 0.0, 804.0], [-99.94294738769531, -3.4662885665893555, 17.694250106811523], [0.6387786865234375, -0.753265380859375, -0.136932373046875, 0.07598876953125], [-108.56437683105469, 26.23749351501465, -96.7887954711914], [0.5153045654296875, -0.4259490966796875, 0.6792144775390625, -0.302764892578125]
1011920, 1016.1394653320312, [1000.0, 151.0, 894.0, 183.0, 313.0, 739.0, 190.0, 856.0, 104.0, 1000.0, 909.0, 1000.0, 0.0, 1000.0, 329.0, 999.0, 999.0, 999.0, 999.0, 346.0, 618.0, 0.0, 800.0], [-100.39960479736328, -4.462573051452637, 18.04042625427246], [0.6363983154296875, -0.7542877197265625, -0.1449737548828125, 0.07073974609375], [-108.41151428222656, 25.399845123291016, -95.7240219116211], [0.5150299072265625, -0.4355316162109375, 0.6730194091796875, -0.3034515380859375]
1011980, 1016.1995239257812, [1000.0, 153.0, 887.0, 192.0, 306.0, 744.0, 187.0, 859.0, 101.0, 1000.0, 901.0, 1000.0, 0.0, 1000.0, 326.0, 999.0, 999.0, 999.0, 999.0, 344.0, 619.0, 0.0, 801.0], [-99.70435333251953, -5.102314472198486, 17.917621612548828], [0.6415557861328125, -0.7498321533203125, -0.1472625732421875, 0.0666961669921875], [-108.12586212158203, 25.35783576965332, -94.65635681152344], [0.5187530517578125, -0.4406890869140625, 0.6680908203125, -0.300537109375]
1012030, 1016.24951171875, [1000.0, 154.0, 885.0, 193.0, 310.0, 731.0, 185.0, 850.0, 98.0, 1000.0, 886.0, 1000.0, 0.0, 1000.0, 331.0, 999.0, 999.0, 999.0, 999.0, 343.0, 623.0, 0.0, 794.0], [-98.97649383544922, -5.151768684387207, 17.880184173583984], [0.6463623046875, -0.7457275390625, -0.1468658447265625, 0.0670928955078125], [-107.28807830810547, 25.551164627075195, -93.95207977294922], [0.5246429443359375, -0.4400482177734375, 0.6636199951171875, -0.3011322021484375]
1012090, 1016.3096313476562, [1000.0, 157.0, 880.0, 197.0, 311.0, 727.0, 181.0, 846.0, 96.0, 1000.0, 879.0, 1000.0, 0.0, 1000.0, 326.0, 999.0, 999.0, 999.0, 999.0, 341.0, 624.0, 0.0, 793.0], [-98.06504821777344, -4.8459038734436035, 17.626644134521484], [0.652191162109375, -0.741241455078125, -0.142974853515625, 0.068817138671875], [-106.60543060302734, 26.8295955657959, -93.08451080322266], [0.5348358154296875, -0.4358062744140625, 0.6614837646484375, -0.2939910888671875]
1012140, 1016.3596801757812, [1000.0, 159.0, 879.0, 197.0, 315.0, 721.0, 180.0, 841.0, 93.0, 1000.0, 867.0, 1000.0, 0.0, 1000.0, 329.0, 999.0, 999.0, 997.0, 999.0, 341.0, 625.0, 0.0, 786.0], [-98.17277526855469, -4.376683235168457, 17.292293548583984], [0.651336669921875, -0.7427978515625, -0.13824462890625, 0.069854736328125], [-106.69879150390625, 27.675376892089844, -92.49374389648438], [0.5394287109375, -0.4355926513671875, 0.6614227294921875, -0.2859649658203125]
1012160, 1016.4098510742188, [1000.0, 160.0, 878.0, 197.0, 316.0, 719.0, 179.0, 840.0, 92.0, 1000.0, 865.0, 1000.0, 0.0, 1000.0, 319.0, 999.0, 999.0, 993.0, 999.0, 340.0, 625.0, 0.0, 785.0], [-98.40782165527344, -4.184141159057617, 17.189668655395508], [0.64971923828125, -0.7444610595703125, -0.1366424560546875, 0.07025146484375], [-106.70658874511719, 27.94447898864746, -92.3182144165039], [0.540924072265625, -0.4353485107421875, 0.6613922119140625, -0.2835845947265625]
1012190, 1016.41943359375, [1000.0, 161.0, 877.0, 197.0, 315.0, 718.0, 178.0, 840.0, 91.0, 1000.0, 864.0, 750.0, 0.0, 1000.0, 320.0, 999.0, 999.0, 993.0, 999.0, 339.0, 625.0, 0.0, 784.0], [-98.05448150634766, -3.5209555625915527, 16.929763793945312], [0.6516571044921875, -0.74346923828125, -0.131011962890625, 0.0735321044921875], [-107.55128479003906, 28.30748176574707, -92.63998413085938], [0.53839111328125, -0.4357147216796875, 0.665496826171875, -0.278167724609375]
1012250, 1016.4696655273438, [1000.0, 164.0, 877.0, 197.0, 317.0, 714.0, 176.0, 836.0, 90.0, 1000.0, 853.0, 1000.0, 0.0, 1000.0, 372.0, 999.0, 999.0, 999.0, 999.0, 338.0, 625.0, 0.0, 780.0], [-97.19992065429688, -2.6381654739379883, 16.581830978393555], [0.656707763671875, -0.7398681640625, -0.123199462890625, 0.0782470703125], [-108.5034408569336, 29.079444885253906, -93.31045532226562], [0.5363311767578125, -0.43255615234375, 0.6719818115234375, -0.2714080810546875]
1012260, 1016.5196533203125, [1000.0, 164.0, 877.0, 197.0, 317.0, 713.0, 175.0, 835.0, 90.0, 1000.0, 851.0, 750.0, 0.0, 1000.0, 375.0, 999.0, 999.0, 999.0, 999.0, 338.0, 625.0, 0.0, 779.0], [-97.35746765136719, -2.5070033073425293, 16.592992782592773], [0.65557861328125, -0.7408905029296875, -0.1226348876953125, 0.0789947509765625], [-108.83197021484375, 29.018335342407227, -93.48348236083984], [0.534423828125, -0.4333648681640625, 0.67327880859375, -0.2706298828125]
1012300, 1016.5294189453125, [1000.0, 165.0, 878.0, 197.0, 317.0, 708.0, 174.0, 833.0, 87.0, 1000.0, 845.0, 1000.0, 0.0, 1000.0, 353.0, 999.0, 999.0, 999.0, 999.0, 337.0, 624.0, 0.0, 775.0], [-98.43535614013672, -2.3963286876678467, 16.577592849731445], [0.64849853515625, -0.7471466064453125, -0.122650146484375, 0.0784759521484375], [-109.86616516113281, 28.959449768066406, -93.8929672241211], [0.529296875, -0.43603515625, 0.6771392822265625, -0.2667694091796875]
1012360, 1016.5795288085938, [1000.0, 167.0, 879.0, 197.0, 315.0, 705.0, 172.0, 831.0, 86.0, 1000.0, 842.0, 750.0, 0.0, 1000.0, 341.0, 999.0, 999.0, 999.0, 999.0, 337.0, 624.0, 0.0, 774.0], [-98.06787109375, -2.5742650032043457, 16.452648162841797], [0.651123046875, -0.745025634765625, -0.122589111328125, 0.076995849609375], [-108.28327178955078, 27.997840881347656, -93.35639953613281], [0.5325927734375, -0.4364471435546875, 0.6693267822265625, -0.27899169921875]
1012410, 1016.6295166015625, [1000.0, 169.0, 879.0, 197.0, 315.0, 702.0, 171.0, 830.0, 85.0, 1000.0, 839.0, 1000.0, 0.0, 1000.0, 372.0, 999.0, 999.0, 999.0, 999.0, 336.0, 624.0, 0.0, 771.0], [-97.7243881225586, -2.9837071895599365, 16.342994689941406], [0.65374755859375, -0.7427825927734375, -0.12396240234375, 0.074066162109375], [-108.73442840576172, 28.939088821411133, -93.6114501953125], [0.5341644287109375, -0.4325408935546875, 0.673370361328125, -0.272247314453125]
1012460, 1016.6896362304688, [1000.0, 170.0, 878.0, 198.0, 315.0, 698.0, 170.0, 827.0, 84.0, 1000.0, 836.0, 750.0, 0.0, 1000.0, 363.0, 999.0, 999.0, 999.0, 999.0, 335.0, 624.0, 0.0, 769.0], [-98.1957015991211, -3.125734806060791, 16.440706253051758], [0.6507415771484375, -0.7452239990234375, -0.125701904296875, 0.07318115234375], [-107.71146392822266, 27.994083404541016, -93.01395416259766], [0.53558349609375, -0.435791015625, 0.6666107177734375, -0.2807464599609375]
1012520, 1016.739501953125, [1000.0, 172.0, 877.0, 198.0, 314.0, 696.0, 168.0, 825.0, 82.0, 1000.0, 833.0, 1000.0, 0.0, 1000.0, 384.0, 999.0, 999.0, 999.0, 999.0, 335.0, 625.0, 0.0, 767.0], [-96.6959457397461, -3.6354968547821045, 16.366405487060547], [0.6608734130859375, -0.7362060546875, -0.127166748046875, 0.0710906982421875], [-107.47454071044922, 28.983570098876953, -93.16826629638672], [0.5401458740234375, -0.42901611328125, 0.6687774658203125, -0.2772979736328125]
1012570, 1016.799560546875, [1000.0, 174.0, 878.0, 199.0, 314.0, 692.0, 167.0, 823.0, 81.0, 1000.0, 830.0, 750.0, 0.0, 1000.0, 386.0, 999.0, 999.0, 999.0, 999.0, 334.0, 626.0, 0.0, 763.0], [-96.77650451660156, -3.7248380184173584, 16.51691436767578], [0.6603240966796875, -0.7364044189453125, -0.128692626953125, 0.0712890625], [-108.83509063720703, 28.171600341796875, -93.9712142944336], [0.52972412109375, -0.4345703125, 0.673370361328125, -0.2776336669921875]
1012630, 1016.8496704101562, [1000.0, 176.0, 875.0, 200.0, 312.0, 690.0, 166.0, 821.0, 80.0, 1000.0, 827.0, 1000.0, 0.0, 1000.0, 385.0, 999.0, 999.0, 999.0, 999.0, 333.0, 627.0, 0.0, 762.0], [-96.76129150390625, -3.80090069770813, 16.424699783325195], [0.6605377197265625, -0.7363433837890625, -0.1285247802734375, 0.070281982421875], [-108.48055267333984, 28.35074234008789, -94.03425598144531], [0.5316619873046875, -0.43170166015625, 0.673126220703125, -0.2790069580078125]
1012650, 1016.8995361328125, [1000.0, 177.0, 874.0, 200.0, 312.0, 690.0, 166.0, 820.0, 80.0, 1000.0, 826.0, 750.0, 0.0, 1000.0, 383.0, 999.0, 999.0, 999.0, 999.0, 333.0, 626.0, 0.0, 762.0], [-96.64469146728516, -3.779733180999756, 16.40469741821289], [0.661285400390625, -0.7357177734375, -0.128204345703125, 0.0704345703125], [-108.4402084350586, 28.437850952148438, -94.12091064453125], [0.5319671630859375, -0.4305877685546875, 0.6735382080078125, -0.2791595458984375]
1012680, 1016.9094848632812, [1000.0, 177.0, 874.0, 200.0, 311.0, 689.0, 165.0, 820.0, 79.0, 1000.0, 825.0, 1000.0, 0.0, 1000.0, 382.0, 999.0, 999.0, 999.0, 999.0, 333.0, 626.0, 0.0, 762.0], [-96.70403289794922, -3.7553532123565674, 16.351778030395508], [0.660919189453125, -0.73614501953125, -0.1277618408203125, 0.070220947265625], [-108.49357604980469, 28.652982711791992, -94.14244842529297], [0.5326080322265625, -0.4296722412109375, 0.6741943359375, -0.277740478515625]
1012730, 1016.9598999023438, [1000.0, 179.0, 872.0, 200.0, 309.0, 688.0, 164.0, 820.0, 78.0, 1000.0, 822.0, 1000.0, 0.0, 1000.0, 389.0, 999.0, 999.0, 999.0, 999.0, 332.0, 626.0, 0.0, 761.0], [-97.1370849609375, -3.6083552837371826, 16.229747772216797], [0.6580963134765625, -0.738922119140625, -0.12640380859375, 0.0699920654296875], [-108.40853118896484, 28.91000747680664, -94.05913543701172], [0.5341949462890625, -0.42852783203125, 0.6742095947265625, -0.2764129638671875]
1012790, 1017.01953125, [1000.0, 181.0, 872.0, 200.0, 308.0, 687.0, 163.0, 819.0, 77.0, 1000.0, 819.0, 1000.0, 0.0, 1000.0, 394.0, 999.0, 999.0, 999.0, 999.0, 332.0, 626.0, 0.0, 759.0], [-96.79878234863281, -3.27744460105896, 16.12374496459961], [0.66009521484375, -0.7374267578125, -0.123626708984375, 0.0718994140625], [-109.0743179321289, 28.49015998840332, -94.61245727539062], [0.5286102294921875, -0.4303741455078125, 0.677032470703125, -0.27740478515625]
1012840, 1017.0695190429688, [1000.0, 182.0, 871.0, 200.0, 307.0, 686.0, 163.0, 819.0, 76.0, 1000.0, 816.0, 750.0, 0.0, 1000.0, 408.0, 999.0, 999.0, 999.0, 999.0, 331.0, 626.0, 0.0, 758.0], [-96.91453552246094, -3.3440425395965576, 15.987191200256348], [0.65948486328125, -0.7381744384765625, -0.123199462890625, 0.070556640625], [-108.9415283203125, 29.09442710876465, -94.56678771972656], [0.5317535400390625, -0.4271240234375, 0.677764892578125, -0.27459716796875]
