55500, 55.969078063964844, 1000.0,383.0,515.0,157.0,390.0,223.0,469.0,45.0,600.0,1000.0,0.0,750.0,1000.0,1000.0,889.0,999.0,999.0,999.0,999.0,310.0,1000.0,0.0,0.0, 0.720306396484375,-0.0189666748046875,0.1682891845703125,-0.672637939453125, 0.7202301025390625,-0.2899932861328125,0.041168212890625,0.62884521484375
55510, 55.97911834716797, 1000.0,382.0,515.0,157.0,390.0,223.0,469.0,45.0,600.0,1000.0,0.0,1000.0,1000.0,1000.0,890.0,999.0,999.0,999.0,999.0,310.0,1000.0,0.0,0.0, 0.7203826904296875,-0.018890380859375,0.1682891845703125,-0.6725616455078125, 0.7205963134765625,-0.2880859375,0.041168212890625,0.629302978515625
55520, 55.98933029174805, 1000.0,383.0,515.0,157.0,390.0,223.0,469.0,45.0,601.0,1000.0,0.0,1000.0,1000.0,1000.0,891.0,999.0,999.0,999.0,999.0,310.0,1000.0,0.0,0.0, 0.720458984375,-0.0188751220703125,0.168304443359375,-0.6724853515625, 0.7210693359375,-0.2862396240234375,0.0406951904296875,0.629638671875
55530, 55.999366760253906, 1000.0,384.0,514.0,157.0,390.0,223.0,469.0,45.0,601.0,1000.0,0.0,1000.0,1000.0,1000.0,892.0,999.0,999.0,999.0,999.0,310.0,1000.0,0.0,0.0, 0.720550537109375,-0.0188140869140625,0.1683349609375,-0.6723785400390625, 0.72100830078125,-0.2878570556640625,0.0395050048828125,0.629058837890625
55540, 56.00930404663086, 1000.0,385.0,514.0,157.0,390.0,223.0,469.0,45.0,601.0,1000.0,0.0,1000.0,1000.0,1000.0,891.0,999.0,999.0,999.0,999.0,310.0,1000.0,0.0,0.0, 0.72064208984375,-0.01873779296875,0.168365478515625,-0.672271728515625, 0.72100830078125,-0.2886505126953125,0.0386962890625,0.6287384033203125
55550, 56.019371032714844, 1000.0,386.0,514.0,157.0,390.0,223.0,469.0,45.0,601.0,1000.0,0.0,750.0,1000.0,1000.0,891.0,999.0,999.0,999.0,999.0,310.0,1000.0,0.0,0.0, 0.720733642578125,-0.0187835693359375,0.168365478515625,-0.67218017578125, 0.721099853515625,-0.28778076171875,0.0389404296875,0.6290130615234375
55560, 56.029422760009766, 1000.0,386.0,514.0,157.0,390.0,223.0,469.0,45.0,601.0,1000.0,0.0,750.0,1000.0,1000.0,891.0,999.0,999.0,999.0,999.0,310.0,1000.0,0.0,0.0, 0.7208251953125,-0.018798828125,0.1683197021484375,-0.672088623046875, 0.720550537109375,-0.2899932861328125,0.039337158203125,0.62860107421875
55570, 56.039554595947266, 1000.0,386.0,514.0,157.0,390.0,223.0,469.0,45.0,601.0,1000.0,0.0,750.0,1000.0,1000.0,891.0,999.0,999.0,999.0,999.0,310.0,1000.0,0.0,0.0, 0.7209320068359375,-0.0186920166015625,0.168304443359375,-0.6719818115234375, 0.7203216552734375,-0.29193115234375,0.03863525390625,0.6280059814453125
55580, 56.04941940307617, 1000.0,385.0,514.0,157.0,390.0,223.0,469.0,44.0,601.0,1000.0,0.0,750.0,1000.0,1000.0,891.0,999.0,999.0,999.0,999.0,310.0,1000.0,0.0,0.0, 0.7210235595703125,-0.0186614990234375,0.1682891845703125,-0.6718902587890625, 0.7193145751953125,-0.295257568359375,0.0400390625,0.6275177001953125
55590, 56.0593376159668, 1000.0,385.0,514.0,157.0,390.0,223.0,469.0,44.0,601.0,1000.0,0.0,750.0,1000.0,1000.0,892.0,999.0,999.0,999.0,999.0,310.0,1000.0,0.0,0.0, 0.721099853515625,-0.0185394287109375,0.1683197021484375,-0.6717987060546875, 0.7198333740234375,-0.29376220703125,0.03924560546875,0.627685546875
55600, 56.06977081298828, 1000.0,385.0,514.0,157.0,390.0,223.0,469.0,44.0,601.0,1000.0,0.0,1000.0,1000.0,1000.0,892.0,999.0,999.0,999.0,999.0,310.0,1000.0,0.0,0.0, 0.721160888671875,-0.0185546875,0.168365478515625,-0.671722412109375, 0.7202301025390625,-0.291961669921875,0.039215087890625,0.6280670166015625
55610, 56.07963943481445, 1000.0,386.0,514.0,157.0,390.0,223.0,469.0,45.0,601.0,1000.0,0.0,750.0,1000.0,1000.0,892.0,999.0,999.0,999.0,999.0,310.0,1000.0,0.0,0.0, 0.721221923828125,-0.0186614990234375,0.1683349609375,-0.671661376953125, 0.7206878662109375,-0.290802001953125,0.0384063720703125,0.6281280517578125
55620, 56.09796142578125, 1000.0,386.0,514.0,157.0,390.0,223.0,469.0,44.0,601.0,1000.0,0.0,750.0,1000.0,1000.0,892.0,999.0,999.0,999.0,999.0,310.0,1000.0,0.0,0.0, 0.721282958984375,-0.01873779296875,0.168304443359375,-0.6716156005859375, 0.721160888671875,-0.28900146484375,0.03802490234375,0.6284332275390625
55630, 56.10106658935547, 1000.0,387.0,514.0,157.0,390.0,223.0,469.0,44.0,601.0,1000.0,0.0,750.0,1000.0,1000.0,892.0,999.0,999.0,999.0,999.0,310.0,1000.0,0.0,0.0, 0.7213134765625,-0.0189056396484375,0.1683349609375,-0.6715545654296875, 0.721038818359375,-0.2893218994140625,0.038360595703125,0.62841796875
55640, 56.10926818847656, 1000.0,388.0,515.0,157.0,390.0,223.0,469.0,44.0,601.0,1000.0,0.0,750.0,1000.0,1000.0,892.0,999.0,999.0,999.0,999.0,310.0,1000.0,0.0,0.0, 0.72137451171875,-0.0189666748046875,0.16845703125,-0.6714630126953125, 0.7209625244140625,-0.2895965576171875,0.03839111328125,0.6283721923828125
55650, 56.119441986083984, 1000.0,387.0,514.0,157.0,390.0,223.0,469.0,44.0,601.0,1000.0,0.0,750.0,1000.0,1000.0,891.0,999.0,999.0,999.0,999.0,310.0,1000.0,0.0,0.0, 0.721435546875,-0.0189056396484375,0.168609619140625,-0.671356201171875, 0.7212066650390625,-0.2868804931640625,0.039642333984375,0.6292572021484375
55660, 56.12954330444336, 1000.0,387.0,514.0,157.0,390.0,223.0,469.0,44.0,600.0,1000.0,0.0,750.0,1000.0,666.0,891.0,999.0,999.0,999.0,999.0,310.0,1000.0,0.0,0.0, 0.7215118408203125,-0.0188751220703125,0.1687469482421875,-0.6712493896484375, 0.7208099365234375,-0.2866058349609375,0.04156494140625,0.6297149658203125
55670, 56.13930130004883, 1000.0,387.0,514.0,157.0,390.0,223.0,469.0,44.0,600.0,1000.0,0.0,1000.0,1000.0,666.0,891.0,999.0,999.0,999.0,999.0,310.0,1000.0,0.0,0.0, 0.7215728759765625,-0.01885986328125,0.16876220703125,-0.671173095703125, 0.7207794189453125,-0.2894744873046875,0.039154052734375,0.6285858154296875
55680, 56.14982223510742, 1000.0,387.0,514.0,157.0,390.0,223.0,469.0,44.0,600.0,1000.0,0.0,1000.0,1000.0,1000.0,891.0,999.0,999.0,999.0,999.0,310.0,1000.0,0.0,0.0, 0.721710205078125,-0.0187530517578125,0.1685791015625,-0.67108154296875, 0.720123291015625,-0.2906646728515625,0.0408935546875,0.6286773681640625
55690, 56.159420013427734, 1000.0,387.0,514.0,157.0,390.0,223.0,469.0,44.0,600.0,1000.0,0.0,1000.0,1000.0,1000.0,891.0,999.0,999.0,999.0,999.0,310.0,1000.0,0.0,0.0, 0.721710205078125,-0.0187530517578125,0.1685791015625,-0.67108154296875, 0.7201080322265625,-0.2906951904296875,0.0408782958984375,0.6286773681640625
55700, 56.169342041015625, 1000.0,387.0,514.0,157.0,390.0,223.0,469.0,44.0,600.0,1000.0,0.0,750.0,1000.0,1000.0,891.0,999.0,999.0,999.0,999.0,310.0,1000.0,0.0,0.0, 0.7219390869140625,-0.018768310546875,0.1681671142578125,-0.670928955078125, 0.7200927734375,-0.2907257080078125,0.040863037109375,0.628692626953125
55710, 56.179317474365234, 1000.0,388.0,514.0,157.0,390.0,223.0,469.0,44.0,600.0,1000.0,0.0,750.0,1000.0,1000.0,891.0,999.0,999.0,999.0,999.0,310.0,1000.0,0.0,0.0, 0.7220611572265625,-0.0187225341796875,0.167877197265625,-0.6708831787109375, 0.7200927734375,-0.2906646728515625,0.040863037109375,0.6287078857421875
55720, 56.18968200683594, 1000.0,390.0,514.0,157.0,390.0,223.0,469.0,44.0,600.0,1000.0,0.0,1000.0,1000.0,666.0,891.0,999.0,999.0,999.0,999.0,309.0,1000.0,0.0,0.0, 0.722198486328125,-0.0185699462890625,0.167724609375,-0.6707611083984375, 0.72003173828125,-0.290924072265625,0.040802001953125,0.628662109375
55730, 56.20376205444336, 1000.0,391.0,514.0,157.0,390.0,223.0,469.0,44.0,600.0,1000.0,0.0,1000.0,1000.0,666.0,891.0,999.0,999.0,999.0,999.0,309.0,1000.0,0.0,0.0, 0.7223052978515625,-0.018524169921875,0.16754150390625,-0.6707000732421875, 0.7201080322265625,-0.29095458984375,0.040496826171875,0.6285858154296875
55740, 56.209224700927734, 1000.0,391.0,514.0,157.0,390.0,222.0,469.0,44.0,600.0,1000.0,0.0,1000.0,1000.0,666.0,891.0,999.0,999.0,999.0,999.0,309.0,1000.0,0.0,0.0, 0.7224273681640625,-0.0186767578125,0.1674652099609375,-0.67059326171875, 0.7200927734375,-0.291229248046875,0.0403289794921875,0.6284942626953125
55750, 56.21950912475586, 1000.0,389.0,514.0,157.0,390.0,223.0,469.0,44.0,600.0,1000.0,0.0,750.0,1000.0,1000.0,891.0,999.0,999.0,999.0,999.0,309.0,1000.0,0.0,0.0, 0.7225494384765625,-0.01922607421875,0.1674346923828125,-0.670440673828125, 0.7201080322265625,-0.2914581298828125,0.0400848388671875,0.628387451171875
55760, 56.229766845703125, 1000.0,388.0,514.0,157.0,390.0,222.0,469.0,44.0,600.0,1000.0,0.0,750.0,1000.0,1000.0,891.0,999.0,999.0,999.0,999.0,309.0,1000.0,0.0,0.0, 0.722442626953125,-0.0196990966796875,0.1677703857421875,-0.6704559326171875, 0.7200927734375,-0.2915802001953125,0.0400238037109375,0.6283416748046875
55770, 56.2393684387207, 1000.0,387.0,514.0,157.0,389.0,222.0,469.0,44.0,600.0,1000.0,0.0,750.0,1000.0,1000.0,891.0,999.0,999.0,999.0,999.0,309.0,1000.0,0.0,0.0, 0.722564697265625,-0.020111083984375,0.1680145263671875,-0.670257568359375, 0.72003173828125,-0.2919769287109375,0.040008544921875,0.62823486328125
55780, 56.25971603393555, 1000.0,387.0,514.0,157.0,389.0,222.0,469.0,44.0,600.0,1000.0,0.0,750.0,1000.0,1000.0,891.0,999.0,999.0,999.0,999.0,309.0,1000.0,0.0,0.0, 0.7225799560546875,-0.0203399658203125,0.1682891845703125,-0.670166015625, 0.7200927734375,-0.2917022705078125,0.0400543212890625,0.6282958984375
55790, 56.26948547363281, 1000.0,387.0,514.0,157.0,389.0,222.0,469.0,44.0,600.0,1000.0,0.0,750.0,1000.0,1000.0,891.0,999.0,999.0,999.0,999.0,309.0,1000.0,0.0,0.0, 0.7225189208984375,-0.0206298828125,0.1685791015625,-0.6701507568359375, 0.7200469970703125,-0.29205322265625,0.0399322509765625,0.628173828125
55800, 56.27949905395508, 1000.0,387.0,514.0,157.0,389.0,222.0,468.0,44.0,600.0,1000.0,0.0,750.0,1000.0,1000.0,891.0,999.0,999.0,999.0,999.0,309.0,1000.0,0.0,0.0, 0.7225494384765625,-0.0207977294921875,0.1689300537109375,-0.670013427734375, 0.7201385498046875,-0.291229248046875,0.0403289794921875,0.628448486328125
55810, 56.289310455322266, 1000.0,388.0,514.0,157.0,389.0,222.0,468.0,44.0,599.0,1000.0,0.0,1000.0,1000.0,1000.0,891.0,999.0,999.0,999.0,999.0,309.0,1000.0,0.0,0.0, 0.7226104736328125,-0.021026611328125,0.1690673828125,-0.669921875, 0.72027587890625,-0.290802001953125,0.040069580078125,0.6284942626953125
55820, 56.29939270019531, 1000.0,388.0,514.0,157.0,389.0,222.0,468.0,44.0,599.0,1000.0,0.0,750.0,1000.0,1000.0,891.0,999.0,999.0,999.0,999.0,309.0,1000.0,0.0,0.0, 0.7226409912109375,-0.0213470458984375,0.16925048828125,-0.669830322265625, 0.7204742431640625,-0.2905731201171875,0.0394439697265625,0.62841796875
55830, 56.30927658081055, 1000.0,387.0,514.0,157.0,389.0,222.0,468.0,44.0,599.0,1000.0,0.0,750.0,1000.0,1000.0,891.0,999.0,999.0,999.0,999.0,309.0,1000.0,0.0,0.0, 0.722747802734375,-0.0213165283203125,0.169097900390625,-0.66973876953125, 0.72076416015625,-0.289703369140625,0.0389404296875,0.6285247802734375
55840, 56.319400787353516, 1000.0,387.0,514.0,157.0,389.0,222.0,468.0,43.0,599.0,1000.0,0.0,750.0,1000.0,1000.0,891.0,999.0,999.0,999.0,999.0,309.0,1000.0,0.0,0.0, 0.7228546142578125,-0.02142333984375,0.1690216064453125,-0.6696624755859375, 0.7206268310546875,-0.2900543212890625,0.03924560546875,0.6284942626953125
55850, 56.32941436767578, 1000.0,386.0,514.0,157.0,389.0,222.0,468.0,43.0,599.0,1000.0,0.0,750.0,1000.0,1000.0,891.0,999.0,999.0,999.0,999.0,309.0,1000.0,0.0,0.0, 0.7230377197265625,-0.0211181640625,0.168548583984375,-0.6695709228515625, 0.72076416015625,-0.289581298828125,0.0389556884765625,0.628570556640625
55860, 56.33927917480469, 1000.0,385.0,514.0,157.0,389.0,222.0,468.0,43.0,599.0,1000.0,0.0,750.0,1000.0,1000.0,891.0,999.0,999.0,999.0,999.0,309.0,1000.0,0.0,0.0, 0.7232666015625,-0.0207366943359375,0.1678009033203125,-0.669525146484375, 0.7206878662109375,-0.2902984619140625,0.03851318359375,0.6283416748046875
55870, 56.34942626953125, 1000.0,384.0,514.0,157.0,389.0,222.0,468.0,43.0,599.0,1000.0,0.0,1000.0,1000.0,1000.0,891.0,999.0,999.0,999.0,999.0,309.0,1000.0,0.0,0.0, 0.723480224609375,-0.02032470703125,0.1670989990234375,-0.66949462890625, 0.7204132080078125,-0.2918548583984375,0.038330078125,0.627960205078125
55880, 56.35929870605469, 1000.0,386.0,514.0,157.0,389.0,222.0,468.0,43.0,599.0,1000.0,0.0,1000.0,1000.0,666.0,891.0,999.0,999.0,999.0,999.0,309.0,1000.0,0.0,0.0, 0.7236480712890625,-0.0200347900390625,0.166778564453125,-0.6693878173828125, 0.7200927734375,-0.292236328125,0.03936767578125,0.628082275390625
55890, 56.3696403503418, 1000.0,385.0,514.0,157.0,389.0,222.0,468.0,43.0,599.0,1000.0,0.0,750.0,1000.0,666.0,891.0,999.0,999.0,999.0,999.0,309.0,1000.0,0.0,0.0, 0.7238006591796875,-0.01959228515625,0.166839599609375,-0.669219970703125, 0.7203369140625,-0.29107666015625,0.039337158203125,0.62835693359375
55900, 56.37941360473633, 1000.0,385.0,514.0,157.0,389.0,222.0,468.0,43.0,599.0,1000.0,0.0,750.0,1000.0,666.0,891.0,999.0,999.0,999.0,999.0,309.0,1000.0,0.0,0.0, 0.723968505859375,-0.0191802978515625,0.1666259765625,-0.6691131591796875, 0.7203826904296875,-0.2906036376953125,0.03961181640625,0.6284942626953125
55910, 56.389305114746094, 1000.0,384.0,514.0,157.0,389.0,222.0,468.0,43.0,599.0,1000.0,0.0,750.0,1000.0,666.0,891.0,999.0,999.0,999.0,999.0,309.0,1000.0,0.0,0.0, 0.724090576171875,-0.01885986328125,0.1666259765625,-0.6689910888671875, 0.720672607421875,-0.288330078125,0.0403900146484375,0.629150390625
55920, 56.3994140625, 1000.0,384.0,513.0,157.0,389.0,222.0,468.0,43.0,599.0,1000.0,0.0,750.0,1000.0,666.0,891.0,999.0,999.0,999.0,999.0,309.0,1000.0,0.0,0.0, 0.7241973876953125,-0.01861572265625,0.1667633056640625,-0.668853759765625, 0.72088623046875,-0.288360595703125,0.0395355224609375,0.62896728515625
55930, 56.40958023071289, 1000.0,385.0,513.0,157.0,389.0,222.0,467.0,43.0,599.0,1000.0,0.0,1000.0,1000.0,666.0,891.0,999.0,999.0,999.0,999.0,309.0,1000.0,0.0,0.0, 0.7242431640625,-0.0186614990234375,0.1670989990234375,-0.6687164306640625, 0.7208404541015625,-0.289337158203125,0.038909912109375,0.62860107421875
55940, 56.419395446777344, 1000.0,386.0,513.0,157.0,389.0,222.0,467.0,43.0,599.0,1000.0,0.0,1000.0,1000.0,1000.0,891.0,999.0,999.0,999.0,999.0,308.0,1000.0,0.0,0.0, 0.72430419921875,-0.018646240234375,0.1674041748046875,-0.6685638427734375, 0.720672607421875,-0.2904510498046875,0.0386199951171875,0.6282958984375
55950, 56.4293212890625, 1000.0,386.0,514.0,157.0,389.0,222.0,468.0,43.0,599.0,1000.0,0.0,750.0,1000.0,1000.0,891.0,999.0,999.0,999.0,999.0,308.0,1000.0,0.0,0.0, 0.7243804931640625,-0.018707275390625,0.1674041748046875,-0.668487548828125, 0.720977783203125,-0.289306640625,0.038360595703125,0.6284942626953125
55960, 56.439456939697266, 1000.0,386.0,514.0,157.0,389.0,222.0,468.0,43.0,599.0,1000.0,0.0,750.0,1000.0,1000.0,891.0,999.0,999.0,999.0,999.0,308.0,1000.0,0.0,0.0, 0.7243804931640625,-0.018707275390625,0.1674041748046875,-0.668487548828125, 0.7210235595703125,-0.2893829345703125,0.0380859375,0.62841796875
55970, 56.44948959350586, 1000.0,386.0,514.0,157.0,389.0,222.0,467.0,43.0,598.0,1000.0,0.0,750.0,1000.0,1000.0,891.0,999.0,999.0,999.0,999.0,308.0,1000.0,0.0,0.0, 0.7245635986328125,-0.01873779296875,0.167449951171875,-0.66827392578125, 0.7208099365234375,-0.289306640625,0.0390167236328125,0.6286468505859375
55980, 56.45933151245117, 1000.0,387.0,513.0,157.0,389.0,222.0,467.0,43.0,598.0,1000.0,0.0,750.0,1000.0,1000.0,891.0,999.0,999.0,999.0,999.0,308.0,1000.0,0.0,0.0, 0.7246551513671875,-0.0187530517578125,0.1674957275390625,-0.6681671142578125, 0.720733642578125,-0.289581298828125,0.0390777587890625,0.6285858154296875
55990, 56.46940612792969, 1000.0,387.0,513.0,157.0,389.0,222.0,467.0,43.0,598.0,1000.0,0.0,750.0,1000.0,1000.0,891.0,999.0,999.0,999.0,999.0,308.0,1000.0,0.0,0.0, 0.7247161865234375,-0.0187835693359375,0.1675262451171875,-0.6680908203125, 0.720733642578125,-0.289886474609375,0.0388641357421875,0.6284637451171875
56000, 56.47945785522461, 1000.0,388.0,514.0,157.0,389.0,222.0,467.0,43.0,598.0,1000.0,0.0,750.0,1000.0,1000.0,891.0,999.0,999.0,999.0,999.0,308.0,1000.0,0.0,0.0, 0.72479248046875,-0.01885986328125,0.1675567626953125,-0.667999267578125, 0.72003173828125,-0.291412353515625,0.040679931640625,0.628448486328125
56010, 56.48935317993164, 1000.0,388.0,513.0,157.0,389.0,222.0,467.0,43.0,598.0,1000.0,0.0,750.0,1000.0,1000.0,891.0,999.0,999.0,999.0,999.0,308.0,1000.0,0.0,0.0, 0.724853515625,-0.018951416015625,0.1676025390625,-0.66790771484375, 0.720062255859375,-0.2920379638671875,0.040130615234375,0.6281585693359375
56020, 56.49955368041992, 1000.0,388.0,513.0,156.0,389.0,222.0,467.0,43.0,598.0,1000.0,0.0,750.0,1000.0,1000.0,891.0,999.0,999.0,999.0,999.0,308.0,1000.0,0.0,0.0, 0.7249298095703125,-0.01904296875,0.16766357421875,-0.6678314208984375, 0.720733642578125,-0.2891387939453125,0.039764404296875,0.628753662109375
56030, 56.50933837890625, 1000.0,387.0,513.0,156.0,389.0,222.0,467.0,43.0,598.0,1000.0,0.0,750.0,1000.0,1000.0,891.0,999.0,999.0,999.0,999.0,308.0,1000.0,0.0,0.0, 0.7249908447265625,-0.0191497802734375,0.16766357421875,-0.6677398681640625, 0.72052001953125,-0.2888641357421875,0.0409698486328125,0.6290435791015625
56040, 56.519405364990234, 1000.0,387.0,513.0,156.0,389.0,222.0,467.0,43.0,598.0,1000.0,0.0,750.0,1000.0,1000.0,891.0,999.0,999.0,999.0,999.0,308.0,1000.0,0.0,0.0, 0.72503662109375,-0.0193328857421875,0.1677093505859375,-0.6676788330078125, 0.721221923828125,-0.286529541015625,0.0398101806640625,0.62939453125
56050, 56.53131103515625, 1000.0,386.0,513.0,156.0,389.0,222.0,467.0,43.0,597.0,1000.0,0.0,750.0,1000.0,1000.0,891.0,999.0,999.0,999.0,999.0,308.0,1000.0,0.0,0.0, 0.7251739501953125,-0.019775390625,0.167816162109375,-0.6674957275390625, 0.72125244140625,-0.285491943359375,0.0405120849609375,0.629791259765625
56060, 56.539573669433594, 1000.0,386.0,513.0,156.0,389.0,222.0,467.0,43.0,597.0,1000.0,0.0,750.0,1000.0,1000.0,891.0,999.0,999.0,999.0,999.0,308.0,1000.0,0.0,0.0, 0.72515869140625,-0.019805908203125,0.167816162109375,-0.667510986328125, 0.7211151123046875,-0.2858428955078125,0.0407257080078125,0.6297607421875
56070, 56.54945373535156, 1000.0,386.0,513.0,156.0,389.0,222.0,467.0,43.0,597.0,1000.0,0.0,750.0,1000.0,1000.0,891.0,999.0,999.0,999.0,999.0,308.0,1000.0,0.0,0.0, 0.7252655029296875,-0.0198974609375,0.16778564453125,-0.6674041748046875, 0.7207794189453125,-0.2891693115234375,0.0392608642578125,0.62872314453125
56080, 56.559513092041016, 1000.0,386.0,513.0,156.0,389.0,222.0,467.0,43.0,597.0,1000.0,0.0,750.0,1000.0,1000.0,891.0,999.0,999.0,999.0,999.0,308.0,1000.0,0.0,0.0, 0.7253570556640625,-0.01995849609375,0.16778564453125,-0.66729736328125, 0.72076416015625,-0.291595458984375,0.037109375,0.62774658203125
56090, 56.569374084472656, 1000.0,386.0,513.0,156.0,389.0,222.0,467.0,43.0,597.0,1000.0,0.0,750.0,1000.0,1000.0,891.0,999.0,999.0,999.0,999.0,308.0,1000.0,0.0,0.0, 0.7254638671875,-0.0199737548828125,0.1678314208984375,-0.66717529296875, 0.7205047607421875,-0.292816162109375,0.037139892578125,0.6274871826171875
56100, 56.579708099365234, 1000.0,386.0,513.0,156.0,389.0,222.0,467.0,43.0,597.0,1000.0,0.0,750.0,1000.0,1000.0,891.0,999.0,999.0,999.0,999.0,308.0,1000.0,0.0,0.0, 0.725555419921875,-0.020050048828125,0.167816162109375,-0.6670684814453125, 0.7205352783203125,-0.2928314208984375,0.0369110107421875,0.62744140625
56110, 56.589412689208984, 1000.0,387.0,513.0,156.0,389.0,222.0,467.0,43.0,597.0,1000.0,0.0,750.0,1000.0,1000.0,891.0,999.0,999.0,999.0,999.0,308.0,1000.0,0.0,0.0, 0.7256317138671875,-0.0202484130859375,0.16778564453125,-0.6669921875, 0.720550537109375,-0.2919769287109375,0.0376739501953125,0.627777099609375
56120, 56.59930419921875, 1000.0,387.0,513.0,156.0,389.0,222.0,467.0,43.0,597.0,1000.0,0.0,1000.0,1000.0,1000.0,891.0,999.0,999.0,999.0,999.0,308.0,1000.0,0.0,0.0, 0.725677490234375,-0.0204925537109375,0.1678924560546875,-0.6669158935546875, 0.7201690673828125,-0.2924652099609375,0.0389556884765625,0.627899169921875
56130, 56.60927963256836, 1000.0,387.0,513.0,156.0,389.0,221.0,467.0,43.0,597.0,1000.0,0.0,1000.0,1000.0,1000.0,891.0,999.0,999.0,999.0,999.0,307.0,1000.0,0.0,0.0, 0.7257232666015625,-0.0206756591796875,0.167938232421875,-0.666839599609375, 0.720428466796875,-0.290069580078125,0.040069580078125,0.628662109375
56140, 56.619537353515625, 1000.0,388.0,513.0,156.0,389.0,222.0,467.0,43.0,597.0,1000.0,0.0,750.0,1000.0,1000.0,891.0,999.0,999.0,999.0,999.0,307.0,1000.0,0.0,0.0, 0.725799560546875,-0.020782470703125,0.1678924560546875,-0.6667633056640625, 0.7199554443359375,-0.2895660400390625,0.04254150390625,0.6292724609375
56150, 56.62933349609375, 1000.0,388.0,513.0,156.0,389.0,222.0,467.0,42.0,597.0,1000.0,0.0,750.0,1000.0,1000.0,892.0,999.0,999.0,999.0,999.0,307.0,1000.0,0.0,0.0, 0.725860595703125,-0.0209197998046875,0.167877197265625,-0.66668701171875, 0.72100830078125,-0.2884521484375,0.0390167236328125,0.628814697265625
56160, 56.64130783081055, 1000.0,387.0,513.0,156.0,389.0,222.0,467.0,42.0,597.0,1000.0,0.0,750.0,1000.0,1000.0,891.0,999.0,999.0,999.0,999.0,307.0,1000.0,0.0,0.0, 0.725921630859375,-0.021087646484375,0.167938232421875,-0.6666107177734375, 0.7211761474609375,-0.28802490234375,0.038604736328125,0.6288299560546875
56170, 56.64936828613281, 1000.0,387.0,513.0,156.0,389.0,222.0,467.0,42.0,597.0,1000.0,0.0,750.0,1000.0,1000.0,891.0,999.0,999.0,999.0,999.0,307.0,1000.0,0.0,0.0, 0.7259674072265625,-0.021209716796875,0.1680755615234375,-0.6665191650390625, 0.720947265625,-0.2889556884765625,0.0388031005859375,0.628662109375
56180, 56.6591911315918, 1000.0,387.0,513.0,156.0,389.0,222.0,467.0,42.0,597.0,1000.0,0.0,750.0,1000.0,1000.0,891.0,999.0,999.0,999.0,999.0,307.0,1000.0,0.0,0.0, 0.7260284423828125,-0.0213470458984375,0.168121337890625,-0.6664276123046875, 0.7202301025390625,-0.2919464111328125,0.039215087890625,0.6280670166015625
56190, 56.669189453125, 1000.0,387.0,513.0,156.0,389.0,221.0,467.0,42.0,596.0,1000.0,0.0,750.0,1000.0,1000.0,891.0,999.0,999.0,999.0,999.0,307.0,1000.0,0.0,0.0, 0.7260894775390625,-0.021484375,0.1682281494140625,-0.6663360595703125, 0.7202301025390625,-0.291961669921875,0.0391998291015625,0.6280517578125
56200, 56.679386138916016, 1000.0,386.0,513.0,156.0,389.0,221.0,466.0,42.0,596.0,1000.0,0.0,750.0,1000.0,1000.0,891.0,999.0,999.0,999.0,999.0,307.0,1000.0,0.0,0.0, 0.726165771484375,-0.0214691162109375,0.168365478515625,-0.666229248046875, 0.72027587890625,-0.2918701171875,0.0391845703125,0.6280517578125
56210, 56.68919372558594, 1000.0,387.0,513.0,156.0,389.0,221.0,466.0,42.0,596.0,1000.0,0.0,750.0,1000.0,1000.0,891.0,999.0,999.0,999.0,999.0,307.0,1000.0,0.0,0.0, 0.7262420654296875,-0.0213623046875,0.16845703125,-0.6661224365234375, 0.720245361328125,-0.2919464111328125,0.0393218994140625,0.6280517578125
56220, 56.699222564697266, 1000.0,387.0,514.0,156.0,389.0,221.0,466.0,42.0,596.0,1000.0,0.0,750.0,1000.0,1000.0,890.0,999.0,999.0,999.0,999.0,307.0,1000.0,0.0,0.0, 0.726348876953125,-0.0212554931640625,0.1685028076171875,-0.6660003662109375, 0.72027587890625,-0.291748046875,0.0393218994140625,0.6280975341796875
56230, 56.709312438964844, 1000.0,387.0,515.0,156.0,389.0,221.0,466.0,42.0,596.0,1000.0,0.0,750.0,1000.0,1000.0,890.0,999.0,999.0,999.0,999.0,307.0,1000.0,0.0,0.0, 0.72637939453125,-0.021270751953125,0.168731689453125,-0.6658935546875, 0.7203216552734375,-0.2915496826171875,0.0393524169921875,0.628143310546875
56240, 56.71915054321289, 1000.0,387.0,515.0,156.0,389.0,221.0,466.0,42.0,596.0,1000.0,0.0,1000.0,1000.0,1000.0,890.0,999.0,999.0,999.0,999.0,307.0,1000.0,0.0,0.0, 0.726409912109375,-0.0214385986328125,0.1689605712890625,-0.665802001953125, 0.7203369140625,-0.2913665771484375,0.039581298828125,0.628204345703125
56250, 56.729286193847656, 1000.0,387.0,516.0,156.0,389.0,222.0,466.0,42.0,596.0,1000.0,0.0,750.0,1000.0,1000.0,890.0,999.0,999.0,999.0,999.0,307.0,1000.0,0.0,0.0, 0.7264556884765625,-0.021636962890625,0.16900634765625,-0.6657257080078125, 0.720306396484375,-0.29132080078125,0.0398101806640625,0.6282501220703125
56260, 56.73918914794922, 1000.0,387.0,516.0,156.0,389.0,222.0,466.0,42.0,596.0,1000.0,0.0,750.0,1000.0,1000.0,890.0,999.0,999.0,999.0,999.0,307.0,1000.0,0.0,0.0, 0.7264556884765625,-0.021636962890625,0.16900634765625,-0.6657257080078125, 0.720367431640625,-0.291168212890625,0.0396728515625,0.6282501220703125
56270, 56.74919128417969, 1000.0,387.0,517.0,156.0,389.0,222.0,466.0,42.0,596.0,1000.0,0.0,750.0,1000.0,1000.0,890.0,999.0,999.0,999.0,999.0,307.0,1000.0,0.0,0.0, 0.726593017578125,-0.0220947265625,0.168853759765625,-0.665618896484375, 0.72052001953125,-0.291015625,0.0390625,0.628173828125
56280, 56.759246826171875, 1000.0,387.0,517.0,156.0,389.0,222.0,466.0,42.0,596.0,1000.0,0.0,750.0,1000.0,1000.0,890.0,999.0,999.0,999.0,999.0,307.0,1000.0,0.0,0.0, 0.7266387939453125,-0.0223236083984375,0.168853759765625,-0.6655426025390625, 0.720489501953125,-0.290924072265625,0.039276123046875,0.6282501220703125
56290, 56.76930236816406, 1000.0,387.0,518.0,156.0,389.0,222.0,466.0,42.0,596.0,1000.0,0.0,750.0,1000.0,1000.0,890.0,999.0,999.0,999.0,999.0,307.0,1000.0,0.0,0.0, 0.7267608642578125,-0.02227783203125,0.16864013671875,-0.6654815673828125, 0.72052001953125,-0.291107177734375,0.0388946533203125,0.628143310546875
56300, 56.779335021972656, 1000.0,387.0,518.0,156.0,389.0,222.0,466.0,42.0,596.0,1000.0,0.0,750.0,1000.0,1000.0,890.0,999.0,999.0,999.0,999.0,307.0,1000.0,0.0,0.0, 0.7269134521484375,-0.0221405029296875,0.1682281494140625,-0.6654205322265625, 0.7203369140625,-0.2914276123046875,0.0393829345703125,0.628173828125
56310, 56.78931427001953, 1000.0,388.0,518.0,156.0,389.0,222.0,466.0,42.0,596.0,1000.0,0.0,750.0,1000.0,1000.0,890.0,999.0,999.0,999.0,999.0,307.0,1000.0,0.0,0.0, 0.7272186279296875,-0.0218048095703125,0.167755126953125,-0.66522216796875, 0.720428466796875,-0.290985107421875,0.0393524169921875,0.6282806396484375
56320, 56.80204391479492, 1000.0,389.0,518.0,156.0,389.0,222.0,466.0,42.0,596.0,1000.0,0.0,750.0,1000.0,1000.0,890.0,999.0,999.0,999.0,999.0,307.0,1000.0,0.0,0.0, 0.7273406982421875,-0.0214996337890625,0.1677703857421875,-0.6650848388671875, 0.720245361328125,-0.2917022705078125,0.03955078125,0.628143310546875
56330, 56.809234619140625, 1000.0,389.0,518.0,156.0,389.0,222.0,466.0,42.0,596.0,1000.0,0.0,750.0,1000.0,1000.0,890.0,999.0,999.0,999.0,999.0,307.0,1000.0,0.0,0.0, 0.7273406982421875,-0.0214996337890625,0.1677703857421875,-0.6650848388671875, 0.720245361328125,-0.2929229736328125,0.038604736328125,0.6276397705078125
56340, 56.819217681884766, 1000.0,386.0,519.0,156.0,389.0,222.0,466.0,42.0,596.0,1000.0,0.0,750.0,1000.0,1000.0,890.0,999.0,999.0,999.0,999.0,307.0,1000.0,0.0,0.0, 0.7274322509765625,-0.0215606689453125,0.1682281494140625,-0.6648712158203125, 0.7205047607421875,-0.2923431396484375,0.0380859375,0.6276397705078125
56350, 56.82932662963867, 1000.0,385.0,519.0,156.0,389.0,222.0,466.0,42.0,596.0,1000.0,0.0,750.0,1000.0,1000.0,890.0,999.0,999.0,999.0,999.0,307.0,1000.0,0.0,0.0, 0.7274627685546875,-0.0216522216796875,0.1683807373046875,-0.664794921875, 0.720794677734375,-0.2906646728515625,0.0384368896484375,0.6280670166015625
56360, 56.83919143676758, 1000.0,385.0,519.0,156.0,389.0,222.0,466.0,42.0,596.0,1000.0,0.0,750.0,1000.0,1000.0,890.0,999.0,999.0,999.0,999.0,307.0,1000.0,0.0,0.0, 0.7274322509765625,-0.0216064453125,0.168609619140625,-0.664764404296875, 0.7209930419921875,-0.2889404296875,0.039093017578125,0.6285858154296875
56370, 56.84919357299805, 1000.0,384.0,519.0,156.0,389.0,222.0,466.0,42.0,595.0,1000.0,0.0,750.0,1000.0,1000.0,890.0,999.0,999.0,999.0,999.0,307.0,1000.0,0.0,0.0, 0.7275848388671875,-0.021270751953125,0.1684722900390625,-0.6646575927734375, 0.721343994140625,-0.287017822265625,0.0393218994140625,0.629058837890625
56380, 56.859230041503906, 1000.0,385.0,519.0,156.0,389.0,222.0,466.0,42.0,595.0,1000.0,0.0,750.0,1000.0,1000.0,890.0,999.0,999.0,999.0,999.0,307.0,1000.0,0.0,0.0, 0.7277069091796875,-0.0211334228515625,0.1682891845703125,-0.664581298828125, 0.7212982177734375,-0.2860565185546875,0.0402679443359375,0.6294708251953125
56390, 56.869205474853516, 1000.0,385.0,519.0,156.0,389.0,221.0,466.0,42.0,595.0,1000.0,0.0,750.0,1000.0,1000.0,889.0,999.0,999.0,999.0,999.0,307.0,1000.0,0.0,0.0, 0.7278289794921875,-0.0207977294921875,0.1683197021484375,-0.6644439697265625, 0.7213287353515625,-0.2852783203125,0.04058837890625,0.6297760009765625
56400, 56.879425048828125, 1000.0,386.0,519.0,156.0,389.0,221.0,466.0,42.0,595.0,1000.0,0.0,750.0,1000.0,1000.0,889.0,999.0,999.0,999.0,999.0,307.0,1000.0,0.0,0.0, 0.727935791015625,-0.020721435546875,0.1683197021484375,-0.6643218994140625, 0.72088623046875,-0.28619384765625,0.041656494140625,0.6298065185546875
56410, 56.88932418823242, 1000.0,386.0,519.0,156.0,389.0,222.0,465.0,42.0,595.0,1000.0,0.0,750.0,1000.0,1000.0,890.0,999.0,999.0,999.0,999.0,307.0,1000.0,0.0,0.0, 0.7280426025390625,-0.020843505859375,0.1681976318359375,-0.66424560546875, 0.7206268310546875,-0.28875732421875,0.04058837890625,0.6290130615234375
56420, 56.899497985839844, 1000.0,385.0,519.0,156.0,389.0,222.0,465.0,42.0,595.0,1000.0,0.0,750.0,1000.0,1000.0,890.0,999.0,999.0,999.0,999.0,307.0,1000.0,0.0,0.0, 0.7281341552734375,-0.0211181640625,0.167938232421875,-0.6641845703125, 0.72021484375,-0.2912750244140625,0.0400848388671875,0.6283416748046875
56430, 56.913631439208984, 1000.0,387.0,519.0,156.0,389.0,221.0,465.0,42.0,595.0,1000.0,0.0,750.0,1000.0,1000.0,891.0,999.0,999.0,999.0,999.0,307.0,1000.0,0.0,0.0, 0.7282867431640625,-0.02105712890625,0.1676788330078125,-0.664093017578125, 0.71990966796875,-0.29351806640625,0.039459228515625,0.627685546875
56440, 56.919315338134766, 1000.0,387.0,519.0,156.0,389.0,221.0,465.0,42.0,595.0,1000.0,0.0,750.0,1000.0,1000.0,891.0,999.0,999.0,999.0,999.0,307.0,1000.0,0.0,0.0, 0.7283782958984375,-0.0210723876953125,0.167694091796875,-0.6639862060546875, 0.7201995849609375,-0.2930145263671875,0.0387115478515625,0.6276397705078125
56450, 56.929290771484375, 1000.0,387.0,519.0,156.0,389.0,222.0,465.0,42.0,595.0,1000.0,0.0,750.0,1000.0,1000.0,891.0,999.0,999.0,999.0,999.0,306.0,1000.0,0.0,0.0, 0.7284698486328125,-0.02105712890625,0.16766357421875,-0.6638946533203125, 0.720458984375,-0.29193115234375,0.0385284423828125,0.6278533935546875
56460, 56.93951416015625, 1000.0,387.0,518.0,156.0,389.0,222.0,465.0,42.0,595.0,1000.0,0.0,750.0,1000.0,1000.0,892.0,999.0,999.0,999.0,999.0,306.0,1000.0,0.0,0.0, 0.72857666015625,-0.0210418701171875,0.167633056640625,-0.663787841796875, 0.7204132080078125,-0.2913055419921875,0.039276123046875,0.6281585693359375
56470, 56.94940185546875, 1000.0,388.0,518.0,156.0,389.0,222.0,465.0,42.0,595.0,1000.0,0.0,1000.0,1000.0,1000.0,891.0,999.0,999.0,999.0,999.0,306.0,1000.0,0.0,0.0, 0.7286834716796875,-0.02105712890625,0.1676025390625,-0.6636810302734375, 0.7205963134765625,-0.291717529296875,0.0381622314453125,0.6278228759765625
56480, 56.95929718017578, 1000.0,390.0,518.0,156.0,389.0,222.0,465.0,42.0,595.0,1000.0,0.0,1000.0,1000.0,1000.0,891.0,999.0,999.0,999.0,999.0,306.0,1000.0,0.0,0.0, 0.7287750244140625,-0.0211334228515625,0.1676177978515625,-0.66357421875, 0.7208251953125,-0.290435791015625,0.0383453369140625,0.628143310546875
56490, 56.96942138671875, 1000.0,389.0,518.0,156.0,389.0,222.0,465.0,42.0,595.0,1000.0,0.0,750.0,1000.0,1000.0,891.0,999.0,999.0,999.0,999.0,306.0,1000.0,0.0,0.0, 0.728851318359375,-0.0212554931640625,0.1676483154296875,-0.6634674072265625, 0.720947265625,-0.289398193359375,0.0386810302734375,0.6284637451171875
56500, 56.97959899902344, 1000.0,388.0,518.0,156.0,389.0,222.0,465.0,42.0,594.0,1000.0,0.0,750.0,1000.0,1000.0,891.0,999.0,999.0,999.0,999.0,306.0,1000.0,0.0,0.0, 0.728912353515625,-0.0214080810546875,0.167694091796875,-0.66339111328125, 0.720947265625,-0.28863525390625,0.0393524169921875,0.6287689208984375
56510, 56.98933029174805, 1000.0,387.0,518.0,156.0,389.0,222.0,465.0,42.0,594.0,1000.0,0.0,750.0,1000.0,1000.0,891.0,999.0,999.0,999.0,999.0,306.0,1000.0,0.0,0.0, 0.7289886474609375,-0.02154541015625,0.1677398681640625,-0.6632843017578125, 0.720489501953125,-0.2899017333984375,0.0401763916015625,0.628662109375
56520, 56.99930191040039, 1000.0,389.0,519.0,156.0,389.0,221.0,465.0,42.0,594.0,1000.0,0.0,750.0,1000.0,1000.0,891.0,999.0,999.0,999.0,999.0,306.0,1000.0,0.0,0.0, 0.72906494140625,-0.02166748046875,0.167816162109375,-0.663177490234375, 0.7200469970703125,-0.290985107421875,0.0411529541015625,0.62860107421875
56530, 57.00969696044922, 1000.0,389.0,519.0,156.0,389.0,221.0,465.0,42.0,594.0,1000.0,0.0,750.0,1000.0,1000.0,891.0,999.0,999.0,999.0,999.0,306.0,1000.0,0.0,0.0, 0.72906494140625,-0.02166748046875,0.167816162109375,-0.663177490234375, 0.720367431640625,-0.2903594970703125,0.0403289794921875,0.628570556640625
56540, 57.019325256347656, 1000.0,390.0,519.0,156.0,389.0,221.0,465.0,42.0,594.0,1000.0,0.0,1000.0,1000.0,1000.0,891.0,999.0,999.0,999.0,999.0,306.0,1000.0,0.0,0.0, 0.7292327880859375,-0.02178955078125,0.167816162109375,-0.662994384765625, 0.7203216552734375,-0.2911224365234375,0.039947509765625,0.6283111572265625
56550, 57.02931213378906, 1000.0,388.0,519.0,156.0,389.0,221.0,465.0,41.0,594.0,1000.0,0.0,1000.0,1000.0,1000.0,891.0,999.0,999.0,999.0,999.0,306.0,1000.0,0.0,0.0, 0.7293243408203125,-0.0217437744140625,0.1678619384765625,-0.6628875732421875, 0.720458984375,-0.29071044921875,0.0397796630859375,0.62835693359375
56560, 57.03951644897461, 1000.0,388.0,519.0,156.0,389.0,221.0,465.0,41.0,594.0,1000.0,0.0,1000.0,1000.0,1000.0,891.0,999.0,999.0,999.0,999.0,306.0,1000.0,0.0,0.0, 0.7293243408203125,-0.0217437744140625,0.1678619384765625,-0.6628875732421875, 0.72064208984375,-0.290374755859375,0.03936767578125,0.6283111572265625
56570, 57.04939270019531, 1000.0,390.0,520.0,156.0,389.0,221.0,465.0,41.0,594.0,1000.0,0.0,1000.0,1000.0,1000.0,891.0,999.0,999.0,999.0,999.0,306.0,1000.0,0.0,0.0, 0.7295379638671875,-0.021636962890625,0.1677398681640625,-0.662689208984375, 0.7201995849609375,-0.2919921875,0.039947509765625,0.6280364990234375
56580, 57.05928039550781, 1000.0,390.0,520.0,156.0,389.0,221.0,465.0,41.0,594.0,1000.0,0.0,750.0,1000.0,1000.0,891.0,999.0,999.0,999.0,999.0,306.0,1000.0,0.0,0.0, 0.7296295166015625,-0.021575927734375,0.16766357421875,-0.66259765625, 0.7206573486328125,-0.291015625,0.038848876953125,0.6280364990234375
56590, 57.0753059387207, 1000.0,389.0,520.0,156.0,389.0,221.0,465.0,41.0,594.0,1000.0,0.0,750.0,1000.0,1000.0,891.0,999.0,999.0,999.0,999.0,306.0,1000.0,0.0,0.0, 0.729736328125,-0.0215301513671875,0.167572021484375,-0.6625213623046875, 0.7216033935546875,-0.2870941162109375,0.038238525390625,0.6287841796875
56600, 57.0794792175293, 1000.0,388.0,521.0,156.0,389.0,221.0,465.0,41.0,594.0,1000.0,0.0,1000.0,1000.0,1000.0,891.0,999.0,999.0,999.0,999.0,306.0,1000.0,0.0,0.0, 0.7298126220703125,-0.021514892578125,0.167572021484375,-0.66241455078125, 0.721405029296875,-0.2857818603515625,0.04022216796875,0.629486083984375
56610, 57.08932113647461, 1000.0,388.0,521.0,156.0,389.0,221.0,465.0,41.0,594.0,1000.0,0.0,1000.0,1000.0,1000.0,891.0,999.0,999.0,999.0,999.0,306.0,1000.0,0.0,0.0, 0.729949951171875,-0.0216217041015625,0.16778564453125,-0.6622161865234375, 0.721282958984375,-0.2860870361328125,0.0404205322265625,0.6294708251953125
56620, 57.09950256347656, 1000.0,388.0,521.0,156.0,389.0,221.0,465.0,41.0,593.0,1000.0,0.0,750.0,1000.0,1000.0,891.0,999.0,999.0,999.0,999.0,306.0,1000.0,0.0,0.0, 0.7300262451171875,-0.021636962890625,0.167999267578125,-0.662078857421875, 0.721282958984375,-0.28851318359375,0.0382232666015625,0.628509521484375
56630, 57.10951614379883, 1000.0,388.0,521.0,156.0,389.0,221.0,465.0,41.0,593.0,1000.0,0.0,750.0,1000.0,1000.0,891.0,999.0,999.0,999.0,999.0,306.0,1000.0,0.0,0.0, 0.7300262451171875,-0.0215911865234375,0.1680145263671875,-0.662078857421875, 0.72113037109375,-0.2881927490234375,0.0391387939453125,0.6287841796875
56640, 57.11935806274414, 1000.0,390.0,521.0,156.0,388.0,221.0,465.0,41.0,593.0,1000.0,0.0,750.0,1000.0,1000.0,891.0,999.0,999.0,999.0,999.0,306.0,1000.0,0.0,0.0, 0.7301483154296875,-0.0216827392578125,0.1678924560546875,-0.6619720458984375, 0.7206268310546875,-0.291290283203125,0.0386810302734375,0.627960205078125
56650, 57.12929153442383, 1000.0,390.0,521.0,156.0,388.0,221.0,465.0,41.0,593.0,1000.0,0.0,1000.0,1000.0,1000.0,891.0,999.0,999.0,999.0,999.0,306.0,1000.0,0.0,0.0, 0.730255126953125,-0.0217132568359375,0.16778564453125,-0.661865234375, 0.7206878662109375,-0.290374755859375,0.039215087890625,0.628265380859375
56660, 57.139549255371094, 1000.0,390.0,522.0,156.0,388.0,220.0,465.0,41.0,593.0,1000.0,0.0,1000.0,1000.0,1000.0,891.0,999.0,999.0,999.0,999.0,306.0,1000.0,0.0,0.0, 0.7303924560546875,-0.021636962890625,0.167572021484375,-0.661773681640625, 0.7208709716796875,-0.2910308837890625,0.037872314453125,0.6278533935546875
56670, 57.14938735961914, 1000.0,390.0,522.0,156.0,388.0,221.0,465.0,41.0,593.0,1000.0,0.0,1000.0,1000.0,1000.0,891.0,999.0,999.0,999.0,999.0,306.0,1000.0,0.0,0.0, 0.73052978515625,-0.0215911865234375,0.1672515869140625,-0.661712646484375, 0.721160888671875,-0.2891845703125,0.0382843017578125,0.6283416748046875
56680, 57.1593017578125, 1000.0,390.0,522.0,156.0,388.0,221.0,465.0,41.0,593.0,1000.0,0.0,750.0,1000.0,1000.0,891.0,999.0,999.0,999.0,999.0,306.0,1000.0,0.0,0.0, 0.73065185546875,-0.021484375,0.1669921875,-0.661651611328125, 0.7209930419921875,-0.2891082763671875,0.039031982421875,0.628509521484375
56690, 57.16944885253906, 1000.0,390.0,522.0,156.0,389.0,221.0,465.0,41.0,593.0,1000.0,0.0,750.0,1000.0,1000.0,891.0,999.0,999.0,999.0,999.0,306.0,1000.0,0.0,0.0, 0.730804443359375,-0.021484375,0.1666259765625,-0.6615753173828125, 0.7209930419921875,-0.289093017578125,0.0390777587890625,0.6285247802734375
56700, 57.18486785888672, 1000.0,390.0,522.0,156.0,388.0,221.0,465.0,41.0,593.0,1000.0,0.0,750.0,1000.0,1000.0,891.0,999.0,999.0,999.0,999.0,306.0,1000.0,0.0,0.0, 0.730926513671875,-0.0213775634765625,0.166412353515625,-0.6614837646484375, 0.7209930419921875,-0.2891082763671875,0.0390625,0.628509521484375
56710, 57.18924331665039, 1000.0,390.0,522.0,156.0,388.0,221.0,465.0,41.0,593.0,1000.0,0.0,750.0,1000.0,1000.0,892.0,999.0,999.0,999.0,999.0,306.0,1000.0,0.0,0.0, 0.731048583984375,-0.0212860107421875,0.166351318359375,-0.661376953125, 0.720977783203125,-0.2891082763671875,0.0390625,0.6285247802734375
56720, 57.19950485229492, 1000.0,390.0,522.0,156.0,388.0,221.0,465.0,41.0,593.0,1000.0,0.0,750.0,1000.0,1000.0,891.0,999.0,999.0,999.0,999.0,306.0,1000.0,0.0,0.0, 0.73114013671875,-0.0212554931640625,0.166290283203125,-0.661285400390625, 0.72100830078125,-0.2889862060546875,0.0390167236328125,0.628570556640625
56730, 57.20960235595703, 1000.0,390.0,522.0,156.0,388.0,221.0,465.0,41.0,593.0,1000.0,0.0,750.0,1000.0,1000.0,891.0,999.0,999.0,999.0,999.0,306.0,1000.0,0.0,0.0, 0.7312469482421875,-0.0211639404296875,0.1664581298828125,-0.6611328125, 0.720947265625,-0.28936767578125,0.0388641357421875,0.6284637451171875
56740, 57.219383239746094, 1000.0,389.0,522.0,156.0,388.0,221.0,465.0,41.0,593.0,1000.0,0.0,750.0,1000.0,1000.0,891.0,999.0,999.0,999.0,999.0,306.0,1000.0,0.0,0.0, 0.7313232421875,-0.021148681640625,0.1666412353515625,-0.6610107421875, 0.7209014892578125,-0.2898101806640625,0.0387420654296875,0.628326416015625
56750, 57.22944259643555, 1000.0,389.0,522.0,156.0,388.0,221.0,465.0,41.0,593.0,1000.0,0.0,750.0,1000.0,1000.0,890.0,999.0,999.0,999.0,999.0,306.0,1000.0,0.0,0.0, 0.73138427734375,-0.0212249755859375,0.16668701171875,-0.660919189453125, 0.720855712890625,-0.2901611328125,0.0386810302734375,0.628204345703125
56760, 57.23927307128906, 1000.0,389.0,522.0,156.0,388.0,221.0,465.0,41.0,593.0,1000.0,0.0,1000.0,1000.0,1000.0,891.0,999.0,999.0,999.0,999.0,306.0,1000.0,0.0,0.0, 0.731414794921875,-0.0212554931640625,0.1668853759765625,-0.66082763671875, 0.7208251953125,-0.290313720703125,0.038818359375,0.628173828125
56770, 57.249454498291016, 1000.0,388.0,523.0,156.0,388.0,221.0,464.0,41.0,593.0,1000.0,0.0,1000.0,1000.0,1000.0,890.0,999.0,999.0,999.0,999.0,306.0,1000.0,0.0,0.0, 0.7314453125,-0.0213470458984375,0.1670379638671875,-0.6607513427734375, 0.7209320068359375,-0.2898712158203125,0.0387725830078125,0.6282501220703125
56780, 57.25933074951172, 1000.0,388.0,523.0,156.0,388.0,220.0,464.0,41.0,593.0,1000.0,0.0,750.0,1000.0,1000.0,890.0,999.0,999.0,999.0,999.0,306.0,1000.0,0.0,0.0, 0.73150634765625,-0.0213470458984375,0.16729736328125,-0.66064453125, 0.7210693359375,-0.28936767578125,0.038665771484375,0.6283416748046875
56790, 57.269474029541016, 1000.0,388.0,523.0,156.0,388.0,221.0,464.0,41.0,593.0,1000.0,0.0,750.0,1000.0,1000.0,890.0,999.0,999.0,999.0,999.0,306.0,1000.0,0.0,0.0, 0.7315826416015625,-0.0212249755859375,0.1674041748046875,-0.6605224609375, 0.721038818359375,-0.28900146484375,0.039093017578125,0.628509521484375
56800, 57.279354095458984, 1000.0,388.0,523.0,156.0,388.0,220.0,464.0,41.0,593.0,1000.0,0.0,750.0,1000.0,1000.0,890.0,999.0,999.0,999.0,999.0,306.0,1000.0,0.0,0.0, 0.731658935546875,-0.0213775634765625,0.167388916015625,-0.660430908203125, 0.7211761474609375,-0.287994384765625,0.03936767578125,0.6287994384765625
56810, 57.289268493652344, 1000.0,388.0,523.0,156.0,388.0,220.0,464.0,41.0,593.0,1000.0,0.0,750.0,1000.0,1000.0,890.0,999.0,999.0,999.0,999.0,306.0,1000.0,0.0,0.0, 0.731719970703125,-0.021514892578125,0.16748046875,-0.66033935546875, 0.7209320068359375,-0.2889404296875,0.039520263671875,0.6286468505859375
56820, 57.299434661865234, 1000.0,387.0,523.0,156.0,388.0,221.0,464.0,41.0,593.0,1000.0,0.0,750.0,1000.0,1000.0,891.0,999.0,999.0,999.0,999.0,306.0,1000.0,0.0,0.0, 0.7317962646484375,-0.02191162109375,0.16741943359375,-0.6602630615234375, 0.7206573486328125,-0.289459228515625,0.040191650390625,0.628662109375
56830, 57.309295654296875, 1000.0,387.0,523.0,156.0,388.0,221.0,464.0,41.0,593.0,1000.0,0.0,750.0,1000.0,1000.0,891.0,999.0,999.0,999.0,999.0,306.0,1000.0,0.0,0.0, 0.7317962646484375,-0.02191162109375,0.16741943359375,-0.6602630615234375, 0.7206268310546875,-0.2904205322265625,0.0394287109375,0.6283111572265625
56840, 57.319393157958984, 1000.0,387.0,523.0,156.0,388.0,221.0,464.0,41.0,592.0,1000.0,0.0,750.0,1000.0,1000.0,891.0,999.0,999.0,999.0,999.0,306.0,1000.0,0.0,0.0, 0.73199462890625,-0.022125244140625,0.16741943359375,-0.6600341796875, 0.720733642578125,-0.2910614013671875,0.038360595703125,0.627960205078125
56850, 57.32956314086914, 1000.0,386.0,524.0,156.0,388.0,221.0,464.0,41.0,592.0,1000.0,0.0,750.0,1000.0,1000.0,891.0,999.0,999.0,999.0,999.0,306.0,1000.0,0.0,0.0, 0.7320556640625,-0.02227783203125,0.1676025390625,-0.659912109375, 0.7207183837890625,-0.2911529541015625,0.0384063720703125,0.6279296875
56860, 57.347347259521484, 1000.0,386.0,524.0,156.0,388.0,220.0,464.0,41.0,592.0,1000.0,0.0,750.0,1000.0,1000.0,891.0,999.0,999.0,999.0,999.0,306.0,1000.0,0.0,0.0, 0.7321014404296875,-0.0225067138671875,0.1677703857421875,-0.659820556640625, 0.7205810546875,-0.2918548583984375,0.03851318359375,0.6277618408203125
56870, 57.35002517700195, 1000.0,387.0,524.0,156.0,388.0,220.0,464.0,41.0,592.0,1000.0,0.0,750.0,1000.0,1000.0,891.0,999.0,999.0,999.0,999.0,306.0,1000.0,0.0,0.0, 0.732147216796875,-0.0227813720703125,0.1678924560546875,-0.65972900390625, 0.7207489013671875,-0.290924072265625,0.0387725830078125,0.62799072265625
56880, 57.35946273803711, 1000.0,388.0,524.0,156.0,387.0,219.0,464.0,40.0,592.0,1000.0,0.0,750.0,1000.0,1000.0,891.0,999.0,999.0,999.0,999.0,305.0,1000.0,0.0,0.0, 0.732208251953125,-0.0229949951171875,0.1685333251953125,-0.65948486328125, 0.720947265625,-0.28961181640625,0.039093017578125,0.6283416748046875
56890, 57.369384765625, 1000.0,388.0,524.0,156.0,387.0,219.0,464.0,40.0,592.0,1000.0,0.0,750.0,1000.0,1000.0,891.0,999.0,999.0,999.0,999.0,305.0,1000.0,0.0,0.0, 0.732208251953125,-0.0229949951171875,0.1685333251953125,-0.65948486328125, 0.720947265625,-0.28900146484375,0.039703369140625,0.6285858154296875
56900, 57.37933349609375, 1000.0,388.0,524.0,156.0,387.0,219.0,464.0,40.0,592.0,1000.0,0.0,750.0,1000.0,1000.0,891.0,999.0,999.0,999.0,999.0,305.0,1000.0,0.0,0.0, 0.7322540283203125,-0.02301025390625,0.1687774658203125,-0.65936279296875, 0.721038818359375,-0.289031982421875,0.0392608642578125,0.6284942626953125
56910, 57.389610290527344, 1000.0,389.0,524.0,156.0,387.0,219.0,464.0,40.0,592.0,1000.0,0.0,1000.0,1000.0,1000.0,891.0,999.0,999.0,999.0,999.0,305.0,1000.0,0.0,0.0, 0.7325286865234375,-0.022552490234375,0.168426513671875,-0.6591644287109375, 0.7210693359375,-0.2891845703125,0.038909912109375,0.6284027099609375
56920, 57.3992919921875, 1000.0,389.0,524.0,156.0,387.0,219.0,464.0,40.0,592.0,1000.0,0.0,1000.0,1000.0,1000.0,891.0,999.0,999.0,999.0,999.0,305.0,1000.0,0.0,0.0, 0.732666015625,-0.0224456787109375,0.1681671142578125,-0.659088134765625, 0.72100830078125,-0.2894439697265625,0.038909912109375,0.62835693359375
56930, 57.409297943115234, 1000.0,389.0,524.0,156.0,387.0,219.0,464.0,40.0,592.0,1000.0,0.0,1000.0,1000.0,1000.0,890.0,999.0,999.0,999.0,999.0,305.0,1000.0,0.0,0.0, 0.7327117919921875,-0.02215576171875,0.1680450439453125,-0.6590728759765625, 0.7209930419921875,-0.2903594970703125,0.0380859375,0.6280059814453125
56940, 57.41950988769531, 1000.0,390.0,524.0,156.0,387.0,220.0,464.0,40.0,592.0,1000.0,0.0,1000.0,1000.0,1000.0,890.0,999.0,999.0,999.0,999.0,305.0,1000.0,0.0,0.0, 0.7328948974609375,-0.0220489501953125,0.1676788330078125,-0.658966064453125, 0.7208099365234375,-0.2915802001953125,0.03778076171875,0.6276702880859375
56950, 57.429466247558594, 1000.0,390.0,524.0,156.0,387.0,219.0,464.0,40.0,592.0,1000.0,0.0,1000.0,1000.0,1000.0,889.0,999.0,999.0,999.0,999.0,305.0,1000.0,0.0,0.0, 0.7329864501953125,-0.0220489501953125,0.1676788330078125,-0.6588592529296875, 0.720458984375,-0.292205810546875,0.0387420654296875,0.627716064453125
56960, 57.43931579589844, 1000.0,391.0,524.0,156.0,387.0,219.0,464.0,40.0,592.0,1000.0,0.0,1000.0,1000.0,1000.0,889.0,999.0,999.0,999.0,999.0,305.0,1000.0,0.0,0.0, 0.73309326171875,-0.02203369140625,0.16766357421875,-0.65875244140625, 0.720733642578125,-0.2904052734375,0.03912353515625,0.6282196044921875
56970, 57.450557708740234, 1000.0,390.0,524.0,156.0,387.0,219.0,464.0,40.0,592.0,1000.0,0.0,1000.0,1000.0,1000.0,889.0,999.0,999.0,999.0,999.0,305.0,1000.0,0.0,0.0, 0.7332000732421875,-0.0219879150390625,0.167572021484375,-0.658660888671875, 0.7207794189453125,-0.28961181640625,0.039703369140625,0.6284942626953125
56980, 57.4593391418457, 1000.0,391.0,524.0,156.0,387.0,219.0,463.0,40.0,592.0,1000.0,0.0,1000.0,1000.0,1000.0,889.0,999.0,999.0,999.0,999.0,305.0,1000.0,0.0,0.0, 0.7332916259765625,-0.0219573974609375,0.16748046875,-0.6585845947265625, 0.720794677734375,-0.2896575927734375,0.0395660400390625,0.6284637451171875
56990, 57.469482421875, 1000.0,391.0,524.0,156.0,387.0,219.0,463.0,40.0,592.0,1000.0,0.0,750.0,1000.0,1000.0,890.0,999.0,999.0,999.0,999.0,305.0,1000.0,0.0,0.0, 0.7333831787109375,-0.022003173828125,0.167388916015625,-0.6584930419921875, 0.720794677734375,-0.2905731201171875,0.0387420654296875,0.6280975341796875
57000, 57.479408264160156, 1000.0,392.0,524.0,156.0,387.0,220.0,463.0,40.0,592.0,1000.0,0.0,750.0,1000.0,1000.0,890.0,999.0,999.0,999.0,999.0,305.0,1000.0,0.0,0.0, 0.7334747314453125,-0.022064208984375,0.1673126220703125,-0.658416748046875, 0.7208251953125,-0.2890472412109375,0.0399322509765625,0.6286773681640625
57010, 57.489593505859375, 1000.0,392.0,524.0,156.0,387.0,220.0,463.0,40.0,592.0,1000.0,0.0,1000.0,1000.0,1000.0,890.0,999.0,999.0,999.0,999.0,305.0,1000.0,0.0,0.0, 0.7335662841796875,-0.0222015380859375,0.16729736328125,-0.6583099365234375, 0.7208099365234375,-0.288604736328125,0.0402984619140625,0.6288909912109375
57020, 57.50886535644531, 1000.0,391.0,524.0,156.0,387.0,220.0,463.0,40.0,592.0,1000.0,0.0,1000.0,1000.0,1000.0,890.0,999.0,999.0,999.0,999.0,305.0,1000.0,0.0,0.0, 0.7336578369140625,-0.0223388671875,0.16729736328125,-0.6582183837890625, 0.7206573486328125,-0.2901458740234375,0.0395355224609375,0.628387451171875
57030, 57.519508361816406, 1000.0,392.0,524.0,156.0,387.0,219.0,463.0,40.0,592.0,1000.0,0.0,750.0,1000.0,1000.0,890.0,999.0,999.0,999.0,999.0,305.0,1000.0,0.0,0.0, 0.7337493896484375,-0.022491455078125,0.167327880859375,-0.6580963134765625, 0.7207183837890625,-0.2908782958984375,0.03863525390625,0.6280517578125
57040, 57.52954864501953, 1000.0,392.0,524.0,156.0,387.0,219.0,463.0,40.0,592.0,1000.0,0.0,750.0,1000.0,1000.0,891.0,999.0,999.0,999.0,999.0,305.0,1000.0,0.0,0.0, 0.7338409423828125,-0.0225677490234375,0.167327880859375,-0.6579742431640625, 0.7209014892578125,-0.2909393310546875,0.03778076171875,0.6278533935546875
57050, 57.53938293457031, 1000.0,393.0,524.0,156.0,387.0,219.0,463.0,40.0,592.0,1000.0,0.0,750.0,1000.0,1000.0,890.0,999.0,999.0,999.0,999.0,305.0,1000.0,0.0,0.0, 0.7339630126953125,-0.0225830078125,0.1672515869140625,-0.657867431640625, 0.720672607421875,-0.291229248046875,0.0385894775390625,0.6279449462890625
57060, 57.54936218261719, 1000.0,393.0,524.0,156.0,387.0,219.0,463.0,40.0,591.0,1000.0,0.0,750.0,1000.0,1000.0,890.0,999.0,999.0,999.0,999.0,305.0,1000.0,0.0,0.0, 0.73406982421875,-0.0225830078125,0.167205810546875,-0.6577606201171875, 0.720733642578125,-0.2916412353515625,0.03802490234375,0.6277008056640625
57070, 57.55949020385742, 1000.0,392.0,524.0,156.0,387.0,219.0,463.0,40.0,591.0,1000.0,0.0,1000.0,1000.0,1000.0,890.0,999.0,999.0,999.0,999.0,305.0,1000.0,0.0,0.0, 0.7341766357421875,-0.0225372314453125,0.1671142578125,-0.6576690673828125, 0.7205963134765625,-0.293182373046875,0.0372772216796875,0.627197265625
57080, 57.5694580078125, 1000.0,391.0,524.0,156.0,387.0,219.0,463.0,40.0,591.0,1000.0,0.0,1000.0,1000.0,1000.0,890.0,999.0,999.0,999.0,999.0,305.0,1000.0,0.0,0.0, 0.7342681884765625,-0.022491455078125,0.1670989990234375,-0.657562255859375, 0.7210235595703125,-0.29107666015625,0.0373077392578125,0.6276702880859375
57090, 57.5793571472168, 1000.0,391.0,524.0,156.0,387.0,219.0,463.0,40.0,591.0,1000.0,0.0,750.0,1000.0,1000.0,891.0,999.0,999.0,999.0,999.0,305.0,1000.0,0.0,0.0, 0.734375,-0.0223846435546875,0.16717529296875,-0.657440185546875, 0.72100830078125,-0.2897796630859375,0.0385589599609375,0.6282196044921875
57100, 57.58949279785156, 1000.0,391.0,524.0,156.0,387.0,219.0,463.0,40.0,591.0,1000.0,0.0,750.0,1000.0,1000.0,891.0,999.0,999.0,999.0,999.0,305.0,1000.0,0.0,0.0, 0.734375,-0.0223846435546875,0.16717529296875,-0.657440185546875, 0.72186279296875,-0.2852783203125,0.03875732421875,0.6292877197265625
57110, 57.599571228027344, 1000.0,391.0,524.0,156.0,387.0,219.0,463.0,40.0,591.0,1000.0,0.0,750.0,1000.0,1000.0,891.0,999.0,999.0,999.0,999.0,305.0,1000.0,0.0,0.0, 0.7345428466796875,-0.02252197265625,0.1673583984375,-0.657196044921875, 0.7214508056640625,-0.28533935546875,0.0404815673828125,0.6296234130859375
57120, 57.60934829711914, 1000.0,391.0,524.0,156.0,387.0,219.0,463.0,40.0,591.0,1000.0,0.0,750.0,1000.0,1000.0,891.0,999.0,999.0,999.0,999.0,305.0,1000.0,0.0,0.0, 0.7345428466796875,-0.02252197265625,0.1673583984375,-0.657196044921875, 0.7207489013671875,-0.2865447998046875,0.042449951171875,0.6297454833984375
57130, 57.619625091552734, 1000.0,393.0,524.0,156.0,387.0,219.0,463.0,40.0,591.0,1000.0,0.0,750.0,1000.0,1000.0,891.0,999.0,999.0,999.0,999.0,305.0,1000.0,0.0,0.0, 0.7347412109375,-0.022674560546875,0.167388916015625,-0.6569671630859375, 0.720794677734375,-0.288116455078125,0.0408935546875,0.6290740966796875
57140, 57.62957000732422, 1000.0,391.0,524.0,155.0,387.0,219.0,463.0,40.0,591.0,1000.0,0.0,750.0,1000.0,1000.0,891.0,999.0,999.0,999.0,999.0,305.0,1000.0,0.0,0.0, 0.7348480224609375,-0.0225982666015625,0.167449951171875,-0.656829833984375, 0.72052001953125,-0.2899169921875,0.040496826171875,0.62860107421875
57150, 57.639373779296875, 1000.0,390.0,524.0,155.0,387.0,219.0,463.0,40.0,591.0,1000.0,0.0,1000.0,1000.0,666.0,891.0,999.0,999.0,999.0,999.0,305.0,1000.0,0.0,0.0, 0.734954833984375,-0.02252197265625,0.16748046875,-0.656707763671875, 0.720794677734375,-0.290008544921875,0.039215087890625,0.628326416015625
57160, 57.64934158325195, 1000.0,391.0,524.0,155.0,387.0,219.0,463.0,40.0,591.0,1000.0,0.0,750.0,1000.0,666.0,891.0,999.0,999.0,999.0,999.0,305.0,1000.0,0.0,0.0, 0.7350921630859375,-0.0222930908203125,0.1674652099609375,-0.6565704345703125, 0.72021484375,-0.2905731201171875,0.0412445068359375,0.62860107421875
57170, 57.65950012207031, 1000.0,390.0,524.0,156.0,387.0,219.0,463.0,40.0,591.0,1000.0,0.0,750.0,1000.0,666.0,891.0,999.0,999.0,999.0,999.0,305.0,1000.0,0.0,0.0, 0.7352142333984375,-0.0220794677734375,0.167510986328125,-0.6564178466796875, 0.7199554443359375,-0.2913665771484375,0.0417327880859375,0.6284942626953125
57180, 57.66946792602539, 1000.0,389.0,524.0,155.0,387.0,219.0,463.0,40.0,591.0,1000.0,0.0,750.0,1000.0,1000.0,891.0,999.0,999.0,999.0,999.0,305.0,1000.0,0.0,0.0, 0.73541259765625,-0.0218658447265625,0.1678924560546875,-0.6561126708984375, 0.7198333740234375,-0.292144775390625,0.041656494140625,0.628265380859375
57190, 57.67935562133789, 1000.0,389.0,524.0,155.0,387.0,219.0,463.0,40.0,591.0,1000.0,0.0,1000.0,1000.0,1000.0,891.0,999.0,999.0,999.0,999.0,305.0,1000.0,0.0,0.0, 0.7354888916015625,-0.0217132568359375,0.168121337890625,-0.6559600830078125, 0.7198638916015625,-0.2920989990234375,0.0416412353515625,0.6282501220703125
57200, 57.689430236816406, 1000.0,390.0,524.0,155.0,387.0,219.0,463.0,40.0,591.0,1000.0,0.0,1000.0,1000.0,1000.0,891.0,999.0,999.0,999.0,999.0,305.0,1000.0,0.0,0.0, 0.7354736328125,-0.0216522216796875,0.168365478515625,-0.6559295654296875, 0.7198944091796875,-0.292083740234375,0.041656494140625,0.62823486328125
57210, 57.699737548828125, 1000.0,390.0,524.0,155.0,387.0,219.0,463.0,40.0,591.0,1000.0,0.0,1000.0,1000.0,1000.0,891.0,999.0,999.0,999.0,999.0,305.0,1000.0,0.0,0.0, 0.7355499267578125,-0.0216827392578125,0.1684417724609375,-0.65582275390625, 0.7199554443359375,-0.29193115234375,0.0416107177734375,0.62823486328125
57220, 57.70933532714844, 1000.0,389.0,524.0,155.0,387.0,219.0,463.0,40.0,591.0,1000.0,0.0,750.0,1000.0,1000.0,891.0,999.0,999.0,999.0,999.0,305.0,1000.0,0.0,0.0, 0.7356109619140625,-0.0216827392578125,0.16864013671875,-0.65570068359375, 0.720001220703125,-0.291748046875,0.041717529296875,0.628265380859375
57230, 57.71956253051758, 1000.0,389.0,524.0,155.0,387.0,219.0,463.0,40.0,591.0,1000.0,0.0,750.0,1000.0,1000.0,891.0,999.0,999.0,999.0,999.0,305.0,1000.0,0.0,0.0, 0.7356414794921875,-0.0217742919921875,0.1688690185546875,-0.6555938720703125, 0.7199859619140625,-0.291717529296875,0.041717529296875,0.6282958984375
57240, 57.72953414916992, 1000.0,390.0,524.0,155.0,387.0,220.0,463.0,40.0,591.0,1000.0,0.0,1000.0,1000.0,1000.0,891.0,999.0,999.0,999.0,999.0,305.0,1000.0,0.0,0.0, 0.7357025146484375,-0.0218963623046875,0.1689605712890625,-0.6555023193359375, 0.72003173828125,-0.29150390625,0.041656494140625,0.6283416748046875
57250, 57.739376068115234, 1000.0,390.0,524.0,155.0,387.0,220.0,463.0,40.0,591.0,1000.0,0.0,1000.0,1000.0,1000.0,891.0,999.0,999.0,999.0,999.0,305.0,1000.0,0.0,0.0, 0.73577880859375,-0.02215576171875,0.1689453125,-0.655426025390625, 0.7200775146484375,-0.291595458984375,0.041351318359375,0.6282806396484375
57260, 57.74946212768555, 1000.0,390.0,523.0,155.0,387.0,220.0,463.0,40.0,591.0,1000.0,0.0,750.0,1000.0,1000.0,891.0,999.0,999.0,999.0,999.0,305.0,1000.0,0.0,0.0, 0.7358856201171875,-0.022247314453125,0.1687774658203125,-0.6553497314453125, 0.720184326171875,-0.2916107177734375,0.04083251953125,0.628173828125
57270, 57.75954055786133, 1000.0,391.0,523.0,155.0,387.0,219.0,463.0,40.0,591.0,1000.0,0.0,750.0,1000.0,1000.0,891.0,999.0,999.0,999.0,999.0,305.0,1000.0,0.0,0.0, 0.7360382080078125,-0.022125244140625,0.1684112548828125,-0.6552581787109375, 0.7201690673828125,-0.2915191650390625,0.0409088134765625,0.6282196044921875
57280, 57.76948547363281, 1000.0,390.0,523.0,155.0,387.0,219.0,463.0,40.0,591.0,1000.0,0.0,750.0,1000.0,1000.0,891.0,999.0,999.0,999.0,999.0,305.0,1000.0,0.0,0.0, 0.736175537109375,-0.0222320556640625,0.1680145263671875,-0.65521240234375, 0.7201690673828125,-0.291961669921875,0.040557861328125,0.6280517578125
57290, 57.781700134277344, 1000.0,391.0,523.0,155.0,387.0,219.0,463.0,40.0,591.0,1000.0,0.0,750.0,1000.0,1000.0,891.0,999.0,999.0,999.0,999.0,305.0,1000.0,0.0,0.0, 0.7363128662109375,-0.0223236083984375,0.167633056640625,-0.6551513671875, 0.7202606201171875,-0.2919464111328125,0.04022216796875,0.6279754638671875
57300, 57.78944778442383, 1000.0,389.0,523.0,155.0,387.0,219.0,463.0,40.0,591.0,1000.0,0.0,750.0,1000.0,1000.0,891.0,999.0,999.0,999.0,999.0,305.0,1000.0,0.0,0.0, 0.7364349365234375,-0.022308349609375,0.1673126220703125,-0.65509033203125, 0.72027587890625,-0.291961669921875,0.0402069091796875,0.627960205078125
57310, 57.79955291748047, 1000.0,389.0,523.0,155.0,387.0,219.0,463.0,40.0,591.0,1000.0,0.0,750.0,1000.0,1000.0,891.0,999.0,999.0,999.0,999.0,304.0,1000.0,0.0,0.0, 0.73651123046875,-0.022491455078125,0.1672515869140625,-0.655029296875, 0.7205047607421875,-0.2909393310546875,0.040069580078125,0.6281585693359375
57320, 57.80941390991211, 1000.0,389.0,523.0,155.0,387.0,219.0,463.0,40.0,591.0,1000.0,0.0,750.0,1000.0,1000.0,891.0,999.0,999.0,999.0,999.0,305.0,1000.0,0.0,0.0, 0.7365570068359375,-0.0227203369140625,0.1672515869140625,-0.6549530029296875, 0.7207183837890625,-0.29052734375,0.039581298828125,0.628143310546875
57330, 57.81950378417969, 1000.0,389.0,523.0,155.0,387.0,219.0,463.0,40.0,591.0,1000.0,0.0,750.0,1000.0,1000.0,891.0,999.0,999.0,999.0,999.0,305.0,1000.0,0.0,0.0, 0.73663330078125,-0.0228118896484375,0.1671905517578125,-0.6548919677734375, 0.7207489013671875,-0.2909088134765625,0.0392303466796875,0.627960205078125
57340, 57.82949447631836, 1000.0,389.0,523.0,155.0,387.0,219.0,462.0,40.0,591.0,1000.0,0.0,750.0,1000.0,1000.0,891.0,999.0,999.0,999.0,999.0,304.0,1000.0,0.0,0.0, 0.7366790771484375,-0.0230865478515625,0.1671600341796875,-0.6548309326171875, 0.720550537109375,-0.291351318359375,0.0397186279296875,0.6279449462890625
57350, 57.83937454223633, 1000.0,389.0,523.0,155.0,387.0,219.0,463.0,40.0,591.0,1000.0,0.0,750.0,1000.0,1000.0,891.0,999.0,999.0,999.0,999.0,304.0,1000.0,0.0,0.0, 0.7367706298828125,-0.0230560302734375,0.16705322265625,-0.654754638671875, 0.72039794921875,-0.2918701171875,0.039947509765625,0.62786865234375
57360, 57.84955596923828, 1000.0,390.0,523.0,155.0,387.0,219.0,463.0,40.0,591.0,1000.0,0.0,750.0,1000.0,1000.0,891.0,999.0,999.0,999.0,999.0,304.0,1000.0,0.0,0.0, 0.73681640625,-0.0233612060546875,0.1669158935546875,-0.6547393798828125, 0.7205963134765625,-0.2912445068359375,0.0396575927734375,0.627960205078125
57370, 57.859615325927734, 1000.0,390.0,523.0,155.0,387.0,219.0,463.0,40.0,591.0,1000.0,0.0,750.0,1000.0,1000.0,891.0,999.0,999.0,999.0,999.0,304.0,1000.0,0.0,0.0, 0.7368621826171875,-0.023651123046875,0.16693115234375,-0.6546630859375, 0.7205352783203125,-0.2918701171875,0.039398193359375,0.62774658203125
57380, 57.86946105957031, 1000.0,390.0,523.0,155.0,387.0,219.0,462.0,40.0,591.0,1000.0,0.0,750.0,1000.0,1000.0,891.0,999.0,999.0,999.0,999.0,304.0,1000.0,0.0,0.0, 0.7369232177734375,-0.023681640625,0.167083740234375,-0.6545562744140625, 0.7208404541015625,-0.290985107421875,0.038848876953125,0.627838134765625
57390, 57.87934875488281, 1000.0,390.0,523.0,155.0,387.0,219.0,462.0,40.0,591.0,1000.0,0.0,750.0,1000.0,1000.0,891.0,999.0,999.0,999.0,999.0,304.0,1000.0,0.0,0.0, 0.7369232177734375,-0.023681640625,0.167083740234375,-0.6545562744140625, 0.720611572265625,-0.2920379638671875,0.0388946533203125,0.6276092529296875
57400, 57.890926361083984, 1000.0,391.0,523.0,155.0,387.0,219.0,462.0,40.0,591.0,1000.0,0.0,750.0,1000.0,666.0,891.0,999.0,999.0,999.0,999.0,304.0,1000.0,0.0,0.0, 0.7370452880859375,-0.0238037109375,0.167388916015625,-0.654327392578125, 0.72064208984375,-0.2916412353515625,0.03912353515625,0.62774658203125
57410, 57.8995475769043, 1000.0,391.0,523.0,155.0,387.0,219.0,462.0,40.0,590.0,1000.0,0.0,750.0,1000.0,666.0,891.0,999.0,999.0,999.0,999.0,304.0,1000.0,0.0,0.0, 0.7371673583984375,-0.0236968994140625,0.1676025390625,-0.6541595458984375, 0.7205352783203125,-0.292236328125,0.039031982421875,0.627593994140625
57420, 57.909339904785156, 1000.0,390.0,523.0,155.0,387.0,219.0,462.0,40.0,590.0,1000.0,0.0,750.0,1000.0,1000.0,891.0,999.0,999.0,999.0,999.0,304.0,1000.0,0.0,0.0, 0.73724365234375,-0.0237274169921875,0.167572021484375,-0.6540679931640625, 0.720550537109375,-0.2923126220703125,0.038909912109375,0.6275482177734375
57430, 57.91949462890625, 1000.0,390.0,523.0,155.0,387.0,219.0,462.0,40.0,590.0,1000.0,0.0,750.0,1000.0,1000.0,891.0,999.0,999.0,999.0,999.0,304.0,1000.0,0.0,0.0, 0.7372589111328125,-0.02410888671875,0.1675872802734375,-0.654022216796875, 0.720489501953125,-0.2921295166015625,0.03936767578125,0.6276702880859375
57440, 57.929542541503906, 1000.0,389.0,523.0,155.0,387.0,219.0,462.0,40.0,591.0,1000.0,0.0,750.0,1000.0,1000.0,891.0,999.0,999.0,999.0,999.0,304.0,1000.0,0.0,0.0, 0.7373199462890625,-0.02410888671875,0.1677093505859375,-0.6539459228515625, 0.7205352783203125,-0.291259765625,0.0399169921875,0.62799072265625
57450, 57.93937301635742, 1000.0,390.0,523.0,155.0,387.0,219.0,462.0,40.0,591.0,1000.0,0.0,750.0,1000.0,1000.0,891.0,999.0,999.0,999.0,999.0,304.0,1000.0,0.0,0.0, 0.7373504638671875,-0.0243377685546875,0.16790771484375,-0.653839111328125, 0.720458984375,-0.2920074462890625,0.0396270751953125,0.6277618408203125
57460, 57.9494743347168, 1000.0,388.0,523.0,155.0,387.0,219.0,462.0,40.0,591.0,1000.0,0.0,750.0,1000.0,1000.0,891.0,999.0,999.0,999.0,999.0,304.0,1000.0,0.0,0.0, 0.7374420166015625,-0.02435302734375,0.1678924560546875,-0.6537322998046875, 0.720733642578125,-0.2920684814453125,0.03839111328125,0.6274871826171875
57470, 57.95974349975586, 1000.0,387.0,523.0,155.0,387.0,219.0,462.0,40.0,591.0,1000.0,0.0,750.0,1000.0,1000.0,891.0,999.0,999.0,999.0,999.0,304.0,1000.0,0.0,0.0, 0.7375335693359375,-0.02435302734375,0.167877197265625,-0.6536407470703125, 0.720947265625,-0.2904205322265625,0.03887939453125,0.6279754638671875
57480, 57.96946334838867, 1000.0,388.0,523.0,155.0,387.0,219.0,462.0,40.0,591.0,1000.0,0.0,750.0,1000.0,1000.0,891.0,999.0,999.0,999.0,999.0,304.0,1000.0,0.0,0.0, 0.737701416015625,-0.0243988037109375,0.1678466796875,-0.6534576416015625, 0.721099853515625,-0.2902069091796875,0.03839111328125,0.6279296875
57490, 57.979366302490234, 1000.0,389.0,523.0,155.0,387.0,219.0,462.0,40.0,591.0,1000.0,0.0,750.0,1000.0,1000.0,891.0,999.0,999.0,999.0,999.0,304.0,1000.0,0.0,0.0, 0.7377166748046875,-0.024383544921875,0.16778564453125,-0.6534576416015625, 0.7206878662109375,-0.2918548583984375,0.0387420654296875,0.6276092529296875
57500, 57.98960494995117, 1000.0,388.0,523.0,155.0,387.0,219.0,462.0,40.0,590.0,1000.0,0.0,750.0,1000.0,1000.0,891.0,999.0,999.0,999.0,999.0,304.0,1000.0,0.0,0.0, 0.73779296875,-0.0243988037109375,0.1676788330078125,-0.65338134765625, 0.7205963134765625,-0.2914886474609375,0.0394134521484375,0.6278533935546875
57510, 57.9995231628418, 1000.0,387.0,523.0,155.0,387.0,219.0,462.0,40.0,590.0,1000.0,0.0,750.0,1000.0,1000.0,891.0,999.0,999.0,999.0,999.0,304.0,1000.0,0.0,0.0, 0.737884521484375,-0.024383544921875,0.1675872802734375,-0.6533203125, 0.7203826904296875,-0.2925567626953125,0.0394287109375,0.6276092529296875
57520, 58.00934982299805, 1000.0,387.0,523.0,155.0,387.0,219.0,462.0,39.0,590.0,1000.0,0.0,750.0,1000.0,1000.0,891.0,999.0,999.0,999.0,999.0,304.0,1000.0,0.0,0.0, 0.7379608154296875,-0.024322509765625,0.167510986328125,-0.6532440185546875, 0.72076416015625,-0.2917938232421875,0.038421630859375,0.6275787353515625
57530, 58.01949691772461, 1000.0,388.0,523.0,155.0,387.0,219.0,462.0,39.0,590.0,1000.0,0.0,750.0,1000.0,1000.0,891.0,999.0,999.0,999.0,999.0,304.0,1000.0,0.0,0.0, 0.7380523681640625,-0.0243377685546875,0.1674346923828125,-0.653167724609375, 0.7213287353515625,-0.28936767578125,0.0380859375,0.628082275390625
57540, 58.029598236083984, 1000.0,389.0,523.0,155.0,387.0,219.0,462.0,39.0,590.0,1000.0,0.0,750.0,1000.0,1000.0,891.0,999.0,999.0,999.0,999.0,304.0,1000.0,0.0,0.0, 0.738128662109375,-0.0243988037109375,0.167327880859375,-0.653106689453125, 0.7212982177734375,-0.28936767578125,0.03826904296875,0.6280975341796875
57550, 58.03941345214844, 1000.0,388.0,523.0,155.0,387.0,219.0,462.0,39.0,590.0,1000.0,0.0,750.0,1000.0,1000.0,891.0,999.0,999.0,999.0,999.0,304.0,1000.0,0.0,0.0, 0.7382049560546875,-0.024505615234375,0.1672821044921875,-0.6530303955078125, 0.7211761474609375,-0.2890625,0.0390625,0.628326416015625
57560, 58.05303955078125, 1000.0,388.0,523.0,155.0,387.0,218.0,462.0,39.0,590.0,1000.0,0.0,750.0,1000.0,1000.0,891.0,999.0,999.0,999.0,999.0,304.0,1000.0,0.0,0.0, 0.73828125,-0.0245819091796875,0.1672821044921875,-0.6529388427734375, 0.720916748046875,-0.2893524169921875,0.0399017333984375,0.628448486328125
57570, 58.05931854248047, 1000.0,389.0,522.0,155.0,387.0,219.0,462.0,39.0,590.0,1000.0,0.0,750.0,1000.0,1000.0,891.0,999.0,999.0,999.0,999.0,304.0,1000.0,0.0,0.0, 0.73834228515625,-0.024688720703125,0.1672821044921875,-0.652862548828125, 0.7210540771484375,-0.289825439453125,0.038787841796875,0.6281280517578125
57580, 58.069698333740234, 1000.0,390.0,522.0,155.0,386.0,218.0,462.0,39.0,590.0,1000.0,0.0,750.0,1000.0,1000.0,891.0,999.0,999.0,999.0,999.0,304.0,1000.0,0.0,0.0, 0.7384033203125,-0.0248260498046875,0.1673736572265625,-0.65277099609375, 0.7212371826171875,-0.289642333984375,0.0380706787109375,0.6280517578125
57590, 58.07941436767578, 1000.0,390.0,522.0,155.0,386.0,218.0,462.0,39.0,590.0,1000.0,0.0,750.0,1000.0,1000.0,891.0,999.0,999.0,999.0,999.0,304.0,1000.0,0.0,0.0, 0.7384796142578125,-0.024932861328125,0.167510986328125,-0.65264892578125, 0.7211456298828125,-0.289520263671875,0.0385589599609375,0.628173828125
57600, 58.08949279785156, 1000.0,390.0,522.0,155.0,386.0,218.0,462.0,39.0,590.0,1000.0,0.0,750.0,1000.0,1000.0,892.0,999.0,999.0,999.0,999.0,304.0,1000.0,0.0,0.0, 0.738555908203125,-0.0250091552734375,0.1677093505859375,-0.652496337890625, 0.7214508056640625,-0.2901611328125,0.036651611328125,0.627655029296875
57610, 58.09954833984375, 1000.0,390.0,522.0,155.0,386.0,218.0,462.0,39.0,590.0,1000.0,0.0,750.0,1000.0,1000.0,892.0,999.0,999.0,999.0,999.0,304.0,1000.0,0.0,0.0, 0.7386322021484375,-0.0250091552734375,0.1679229736328125,-0.652374267578125, 0.721343994140625,-0.289794921875,0.0374908447265625,0.627899169921875
57620, 58.109352111816406, 1000.0,390.0,522.0,155.0,387.0,218.0,462.0,39.0,590.0,1000.0,0.0,750.0,1000.0,1000.0,892.0,999.0,999.0,999.0,999.0,304.0,1000.0,0.0,0.0, 0.7387237548828125,-0.0250091552734375,0.1678924560546875,-0.652252197265625, 0.7212066650390625,-0.2886505126953125,0.039093017578125,0.62847900390625
57630, 58.11949157714844, 1000.0,390.0,522.0,155.0,387.0,218.0,462.0,39.0,590.0,1000.0,0.0,750.0,1000.0,1000.0,892.0,999.0,999.0,999.0,999.0,304.0,1000.0,0.0,0.0, 0.7388153076171875,-0.025054931640625,0.1679534912109375,-0.6521453857421875, 0.7219085693359375,-0.287628173828125,0.0368804931640625,0.6282806396484375
57640, 58.12956237792969, 1000.0,392.0,522.0,155.0,387.0,219.0,462.0,39.0,590.0,1000.0,0.0,1000.0,1000.0,1000.0,892.0,999.0,999.0,999.0,999.0,304.0,1000.0,0.0,0.0, 0.738922119140625,-0.0251312255859375,0.16796875,-0.6520233154296875, 0.7215728759765625,-0.2904052734375,0.0359039306640625,0.6274566650390625
57650, 58.13936233520508, 1000.0,393.0,522.0,155.0,387.0,218.0,462.0,39.0,590.0,1000.0,0.0,750.0,1000.0,1000.0,891.0,999.0,999.0,999.0,999.0,304.0,1000.0,0.0,0.0, 0.7390289306640625,-0.0251617431640625,0.16790771484375,-0.6519012451171875, 0.7213897705078125,-0.290435791015625,0.0366058349609375,0.627593994140625
57660, 58.14943313598633, 1000.0,393.0,522.0,155.0,387.0,218.0,462.0,39.0,590.0,1000.0,0.0,750.0,1000.0,1000.0,891.0,999.0,999.0,999.0,999.0,304.0,1000.0,0.0,0.0, 0.7390289306640625,-0.0251617431640625,0.16790771484375,-0.6519012451171875, 0.720672607421875,-0.29132080078125,0.038848876953125,0.62786865234375
57670, 58.16301345825195, 1000.0,392.0,522.0,155.0,387.0,218.0,461.0,39.0,590.0,1000.0,0.0,750.0,1000.0,1000.0,891.0,999.0,999.0,999.0,999.0,304.0,1000.0,0.0,0.0, 0.739288330078125,-0.0252685546875,0.16778564453125,-0.651641845703125, 0.720245361328125,-0.2920684814453125,0.0399932861328125,0.6279449462890625
57680, 58.16946792602539, 1000.0,391.0,522.0,155.0,387.0,218.0,461.0,39.0,590.0,1000.0,0.0,750.0,1000.0,1000.0,890.0,999.0,999.0,999.0,999.0,304.0,1000.0,0.0,0.0, 0.73944091796875,-0.0251617431640625,0.1677093505859375,-0.6515045166015625, 0.7194366455078125,-0.296051025390625,0.0399017333984375,0.62701416015625
57690, 58.17937088012695, 1000.0,391.0,522.0,155.0,387.0,218.0,461.0,39.0,590.0,1000.0,0.0,750.0,1000.0,1000.0,890.0,999.0,999.0,999.0,999.0,304.0,1000.0,0.0,0.0, 0.73944091796875,-0.0251617431640625,0.1677093505859375,-0.6515045166015625, 0.7194366455078125,-0.2960662841796875,0.0399169921875,0.62701416015625
57700, 58.18963623046875, 1000.0,391.0,522.0,155.0,386.0,218.0,461.0,39.0,590.0,1000.0,0.0,750.0,1000.0,1000.0,890.0,999.0,999.0,999.0,999.0,304.0,1000.0,0.0,0.0, 0.739776611328125,-0.024993896484375,0.16754150390625,-0.6511688232421875, 0.719482421875,-0.2958984375,0.0398712158203125,0.627044677734375
57710, 58.19950866699219, 1000.0,392.0,522.0,155.0,386.0,218.0,461.0,39.0,590.0,1000.0,0.0,750.0,1000.0,1000.0,890.0,999.0,999.0,999.0,999.0,304.0,1000.0,0.0,0.0, 0.739898681640625,-0.0250396728515625,0.1675567626953125,-0.6510162353515625, 0.7196044921875,-0.2955322265625,0.0397491455078125,0.6270751953125
57720, 58.2093620300293, 1000.0,393.0,522.0,155.0,386.0,218.0,461.0,39.0,590.0,1000.0,0.0,750.0,1000.0,1000.0,890.0,999.0,999.0,999.0,999.0,304.0,1000.0,0.0,0.0, 0.740020751953125,-0.0250701904296875,0.1677093505859375,-0.6508331298828125, 0.719635009765625,-0.2953338623046875,0.039794921875,0.62713623046875
57730, 58.21949005126953, 1000.0,391.0,522.0,155.0,386.0,218.0,461.0,39.0,590.0,1000.0,0.0,750.0,1000.0,1000.0,890.0,999.0,999.0,999.0,999.0,304.0,1000.0,0.0,0.0, 0.74017333984375,-0.0248565673828125,0.16778564453125,-0.6506500244140625, 0.719757080078125,-0.2948455810546875,0.0397186279296875,0.627227783203125
57740, 58.229557037353516, 1000.0,391.0,522.0,155.0,386.0,218.0,461.0,39.0,590.0,1000.0,0.0,750.0,1000.0,1000.0,889.0,999.0,999.0,999.0,999.0,304.0,1000.0,0.0,0.0, 0.7403411865234375,-0.0246734619140625,0.1678009033203125,-0.6504669189453125, 0.7198028564453125,-0.2947235107421875,0.0396575927734375,0.6272430419921875
57750, 58.23938751220703, 1000.0,390.0,522.0,155.0,386.0,218.0,461.0,39.0,590.0,1000.0,0.0,750.0,1000.0,1000.0,890.0,999.0,999.0,999.0,999.0,304.0,1000.0,0.0,0.0, 0.74066162109375,-0.0245819091796875,0.1680145263671875,-0.650054931640625, 0.719879150390625,-0.2945556640625,0.039459228515625,0.6272430419921875
57760, 58.24948501586914, 1000.0,389.0,522.0,155.0,386.0,218.0,461.0,39.0,590.0,1000.0,0.0,750.0,1000.0,1000.0,890.0,999.0,999.0,999.0,999.0,304.0,1000.0,0.0,0.0, 0.740631103515625,-0.024688720703125,0.1681060791015625,-0.650054931640625, 0.7199859619140625,-0.294219970703125,0.039276123046875,0.627288818359375
57770, 58.25952911376953, 1000.0,390.0,521.0,155.0,386.0,218.0,461.0,39.0,590.0,1000.0,0.0,750.0,1000.0,1000.0,890.0,999.0,999.0,999.0,999.0,304.0,1000.0,0.0,0.0, 0.74078369140625,-0.024658203125,0.16815185546875,-0.649871826171875, 0.7199859619140625,-0.2939605712890625,0.0396270751953125,0.6273956298828125
57780, 58.269500732421875, 1000.0,391.0,521.0,155.0,386.0,218.0,461.0,39.0,590.0,1000.0,0.0,750.0,1000.0,1000.0,890.0,999.0,999.0,999.0,999.0,304.0,1000.0,0.0,0.0, 0.74102783203125,-0.024505615234375,0.167694091796875,-0.64971923828125, 0.7200164794921875,-0.2942962646484375,0.0391082763671875,0.6272125244140625
57790, 58.27935791015625, 1000.0,392.0,521.0,154.0,386.0,218.0,461.0,39.0,589.0,1000.0,0.0,750.0,1000.0,1000.0,891.0,999.0,999.0,999.0,999.0,304.0,1000.0,0.0,0.0, 0.741058349609375,-0.0244140625,0.167510986328125,-0.6497344970703125, 0.7198944091796875,-0.295013427734375,0.0390777587890625,0.6270294189453125
57800, 58.28959655761719, 1000.0,393.0,521.0,154.0,386.0,218.0,461.0,39.0,589.0,1000.0,0.0,750.0,1000.0,1000.0,891.0,999.0,999.0,999.0,999.0,304.0,1000.0,0.0,0.0, 0.7411956787109375,-0.024566650390625,0.16729736328125,-0.6496124267578125, 0.7195587158203125,-0.2962646484375,0.0395050048828125,0.6267852783203125
57810, 58.29963302612305, 1000.0,393.0,521.0,154.0,386.0,217.0,461.0,39.0,589.0,1000.0,0.0,750.0,1000.0,1000.0,891.0,999.0,999.0,999.0,999.0,304.0,1000.0,0.0,0.0, 0.74127197265625,-0.02490234375,0.167205810546875,-0.6495513916015625, 0.7198333740234375,-0.295684814453125,0.0389862060546875,0.626800537109375
57820, 58.30933380126953, 1000.0,393.0,521.0,154.0,386.0,217.0,461.0,39.0,589.0,1000.0,0.0,750.0,1000.0,1000.0,891.0,999.0,999.0,999.0,999.0,304.0,1000.0,0.0,0.0, 0.741302490234375,-0.02520751953125,0.1674652099609375,-0.6494293212890625, 0.7198333740234375,-0.294952392578125,0.0396881103515625,0.6270904541015625
57830, 58.3248176574707, 1000.0,391.0,521.0,154.0,386.0,218.0,461.0,39.0,589.0,1000.0,0.0,750.0,1000.0,1000.0,891.0,999.0,999.0,999.0,999.0,304.0,1000.0,0.0,0.0, 0.7413330078125,-0.0255279541015625,0.16778564453125,-0.6493072509765625, 0.7199859619140625,-0.293182373046875,0.0405731201171875,0.627685546875
57840, 58.329524993896484, 1000.0,392.0,521.0,154.0,386.0,218.0,461.0,39.0,589.0,1000.0,0.0,750.0,1000.0,1000.0,891.0,999.0,999.0,999.0,999.0,304.0,1000.0,0.0,0.0, 0.7413787841796875,-0.0256805419921875,0.1680755615234375,-0.649169921875, 0.7202911376953125,-0.29205322265625,0.0402679443359375,0.6278839111328125
57850, 58.33938217163086, 1000.0,392.0,521.0,154.0,386.0,218.0,461.0,39.0,588.0,1000.0,0.0,750.0,1000.0,1000.0,891.0,999.0,999.0,999.0,999.0,304.0,1000.0,0.0,0.0, 0.741455078125,-0.0257720947265625,0.1684417724609375,-0.64898681640625, 0.7203826904296875,-0.29229736328125,0.0396270751953125,0.6277008056640625
57860, 58.34944152832031, 1000.0,390.0,521.0,154.0,386.0,217.0,461.0,39.0,588.0,1000.0,0.0,750.0,1000.0,1000.0,891.0,999.0,999.0,999.0,999.0,304.0,1000.0,0.0,0.0, 0.7415771484375,-0.025634765625,0.1687164306640625,-0.648773193359375, 0.720306396484375,-0.2929534912109375,0.03936767578125,0.62750244140625
57870, 58.35951614379883, 1000.0,389.0,521.0,154.0,386.0,217.0,461.0,39.0,588.0,1000.0,0.0,750.0,1000.0,1000.0,891.0,999.0,999.0,999.0,999.0,304.0,1000.0,0.0,0.0, 0.74163818359375,-0.025970458984375,0.1690673828125,-0.6486053466796875, 0.720458984375,-0.2926483154296875,0.0389251708984375,0.62750244140625
57880, 58.36945724487305, 1000.0,389.0,521.0,154.0,386.0,217.0,461.0,39.0,588.0,1000.0,0.0,750.0,1000.0,1000.0,890.0,999.0,999.0,999.0,999.0,304.0,1000.0,0.0,0.0, 0.7417144775390625,-0.0259857177734375,0.16949462890625,-0.648406982421875, 0.7203521728515625,-0.293426513671875,0.0386199951171875,0.6272735595703125
57890, 58.379356384277344, 1000.0,389.0,521.0,154.0,386.0,216.0,461.0,39.0,588.0,1000.0,0.0,750.0,1000.0,1000.0,890.0,999.0,999.0,999.0,999.0,304.0,1000.0,0.0,0.0, 0.7418060302734375,-0.0262451171875,0.16961669921875,-0.64825439453125, 0.7205352783203125,-0.2932281494140625,0.0381011962890625,0.627197265625
57900, 58.38959884643555, 1000.0,389.0,521.0,154.0,386.0,216.0,461.0,39.0,588.0,1000.0,0.0,750.0,1000.0,1000.0,889.0,999.0,999.0,999.0,999.0,304.0,1000.0,0.0,0.0, 0.741973876953125,-0.02618408203125,0.1692047119140625,-0.6481781005859375, 0.720489501953125,-0.29327392578125,0.03826904296875,0.6272125244140625
57910, 58.39946746826172, 1000.0,389.0,521.0,154.0,386.0,216.0,461.0,39.0,588.0,1000.0,0.0,750.0,1000.0,1000.0,889.0,999.0,999.0,999.0,999.0,304.0,1000.0,0.0,0.0, 0.7421417236328125,-0.026092529296875,0.168731689453125,-0.6481170654296875, 0.7205352783203125,-0.293121337890625,0.038299560546875,0.627227783203125
57920, 58.409332275390625, 1000.0,389.0,521.0,154.0,386.0,216.0,461.0,38.0,588.0,1000.0,0.0,750.0,1000.0,1000.0,889.0,999.0,999.0,999.0,999.0,304.0,1000.0,0.0,0.0, 0.7423095703125,-0.0260467529296875,0.1680908203125,-0.6480865478515625, 0.72052001953125,-0.292388916015625,0.039093017578125,0.6275482177734375
57930, 58.419490814208984, 1000.0,390.0,521.0,154.0,386.0,216.0,461.0,38.0,588.0,1000.0,0.0,750.0,1000.0,1000.0,890.0,999.0,999.0,999.0,999.0,304.0,1000.0,0.0,0.0, 0.742462158203125,-0.0258941650390625,0.16766357421875,-0.6480255126953125, 0.72027587890625,-0.2936248779296875,0.0390777587890625,0.6272430419921875
57940, 58.43463897705078, 1000.0,390.0,521.0,154.0,386.0,216.0,461.0,38.0,588.0,1000.0,0.0,750.0,1000.0,1000.0,890.0,999.0,999.0,999.0,999.0,304.0,1000.0,0.0,0.0, 0.742584228515625,-0.0258941650390625,0.1672210693359375,-0.6479949951171875, 0.720001220703125,-0.2938995361328125,0.040069580078125,0.6273651123046875
57950, 58.4393196105957, 1000.0,391.0,521.0,154.0,386.0,216.0,461.0,38.0,588.0,1000.0,0.0,750.0,1000.0,1000.0,890.0,999.0,999.0,999.0,999.0,304.0,1000.0,0.0,0.0, 0.74267578125,-0.02593994140625,0.1671905517578125,-0.647918701171875, 0.7201690673828125,-0.292755126953125,0.0404205322265625,0.6277008056640625
57960, 58.44953918457031, 1000.0,391.0,521.0,154.0,386.0,216.0,461.0,38.0,588.0,1000.0,0.0,750.0,1000.0,1000.0,890.0,999.0,999.0,999.0,999.0,304.0,1000.0,0.0,0.0, 0.74267578125,-0.02593994140625,0.1671905517578125,-0.647918701171875, 0.7199554443359375,-0.293182373046875,0.041015625,0.6277008056640625
57970, 58.45950698852539, 1000.0,391.0,521.0,154.0,386.0,216.0,461.0,38.0,588.0,1000.0,0.0,750.0,1000.0,1000.0,890.0,999.0,999.0,999.0,999.0,304.0,1000.0,0.0,0.0, 0.7428131103515625,-0.0260772705078125,0.16717529296875,-0.6477508544921875, 0.7203369140625,-0.292022705078125,0.040435791015625,0.627838134765625
57980, 58.46955108642578, 1000.0,392.0,521.0,154.0,386.0,216.0,461.0,38.0,588.0,1000.0,0.0,750.0,1000.0,1000.0,890.0,999.0,999.0,999.0,999.0,304.0,1000.0,0.0,0.0, 0.742889404296875,-0.0261383056640625,0.1671142578125,-0.6476593017578125, 0.7201690673828125,-0.293060302734375,0.040252685546875,0.6275482177734375
57990, 58.479408264160156, 1000.0,392.0,521.0,154.0,386.0,216.0,461.0,38.0,588.0,1000.0,0.0,750.0,1000.0,1000.0,890.0,999.0,999.0,999.0,999.0,304.0,1000.0,0.0,0.0, 0.74298095703125,-0.0261993408203125,0.167083740234375,-0.6475830078125, 0.7206573486328125,-0.29229736328125,0.0388336181640625,0.62744140625
58000, 58.48934555053711, 1000.0,392.0,521.0,154.0,386.0,216.0,461.0,38.0,588.0,1000.0,0.0,1000.0,1000.0,1000.0,889.0,999.0,999.0,999.0,999.0,304.0,1000.0,0.0,0.0, 0.7430572509765625,-0.0261993408203125,0.1670684814453125,-0.647491455078125, 0.7206573486328125,-0.2922210693359375,0.039031982421875,0.627471923828125
58010, 58.49958038330078, 1000.0,391.0,521.0,153.0,386.0,215.0,461.0,38.0,588.0,1000.0,0.0,1000.0,1000.0,1000.0,888.0,999.0,999.0,999.0,999.0,304.0,1000.0,0.0,0.0, 0.743133544921875,-0.026153564453125,0.1670379638671875,-0.6474151611328125, 0.720703125,-0.291015625,0.0399017333984375,0.6279144287109375
58020, 58.50935363769531, 1000.0,391.0,521.0,153.0,386.0,215.0,461.0,38.0,587.0,1000.0,0.0,1000.0,1000.0,1000.0,888.0,999.0,999.0,999.0,999.0,304.0,1000.0,0.0,0.0, 0.7432098388671875,-0.026123046875,0.167022705078125,-0.6473236083984375, 0.720916748046875,-0.29144287109375,0.038604736328125,0.6275482177734375
58030, 58.51949691772461, 1000.0,393.0,521.0,153.0,386.0,215.0,461.0,38.0,587.0,1000.0,0.0,750.0,1000.0,1000.0,888.0,999.0,999.0,999.0,999.0,304.0,1000.0,0.0,0.0, 0.7432861328125,-0.0261383056640625,0.1670684814453125,-0.647216796875, 0.7207794189453125,-0.2915496826171875,0.0391082763671875,0.62762451171875
58040, 58.52954864501953, 1000.0,391.0,521.0,153.0,386.0,215.0,461.0,38.0,587.0,1000.0,0.0,750.0,1000.0,1000.0,888.0,999.0,999.0,999.0,999.0,304.0,1000.0,0.0,0.0, 0.743408203125,-0.026275634765625,0.1672210693359375,-0.64703369140625, 0.7207489013671875,-0.2898712158203125,0.0407562255859375,0.6283416748046875
58050, 58.539337158203125, 1000.0,390.0,521.0,153.0,386.0,215.0,461.0,38.0,587.0,1000.0,0.0,750.0,1000.0,1000.0,888.0,999.0,999.0,999.0,999.0,304.0,1000.0,0.0,0.0, 0.74346923828125,-0.0263214111328125,0.167327880859375,-0.646942138671875, 0.7205047607421875,-0.2904052734375,0.0413360595703125,0.628326416015625
58060, 58.54933547973633, 1000.0,390.0,521.0,153.0,386.0,215.0,461.0,38.0,587.0,1000.0,0.0,750.0,1000.0,1000.0,888.0,999.0,999.0,999.0,999.0,304.0,1000.0,0.0,0.0, 0.74346923828125,-0.026275634765625,0.1674041748046875,-0.6469268798828125, 0.7206573486328125,-0.291412353515625,0.0398101806640625,0.627777099609375
58070, 58.55949020385742, 1000.0,389.0,521.0,153.0,386.0,215.0,461.0,38.0,587.0,1000.0,0.0,750.0,1000.0,1000.0,888.0,999.0,999.0,999.0,999.0,304.0,1000.0,0.0,0.0, 0.7435455322265625,-0.0262298583984375,0.16748046875,-0.646820068359375, 0.721099853515625,-0.291717529296875,0.0376129150390625,0.627288818359375
58080, 58.56949234008789, 1000.0,389.0,521.0,153.0,386.0,215.0,461.0,38.0,587.0,1000.0,0.0,750.0,1000.0,1000.0,889.0,999.0,999.0,999.0,999.0,304.0,1000.0,0.0,0.0, 0.743621826171875,-0.0261383056640625,0.16754150390625,-0.6467132568359375, 0.72119140625,-0.29241943359375,0.0365753173828125,0.6269073486328125
58090, 58.579627990722656, 1000.0,388.0,522.0,153.0,386.0,215.0,461.0,38.0,587.0,1000.0,0.0,1000.0,1000.0,1000.0,890.0,999.0,999.0,999.0,999.0,304.0,1000.0,0.0,0.0, 0.74371337890625,-0.026092529296875,0.1675262451171875,-0.6466217041015625, 0.720916748046875,-0.2920074462890625,0.0381622314453125,0.6273193359375
58100, 58.597782135009766, 1000.0,388.0,522.0,153.0,386.0,214.0,461.0,38.0,587.0,1000.0,0.0,750.0,1000.0,1000.0,890.0,999.0,999.0,999.0,999.0,304.0,1000.0,0.0,0.0, 0.7437896728515625,-0.0260162353515625,0.1674652099609375,-0.6465606689453125, 0.7210235595703125,-0.29071044921875,0.0388641357421875,0.6277618408203125
58110, 58.60144805908203, 1000.0,388.0,522.0,153.0,386.0,214.0,461.0,38.0,587.0,1000.0,0.0,750.0,1000.0,1000.0,890.0,999.0,999.0,999.0,999.0,304.0,1000.0,0.0,0.0, 0.7438507080078125,-0.02587890625,0.16754150390625,-0.6464691162109375, 0.7210540771484375,-0.2911376953125,0.038360595703125,0.6275634765625
58120, 58.609336853027344, 1000.0,388.0,521.0,153.0,386.0,214.0,461.0,38.0,587.0,1000.0,0.0,750.0,1000.0,1000.0,890.0,999.0,999.0,999.0,999.0,304.0,1000.0,0.0,0.0, 0.743927001953125,-0.0258026123046875,0.16748046875,-0.646392822265625, 0.7211456298828125,-0.2898101806640625,0.0391693115234375,0.628021240234375
58130, 58.619503021240234, 1000.0,388.0,522.0,153.0,386.0,214.0,461.0,38.0,587.0,1000.0,0.0,750.0,1000.0,666.0,891.0,999.0,999.0,999.0,999.0,304.0,1000.0,0.0,0.0, 0.743988037109375,-0.025726318359375,0.1676483154296875,-0.64630126953125, 0.7212677001953125,-0.29058837890625,0.0379791259765625,0.6275787353515625
58140, 58.6295280456543, 1000.0,387.0,522.0,153.0,386.0,214.0,461.0,38.0,587.0,1000.0,0.0,750.0,1000.0,666.0,891.0,999.0,999.0,999.0,999.0,304.0,1000.0,0.0,0.0, 0.7440185546875,-0.02569580078125,0.1678009033203125,-0.646209716796875, 0.72125244140625,-0.291107177734375,0.037567138671875,0.62738037109375
58150, 58.639373779296875, 1000.0,387.0,522.0,153.0,386.0,214.0,461.0,38.0,587.0,1000.0,0.0,750.0,1000.0,1000.0,891.0,999.0,999.0,999.0,999.0,304.0,1000.0,0.0,0.0, 0.7440643310546875,-0.025787353515625,0.16790771484375,-0.6461334228515625, 0.72100830078125,-0.2914886474609375,0.038330078125,0.62744140625
58160, 58.6494026184082, 1000.0,387.0,522.0,153.0,386.0,214.0,461.0,38.0,586.0,1000.0,0.0,750.0,1000.0,1000.0,891.0,999.0,999.0,999.0,999.0,304.0,1000.0,0.0,0.0, 0.7440948486328125,-0.0259246826171875,0.16796875,-0.646087646484375, 0.721405029296875,-0.2886199951171875,0.0391693115234375,0.628265380859375
58170, 58.65959167480469, 1000.0,386.0,522.0,153.0,386.0,214.0,461.0,38.0,586.0,1000.0,0.0,750.0,1000.0,1000.0,891.0,999.0,999.0,999.0,999.0,304.0,1000.0,0.0,0.0, 0.744110107421875,-0.0261383056640625,0.1680755615234375,-0.6460113525390625, 0.7217559814453125,-0.288360595703125,0.03790283203125,0.6280670166015625
58180, 58.66957092285156, 1000.0,386.0,522.0,153.0,386.0,214.0,461.0,38.0,586.0,1000.0,0.0,1000.0,1000.0,1000.0,892.0,999.0,999.0,999.0,999.0,304.0,1000.0,0.0,0.0, 0.744140625,-0.0263671875,0.16815185546875,-0.6459503173828125, 0.7213287353515625,-0.2890777587890625,0.0391693115234375,0.628143310546875
58190, 58.67959213256836, 1000.0,386.0,522.0,153.0,386.0,214.0,461.0,38.0,586.0,1000.0,0.0,750.0,1000.0,1000.0,892.0,999.0,999.0,999.0,999.0,304.0,1000.0,0.0,0.0, 0.7441864013671875,-0.0265655517578125,0.1681671142578125,-0.645904541015625, 0.7212982177734375,-0.289093017578125,0.039276123046875,0.6281585693359375
58200, 58.68944549560547, 1000.0,386.0,522.0,153.0,386.0,214.0,461.0,38.0,586.0,1000.0,0.0,750.0,1000.0,1000.0,892.0,999.0,999.0,999.0,999.0,304.0,1000.0,0.0,0.0, 0.74420166015625,-0.0268096923828125,0.168212890625,-0.645843505859375, 0.7213134765625,-0.2890472412109375,0.0392913818359375,0.6281585693359375
