3860, 3.8991048336029053, [1000.0, 64.0, 0.0, 10.0, 35.0, 53.0, 0.0, 0.0, 0.0, 1000.0, 0.0, 750.0, 0.0, 666.0, 954.0, 999.0, 999.0, 999.0, 999.0, 617.0, 428.0, 0.0, 40.0], [15.817377090454102, -11.151630401611328, -78.17860412597656], [0.7735595703125, 0.0456085205078125, -0.161041259765625, -0.6111907958984375], [3.4859049320220947, 16.384714126586914, -76.02874755859375], [0.7767791748046875, 0.1114349365234375, 0.0936737060546875, -0.612701416015625]
3910, 3.959174394607544, [1000.0, 62.0, 0.0, 10.0, 34.0, 53.0, 0.0, 0.0, 0.0, 1000.0, 0.0, 750.0, 0.0, 666.0, 947.0, 999.0, 999.0, 999.0, 999.0, 618.0, 434.0, 0.0, 43.0], [15.717609405517578, -9.650160789489746, -76.90221405029297], [0.780181884765625, 0.0548858642578125, -0.1499786376953125, -0.6048126220703125], [2.6278457641601562, 17.006488800048828, -75.63216400146484], [0.7790069580078125, 0.108551025390625, 0.102874755859375, -0.6089019775390625]
3960, 4.009514808654785, [1000.0, 62.0, 0.0, 11.0, 35.0, 53.0, 0.0, 0.0, 0.0, 1000.0, 0.0, 1000.0, 0.0, 1000.0, 946.0, 999.0, 999.0, 999.0, 999.0, 619.0, 429.0, 0.0, 44.0], [15.05032730102539, -8.82509708404541, -76.4305648803711], [0.7828369140625, 0.0554046630859375, -0.1407012939453125, -0.603546142578125], [4.447983741760254, 19.93954086303711, -74.81671142578125], [0.77764892578125, 0.1354522705078125, 0.11419677734375, -0.6031951904296875]
4020, 4.069403648376465, [1000.0, 62.0, 0.0, 11.0, 35.0, 53.0, 0.0, 0.0, 0.0, 1000.0, 0.0, 750.0, 0.0, 666.0, 946.0, 999.0, 999.0, 999.0, 999.0, 619.0, 426.0, 13.0, 47.0], [15.92687702178955, -8.00196647644043, -76.3267822265625], [0.7827301025390625, 0.0659637451171875, -0.1397247314453125, -0.60284423828125], [4.1222662925720215, 19.968231201171875, -74.83341979980469], [0.7779083251953125, 0.1334075927734375, 0.1160888671875, -0.60296630859375]
4070, 4.119455814361572, [1000.0, 61.0, 0.0, 11.0, 34.0, 53.0, 0.0, 0.0, 0.0, 1000.0, 0.0, 750.0, 0.0, 1000.0, 947.0, 999.0, 999.0, 999.0, 999.0, 620.0, 426.0, 3.0, 33.0], [15.288366317749023, -6.879498481750488, -75.86213684082031], [0.7852325439453125, 0.06817626953125, -0.1285247802734375, -0.6018524169921875], [3.160675287246704, 20.317646026611328, -75.01016235351562], [0.777587890625, 0.128875732421875, 0.1233367919921875, -0.6029052734375]
4130, 4.179470062255859, [1000.0, 61.0, 0.0, 11.0, 33.0, 52.0, 0.0, 0.0, 0.0, 1000.0, 0.0, 750.0, 0.0, 666.0, 942.0, 999.0, 999.0, 999.0, 999.0, 619.0, 424.0, 0.0, 47.0], [16.367225646972656, -6.718386173248291, -75.84734344482422], [0.784576416015625, 0.076446533203125, -0.133087158203125, -0.6007232666015625], [3.362196207046509, 20.179929733276367, -75.14278411865234], [0.77685546875, 0.129669189453125, 0.121185302734375, -0.6041259765625]
4180, 4.229352951049805, [1000.0, 61.0, 0.0, 11.0, 33.0, 52.0, 0.0, 0.0, 0.0, 1000.0, 0.0, 750.0, 0.0, 666.0, 941.0, 999.0, 999.0, 999.0, 999.0, 619.0, 424.0, 1.0, 52.0], [16.504289627075195, -6.265042781829834, -75.60092163085938], [0.7855987548828125, 0.0800933837890625, -0.1305694580078125, -0.599456787109375], [2.6406617164611816, 20.384763717651367, -75.44515991210938], [0.775787353515625, 0.1261749267578125, 0.1260528564453125, -0.6052398681640625]
4230, 4.2794718742370605, [1000.0, 61.0, 0.0, 11.0, 34.0, 53.0, 0.0, 0.0, 0.0, 1000.0, 0.0, 750.0, 0.0, 666.0, 941.0, 999.0, 999.0, 999.0, 999.0, 619.0, 426.0, 23.0, 51.0], [16.347646713256836, -5.6371378898620605, -75.59113311767578], [0.7855072021484375, 0.0823822021484375, -0.12548828125, -0.6003570556640625], [2.239321231842041, 19.014772415161133, -75.86199188232422], [0.7757720947265625, 0.1167144775390625, 0.118408203125, -0.6086883544921875]
4290, 4.339587211608887, [1000.0, 61.0, 0.0, 12.0, 34.0, 53.0, 0.0, 0.0, 0.0, 1000.0, 0.0, 750.0, 0.0, 666.0, 942.0, 999.0, 999.0, 999.0, 999.0, 616.0, 438.0, 25.0, 52.0], [17.123126983642578, -3.7679390907287598, -76.13914489746094], [0.7810821533203125, 0.0970916748046875, -0.117340087890625, -0.605560302734375], [1.0896531343460083, 18.686824798583984, -77.44365692138672], [0.768829345703125, 0.1088714599609375, 0.12078857421875, -0.618408203125]
4340, 4.389219760894775, [1000.0, 62.0, 0.0, 12.0, 34.0, 52.0, 0.0, 0.0, 0.0, 1000.0, 0.0, 750.0, 0.0, 1000.0, 941.0, 999.0, 999.0, 999.0, 999.0, 615.0, 458.0, 1.0, 49.0], [16.486366271972656, -3.2782585620880127, -77.13438415527344], [0.776031494140625, 0.0944061279296875, -0.111480712890625, -0.613525390625], [0.6223084926605225, 19.420583724975586, -78.51113891601562], [0.76263427734375, 0.110870361328125, 0.1272125244140625, -0.6244049072265625]
4400, 4.449465274810791, [1000.0, 62.0, 0.0, 11.0, 34.0, 52.0, 0.0, 0.0, 0.0, 1000.0, 0.0, 750.0, 0.0, 666.0, 941.0, 999.0, 999.0, 999.0, 999.0, 614.0, 444.0, 0.0, 36.0], [15.392019271850586, -2.566664218902588, -77.92037200927734], [0.7722625732421875, 0.09014892578125, -0.1014404296875, -0.6206207275390625], [-0.026100866496562958, 20.1163387298584, -79.67625427246094], [0.756072998046875, 0.1117095947265625, 0.134246826171875, -0.6307373046875]
4450, 4.4994611740112305, [1000.0, 61.0, 0.0, 11.0, 34.0, 52.0, 0.0, 0.0, 0.0, 1000.0, 0.0, 750.0, 0.0, 1000.0, 941.0, 999.0, 999.0, 999.0, 999.0, 613.0, 465.0, 1.0, 35.0], [13.575215339660645, -2.0267066955566406, -79.34819030761719], [0.7655029296875, 0.079742431640625, -0.088958740234375, -0.632232666015625], [-1.6925954818725586, 21.323972702026367, -81.474365234375], [0.7463226318359375, 0.1097259521484375, 0.1496429443359375, -0.6391754150390625]
4500, 4.5493574142456055, [1000.0, 62.0, 0.0, 11.0, 35.0, 51.0, 0.0, 0.0, 0.0, 1000.0, 0.0, 1000.0, 0.0, 1000.0, 942.0, 999.0, 999.0, 999.0, 999.0, 616.0, 464.0, 3.0, 81.0], [12.253968238830566, -1.5322962999343872, -79.97199249267578], [0.762664794921875, 0.0732269287109375, -0.078765869140625, -0.6377716064453125], [-2.6384317874908447, 21.9603214263916, -82.20774841308594], [0.742401123046875, 0.108154296875, 0.1583404541015625, -0.64190673828125]
4560, 4.609282493591309, [1000.0, 62.0, 0.0, 11.0, 35.0, 52.0, 0.0, 0.0, 0.0, 1000.0, 0.0, 750.0, 0.0, 666.0, 943.0, 999.0, 999.0, 999.0, 999.0, 621.0, 450.0, 1.0, 160.0], [10.740234375, -0.6596562266349792, -79.97109985351562], [0.7631683349609375, 0.068023681640625, -0.0645294189453125, -0.63934326171875], [-2.517198324203491, 24.84370231628418, -81.59103393554688], [0.742218017578125, 0.124267578125, 0.17681884765625, -0.6343231201171875]
4610, 4.659343719482422, [1000.0, 62.0, 0.0, 11.0, 35.0, 52.0, 0.0, 0.0, 0.0, 1000.0, 0.0, 750.0, 0.0, 1000.0, 966.0, 999.0, 999.0, 999.0, 999.0, 627.0, 449.0, 0.0, 192.0], [9.781320571899414, 1.4263150691986084, -79.77290344238281], [0.7637786865234375, 0.0733642578125, -0.0451507568359375, -0.6396942138671875], [-3.5164592266082764, 25.053510665893555, -81.53668975830078], [0.743316650390625, 0.1188812255859375, 0.183746337890625, -0.632110595703125]
4670, 4.719222068786621, [1000.0, 64.0, 0.0, 10.0, 34.0, 53.0, 0.0, 0.0, 0.0, 1000.0, 0.0, 750.0, 0.0, 666.0, 975.0, 999.0, 999.0, 999.0, 999.0, 631.0, 450.0, 0.0, 217.0], [10.829317092895508, 3.1863861083984375, -79.5738296508789], [0.7630157470703125, 0.0901947021484375, -0.039093017578125, -0.6388397216796875], [-1.8704546689987183, 24.531953811645508, -80.52011108398438], [0.747833251953125, 0.1251068115234375, 0.1724090576171875, -0.6287689208984375]
4720, 4.76943302154541, [1000.0, 65.0, 0.0, 11.0, 35.0, 55.0, 0.0, 0.0, 0.0, 1000.0, 0.0, 1000.0, 0.0, 1000.0, 985.0, 999.0, 999.0, 999.0, 999.0, 632.0, 453.0, 0.0, 226.0], [10.763036727905273, 4.150508403778076, -79.46142578125], [0.7629852294921875, 0.095123291015625, -0.0321807861328125, -0.6385498046875], [-2.3172473907470703, 23.779645919799805, -80.0716323852539], [0.751739501953125, 0.1173553466796875, 0.170440673828125, -0.6261444091796875]
4770, 4.819323539733887, [1000.0, 66.0, 0.0, 11.0, 35.0, 56.0, 0.0, 0.0, 0.0, 1000.0, 0.0, 750.0, 0.0, 1000.0, 979.0, 999.0, 999.0, 999.0, 999.0, 632.0, 459.0, 0.0, 230.0], [10.609977722167969, 6.0865278244018555, -79.42529296875], [0.7617340087890625, 0.10479736328125, -0.0183258056640625, -0.639068603515625], [-2.057666540145874, 21.79833221435547, -79.66877746582031], [0.7560882568359375, 0.1075592041015625, 0.156463623046875, -0.6262969970703125]
4830, 4.879284858703613, [1000.0, 67.0, 0.0, 11.0, 34.0, 56.0, 0.0, 0.0, 0.0, 1000.0, 0.0, 750.0, 0.0, 666.0, 979.0, 999.0, 999.0, 999.0, 999.0, 630.0, 468.0, 0.0, 235.0], [10.388681411743164, 9.59703254699707, -79.85628509521484], [0.7561492919921875, 0.122650146484375, 0.0059814453125, -0.6427459716796875], [-3.0704739093780518, 23.0268611907959, -80.12290954589844], [0.75311279296875, 0.1083221435546875, 0.1696014404296875, -0.6263275146484375]
4880, 4.929446220397949, [1000.0, 67.0, 0.0, 11.0, 34.0, 56.0, 0.0, 0.0, 0.0, 1000.0, 0.0, 750.0, 0.0, 666.0, 980.0, 999.0, 999.0, 999.0, 999.0, 628.0, 469.0, 0.0, 236.0], [10.316293716430664, 12.479354858398438, -80.57618713378906], [0.7488861083984375, 0.1381683349609375, 0.0247802734375, -0.64764404296875], [-3.3432953357696533, 24.3071231842041, -80.93527221679688], [0.74737548828125, 0.1148834228515625, 0.1786041259765625, -0.6295166015625]
4930, 4.979345321655273, [1000.0, 67.0, 0.0, 11.0, 34.0, 54.0, 0.0, 0.0, 0.0, 1000.0, 0.0, 1000.0, 0.0, 1000.0, 980.0, 999.0, 999.0, 999.0, 999.0, 625.0, 468.0, 0.0, 237.0], [10.145718574523926, 17.090274810791016, -81.98812103271484], [0.7348480224609375, 0.1630859375, 0.054351806640625, -0.65606689453125], [-3.403364658355713, 25.81810188293457, -81.8475570678711], [0.7404937744140625, 0.1244049072265625, 0.18768310546875, -0.6331939697265625]
4990, 5.039363861083984, [1000.0, 66.0, 0.0, 10.0, 33.0, 52.0, 0.0, 0.0, 0.0, 1000.0, 0.0, 750.0, 0.0, 666.0, 979.0, 999.0, 999.0, 999.0, 999.0, 619.0, 465.0, 0.0, 242.0], [10.075963020324707, 18.854753494262695, -83.31034088134766], [0.7246551513671875, 0.1731719970703125, 0.0643310546875, -0.66387939453125], [-2.026293992996216, 29.4424991607666, -83.06163024902344], [0.7268829345703125, 0.1556549072265625, 0.2015380859375, -0.637786865234375]
5040, 5.089338779449463, [1000.0, 63.0, 0.0, 10.0, 34.0, 52.0, 0.0, 0.0, 0.0, 1000.0, 0.0, 750.0, 0.0, 666.0, 971.0, 999.0, 999.0, 999.0, 999.0, 616.0, 459.0, 0.0, 241.0], [9.24144458770752, 21.94948387145996, -84.80381774902344], [0.71221923828125, 0.1863555908203125, 0.0867919921875, -0.6711578369140625], [-0.8537365198135376, 33.362693786621094, -83.88263702392578], [0.71392822265625, 0.1865386962890625, 0.2182769775390625, -0.6386260986328125]
5100, 5.149358749389648, [1000.0, 64.0, 0.0, 10.0, 37.0, 56.0, 0.0, 0.0, 0.0, 1000.0, 0.0, 750.0, 0.0, 666.0, 962.0, 999.0, 999.0, 999.0, 999.0, 618.0, 448.0, 0.0, 247.0], [8.228476524353027, 25.26482582092285, -86.83686065673828], [0.6961517333984375, 0.200775146484375, 0.110321044921875, -0.6803436279296875], [-0.03270789980888367, 37.30219650268555, -85.301513671875], [0.696929931640625, 0.2164764404296875, 0.2353973388671875, -0.641876220703125]
5150, 5.1995086669921875, [1000.0, 65.0, 0.0, 10.0, 51.0, 72.0, 0.0, 0.0, 0.0, 1000.0, 0.0, 750.0, 0.0, 666.0, 959.0, 999.0, 999.0, 999.0, 999.0, 623.0, 464.0, 0.0, 222.0], [6.087639808654785, 25.75394630432129, -88.20574951171875], [0.6907958984375, 0.192047119140625, 0.123779296875, -0.68597412109375], [-0.10799918323755264, 40.73299026489258, -86.428466796875], [0.6834564208984375, 0.2376556396484375, 0.254241943359375, -0.6416778564453125]
5200, 5.2493133544921875, [1000.0, 76.0, 0.0, 11.0, 0.0, 0.0, 0.0, 0.0, 0.0, 1000.0, 0.0, 750.0, 0.0, 1000.0, 958.0, 999.0, 999.0, 999.0, 999.0, 631.0, 498.0, 0.0, 206.0], [3.8497703075408936, 24.85589027404785, -89.22350311279297], [0.689727783203125, 0.174407958984375, 0.1300811767578125, -0.6905975341796875], [-1.0256785154342651, 42.868194580078125, -87.88529205322266], [0.6724700927734375, 0.2475738525390625, 0.268890380859375, -0.6435546875]
5260, 5.309452056884766, [1000.0, 128.0, 0.0, 11.0, 0.0, 0.0, 0.0, 0.0, 0.0, 1000.0, 0.0, 750.0, 0.0, 1000.0, 960.0, 999.0, 999.0, 999.0, 999.0, 635.0, 477.0, 0.0, 196.0], [0.7529659867286682, 23.31505012512207, -90.15647888183594], [0.69061279296875, 0.147613525390625, 0.13812255859375, -0.6943817138671875], [-3.5872416496276855, 46.82564163208008, -90.77192687988281], [0.6530303955078125, 0.262542724609375, 0.29937744140625, -0.6441802978515625]
5310, 5.359454154968262, [1000.0, 89.0, 0.0, 12.0, 0.0, 0.0, 0.0, 0.0, 0.0, 1000.0, 0.0, 750.0, 0.0, 666.0, 957.0, 999.0, 999.0, 999.0, 999.0, 645.0, 468.0, 0.0, 191.0], [-0.254704087972641, 22.202417373657227, -91.46498107910156], [0.68524169921875, 0.1363525390625, 0.135955810546875, -0.7023773193359375], [-4.5225300788879395, 50.093223571777344, -92.87895965576172], [0.63592529296875, 0.2819061279296875, 0.317413330078125, -0.64447021484375]
5370, 5.419329643249512, [1000.0, 115.0, 0.0, 13.0, 0.0, 0.0, 0.0, 0.0, 0.0, 1000.0, 0.0, 750.0, 0.0, 1000.0, 958.0, 999.0, 999.0, 999.0, 999.0, 655.0, 464.0, 3.0, 200.0], [-0.2070024311542511, 17.89825439453125, -91.42572784423828], [0.68994140625, 0.110107421875, 0.109893798828125, -0.7069244384765625], [-4.2405924797058105, 50.392459869384766, -94.03709411621094], [0.62799072265625, 0.2884063720703125, 0.3145294189453125, -0.6507720947265625]
5420, 5.469450950622559, [1000.0, 97.0, 0.0, 12.0, 0.0, 0.0, 0.0, 0.0, 0.0, 1000.0, 0.0, 1000.0, 0.0, 666.0, 956.0, 999.0, 999.0, 999.0, 999.0, 658.0, 460.0, 1.0, 181.0], [-0.1623203456401825, 11.452686309814453, -90.52822875976562], [0.7004241943359375, 0.06988525390625, 0.07122802734375, -0.7067108154296875], [-2.443169593811035, 49.431640625, -94.1703872680664], [0.624908447265625, 0.2929534912109375, 0.2988128662109375, -0.6590423583984375]
5430, 5.5193610191345215, [1000.0, 97.0, 0.0, 12.0, 0.0, 0.0, 0.0, 0.0, 0.0, 1000.0, 0.0, 750.0, 0.0, 666.0, 955.0, 999.0, 999.0, 999.0, 999.0, 659.0, 460.0, 0.0, 177.0], [0.06267914921045303, 10.329627990722656, -90.3916015625], [0.7017822265625, 0.0642547607421875, 0.06304931640625, -0.7066650390625], [-1.7203240394592285, 49.02652359008789, -93.85491180419922], [0.6258392333984375, 0.2937164306640625, 0.2932891845703125, -0.660308837890625]
5470, 5.5292229652404785, [1000.0, 93.0, 0.0, 12.0, 0.0, 0.0, 0.0, 0.0, 0.0, 1000.0, 0.0, 750.0, 0.0, 666.0, 953.0, 999.0, 999.0, 999.0, 999.0, 662.0, 460.0, 0.0, 167.0], [2.4189083576202393, 7.242611885070801, -89.9150390625], [0.705108642578125, 0.0595245361328125, 0.0298004150390625, -0.7059478759765625], [1.6886265277862549, 46.76028060913086, -91.7313461303711], [0.6348876953125, 0.294189453125, 0.2665863037109375, -0.6627655029296875]
5530, 5.579309463500977, [1000.0, 91.0, 0.0, 13.0, 0.0, 0.0, 0.0, 0.0, 0.0, 1000.0, 0.0, 750.0, 0.0, 1000.0, 947.0, 999.0, 999.0, 999.0, 999.0, 669.0, 460.0, 11.0, 153.0], [4.343111515045166, 5.0352702140808105, -89.0893783569336], [0.7103271484375, 0.057769775390625, 0.004730224609375, -0.7014617919921875], [5.204385757446289, 44.078887939453125, -88.79574584960938], [0.6496734619140625, 0.292327880859375, 0.2383880615234375, -0.660003662109375]
5570, 5.6295166015625, [1000.0, 90.0, 0.0, 13.0, 0.0, 0.0, 0.0, 0.0, 0.0, 1000.0, 0.0, 750.0, 0.0, 1000.0, 946.0, 999.0, 999.0, 999.0, 999.0, 673.0, 462.0, 13.0, 150.0], [4.878528594970703, 3.2200798988342285, -88.64826965332031], [0.713623046875, 0.050048828125, -0.0096435546875, -0.6986541748046875], [6.009921550750732, 43.129066467285156, -88.18466186523438], [0.6536102294921875, 0.2904052734375, 0.2296905517578125, -0.6600494384765625]
5580, 5.639264106750488, [1000.0, 90.0, 0.0, 13.0, 0.0, 0.0, 0.0, 0.0, 0.0, 1000.0, 0.0, 750.0, 0.0, 666.0, 946.0, 999.0, 999.0, 999.0, 999.0, 673.0, 460.0, 11.0, 150.0], [4.994068622589111, 2.6884889602661133, -88.55193328857422], [0.714385986328125, 0.04754638671875, -0.0136260986328125, -0.6979827880859375], [6.244436264038086, 43.02364730834961, -88.0796127319336], [0.653900146484375, 0.29095458984375, 0.2279815673828125, -0.660125732421875]
5640, 5.689399719238281, [1000.0, 86.0, 0.0, 13.0, 0.0, 0.0, 0.0, 0.0, 0.0, 1000.0, 0.0, 750.0, 0.0, 666.0, 945.0, 999.0, 999.0, 999.0, 999.0, 677.0, 454.0, 5.0, 146.0], [5.763105869293213, 1.143144130706787, -88.33417510986328], [0.71600341796875, 0.042999267578125, -0.0278778076171875, -0.6961822509765625], [7.111928462982178, 44.07575607299805, -87.77001190185547], [0.6506500244140625, 0.3010406494140625, 0.2300567626953125, -0.6580963134765625]
5660, 5.739856719970703, [1000.0, 85.0, 0.0, 13.0, 0.0, 0.0, 0.0, 0.0, 0.0, 1000.0, 0.0, 750.0, 0.0, 666.0, 945.0, 999.0, 999.0, 999.0, 999.0, 678.0, 454.0, 1.0, 147.0], [6.274327278137207, 1.0390816926956177, -88.4421615600586], [0.7151947021484375, 0.0455322265625, -0.03167724609375, -0.6967010498046875], [7.435890197753906, 44.844486236572266, -87.79911041259766], [0.64752197265625, 0.3071136474609375, 0.232696533203125, -0.657440185546875]
5690, 5.74947452545166, [1000.0, 85.0, 0.0, 13.0, 0.0, 0.0, 0.0, 0.0, 0.0, 1000.0, 0.0, 750.0, 0.0, 666.0, 944.0, 999.0, 999.0, 999.0, 999.0, 678.0, 455.0, 1.0, 155.0], [7.496645450592041, 0.6208581328392029, -88.75244140625], [0.7129669189453125, 0.050506591796875, -0.0418548583984375, -0.6981048583984375], [9.472244262695312, 45.83697509765625, -86.89767456054688], [0.6442718505859375, 0.3220977783203125, 0.2294464111328125, -0.6545867919921875]
5740, 5.799919128417969, [1000.0, 84.0, 0.0, 14.0, 0.0, 0.0, 0.0, 0.0, 0.0, 1000.0, 0.0, 750.0, 0.0, 1000.0, 944.0, 999.0, 999.0, 999.0, 999.0, 680.0, 451.0, 0.0, 157.0], [8.055790901184082, -0.6784977912902832, -89.13054656982422], [0.710968017578125, 0.0458984375, -0.053497314453125, -0.699676513671875], [14.500967025756836, 45.87833023071289, -84.56834411621094], [0.64276123046875, 0.3461151123046875, 0.2078399658203125, -0.651031494140625]
5790, 5.8495588302612305, [1000.0, 80.0, 0.0, 13.0, 0.0, 0.0, 0.0, 0.0, 0.0, 1000.0, 0.0, 750.0, 0.0, 1000.0, 944.0, 999.0, 999.0, 999.0, 999.0, 681.0, 449.0, 0.0, 144.0], [14.31515884399414, -0.24203185737133026, -90.4839859008789], [0.6988067626953125, 0.08624267578125, -0.0899505615234375, -0.7043609619140625], [20.40486717224121, 43.78116989135742, -81.65220642089844], [0.647857666015625, 0.3642578125, 0.1702117919921875, -0.647003173828125]
5800, 5.85947322845459, [1000.0, 79.0, 0.0, 13.0, 0.0, 0.0, 0.0, 0.0, 0.0, 1000.0, 0.0, 750.0, 0.0, 1000.0, 943.0, 999.0, 999.0, 999.0, 999.0, 680.0, 451.0, 0.0, 143.0], [13.84759521484375, -0.14064042270183563, -90.48289489746094], [0.6990814208984375, 0.084014892578125, -0.086456298828125, -0.7047882080078125], [21.079866409301758, 43.70586013793945, -81.28279113769531], [0.648040771484375, 0.3671722412109375, 0.1670989990234375, -0.6459808349609375]
5850, 5.909907341003418, [1000.0, 66.0, 0.0, 13.0, 0.0, 0.0, 0.0, 0.0, 0.0, 1000.0, 0.0, 750.0, 0.0, 666.0, 942.0, 999.0, 999.0, 999.0, 999.0, 677.0, 448.0, 0.0, 145.0], [16.18829345703125, 0.15720395743846893, -90.54337310791016], [0.69659423828125, 0.1000518798828125, -0.0990753173828125, -0.7035064697265625], [23.819549560546875, 44.37872314453125, -79.3587646484375], [0.64752197265625, 0.3830108642578125, 0.1623992919921875, -0.638458251953125]
5900, 5.959522247314453, [1000.0, 65.0, 0.0, 13.0, 0.0, 0.0, 0.0, 0.0, 0.0, 1000.0, 0.0, 750.0, 0.0, 1000.0, 941.0, 999.0, 999.0, 999.0, 999.0, 676.0, 443.0, 0.0, 132.0], [18.806442260742188, 1.0944064855575562, -89.79744720458984], [0.69769287109375, 0.12237548828125, -0.108642578125, -0.6974334716796875], [28.40933609008789, 44.168453216552734, -75.59663391113281], [0.65325927734375, 0.403045654296875, 0.1486358642578125, -0.623443603515625]
5910, 5.9693756103515625, [1000.0, 65.0, 0.0, 13.0, 0.0, 0.0, 0.0, 0.0, 0.0, 1000.0, 0.0, 750.0, 0.0, 1000.0, 941.0, 999.0, 999.0, 999.0, 999.0, 676.0, 444.0, 1.0, 130.0], [19.77492904663086, 1.9050453901290894, -89.60264587402344], [0.6968994140625, 0.13336181640625, -0.1093597412109375, -0.69610595703125], [29.246234893798828, 44.09257507324219, -74.8066635131836], [0.654876708984375, 0.406494140625, 0.1463775634765625, -0.6200408935546875]
5960, 6.019395351409912, [1000.0, 65.0, 0.0, 14.0, 0.0, 0.0, 0.0, 0.0, 0.0, 1000.0, 0.0, 750.0, 0.0, 1000.0, 941.0, 999.0, 999.0, 999.0, 999.0, 671.0, 452.0, 13.0, 125.0], [24.264606475830078, 7.052450656890869, -87.01240539550781], [0.6988525390625, 0.19354248046875, -0.100799560546875, -0.68115234375], [30.90665626525879, 44.292442321777344, -71.18782806396484], [0.6674652099609375, 0.4121551513671875, 0.1518096923828125, -0.6012725830078125]
6010, 6.069380760192871, [1000.0, 65.0, 0.0, 14.0, 0.0, 0.0, 0.0, 0.0, 0.0, 1000.0, 0.0, 750.0, 0.0, 1000.0, 941.0, 999.0, 999.0, 999.0, 999.0, 668.0, 441.0, 25.0, 140.0], [20.950340270996094, 9.312253952026367, -82.60992431640625], [0.72650146484375, 0.188812255859375, -0.0596466064453125, -0.6580047607421875], [26.413387298583984, 45.63036346435547, -70.27706146240234], [0.6828460693359375, 0.3894805908203125, 0.1875, -0.58892822265625]
6070, 6.131403923034668, [1000.0, 64.0, 0.0, 14.0, 0.0, 0.0, 0.0, 0.0, 0.0, 1000.0, 0.0, 750.0, 0.0, 666.0, 942.0, 999.0, 999.0, 999.0, 999.0, 667.0, 428.0, 15.0, 145.0], [8.865345001220703, 9.40893268585205, -78.06001281738281], [0.76788330078125, 0.111328125, 0.0150146484375, -0.630645751953125], [12.450644493103027, 52.828651428222656, -74.3695068359375], [0.680145263671875, 0.3446502685546875, 0.2936248779296875, -0.5765228271484375]
6120, 6.179427146911621, [1000.0, 63.0, 0.0, 13.0, 0.0, 0.0, 0.0, 0.0, 0.0, 1000.0, 0.0, 750.0, 0.0, 666.0, 960.0, 999.0, 999.0, 999.0, 999.0, 673.0, 435.0, 0.0, 125.0], [0.9004506468772888, 7.0782999992370605, -75.02156829833984], [0.7913970947265625, 0.0438079833984375, 0.044189453125, -0.6081085205078125], [-0.8131670951843262, 55.49366760253906, -81.61750793457031], [0.6719970703125, 0.29949951171875, 0.356475830078125, -0.57586669921875]
6170, 6.2293901443481445, [1000.0, 62.0, 0.0, 13.0, 0.0, 0.0, 0.0, 0.0, 0.0, 1000.0, 0.0, 750.0, 0.0, 1000.0, 974.0, 999.0, 999.0, 999.0, 999.0, 673.0, 478.0, 0.0, 151.0], [-6.482503414154053, 12.21917724609375, -74.25827026367188], [0.79510498046875, 0.019317626953125, 0.11865234375, -0.59442138671875], [-15.112324714660645, 58.22478103637695, -90.921142578125], [0.6530609130859375, 0.26318359375, 0.420166015625, -0.5724334716796875]
6230, 6.289341926574707, [1000.0, 63.0, 0.0, 14.0, 0.0, 0.0, 0.0, 0.0, 0.0, 1000.0, 0.0, 750.0, 0.0, 1000.0, 957.0, 999.0, 999.0, 999.0, 999.0, 667.0, 472.0, 0.0, 112.0], [-9.69952392578125, 18.01020622253418, -74.64237976074219], [0.7906494140625, 0.0281524658203125, 0.174652099609375, -0.5861358642578125], [-21.518569946289062, 64.51817321777344, -95.32225799560547], [0.6331787109375, 0.2812652587890625, 0.4698486328125, -0.546966552734375]
6280, 6.339224815368652, [1000.0, 66.0, 0.0, 14.0, 0.0, 0.0, 0.0, 0.0, 0.0, 1000.0, 0.0, 750.0, 0.0, 666.0, 956.0, 999.0, 999.0, 999.0, 999.0, 674.0, 467.0, 0.0, 109.0], [-7.326740741729736, 17.13226890563965, -71.9983901977539], [0.803955078125, 0.0362548828125, 0.1573944091796875, -0.57232666015625], [-8.668179512023926, 72.53129577636719, -85.85826873779297], [0.619110107421875, 0.35711669921875, 0.4733734130859375, -0.5148468017578125]
6340, 6.399502754211426, [1000.0, 66.0, 0.0, 14.0, 0.0, 0.0, 0.0, 0.0, 0.0, 1000.0, 0.0, 750.0, 0.0, 666.0, 959.0, 999.0, 999.0, 999.0, 999.0, 678.0, 465.0, 0.0, 139.0], [-3.6248579025268555, 17.003807067871094, -69.24188232421875], [0.816131591796875, 0.0582122802734375, 0.139373779296875, -0.557769775390625], [8.443942070007324, 70.74815368652344, -69.95425415039062], [0.6418609619140625, 0.3801422119140625, 0.4386444091796875, -0.501068115234375]
6390, 6.449831008911133, [1000.0, 66.0, 0.0, 14.0, 0.0, 0.0, 0.0, 0.0, 0.0, 1000.0, 0.0, 750.0, 0.0, 1000.0, 952.0, 999.0, 999.0, 999.0, 999.0, 671.0, 457.0, 0.0, 93.0], [-2.158222198486328, 16.104347229003906, -69.52162170410156], [0.814788818359375, 0.0645294189453125, 0.1256866455078125, -0.562255859375], [16.431533813476562, 69.38175964355469, -62.952091217041016], [0.651580810546875, 0.3943328857421875, 0.4190673828125, -0.4942779541015625]
6440, 6.499414443969727, [1000.0, 65.0, 0.0, 14.0, 0.0, 0.0, 0.0, 0.0, 0.0, 1000.0, 0.0, 750.0, 0.0, 666.0, 970.0, 999.0, 999.0, 999.0, 999.0, 666.0, 450.0, 0.0, 73.0], [-1.6861798763275146, 14.424748420715332, -68.40068054199219], [0.82147216796875, 0.0584869384765625, 0.112030029296875, -0.5560455322265625], [22.597381591796875, 67.346923828125, -57.19764709472656], [0.6645050048828125, 0.403411865234375, 0.399322509765625, -0.4860076904296875]
6500, 6.559584140777588, [1000.0, 65.0, 0.0, 13.0, 0.0, 0.0, 0.0, 0.0, 0.0, 1000.0, 0.0, 750.0, 0.0, 666.0, 970.0, 999.0, 999.0, 999.0, 999.0, 662.0, 445.0, 0.0, 61.0], [1.1031160354614258, 11.598301887512207, -66.9770736694336], [0.8291473388671875, 0.0637359619140625, 0.0789794921875, -0.5497283935546875], [27.132246017456055, 64.75736999511719, -52.86191940307617], [0.679229736328125, 0.4091033935546875, 0.3779754638671875, -0.4779052734375]
6550, 6.609433174133301, [1000.0, 65.0, 0.0, 13.0, 0.0, 0.0, 0.0, 0.0, 0.0, 1000.0, 0.0, 750.0, 0.0, 1000.0, 970.0, 999.0, 999.0, 999.0, 999.0, 660.0, 444.0, 0.0, 57.0], [2.8784983158111572, 11.447166442871094, -66.54747009277344], [0.8302459716796875, 0.075592041015625, 0.06964111328125, -0.547821044921875], [28.48232650756836, 63.67880630493164, -51.72628402709961], [0.684326171875, 0.411102294921875, 0.3689422607421875, -0.4759674072265625]
6610, 6.66925048828125, [1000.0, 65.0, 0.0, 13.0, 0.0, 0.0, 0.0, 0.0, 0.0, 1000.0, 0.0, 750.0, 0.0, 1000.0, 971.0, 999.0, 999.0, 999.0, 999.0, 659.0, 442.0, 0.0, 52.0], [3.763556480407715, 11.142513275146484, -66.22992706298828], [0.8314208984375, 0.08038330078125, 0.06341552734375, -0.546112060546875], [28.607572555541992, 62.684532165527344, -51.56529998779297], [0.689300537109375, 0.4092254638671875, 0.362060546875, -0.475677490234375]
6660, 6.719587326049805, [1000.0, 65.0, 0.0, 13.0, 0.0, 0.0, 0.0, 0.0, 0.0, 1000.0, 0.0, 750.0, 0.0, 666.0, 971.0, 999.0, 999.0, 999.0, 999.0, 658.0, 442.0, 0.0, 46.0], [3.577547788619995, 10.979405403137207, -66.25629425048828], [0.8315582275390625, 0.078277587890625, 0.0630950927734375, -0.546234130859375], [25.32724952697754, 62.97238540649414, -54.24156188964844], [0.6883392333984375, 0.3986968994140625, 0.3683319091796875, -0.481201171875]
6710, 6.7694854736328125, [1000.0, 64.0, 0.0, 14.0, 0.0, 0.0, 0.0, 0.0, 0.0, 1000.0, 0.0, 750.0, 0.0, 666.0, 969.0, 999.0, 999.0, 999.0, 999.0, 655.0, 442.0, 0.0, 46.0], [2.568645477294922, 10.681194305419922, -66.74923706054688], [0.8300933837890625, 0.06982421875, 0.0654296875, -0.54931640625], [17.721084594726562, 63.34951400756836, -60.39347839355469], [0.68609619140625, 0.3742523193359375, 0.3824920654296875, -0.4928436279296875]
6770, 6.829411506652832, [1000.0, 64.0, 0.0, 17.0, 0.0, 0.0, 0.0, 0.0, 0.0, 1000.0, 0.0, 750.0, 0.0, 666.0, 951.0, 999.0, 999.0, 999.0, 999.0, 651.0, 440.0, 0.0, 44.0], [-0.8564841747283936, 9.692934036254883, -67.87230682373047], [0.8270111083984375, 0.040985107421875, 0.074249267578125, -0.55572509765625], [3.8553435802459717, 63.49678039550781, -71.90119934082031], [0.6775970458984375, 0.3318939208984375, 0.4089202880859375, -0.513275146484375]
6820, 6.879720687866211, [1000.0, 63.0, 0.0, 20.0, 0.0, 0.0, 0.0, 0.0, 0.0, 1000.0, 0.0, 750.0, 0.0, 666.0, 955.0, 999.0, 999.0, 999.0, 999.0, 649.0, 440.0, 0.0, 43.0], [-2.4289541244506836, 9.021791458129883, -69.00965118408203], [0.8222808837890625, 0.027130126953125, 0.0767669677734375, -0.5632171630859375], [-1.5707026720046997, 61.98624801635742, -76.67276000976562], [0.67669677734375, 0.310150146484375, 0.4111480712890625, -0.526123046875]
6880, 6.939570903778076, [1000.0, 64.0, 0.0, 22.0, 0.0, 0.0, 0.0, 0.0, 0.0, 1000.0, 0.0, 750.0, 0.0, 1000.0, 949.0, 999.0, 999.0, 999.0, 999.0, 649.0, 450.0, 0.0, 47.0], [-3.6719586849212646, 8.955683708190918, -70.15840911865234], [0.816864013671875, 0.018707275390625, 0.08221435546875, -0.5706024169921875], [-6.597348213195801, 59.22465896606445, -81.23123168945312], [0.6773529052734375, 0.2831573486328125, 0.4070281982421875, -0.543426513671875]
6930, 6.989869117736816, [1000.0, 63.0, 0.0, 23.0, 0.0, 0.0, 0.0, 0.0, 0.0, 1000.0, 0.0, 750.0, 0.0, 1000.0, 951.0, 999.0, 999.0, 999.0, 999.0, 649.0, 453.0, 0.0, 50.0], [-4.43991231918335, 8.85420036315918, -71.00244903564453], [0.8127899169921875, 0.0133514404296875, 0.0852203369140625, -0.57611083984375], [-9.87169075012207, 58.41682434082031, -84.27989196777344], [0.6729888916015625, 0.2705078125, 0.410888671875, -0.5523223876953125]
6980, 7.0394511222839355, [1000.0, 63.0, 0.0, 24.0, 0.0, 0.0, 0.0, 0.0, 0.0, 1000.0, 0.0, 750.0, 0.0, 1000.0, 953.0, 999.0, 999.0, 999.0, 999.0, 651.0, 467.0, 0.0, 32.0], [-4.377466678619385, 8.546318054199219, -71.95986938476562], [0.80804443359375, 0.0129241943359375, 0.0826263427734375, -0.5831298828125], [-11.659387588500977, 56.31867980957031, -85.8117904663086], [0.6750640869140625, 0.2540283203125, 0.40484619140625, -0.5619964599609375]
7040, 7.099383354187012, [1000.0, 63.0, 0.0, 24.0, 0.0, 0.0, 0.0, 0.0, 0.0, 1000.0, 0.0, 1000.0, 0.0, 1000.0, 949.0, 999.0, 999.0, 999.0, 999.0, 651.0, 463.0, 0.0, 28.0], [-5.611966609954834, 8.328465461730957, -73.05691528320312], [0.802581787109375, 0.003936767578125, 0.08734130859375, -0.5900726318359375], [-14.754410743713379, 55.3026237487793, -89.02685546875], [0.668182373046875, 0.2415618896484375, 0.407928466796875, -0.5733642578125]
7090, 7.149260520935059, [1000.0, 62.0, 0.0, 23.0, 0.0, 0.0, 0.0, 0.0, 0.0, 1000.0, 0.0, 750.0, 0.0, 666.0, 954.0, 999.0, 999.0, 999.0, 999.0, 649.0, 463.0, 0.0, 9.0], [-6.094074249267578, 7.785820007324219, -73.99622344970703], [0.7978515625, -0.001556396484375, 0.0860595703125, -0.5966644287109375], [-13.846004486083984, 53.26493835449219, -88.7283706665039], [0.6721649169921875, 0.2341156005859375, 0.393463134765625, -0.5818328857421875]
7150, 7.209425926208496, [1000.0, 62.0, 0.0, 24.0, 0.0, 0.0, 0.0, 0.0, 0.0, 1000.0, 0.0, 750.0, 0.0, 666.0, 947.0, 999.0, 999.0, 999.0, 999.0, 650.0, 473.0, 0.0, 0.0], [-6.24915075302124, 8.456000328063965, -75.13990020751953], [0.791717529296875, 0.001800537109375, 0.09149169921875, -0.603973388671875], [-15.84356689453125, 51.8875617980957, -90.52494049072266], [0.669708251953125, 0.2205657958984375, 0.3930206298828125, -0.5902099609375]
7200, 7.259753704071045, [1000.0, 62.0, 0.0, 24.0, 0.0, 0.0, 0.0, 0.0, 0.0, 1000.0, 0.0, 750.0, 0.0, 1000.0, 948.0, 999.0, 999.0, 999.0, 999.0, 648.0, 469.0, 0.0, 0.0], [-4.904179096221924, 8.367888450622559, -76.5971450805664], [0.783905029296875, 0.011688232421875, 0.083648681640625, -0.615081787109375], [-15.176898002624512, 50.99991226196289, -90.86773681640625], [0.6683197021484375, 0.2203826904296875, 0.384368896484375, -0.597503662109375]
7250, 7.309445381164551, [1000.0, 62.0, 0.0, 25.0, 0.0, 0.0, 0.0, 0.0, 0.0, 1000.0, 0.0, 750.0, 0.0, 666.0, 944.0, 999.0, 999.0, 999.0, 999.0, 646.0, 471.0, 0.0, 29.0], [-5.048635005950928, 8.637969970703125, -77.20526885986328], [0.78057861328125, 0.0126190185546875, 0.0861968994140625, -0.6189422607421875], [-16.145809173583984, 51.461177825927734, -91.80192565917969], [0.664459228515625, 0.22064208984375, 0.3899688720703125, -0.59808349609375]
7310, 7.3695783615112305, [1000.0, 62.0, 0.0, 25.0, 0.0, 0.0, 0.0, 0.0, 0.0, 1000.0, 0.0, 750.0, 0.0, 666.0, 941.0, 999.0, 999.0, 999.0, 999.0, 645.0, 474.0, 0.0, 77.0], [-4.335000991821289, 9.518071174621582, -77.37246704101562], [0.7792816162109375, 0.02239990234375, 0.0882720947265625, -0.6199951171875], [-12.922698020935059, 52.991451263427734, -89.4534683227539], [0.6671295166015625, 0.2404022216796875, 0.3858184814453125, -0.5901336669921875]
7360, 7.4195556640625, [1000.0, 62.0, 0.0, 25.0, 0.0, 0.0, 0.0, 0.0, 0.0, 1000.0, 0.0, 750.0, 0.0, 1000.0, 942.0, 999.0, 999.0, 999.0, 999.0, 644.0, 470.0, 0.0, 106.0], [-3.893702507019043, 8.983426094055176, -77.55023956298828], [0.7784271240234375, 0.022613525390625, 0.0822296142578125, -0.6219024658203125], [-14.219217300415039, 52.6959342956543, -90.70487976074219], [0.663970947265625, 0.235382080078125, 0.388397216796875, -0.594024658203125]
7410, 7.4794158935546875, [1000.0, 62.0, 0.0, 25.0, 0.0, 0.0, 0.0, 0.0, 0.0, 1000.0, 0.0, 750.0, 0.0, 1000.0, 944.0, 999.0, 999.0, 999.0, 999.0, 642.0, 469.0, 0.0, 115.0], [-4.703301429748535, 8.52793025970459, -77.66801452636719], [0.7780609130859375, 0.01470947265625, 0.083526611328125, -0.6224212646484375], [-13.490251541137695, 53.127777099609375, -90.08769989013672], [0.664764404296875, 0.2400360107421875, 0.38812255859375, -0.5914459228515625]
7470, 7.52956485748291, [1000.0, 62.0, 0.0, 25.0, 0.0, 0.0, 0.0, 0.0, 0.0, 1000.0, 0.0, 750.0, 0.0, 666.0, 944.0, 999.0, 999.0, 999.0, 999.0, 641.0, 469.0, 0.0, 120.0], [-4.756960391998291, 8.384435653686523, -77.61204528808594], [0.778411865234375, 0.013519287109375, 0.082855224609375, -0.622100830078125], [-13.392459869384766, 52.313724517822266, -89.95572662353516], [0.66693115234375, 0.2354278564453125, 0.3836822509765625, -0.59375]
7520, 7.589505672454834, [1000.0, 62.0, 0.0, 25.0, 0.0, 0.0, 0.0, 0.0, 0.0, 1000.0, 0.0, 750.0, 0.0, 1000.0, 944.0, 999.0, 999.0, 999.0, 999.0, 641.0, 469.0, 0.0, 118.0], [-4.866117477416992, 8.30734920501709, -77.42713165283203], [0.779449462890625, 0.0122222900390625, 0.08294677734375, -0.620819091796875], [-14.7385892868042, 51.90562438964844, -90.63127136230469], [0.666961669921875, 0.22747802734375, 0.3871917724609375, -0.5945281982421875]
7580, 7.639571189880371, [1000.0, 62.0, 0.0, 26.0, 0.0, 0.0, 0.0, 0.0, 0.0, 1000.0, 0.0, 750.0, 0.0, 666.0, 944.0, 999.0, 999.0, 999.0, 999.0, 640.0, 479.0, 0.0, 90.0], [-5.213578224182129, 7.990118503570557, -77.351318359375], [0.77996826171875, 0.0080718994140625, 0.0826873779296875, -0.620269775390625], [-16.878005981445312, 50.699546813964844, -91.71196746826172], [0.66766357421875, 0.2115325927734375, 0.3901214599609375, -0.5977020263671875]
7630, 7.689451694488525, [1000.0, 62.0, 0.0, 26.0, 0.0, 0.0, 0.0, 0.0, 0.0, 1000.0, 0.0, 750.0, 0.0, 666.0, 944.0, 999.0, 999.0, 999.0, 999.0, 640.0, 480.0, 0.0, 72.0], [-5.074877738952637, 8.09546184539795, -77.80557250976562], [0.7774658203125, 0.009918212890625, 0.082611083984375, -0.623382568359375], [-17.243436813354492, 49.136898040771484, -91.83849334716797], [0.6703033447265625, 0.2004547119140625, 0.3839111328125, -0.602569580078125]
7680, 7.749605178833008, [1000.0, 62.0, 0.0, 27.0, 0.0, 0.0, 0.0, 0.0, 0.0, 1000.0, 0.0, 750.0, 0.0, 1000.0, 943.0, 999.0, 999.0, 999.0, 999.0, 641.0, 483.0, 0.0, 72.0], [-6.932120323181152, 8.074737548828125, -78.3401870727539], [0.7746124267578125, -0.0023651123046875, 0.0925750732421875, -0.6255950927734375], [-20.428926467895508, 49.10822677612305, -94.05128479003906], [0.6641082763671875, 0.18927001953125, 0.39678955078125, -0.604705810546875]
7740, 7.79946231842041, [1000.0, 62.0, 0.0, 26.0, 0.0, 0.0, 0.0, 0.0, 0.0, 1000.0, 0.0, 750.0, 0.0, 666.0, 943.0, 999.0, 999.0, 999.0, 999.0, 640.0, 483.0, 0.0, 111.0], [-8.184747695922852, 7.890486240386963, -79.755859375], [0.76678466796875, -0.0106353759765625, 0.0983123779296875, -0.6342315673828125], [-22.322547912597656, 49.071224212646484, -97.3577880859375], [0.649658203125, 0.189697265625, 0.4012451171875, -0.6172027587890625]
7790, 7.8594160079956055, [1000.0, 62.0, 0.0, 25.0, 0.0, 0.0, 0.0, 0.0, 0.0, 1000.0, 0.0, 750.0, 0.0, 666.0, 947.0, 999.0, 999.0, 999.0, 999.0, 638.0, 483.0, 0.0, 108.0], [-8.908517837524414, 7.37573766708374, -82.65424346923828], [0.75042724609375, -0.0158538818359375, 0.099334716796875, -0.6532440185546875], [-22.27419090270996, 49.030242919921875, -99.90176391601562], [0.6357574462890625, 0.1985626220703125, 0.396484375, -0.6317901611328125]
7850, 7.90946102142334, [1000.0, 62.0, 0.0, 25.0, 0.0, 0.0, 0.0, 0.0, 0.0, 1000.0, 0.0, 750.0, 0.0, 1000.0, 948.0, 999.0, 999.0, 999.0, 999.0, 638.0, 484.0, 0.0, 117.0], [-8.563173294067383, 6.597568988800049, -85.25924682617188], [0.735382080078125, -0.0159759521484375, 0.0926971435546875, -0.67108154296875], [-21.10895538330078, 48.051822662353516, -101.49948120117188], [0.6258544921875, 0.2041015625, 0.3827972412109375, -0.64813232421875]
7900, 7.969420909881592, [1000.0, 62.0, 0.0, 24.0, 0.0, 0.0, 0.0, 0.0, 0.0, 1000.0, 0.0, 750.0, 0.0, 666.0, 947.0, 999.0, 999.0, 999.0, 999.0, 640.0, 483.0, 0.0, 145.0], [-8.893178939819336, 5.101925373077393, -86.9007797241211], [0.725433349609375, -0.0257110595703125, 0.085479736328125, -0.682464599609375], [-21.66848373413086, 47.247859954833984, -103.70708465576172], [0.61505126953125, 0.203155517578125, 0.3785400390625, -0.6611480712890625]
7950, 8.01937484741211, [1000.0, 62.0, 0.0, 24.0, 0.0, 0.0, 0.0, 0.0, 0.0, 1000.0, 0.0, 750.0, 0.0, 666.0, 948.0, 999.0, 999.0, 999.0, 999.0, 640.0, 472.0, 0.0, 167.0], [-8.095352172851562, 4.658560276031494, -87.84859466552734], [0.7198486328125, -0.022674560546875, 0.078125, -0.6893310546875], [-20.794950485229492, 46.36606216430664, -104.04544067382812], [0.61236572265625, 0.203125, 0.3690338134765625, -0.668975830078125]
7970, 8.069840431213379, [1000.0, 62.0, 0.0, 24.0, 0.0, 0.0, 0.0, 0.0, 0.0, 1000.0, 0.0, 750.0, 0.0, 1000.0, 947.0, 999.0, 999.0, 999.0, 999.0, 639.0, 473.0, 0.0, 178.0], [-7.793713569641113, 4.476062774658203, -88.22509765625], [0.7176055908203125, -0.021636962890625, 0.0752410888671875, -0.6920166015625], [-20.554676055908203, 46.01210403442383, -104.27467346191406], [0.610931396484375, 0.2028045654296875, 0.3656768798828125, -0.6722259521484375]
8010, 8.079447746276855, [1000.0, 62.0, 0.0, 24.0, 0.0, 0.0, 0.0, 0.0, 0.0, 1000.0, 0.0, 750.0, 0.0, 666.0, 953.0, 999.0, 999.0, 999.0, 999.0, 640.0, 473.0, 0.0, 191.0], [-8.76967716217041, 5.058777332305908, -88.60939025878906], [0.7151947021484375, -0.02392578125, 0.0848388671875, -0.693328857421875], [-20.362611770629883, 48.55259323120117, -104.24919128417969], [0.6082000732421875, 0.220489501953125, 0.3756256103515625, -0.6635894775390625]
8060, 8.129279136657715, [1000.0, 62.0, 0.0, 23.0, 0.0, 0.0, 0.0, 0.0, 0.0, 1000.0, 0.0, 750.0, 0.0, 666.0, 954.0, 999.0, 999.0, 999.0, 999.0, 639.0, 470.0, 0.0, 193.0], [-9.679031372070312, 5.810513973236084, -88.43978881835938], [0.7161712646484375, -0.0251617431640625, 0.0949554443359375, -0.6909637451171875], [-18.46417236328125, 45.19005584716797, -102.64397430419922], [0.61761474609375, 0.2034912109375, 0.352630615234375, -0.672882080078125]
8070, 8.179643630981445, [1000.0, 62.0, 0.0, 23.0, 0.0, 0.0, 0.0, 0.0, 0.0, 1000.0, 0.0, 750.0, 0.0, 666.0, 953.0, 999.0, 999.0, 999.0, 999.0, 639.0, 470.0, 0.0, 193.0], [-9.667339324951172, 5.861229419708252, -88.43975067138672], [0.7161865234375, -0.0247802734375, 0.0951995849609375, -0.6909332275390625], [-18.142610549926758, 44.97926330566406, -102.47338104248047], [0.6182708740234375, 0.2033233642578125, 0.3500823974609375, -0.6736602783203125]
8120, 8.189395904541016, [1000.0, 62.0, 0.0, 23.0, 0.0, 0.0, 0.0, 0.0, 0.0, 1000.0, 0.0, 750.0, 0.0, 666.0, 950.0, 999.0, 999.0, 999.0, 999.0, 637.0, 473.0, 0.0, 194.0], [-7.0205583572387695, 4.713616371154785, -88.34894561767578], [0.717010498046875, -0.0152740478515625, 0.0720672607421875, -0.6931304931640625], [-16.452978134155273, 46.41504669189453, -101.5355453491211], [0.6189727783203125, 0.2189178466796875, 0.3485260009765625, -0.668914794921875]
8170, 8.239425659179688, [1000.0, 62.0, 0.0, 23.0, 0.0, 0.0, 0.0, 0.0, 0.0, 1000.0, 0.0, 750.0, 0.0, 1000.0, 950.0, 999.0, 999.0, 999.0, 999.0, 635.0, 469.0, 0.0, 202.0], [-5.493836879730225, 4.316559791564941, -88.52621459960938], [0.716064453125, -0.0080413818359375, 0.06036376953125, -0.6953582763671875], [-18.623252868652344, 45.465511322021484, -103.44438171386719], [0.6128997802734375, 0.2069091796875, 0.3533782958984375, -0.675750732421875]
8220, 8.289579391479492, [429.0, 62.0, 0.0, 22.0, 0.0, 0.0, 0.0, 0.0, 0.0, 1000.0, 0.0, 750.0, 0.0, 666.0, 949.0, 999.0, 999.0, 999.0, 999.0, 633.0, 467.0, 0.0, 216.0], [-5.548471450805664, 3.220074415206909, -88.98086547851562], [0.71319580078125, -0.0148468017578125, 0.053924560546875, -0.6987152099609375], [-18.00026512145996, 46.306941986083984, -103.5184326171875], [0.61041259765625, 0.2159881591796875, 0.3533477783203125, -0.6751861572265625]
8280, 8.349613189697266, [293.0, 62.0, 0.0, 22.0, 0.0, 0.0, 0.0, 0.0, 0.0, 1000.0, 0.0, 750.0, 0.0, 1000.0, 949.0, 999.0, 999.0, 999.0, 999.0, 632.0, 468.0, 0.0, 215.0], [-4.725671768188477, 2.4473211765289307, -89.77423095703125], [0.708343505859375, -0.0141448974609375, 0.0442047119140625, -0.704315185546875], [-16.81808090209961, 46.333763122558594, -103.88018798828125], [0.6059722900390625, 0.223541259765625, 0.3457794189453125, -0.6806182861328125]
8330, 8.399421691894531, [121.0, 61.0, 0.0, 22.0, 0.0, 0.0, 0.0, 0.0, 0.0, 1000.0, 0.0, 750.0, 0.0, 666.0, 948.0, 999.0, 999.0, 999.0, 999.0, 630.0, 466.0, 0.0, 208.0], [-4.094179153442383, 1.9596213102340698, -90.94241333007812], [0.701141357421875, -0.0128631591796875, 0.037445068359375, -0.7118988037109375], [-15.892313003540039, 46.57386779785156, -104.68963623046875], [0.5990142822265625, 0.2324066162109375, 0.3397216796875, -0.68682861328125]
8390, 8.459578514099121, [30.0, 61.0, 0.0, 22.0, 0.0, 0.0, 0.0, 0.0, 0.0, 1000.0, 0.0, 750.0, 0.0, 666.0, 945.0, 999.0, 999.0, 999.0, 999.0, 626.0, 466.0, 0.0, 191.0], [-2.9061872959136963, 1.3396780490875244, -92.68985748291016], [0.69024658203125, -0.0090484619140625, 0.0264129638671875, -0.7230072021484375], [-14.907127380371094, 45.822044372558594, -105.97993469238281], [0.5901031494140625, 0.2363128662109375, 0.3277740478515625, -0.69891357421875]
8440, 8.509435653686523, [32.0, 61.0, 0.0, 22.0, 0.0, 0.0, 0.0, 0.0, 0.0, 1000.0, 0.0, 750.0, 0.0, 666.0, 946.0, 999.0, 999.0, 999.0, 999.0, 626.0, 467.0, 0.0, 167.0], [-2.9885571002960205, 0.5626040101051331, -94.098388671875], [0.68121337890625, -0.0141754150390625, 0.022430419921875, -0.7315826416015625], [-15.100946426391602, 45.5157356262207, -107.21593475341797], [0.583282470703125, 0.2368011474609375, 0.3250579833984375, -0.7057037353515625]
8490, 8.559471130371094, [27.0, 61.0, 0.0, 22.0, 0.0, 0.0, 0.0, 0.0, 0.0, 1000.0, 0.0, 750.0, 0.0, 666.0, 948.0, 999.0, 999.0, 999.0, 999.0, 626.0, 472.0, 0.0, 159.0], [-3.691781520843506, -0.3396562933921814, -95.42425537109375], [0.67242431640625, -0.02386474609375, 0.0218353271484375, -0.73944091796875], [-16.228710174560547, 44.82130813598633, -109.32835388183594], [0.5732269287109375, 0.232421875, 0.324737548828125, -0.715484619140625]
8550, 8.619573593139648, [28.0, 61.0, 0.0, 22.0, 0.0, 0.0, 0.0, 0.0, 0.0, 1000.0, 0.0, 750.0, 0.0, 1000.0, 949.0, 999.0, 999.0, 999.0, 999.0, 626.0, 467.0, 0.0, 156.0], [-4.117722034454346, -2.050031900405884, -97.15260314941406], [0.6605987548828125, -0.03717041015625, 0.015106201171875, -0.7496490478515625], [-16.878589630126953, 43.785728454589844, -111.38336944580078], [0.562530517578125, 0.2279052734375, 0.32037353515625, -0.727294921875]
8600, 8.669647216796875, [29.0, 61.0, 0.0, 22.0, 0.0, 0.0, 0.0, 0.0, 0.0, 1000.0, 0.0, 750.0, 0.0, 666.0, 950.0, 999.0, 999.0, 999.0, 999.0, 624.0, 462.0, 0.0, 156.0], [-5.060019016265869, 0.04168274253606796, -97.57911682128906], [0.6581878662109375, -0.02880859375, 0.033447265625, -0.7515411376953125], [-17.561405181884766, 45.95781707763672, -112.27153778076172], [0.5564727783203125, 0.2420501708984375, 0.3316802978515625, -0.7222900390625]
8650, 8.719658851623535, [44.0, 61.0, 0.0, 22.0, 0.0, 0.0, 0.0, 0.0, 0.0, 1000.0, 0.0, 750.0, 0.0, 1000.0, 949.0, 999.0, 999.0, 999.0, 999.0, 625.0, 459.0, 0.0, 154.0], [-6.0780534744262695, 0.6652644276618958, -97.3467025756836], [0.659637451171875, -0.0306549072265625, 0.04364013671875, -0.7496795654296875], [-14.168747901916504, 44.38127517700195, -109.73262023925781], [0.5668792724609375, 0.2407989501953125, 0.30908203125, -0.724639892578125]
8710, 8.779836654663086, [40.0, 61.0, 0.0, 21.0, 0.0, 0.0, 0.0, 0.0, 0.0, 1000.0, 0.0, 750.0, 0.0, 666.0, 949.0, 999.0, 999.0, 999.0, 999.0, 625.0, 455.0, 0.0, 148.0], [-4.951447486877441, -0.5340583324432373, -96.83846282958984], [0.6628875732421875, -0.0321502685546875, 0.0292205810546875, -0.7474365234375], [-13.836511611938477, 44.75758361816406, -109.16704559326172], [0.5693359375, 0.24346923828125, 0.3097991943359375, -0.7215118408203125]
8760, 8.829846382141113, [29.0, 61.0, 0.0, 21.0, 0.0, 0.0, 0.0, 0.0, 0.0, 1000.0, 0.0, 750.0, 0.0, 666.0, 949.0, 999.0, 999.0, 999.0, 999.0, 622.0, 457.0, 0.0, 145.0], [-3.5028553009033203, -0.7025960087776184, -96.43917846679688], [0.665802001953125, -0.024932861328125, 0.018707275390625, -0.745452880859375], [-13.6500244140625, 44.835235595703125, -108.70892333984375], [0.5717315673828125, 0.243682861328125, 0.3099365234375, -0.719482421875]
8820, 8.889863014221191, [24.0, 60.0, 0.0, 21.0, 0.0, 0.0, 0.0, 0.0, 0.0, 1000.0, 0.0, 750.0, 0.0, 666.0, 949.0, 999.0, 999.0, 999.0, 999.0, 620.0, 455.0, 0.0, 142.0], [-2.2212259769439697, -1.0458937883377075, -96.28504943847656], [0.6669921875, -0.0197296142578125, 0.0083465576171875, -0.7447509765625], [-13.28450870513916, 45.38062286376953, -108.40540313720703], [0.57220458984375, 0.24835205078125, 0.3106689453125, -0.7171783447265625]
8870, 8.939583778381348, [20.0, 60.0, 0.0, 21.0, 0.0, 0.0, 0.0, 0.0, 0.0, 1000.0, 0.0, 750.0, 0.0, 666.0, 947.0, 999.0, 999.0, 999.0, 999.0, 620.0, 454.0, 0.0, 140.0], [-2.2312979698181152, -0.6434099674224854, -96.19608306884766], [0.667633056640625, -0.017181396484375, 0.0107421875, -0.74420166015625], [-12.79468059539795, 46.03515625, -107.90647888183594], [0.5734405517578125, 0.2538299560546875, 0.3115692138671875, -0.7138824462890625]
8920, 8.989530563354492, [21.0, 61.0, 0.0, 20.0, 0.0, 0.0, 0.0, 0.0, 0.0, 1000.0, 0.0, 750.0, 0.0, 666.0, 949.0, 999.0, 999.0, 999.0, 999.0, 621.0, 456.0, 0.0, 139.0], [-2.5888075828552246, 0.01372882816940546, -96.18318939208984], [0.6677703857421875, -0.0149993896484375, 0.0168914794921875, -0.7440185546875], [-12.9374418258667, 46.474578857421875, -108.00462341308594], [0.5725860595703125, 0.256317138671875, 0.3141632080078125, -0.7125396728515625]
8980, 9.049485206604004, [20.0, 60.0, 0.0, 20.0, 0.0, 0.0, 0.0, 0.0, 0.0, 1000.0, 0.0, 750.0, 0.0, 1000.0, 950.0, 999.0, 999.0, 999.0, 999.0, 624.0, 465.0, 0.0, 137.0], [-2.892246961593628, 0.7336490750312805, -97.05677032470703], [0.662139892578125, -0.0119171142578125, 0.0231475830078125, -0.7489166259765625], [-12.507926940917969, 47.538978576660156, -109.031005859375], [0.5638275146484375, 0.26837158203125, 0.313751220703125, -0.71527099609375]
9030, 9.09959602355957, [20.0, 60.0, 0.0, 21.0, 0.0, 0.0, 0.0, 0.0, 0.0, 1000.0, 0.0, 750.0, 0.0, 666.0, 950.0, 999.0, 999.0, 999.0, 999.0, 627.0, 490.0, 0.0, 135.0], [-2.8580126762390137, 1.3100214004516602, -98.06036376953125], [0.6556243896484375, -0.007720947265625, 0.0263214111328125, -0.75457763671875], [-12.72143268585205, 48.07332229614258, -110.05351257324219], [0.5572357177734375, 0.273712158203125, 0.31494140625, -0.7178802490234375]
9090, 9.159215927124023, [18.0, 60.0, 0.0, 23.0, 0.0, 0.0, 0.0, 0.0, 0.0, 1000.0, 0.0, 750.0, 0.0, 666.0, 954.0, 999.0, 999.0, 999.0, 999.0, 639.0, 496.0, 0.0, 132.0], [-3.9168570041656494, 1.614780068397522, -99.57572174072266], [0.645538330078125, -0.0113067626953125, 0.035186767578125, -0.7628173828125], [-14.182947158813477, 48.628761291503906, -112.7886962890625], [0.5428466796875, 0.2780303955078125, 0.3198394775390625, -0.72503662109375]
9140, 9.209421157836914, [18.0, 60.0, 0.0, 23.0, 0.0, 0.0, 0.0, 0.0, 0.0, 1000.0, 0.0, 750.0, 0.0, 666.0, 950.0, 999.0, 999.0, 999.0, 999.0, 644.0, 494.0, 0.0, 123.0], [-4.976335525512695, 0.5161287784576416, -101.00669860839844], [0.6355743408203125, -0.024139404296875, 0.0363616943359375, -0.7707977294921875], [-15.329642295837402, 48.717411041259766, -115.14383697509766], [0.5305633544921875, 0.2798614501953125, 0.321746826171875, -0.7325439453125]
9190, 9.259350776672363, [18.0, 60.0, 0.0, 23.0, 0.0, 0.0, 0.0, 0.0, 0.0, 1000.0, 0.0, 750.0, 0.0, 666.0, 946.0, 999.0, 999.0, 999.0, 999.0, 650.0, 504.0, 0.0, 111.0], [-5.466947078704834, -0.46321749687194824, -101.77165222167969], [0.6299896240234375, -0.0332183837890625, 0.034454345703125, -0.775115966796875], [-15.944003105163574, 48.295475006103516, -116.17192840576172], [0.52587890625, 0.2769927978515625, 0.32159423828125, -0.7370758056640625]
9250, 9.319512367248535, [16.0, 60.0, 0.0, 22.0, 0.0, 0.0, 0.0, 0.0, 0.0, 1000.0, 0.0, 750.0, 0.0, 666.0, 947.0, 999.0, 999.0, 999.0, 999.0, 643.0, 505.0, 0.0, 106.0], [-5.302665710449219, 0.30468568205833435, -102.81285858154297], [0.6232147216796875, -0.0267791748046875, 0.037811279296875, -0.780670166015625], [-15.564166069030762, 48.52878952026367, -116.2470474243164], [0.5242462158203125, 0.2805633544921875, 0.3198394775390625, -0.737640380859375]
9300, 9.369426727294922, [17.0, 60.0, 0.0, 21.0, 0.0, 0.0, 0.0, 0.0, 0.0, 1000.0, 0.0, 750.0, 0.0, 1000.0, 999.0, 999.0, 999.0, 999.0, 999.0, 635.0, 481.0, 0.0, 108.0], [-5.180953025817871, 0.6178454160690308, -103.16266632080078], [0.620941162109375, -0.02386474609375, 0.03875732421875, -0.7825164794921875], [-16.041948318481445, 47.42205810546875, -116.84944152832031], [0.52252197265625, 0.2723388671875, 0.3173370361328125, -0.743011474609375]
9360, 9.429420471191406, [18.0, 60.0, 0.0, 21.0, 0.0, 0.0, 0.0, 0.0, 0.0, 1000.0, 0.0, 750.0, 0.0, 666.0, 941.0, 999.0, 999.0, 999.0, 999.0, 631.0, 468.0, 0.0, 89.0], [-6.202855110168457, 0.13396424055099487, -102.81234741210938], [0.6229248046875, -0.0328369140625, 0.0430145263671875, -0.7803955078125], [-17.55802345275879, 49.77049255371094, -117.55928802490234], [0.5196075439453125, 0.28387451171875, 0.333953857421875, -0.7333831787109375]
9410, 9.493401527404785, [18.0, 61.0, 0.0, 21.0, 0.0, 0.0, 0.0, 0.0, 0.0, 1000.0, 0.0, 750.0, 0.0, 666.0, 941.0, 999.0, 999.0, 999.0, 999.0, 629.0, 457.0, 0.0, 77.0], [-6.177718162536621, -0.39610809087753296, -102.04887390136719], [0.6279144287109375, -0.0365753173828125, 0.0397186279296875, -0.7763824462890625], [-16.025827407836914, 48.44584655761719, -115.90232849121094], [0.5276641845703125, 0.2769012451171875, 0.323333740234375, -0.7350616455078125]
9460, 9.529571533203125, [18.0, 62.0, 0.0, 20.0, 0.0, 0.0, 0.0, 0.0, 0.0, 1000.0, 0.0, 750.0, 0.0, 666.0, 951.0, 999.0, 999.0, 999.0, 999.0, 627.0, 457.0, 0.0, 71.0], [-5.5389838218688965, -0.2658662796020508, -101.55231475830078], [0.6315155029296875, -0.0323486328125, 0.0359649658203125, -0.773834228515625], [-14.868858337402344, 49.736114501953125, -114.60384368896484], [0.5317840576171875, 0.2874908447265625, 0.3240509033203125, -0.7276763916015625]
9520, 9.589361190795898, [19.0, 61.0, 0.0, 20.0, 0.0, 0.0, 0.0, 0.0, 0.0, 1000.0, 0.0, 750.0, 0.0, 666.0, 985.0, 999.0, 999.0, 999.0, 999.0, 625.0, 454.0, 0.0, 66.0], [-5.493923187255859, -0.1615457683801651, -100.51380157470703], [0.6385498046875, -0.0317230224609375, 0.03594970703125, -0.76806640625], [-14.181580543518066, 48.288909912109375, -113.29715728759766], [0.540008544921875, 0.277130126953125, 0.3172454833984375, -0.7286376953125]
9570, 9.639278411865234, [22.0, 61.0, 0.0, 20.0, 0.0, 0.0, 0.0, 0.0, 0.0, 1000.0, 0.0, 750.0, 0.0, 666.0, 961.0, 999.0, 999.0, 999.0, 999.0, 626.0, 451.0, 0.0, 61.0], [-4.39787483215332, -0.1413044035434723, -99.70435333251953], [0.6442413330078125, -0.0256805419921875, 0.028533935546875, -0.7638397216796875], [-13.739291191101074, 50.029502868652344, -112.50288391113281], [0.5418701171875, 0.288848876953125, 0.3233489990234375, -0.719970703125]
9630, 9.699416160583496, [23.0, 62.0, 0.0, 20.0, 0.0, 0.0, 0.0, 0.0, 0.0, 1000.0, 0.0, 750.0, 0.0, 666.0, 960.0, 999.0, 999.0, 999.0, 999.0, 634.0, 453.0, 0.0, 64.0], [-4.3031005859375, -0.67111736536026, -98.89366912841797], [0.649505615234375, -0.0288543701171875, 0.02471923828125, -0.7593841552734375], [-11.839498519897461, 49.40364074707031, -110.32061767578125], [0.551605224609375, 0.287628173828125, 0.314361572265625, -0.717041015625]
9680, 9.749612808227539, [20.0, 61.0, 0.0, 20.0, 0.0, 0.0, 0.0, 0.0, 0.0, 1000.0, 0.0, 750.0, 0.0, 666.0, 958.0, 999.0, 999.0, 999.0, 999.0, 643.0, 457.0, 0.0, 60.0], [-2.689678192138672, -0.632182776927948, -98.47713470458984], [0.652618408203125, -0.019500732421875, 0.0141754150390625, -0.757293701171875], [-13.130701065063477, 48.300926208496094, -111.03105163574219], [0.551788330078125, 0.2759552001953125, 0.3161163330078125, -0.720703125]
9700, 9.799966812133789, [18.0, 62.0, 0.0, 20.0, 0.0, 0.0, 0.0, 0.0, 0.0, 1000.0, 0.0, 750.0, 0.0, 666.0, 958.0, 999.0, 999.0, 999.0, 999.0, 644.0, 455.0, 0.0, 58.0], [-1.8500171899795532, -0.7651594877243042, -98.51437377929688], [0.6524810791015625, -0.015594482421875, 0.00787353515625, -0.757598876953125], [-13.4605073928833, 48.24390411376953, -111.3022689819336], [0.5509490966796875, 0.2747344970703125, 0.3173065185546875, -0.7212982177734375]
9730, 9.809316635131836, [16.0, 62.0, 0.0, 20.0, 0.0, 0.0, 0.0, 0.0, 0.0, 1000.0, 0.0, 750.0, 0.0, 1000.0, 958.0, 999.0, 999.0, 999.0, 999.0, 642.0, 454.0, 0.0, 56.0], [-1.5025475025177002, -0.8802212476730347, -98.5757064819336], [0.652099609375, -0.014373779296875, 0.0049285888671875, -0.757965087890625], [-13.815764427185059, 48.48872375488281, -111.5452880859375], [0.5499725341796875, 0.275360107421875, 0.3199615478515625, -0.7206268310546875]
9790, 9.859441757202148, [16.0, 62.0, 0.0, 20.0, 0.0, 0.0, 0.0, 0.0, 0.0, 1000.0, 0.0, 750.0, 0.0, 1000.0, 959.0, 999.0, 999.0, 999.0, 999.0, 644.0, 452.0, 0.0, 50.0], [-1.5531433820724487, 0.06967636197805405, -98.10697937011719], [0.6552886962890625, -0.0084228515625, 0.0106353759765625, -0.7552337646484375], [-12.932125091552734, 49.212310791015625, -110.50505065917969], [0.5534210205078125, 0.281585693359375, 0.3199310302734375, -0.7155609130859375]
9820, 9.909549713134766, [16.0, 62.0, 0.0, 20.0, 0.0, 0.0, 0.0, 0.0, 0.0, 1000.0, 0.0, 750.0, 0.0, 666.0, 958.0, 999.0, 999.0, 999.0, 999.0, 645.0, 450.0, 0.0, 43.0], [-1.6437569856643677, 0.6066934466362, -97.98479461669922], [0.6561279296875, -0.0054168701171875, 0.0142974853515625, -0.7544708251953125], [-13.384711265563965, 49.83069610595703, -110.55438995361328], [0.5534210205078125, 0.28369140625, 0.3251953125, -0.712371826171875]
9840, 9.919322967529297, [16.0, 62.0, 0.0, 20.0, 0.0, 0.0, 0.0, 0.0, 0.0, 1000.0, 0.0, 750.0, 0.0, 1000.0, 958.0, 999.0, 999.0, 999.0, 999.0, 645.0, 455.0, 0.0, 39.0], [-1.8623658418655396, 1.094922423362732, -97.73396301269531], [0.657806396484375, -0.0034942626953125, 0.018524169921875, -0.7529449462890625], [-13.485976219177246, 50.26526641845703, -110.17173767089844], [0.5554656982421875, 0.2850189208984375, 0.3285675048828125, -0.7086944580078125]
9890, 9.969444274902344, [16.0, 62.0, 0.0, 20.0, 0.0, 0.0, 0.0, 0.0, 0.0, 1000.0, 0.0, 750.0, 0.0, 666.0, 957.0, 999.0, 999.0, 999.0, 999.0, 647.0, 459.0, 0.0, 31.0], [-4.730288505554199, 1.8311699628829956, -96.03629302978516], [0.6687164306640625, -0.0157318115234375, 0.041351318359375, -0.7421722412109375], [-13.236555099487305, 51.55843734741211, -108.22306060791016], [0.5649566650390625, 0.289154052734375, 0.3373260498046875, -0.695281982421875]
9950, 10.01937484741211, [15.0, 62.0, 0.0, 21.0, 0.0, 0.0, 0.0, 0.0, 0.0, 1000.0, 0.0, 750.0, 0.0, 1000.0, 992.0, 999.0, 999.0, 999.0, 999.0, 647.0, 453.0, 0.0, 28.0], [-5.161792278289795, 3.5557515621185303, -93.68124389648438], [0.68402099609375, -0.0081787109375, 0.0540313720703125, -0.7274017333984375], [-12.71467113494873, 53.057613372802734, -105.6830825805664], [0.576507568359375, 0.2939300537109375, 0.347076416015625, -0.6787872314453125]
10000, 10.079538345336914, [20.0, 62.0, 0.0, 20.0, 0.0, 0.0, 0.0, 0.0, 0.0, 1000.0, 0.0, 750.0, 0.0, 666.0, 957.0, 999.0, 999.0, 999.0, 999.0, 647.0, 449.0, 0.0, 29.0], [-4.759544849395752, 5.350645065307617, -91.79588317871094], [0.6959686279296875, 0.0046234130859375, 0.0622406005859375, -0.7153472900390625], [-11.781526565551758, 53.97758865356445, -102.86911010742188], [0.5889892578125, 0.2959442138671875, 0.3529205322265625, -0.6640167236328125]
10060, 10.129234313964844, [15.0, 61.0, 0.0, 20.0, 0.0, 0.0, 0.0, 0.0, 0.0, 1000.0, 0.0, 750.0, 0.0, 666.0, 958.0, 999.0, 999.0, 999.0, 999.0, 644.0, 444.0, 0.0, 17.0], [-4.323697566986084, 6.840920925140381, -89.74910736083984], [0.708465576171875, 0.015380859375, 0.068817138671875, -0.7021942138671875], [-10.11143970489502, 54.769187927246094, -100.0096206665039], [0.599517822265625, 0.3007049560546875, 0.3544158935546875, -0.6515350341796875]
10110, 10.189421653747559, [17.0, 61.0, 0.0, 20.0, 0.0, 0.0, 0.0, 0.0, 0.0, 1000.0, 0.0, 750.0, 0.0, 666.0, 959.0, 999.0, 999.0, 999.0, 999.0, 642.0, 444.0, 0.0, 20.0], [-2.7364842891693115, 7.791287422180176, -89.28763580322266], [0.7107696533203125, 0.0307769775390625, 0.0650634765625, -0.69970703125], [-8.456290245056152, 54.79338836669922, -98.41226196289062], [0.604156494140625, 0.3046417236328125, 0.349365234375, -0.6481475830078125]
10160, 10.239389419555664, [18.0, 61.0, 0.0, 20.0, 0.0, 0.0, 0.0, 0.0, 0.0, 1000.0, 0.0, 750.0, 0.0, 666.0, 958.0, 999.0, 999.0, 999.0, 999.0, 644.0, 457.0, 0.0, 29.0], [0.8484355807304382, 8.363455772399902, -88.6039810180664], [0.7133636474609375, 0.05621337890625, 0.047027587890625, -0.6969451904296875], [-7.537221908569336, 54.713748931884766, -97.61336517333984], [0.6063995361328125, 0.3065948486328125, 0.345916748046875, -0.6469879150390625]
10220, 10.29947280883789, [17.0, 62.0, 0.0, 20.0, 0.0, 0.0, 0.0, 0.0, 0.0, 1000.0, 0.0, 750.0, 0.0, 666.0, 959.0, 999.0, 999.0, 999.0, 999.0, 644.0, 455.0, 0.0, 19.0], [0.48053136467933655, 9.609551429748535, -88.23982238769531], [0.7151031494140625, 0.061309814453125, 0.057220458984375, -0.6939544677734375], [-9.033596992492676, 54.58251190185547, -98.30947875976562], [0.606719970703125, 0.3000030517578125, 0.3518829345703125, -0.6465606689453125]
10270, 10.349471092224121, [17.0, 62.0, 0.0, 20.0, 0.0, 0.0, 0.0, 0.0, 0.0, 1000.0, 0.0, 750.0, 0.0, 666.0, 957.0, 999.0, 999.0, 999.0, 999.0, 644.0, 457.0, 0.0, 14.0], [1.1408238410949707, 10.182575225830078, -87.8698501586914], [0.7166290283203125, 0.0687103271484375, 0.0570220947265625, -0.6916961669921875], [-11.37831974029541, 54.36307907104492, -100.04580688476562], [0.6034088134765625, 0.2916717529296875, 0.359619140625, -0.6492156982421875]
10330, 10.409924507141113, [16.0, 62.0, 0.0, 21.0, 0.0, 0.0, 0.0, 0.0, 0.0, 1000.0, 0.0, 750.0, 0.0, 1000.0, 958.0, 999.0, 999.0, 999.0, 999.0, 643.0, 459.0, 0.0, 22.0], [-1.3973616361618042, 9.22063159942627, -87.2641830444336], [0.7220611572265625, 0.046661376953125, 0.066558837890625, -0.6870269775390625], [-10.330177307128906, 54.72257995605469, -97.96217346191406], [0.611724853515625, 0.292877197265625, 0.3607330322265625, -0.64019775390625]
10380, 10.459957122802734, [16.0, 62.0, 0.0, 21.0, 0.0, 0.0, 0.0, 0.0, 0.0, 1000.0, 0.0, 750.0, 0.0, 666.0, 959.0, 999.0, 999.0, 999.0, 999.0, 642.0, 468.0, 0.0, 33.0], [-3.072838306427002, 10.194820404052734, -86.61778259277344], [0.7261505126953125, 0.0414886474609375, 0.08294677734375, -0.6812286376953125], [-10.390732765197754, 55.283817291259766, -96.92958068847656], [0.616424560546875, 0.29266357421875, 0.3664093017578125, -0.6325225830078125]
10430, 10.509726524353027, [16.0, 62.0, 0.0, 21.0, 0.0, 0.0, 0.0, 0.0, 0.0, 1000.0, 0.0, 750.0, 0.0, 666.0, 957.0, 999.0, 999.0, 999.0, 999.0, 640.0, 473.0, 0.0, 33.0], [-3.607837200164795, 11.060277938842773, -86.2037353515625], [0.7284393310546875, 0.042938232421875, 0.09173583984375, -0.67755126953125], [-11.454964637756348, 55.97361373901367, -97.1769027709961], [0.616302490234375, 0.2918853759765625, 0.37493896484375, -0.6279754638671875]
10490, 10.569503784179688, [16.0, 62.0, 0.0, 21.0, 0.0, 0.0, 0.0, 0.0, 0.0, 1000.0, 0.0, 1000.0, 0.0, 1000.0, 958.0, 999.0, 999.0, 999.0, 999.0, 637.0, 473.0, 0.0, 30.0], [-0.028328362852334976, 12.37580680847168, -85.4077377319336], [0.7305908203125, 0.0729217529296875, 0.079376220703125, -0.674224853515625], [-11.387428283691406, 58.42849349975586, -97.14994049072266], [0.610931396484375, 0.3068695068359375, 0.386260986328125, -0.619171142578125]
10540, 10.61941146850586, [16.0, 63.0, 0.0, 21.0, 0.0, 0.0, 0.0, 0.0, 0.0, 1000.0, 0.0, 750.0, 0.0, 666.0, 958.0, 999.0, 999.0, 999.0, 999.0, 638.0, 463.0, 0.0, 45.0], [-0.000474100059363991, 12.614789009094238, -84.41998291015625], [0.7361907958984375, 0.0738067626953125, 0.0813751220703125, -0.6677703857421875], [-9.67858600616455, 58.392982482910156, -95.10063171386719], [0.6174468994140625, 0.3089447021484375, 0.3824005126953125, -0.614044189453125]
10600, 10.679396629333496, [16.0, 63.0, 0.0, 20.0, 0.0, 0.0, 0.0, 0.0, 0.0, 1000.0, 0.0, 750.0, 0.0, 666.0, 958.0, 999.0, 999.0, 999.0, 999.0, 638.0, 485.0, 0.0, 28.0], [1.6742128133773804, 11.251748085021973, -82.25634765625], [0.7485809326171875, 0.0754241943359375, 0.06427001953125, -0.65557861328125], [-7.131999969482422, 56.721187591552734, -91.05751037597656], [0.6363525390625, 0.2999725341796875, 0.371185302734375, -0.6060333251953125]
10650, 10.729856491088867, [17.0, 62.0, 0.0, 20.0, 0.0, 0.0, 0.0, 0.0, 0.0, 1000.0, 0.0, 750.0, 0.0, 666.0, 957.0, 999.0, 999.0, 999.0, 999.0, 633.0, 511.0, 0.0, 90.0], [5.684614658355713, 9.907769203186035, -80.03396606445312], [0.7592926025390625, 0.093292236328125, 0.0342864990234375, -0.643096923828125], [-4.160553932189941, 52.59844970703125, -86.8074722290039], [0.6619415283203125, 0.2805938720703125, 0.3440399169921875, -0.603912353515625]
10700, 10.779401779174805, [22.0, 64.0, 0.0, 20.0, 0.0, 0.0, 0.0, 0.0, 0.0, 1000.0, 0.0, 750.0, 0.0, 666.0, 959.0, 999.0, 999.0, 999.0, 999.0, 631.0, 483.0, 0.0, 84.0], [7.864368438720703, 4.87566614151001, -77.02865600585938], [0.778076171875, 0.0800323486328125, -0.00946044921875, -0.622955322265625], [-0.5613840818405151, 49.80766296386719, -82.13611602783203], [0.6851654052734375, 0.273284912109375, 0.3203887939453125, -0.59429931640625]
10760, 10.839435577392578, [18.0, 64.0, 0.0, 21.0, 0.0, 0.0, 0.0, 0.0, 0.0, 1000.0, 0.0, 750.0, 0.0, 1000.0, 958.0, 999.0, 999.0, 999.0, 999.0, 633.0, 479.0, 0.0, 85.0], [10.788049697875977, 3.037595748901367, -75.17230987548828], [0.7871246337890625, 0.0905609130859375, -0.036407470703125, -0.6090087890625], [4.023987293243408, 45.59084701538086, -77.57926177978516], [0.7095947265625, 0.267791748046875, 0.281524658203125, -0.5877685546875]
10810, 10.889412879943848, [1000.0, 64.0, 0.0, 20.0, 0.0, 0.0, 0.0, 0.0, 0.0, 1000.0, 0.0, 750.0, 0.0, 1000.0, 955.0, 999.0, 999.0, 999.0, 999.0, 630.0, 471.0, 0.0, 81.0], [13.561301231384277, 0.9511435031890869, -73.27698516845703], [0.7961883544921875, 0.0996551513671875, -0.0638427734375, -0.593353271484375], [6.073863983154297, 43.681888580322266, -75.13689422607422], [0.7226715087890625, 0.2654876708984375, 0.2644805908203125, -0.5807647705078125]
10870, 10.949390411376953, [1000.0, 64.0, 0.0, 21.0, 0.0, 0.0, 0.0, 0.0, 0.0, 1000.0, 0.0, 750.0, 0.0, 1000.0, 958.0, 999.0, 999.0, 999.0, 999.0, 633.0, 477.0, 0.0, 58.0], [15.519118309020996, 1.034942865371704, -72.74566650390625], [0.7970428466796875, 0.114013671875, -0.0728607177734375, -0.58856201171875], [8.289092063903809, 44.46620178222656, -73.60884857177734], [0.7228240966796875, 0.2796478271484375, 0.2620849609375, -0.574981689453125]
10920, 10.999394416809082, [1000.0, 64.0, 0.0, 21.0, 0.0, 0.0, 0.0, 0.0, 0.0, 1000.0, 0.0, 750.0, 0.0, 666.0, 956.0, 999.0, 999.0, 999.0, 999.0, 632.0, 473.0, 0.0, 57.0], [16.15499496459961, 1.8539153337478638, -72.17418670654297], [0.7986602783203125, 0.1229705810546875, -0.0698089599609375, -0.584930419921875], [10.105399131774902, 45.833396911621094, -72.15586853027344], [0.7213287353515625, 0.293975830078125, 0.265716552734375, -0.5680084228515625]
10970, 11.049396514892578, [1000.0, 64.0, 0.0, 21.0, 0.0, 0.0, 0.0, 0.0, 0.0, 1000.0, 0.0, 750.0, 0.0, 1000.0, 955.0, 999.0, 999.0, 999.0, 999.0, 629.0, 463.0, 0.0, 52.0], [14.5232572555542, 3.9321069717407227, -72.36058807373047], [0.7976531982421875, 0.1220550537109375, -0.0471038818359375, -0.5887451171875], [9.726407051086426, 47.99782943725586, -72.7585678100586], [0.71240234375, 0.3027191162109375, 0.28033447265625, -0.567657470703125]
11030, 11.109402656555176, [1000.0, 64.0, 0.0, 20.0, 0.0, 0.0, 0.0, 0.0, 0.0, 1000.0, 0.0, 750.0, 0.0, 1000.0, 955.0, 999.0, 999.0, 999.0, 999.0, 628.0, 458.0, 0.0, 64.0], [11.259764671325684, 6.5607075691223145, -72.50350189208984], [0.7978973388671875, 0.1126556396484375, -0.011993408203125, -0.592041015625], [7.135154724121094, 51.50218200683594, -74.39671325683594], [0.6996917724609375, 0.306793212890625, 0.3115081787109375, -0.56500244140625]
11080, 11.159241676330566, [1000.0, 64.0, 0.0, 20.0, 0.0, 0.0, 0.0, 0.0, 0.0, 1000.0, 0.0, 750.0, 0.0, 666.0, 957.0, 999.0, 999.0, 999.0, 999.0, 629.0, 451.0, 0.0, 72.0], [12.32171630859375, 8.149907112121582, -72.61775970458984], [0.7946319580078125, 0.1280975341796875, -0.0064544677734375, -0.5933685302734375], [5.094187259674072, 53.214229583740234, -76.30711364746094], [0.6900787353515625, 0.307647705078125, 0.3272857666015625, -0.56744384765625]
11130, 11.20950698852539, [1000.0, 64.0, 0.0, 20.0, 0.0, 0.0, 0.0, 0.0, 0.0, 1000.0, 0.0, 750.0, 0.0, 666.0, 955.0, 999.0, 999.0, 999.0, 999.0, 634.0, 459.0, 0.0, 79.0], [11.907217979431152, 9.2124662399292, -72.84720611572266], [0.7927703857421875, 0.130615234375, 0.0028839111328125, -0.5953369140625], [6.21510648727417, 56.52217102050781, -75.73139953613281], [0.678558349609375, 0.3278961181640625, 0.34393310546875, -0.5601043701171875]
11190, 11.269357681274414, [1000.0, 65.0, 0.0, 20.0, 0.0, 0.0, 0.0, 0.0, 0.0, 1000.0, 0.0, 750.0, 0.0, 666.0, 957.0, 999.0, 999.0, 999.0, 999.0, 637.0, 464.0, 0.0, 83.0], [10.592373847961426, 13.408133506774902, -73.73627471923828], [0.7846832275390625, 0.1430816650390625, 0.037994384765625, -0.6019439697265625], [6.449036598205566, 55.28468322753906, -76.619140625], [0.677825927734375, 0.3262481689453125, 0.33258056640625, -0.568756103515625]
11240, 11.31944465637207, [1000.0, 65.0, 0.0, 20.0, 0.0, 0.0, 0.0, 0.0, 0.0, 1000.0, 0.0, 750.0, 0.0, 666.0, 957.0, 999.0, 999.0, 999.0, 999.0, 636.0, 459.0, 0.0, 85.0], [12.258678436279297, 11.851207733154297, -73.53189086914062], [0.78564453125, 0.146514892578125, 0.0186614990234375, -0.60076904296875], [7.367559909820557, 52.65349578857422, -75.7909164428711], [0.6883087158203125, 0.3172760009765625, 0.313873291015625, -0.5718536376953125]
11300, 11.379842758178711, [1000.0, 64.0, 0.0, 20.0, 0.0, 0.0, 0.0, 0.0, 0.0, 1000.0, 0.0, 750.0, 0.0, 666.0, 957.0, 999.0, 999.0, 999.0, 999.0, 633.0, 455.0, 0.0, 69.0], [14.260476112365723, 8.549124717712402, -73.12287902832031], [0.789276123046875, 0.1434783935546875, -0.0143280029296875, -0.59686279296875], [8.022159576416016, 49.50889205932617, -75.04158020019531], [0.7006378173828125, 0.304779052734375, 0.2926025390625, -0.574951171875]
11350, 11.429489135742188, [255.0, 64.0, 0.0, 20.0, 0.0, 0.0, 0.0, 0.0, 0.0, 1000.0, 0.0, 750.0, 0.0, 666.0, 958.0, 999.0, 999.0, 999.0, 999.0, 626.0, 442.0, 0.0, 51.0], [16.41920280456543, 5.405857563018799, -72.39407348632812], [0.793853759765625, 0.142669677734375, -0.04656982421875, -0.58929443359375], [7.623655796051025, 46.6635856628418, -74.66108703613281], [0.7125396728515625, 0.288177490234375, 0.2772064208984375, -0.5765228271484375]
11400, 11.479354858398438, [455.0, 64.0, 0.0, 20.0, 0.0, 0.0, 0.0, 0.0, 0.0, 1000.0, 0.0, 750.0, 0.0, 666.0, 959.0, 999.0, 999.0, 999.0, 999.0, 623.0, 443.0, 0.0, 45.0], [16.895334243774414, 3.32218599319458, -71.94464111328125], [0.79766845703125, 0.13568115234375, -0.06304931640625, -0.5842132568359375], [6.4874348640441895, 44.72585678100586, -74.82267761230469], [0.7202911376953125, 0.2723388671875, 0.269927978515625, -0.578033447265625]
11460, 11.539583206176758, [484.0, 64.0, 0.0, 20.0, 0.0, 0.0, 0.0, 0.0, 0.0, 1000.0, 0.0, 750.0, 0.0, 1000.0, 958.0, 999.0, 999.0, 999.0, 999.0, 622.0, 445.0, 0.0, 39.0], [18.782331466674805, 0.6369956135749817, -71.8361587524414], [0.7984466552734375, 0.1353607177734375, -0.091278076171875, -0.5794830322265625], [7.5311598777771, 42.25065994262695, -74.36395263671875], [0.7272491455078125, 0.266143798828125, 0.2494964599609375, -0.58135986328125]
11510, 11.589375495910645, [1000.0, 63.0, 0.0, 20.0, 0.0, 0.0, 0.0, 0.0, 0.0, 1000.0, 0.0, 750.0, 0.0, 1000.0, 958.0, 999.0, 999.0, 999.0, 999.0, 622.0, 452.0, 0.0, 41.0], [19.026376724243164, -0.43440741300582886, -71.92432403564453], [0.7986297607421875, 0.1315765380859375, -0.1000823974609375, -0.5786590576171875], [4.980969429016113, 36.09367752075195, -76.1907730102539], [0.7392425537109375, 0.2234649658203125, 0.21807861328125, -0.596649169921875]
11570, 11.6494140625, [1000.0, 63.0, 0.0, 20.0, 0.0, 0.0, 0.0, 0.0, 0.0, 1000.0, 0.0, 1000.0, 0.0, 666.0, 958.0, 999.0, 999.0, 999.0, 999.0, 621.0, 453.0, 0.0, 46.0], [18.485029220581055, -0.7803051471710205, -72.289306640625], [0.79766845703125, 0.125732421875, -0.10015869140625, -0.581268310546875], [5.389455795288086, 35.94880676269531, -76.51573944091797], [0.737091064453125, 0.225982666015625, 0.21435546875, -0.5997161865234375]
11620, 11.69937515258789, [1000.0, 63.0, 0.0, 20.0, 0.0, 0.0, 0.0, 0.0, 0.0, 1000.0, 0.0, 750.0, 0.0, 666.0, 955.0, 999.0, 999.0, 999.0, 999.0, 621.0, 449.0, 0.0, 63.0], [17.4450626373291, 0.46644383668899536, -72.6128158569336], [0.7961578369140625, 0.1245880126953125, -0.0865478515625, -0.5857391357421875], [5.595205783843994, 37.63942337036133, -76.88719940185547], [0.7306671142578125, 0.23651123046875, 0.2236328125, -0.600128173828125]
11630, 11.749833106994629, [1000.0, 63.0, 0.0, 20.0, 0.0, 0.0, 0.0, 0.0, 0.0, 1000.0, 0.0, 750.0, 0.0, 666.0, 954.0, 999.0, 999.0, 999.0, 999.0, 621.0, 449.0, 0.0, 65.0], [17.470630645751953, 0.2219391167163849, -72.61204528808594], [0.7963409423828125, 0.1235198974609375, -0.08837890625, -0.5854644775390625], [5.587733268737793, 38.05277633666992, -76.93614196777344], [0.729400634765625, 0.2386322021484375, 0.2262725830078125, -0.599822998046875]
11670, 11.759326934814453, [1000.0, 63.0, 0.0, 20.0, 0.0, 0.0, 0.0, 0.0, 0.0, 1000.0, 0.0, 750.0, 0.0, 666.0, 955.0, 999.0, 999.0, 999.0, 999.0, 621.0, 448.0, 0.0, 72.0], [16.128408432006836, 1.6545912027359009, -72.62825012207031], [0.7965240478515625, 0.121490478515625, -0.0715484619140625, -0.587921142578125], [5.03298807144165, 40.23393249511719, -77.28411865234375], [0.7232666015625, 0.24676513671875, 0.2426300048828125, -0.5975799560546875]
11730, 11.809846878051758, [1000.0, 63.0, 0.0, 20.0, 0.0, 0.0, 0.0, 0.0, 0.0, 1000.0, 0.0, 750.0, 0.0, 666.0, 953.0, 999.0, 999.0, 999.0, 999.0, 616.0, 443.0, 0.0, 79.0], [14.020029067993164, 5.151937961578369, -72.69640350341797], [0.7953338623046875, 0.1246337890625, -0.0363311767578125, -0.592071533203125], [4.177706241607666, 44.3113899230957, -78.32514953613281], [0.7089385986328125, 0.2641754150390625, 0.2708892822265625, -0.59515380859375]
11780, 11.859416007995605, [1000.0, 63.0, 0.0, 20.0, 0.0, 0.0, 0.0, 0.0, 0.0, 1000.0, 0.0, 750.0, 0.0, 666.0, 953.0, 999.0, 999.0, 999.0, 999.0, 616.0, 441.0, 0.0, 111.0], [12.701748847961426, 8.42518424987793, -73.15426635742188], [0.7911224365234375, 0.1320953369140625, -0.007110595703125, -0.59716796875], [4.544275760650635, 46.41928482055664, -78.93290710449219], [0.6990203857421875, 0.2784271240234375, 0.2808380126953125, -0.5957794189453125]
11840, 11.91995906829834, [1000.0, 64.0, 0.0, 20.0, 0.0, 0.0, 0.0, 0.0, 0.0, 1000.0, 0.0, 750.0, 0.0, 1000.0, 955.0, 999.0, 999.0, 999.0, 999.0, 623.0, 455.0, 0.0, 162.0], [11.934724807739258, 10.354033470153809, -73.35466003417969], [0.7888031005859375, 0.1366424560546875, 0.0101318359375, -0.5991668701171875], [4.2580952644348145, 47.86076736450195, -79.20990753173828], [0.694122314453125, 0.2845611572265625, 0.2906494140625, -0.5938873291015625]
11890, 11.969449996948242, [1000.0, 64.0, 0.0, 20.0, 0.0, 0.0, 0.0, 0.0, 0.0, 1000.0, 0.0, 750.0, 0.0, 666.0, 955.0, 999.0, 999.0, 999.0, 999.0, 627.0, 470.0, 0.0, 206.0], [11.937272071838379, 11.643933296203613, -73.50395202636719], [0.7864532470703125, 0.14324951171875, 0.0189361572265625, -0.6004791259765625], [1.346776008605957, 57.7175407409668, -81.39353942871094], [0.6602630615234375, 0.3224945068359375, 0.35919189453125, -0.5753326416015625]
11940, 12.029417037963867, [233.0, 65.0, 0.0, 20.0, 0.0, 0.0, 0.0, 0.0, 0.0, 1000.0, 0.0, 750.0, 0.0, 1000.0, 958.0, 999.0, 999.0, 999.0, 999.0, 628.0, 471.0, 0.0, 217.0], [12.667847633361816, 11.462689399719238, -73.11561584472656], [0.7877960205078125, 0.1472930908203125, 0.01434326171875, -0.5978851318359375], [2.6587705612182617, 55.91090774536133, -79.87232971191406], [0.6701202392578125, 0.316558837890625, 0.34619140625, -0.5752105712890625]
12000, 12.079270362854004, [260.0, 64.0, 0.0, 19.0, 0.0, 0.0, 0.0, 0.0, 0.0, 1000.0, 0.0, 750.0, 0.0, 666.0, 959.0, 999.0, 999.0, 999.0, 999.0, 624.0, 453.0, 0.0, 217.0], [15.352701187133789, 9.167240142822266, -72.3964614868164], [0.7908782958984375, 0.1542205810546875, -0.0147247314453125, -0.5920257568359375], [4.3808417320251465, 52.83646774291992, -78.20832824707031], [0.6837158203125, 0.306976318359375, 0.3234100341796875, -0.57763671875]
12010, 12.129514694213867, [661.0, 64.0, 0.0, 19.0, 0.0, 0.0, 0.0, 0.0, 0.0, 1000.0, 0.0, 750.0, 0.0, 1000.0, 960.0, 999.0, 999.0, 999.0, 999.0, 623.0, 449.0, 0.0, 215.0], [15.602082252502441, 8.677862167358398, -72.29098510742188], [0.79168701171875, 0.15350341796875, -0.0193023681640625, -0.5909881591796875], [4.423851013183594, 52.35654067993164, -78.11228942871094], [0.6856231689453125, 0.304656982421875, 0.32049560546875, -0.5782470703125]
12050, 12.139315605163574, [961.0, 64.0, 0.0, 19.0, 0.0, 0.0, 0.0, 0.0, 0.0, 1000.0, 0.0, 750.0, 0.0, 666.0, 958.0, 999.0, 999.0, 999.0, 999.0, 619.0, 439.0, 0.0, 208.0], [16.465070724487305, 6.655576705932617, -71.9114761352539], [0.794891357421875, 0.149444580078125, -0.0374298095703125, -0.58685302734375], [4.125763416290283, 50.62358474731445, -77.6475601196289], [0.6941680908203125, 0.293212890625, 0.312469482421875, -0.5783538818359375]
12090, 12.193527221679688, [512.0, 64.0, 0.0, 19.0, 0.0, 0.0, 0.0, 0.0, 0.0, 1000.0, 0.0, 750.0, 0.0, 1000.0, 958.0, 999.0, 999.0, 999.0, 999.0, 616.0, 436.0, 0.0, 205.0], [16.74159812927246, 4.447334289550781, -71.13695526123047], [0.8008575439453125, 0.140655517578125, -0.0533905029296875, -0.5796356201171875], [2.539334535598755, 48.56156539916992, -78.06922912597656], [0.7021331787109375, 0.27459716796875, 0.306610107421875, -0.5810089111328125]
12110, 12.204317092895508, [1000.0, 63.0, 0.0, 19.0, 0.0, 0.0, 0.0, 0.0, 0.0, 1000.0, 0.0, 750.0, 0.0, 666.0, 957.0, 999.0, 999.0, 999.0, 999.0, 615.0, 434.0, 0.0, 204.0], [16.652727127075195, 4.05005407333374, -71.06121063232422], [0.8017425537109375, 0.138092041015625, -0.0556488037109375, -0.5788116455078125], [2.040891170501709, 48.29774856567383, -78.27496337890625], [0.703033447265625, 0.270782470703125, 0.3070068359375, -0.5814971923828125]
12160, 12.245553970336914, [1000.0, 63.0, 0.0, 19.0, 0.0, 0.0, 0.0, 0.0, 0.0, 1000.0, 0.0, 750.0, 0.0, 666.0, 956.0, 999.0, 999.0, 999.0, 999.0, 614.0, 432.0, 0.0, 196.0], [17.166906356811523, 2.2767317295074463, -70.75345611572266], [0.804351806640625, 0.1330413818359375, -0.07037353515625, -0.57476806640625], [0.35492992401123047, 46.592735290527344, -78.60346221923828], [0.7099456787109375, 0.2527008056640625, 0.304229736328125, -0.58270263671875]
12210, 12.299454689025879, [1000.0, 63.0, 0.0, 20.0, 0.0, 0.0, 0.0, 0.0, 0.0, 1000.0, 0.0, 750.0, 0.0, 666.0, 958.0, 999.0, 999.0, 999.0, 999.0, 613.0, 433.0, 0.0, 187.0], [17.53887939453125, 0.3952011168003082, -70.36138153076172], [0.807464599609375, 0.1265716552734375, -0.085052490234375, -0.5698394775390625], [-0.7678984999656677, 44.93826675415039, -78.96470642089844], [0.7148284912109375, 0.23822021484375, 0.2989044189453125, -0.5855712890625]
12250, 12.349481582641602, [1000.0, 63.0, 0.0, 20.0, 0.0, 0.0, 0.0, 0.0, 0.0, 1000.0, 0.0, 750.0, 0.0, 666.0, 957.0, 999.0, 999.0, 999.0, 999.0, 613.0, 436.0, 0.0, 177.0], [18.394914627075195, -1.067155122756958, -70.1884765625], [0.808502197265625, 0.12548828125, -0.0994110107421875, -0.5662841796875], [-1.310150146484375, 44.37624740600586, -79.09272003173828], [0.716705322265625, 0.232269287109375, 0.2979278564453125, -0.586181640625]
12270, 12.359392166137695, [1000.0, 63.0, 0.0, 20.0, 0.0, 0.0, 0.0, 0.0, 0.0, 1000.0, 0.0, 750.0, 0.0, 666.0, 957.0, 999.0, 999.0, 999.0, 999.0, 613.0, 436.0, 0.0, 176.0], [18.482667922973633, -1.5691351890563965, -70.09059143066406], [0.8092498779296875, 0.1237030029296875, -0.103271484375, -0.564910888671875], [0.78685462474823, 39.845054626464844, -77.47913360595703], [0.7318267822265625, 0.21826171875, 0.2617340087890625, -0.5901336669921875]
12320, 12.409422874450684, [1000.0, 63.0, 0.0, 20.0, 0.0, 0.0, 0.0, 0.0, 0.0, 1000.0, 0.0, 1000.0, 0.0, 666.0, 958.0, 999.0, 999.0, 999.0, 999.0, 612.0, 432.0, 0.0, 170.0], [18.479616165161133, -2.2822861671447754, -69.88882446289062], [0.81072998046875, 0.120330810546875, -0.108062744140625, -0.5626068115234375], [1.4637240171432495, 35.001773834228516, -76.9837646484375], [0.7440032958984375, 0.196685791015625, 0.2277679443359375, -0.5965423583984375]
12370, 12.4594087600708, [1000.0, 63.0, 0.0, 20.0, 0.0, 0.0, 0.0, 0.0, 0.0, 1000.0, 0.0, 750.0, 0.0, 666.0, 958.0, 999.0, 999.0, 999.0, 999.0, 611.0, 428.0, 0.0, 164.0], [18.375568389892578, -2.4538609981536865, -69.74513244628906], [0.8116607666015625, 0.1188812255859375, -0.108612060546875, -0.5614776611328125], [1.3823528289794922, 34.89117431640625, -76.8531265258789], [0.74505615234375, 0.1953277587890625, 0.227691650390625, -0.595703125]
12430, 12.519546508789062, [1000.0, 63.0, 0.0, 19.0, 0.0, 0.0, 0.0, 0.0, 0.0, 1000.0, 0.0, 750.0, 0.0, 1000.0, 951.0, 999.0, 999.0, 999.0, 999.0, 611.0, 425.0, 0.0, 160.0], [16.935842514038086, -2.6306614875793457, -69.50165557861328], [0.81439208984375, 0.1080169677734375, -0.102569580078125, -0.5608673095703125], [-1.4307316541671753, 35.9986686706543, -78.32233428955078], [0.7397918701171875, 0.1859130859375, 0.2470703125, -0.5975494384765625]
12480, 12.569572448730469, [51.0, 63.0, 0.0, 20.0, 0.0, 0.0, 0.0, 0.0, 0.0, 1000.0, 0.0, 750.0, 0.0, 1000.0, 958.0, 999.0, 999.0, 999.0, 999.0, 614.0, 429.0, 0.0, 154.0], [15.90622329711914, -2.634140729904175, -69.4836196899414], [0.8154144287109375, 0.1006927490234375, -0.0975341796875, -0.5616302490234375], [-3.9209742546081543, 37.50725555419922, -79.52186584472656], [0.7345123291015625, 0.18060302734375, 0.2677154541015625, -0.5968170166015625]
12540, 12.629537582397461, [27.0, 63.0, 0.0, 20.0, 0.0, 0.0, 0.0, 0.0, 0.0, 1000.0, 0.0, 750.0, 0.0, 1000.0, 958.0, 999.0, 999.0, 999.0, 999.0, 617.0, 428.0, 0.0, 159.0], [13.466588973999023, -2.471890926361084, -69.308837890625], [0.8181610107421875, 0.0842437744140625, -0.0842742919921875, -0.5624847412109375], [-4.8177924156188965, 38.668907165527344, -79.82099151611328], [0.7320709228515625, 0.1818084716796875, 0.2791748046875, -0.5941925048828125]
12590, 12.679941177368164, [25.0, 63.0, 0.0, 20.0, 0.0, 0.0, 0.0, 0.0, 0.0, 1000.0, 0.0, 750.0, 0.0, 666.0, 953.0, 999.0, 999.0, 999.0, 999.0, 617.0, 426.0, 0.0, 155.0], [11.736551284790039, -2.1865620613098145, -69.05799865722656], [0.820465087890625, 0.073455810546875, -0.073577880859375, -0.5621337890625], [-6.7837300300598145, 39.70429611206055, -80.74315643310547], [0.72833251953125, 0.17718505859375, 0.2943115234375, -0.592864990234375]
12640, 12.729534149169922, [23.0, 63.0, 0.0, 20.0, 0.0, 0.0, 0.0, 0.0, 0.0, 1000.0, 0.0, 750.0, 0.0, 666.0, 958.0, 999.0, 999.0, 999.0, 999.0, 618.0, 421.0, 0.0, 154.0], [9.402308464050293, -1.69794762134552, -68.33784484863281], [0.8251800537109375, 0.05950927734375, -0.0582427978515625, -0.5586700439453125], [-9.114171981811523, 40.83967971801758, -81.2851791381836], [0.726898193359375, 0.1700286865234375, 0.3123931884765625, -0.587432861328125]
12700, 12.789480209350586, [21.0, 63.0, 0.0, 20.0, 0.0, 0.0, 0.0, 0.0, 0.0, 1000.0, 0.0, 750.0, 0.0, 1000.0, 955.0, 999.0, 999.0, 999.0, 999.0, 619.0, 419.0, 0.0, 150.0], [6.613621234893799, -1.584504246711731, -67.18894958496094], [0.831939697265625, 0.0404052734375, -0.0434112548828125, -0.551666259765625], [-10.850981712341309, 41.85013961791992, -81.15731048583984], [0.7281951904296875, 0.1641998291015625, 0.327484130859375, -0.5792083740234375]
12750, 12.83954906463623, [16.0, 62.0, 0.0, 20.0, 0.0, 0.0, 0.0, 0.0, 0.0, 1000.0, 0.0, 750.0, 0.0, 1000.0, 957.0, 999.0, 999.0, 999.0, 999.0, 617.0, 419.0, 0.0, 137.0], [5.274261474609375, -2.2925174236297607, -65.54239654541016], [0.84027099609375, 0.027862548828125, -0.0417022705078125, -0.539825439453125], [-10.756612777709961, 41.41569519042969, -79.36027526855469], [0.737884521484375, 0.1573028564453125, 0.3269195556640625, -0.5691070556640625]
12810, 12.899517059326172, [16.0, 63.0, 0.0, 20.0, 0.0, 0.0, 0.0, 0.0, 0.0, 1000.0, 0.0, 750.0, 0.0, 666.0, 956.0, 999.0, 999.0, 999.0, 999.0, 614.0, 414.0, 0.0, 131.0], [2.9061167240142822, -2.524883985519409, -63.73248291015625], [0.849090576171875, 0.0099029541015625, -0.0320892333984375, -0.52716064453125], [-10.551366806030273, 39.7740478515625, -76.58283996582031], [0.754302978515625, 0.14202880859375, 0.319427490234375, -0.5556793212890625]
12860, 12.94994068145752, [18.0, 62.0, 0.0, 20.0, 0.0, 0.0, 0.0, 0.0, 0.0, 1000.0, 0.0, 750.0, 0.0, 666.0, 957.0, 999.0, 999.0, 999.0, 999.0, 612.0, 409.0, 0.0, 132.0], [2.7913289070129395, -3.469644069671631, -60.7750358581543], [0.862335205078125, 0.0056915283203125, -0.038421630859375, -0.50482177734375], [-9.52485179901123, 37.477073669433594, -72.78311920166016], [0.7754974365234375, 0.12664794921875, 0.304351806640625, -0.5384368896484375]
12910, 12.999507904052734, [18.0, 62.0, 0.0, 19.0, 0.0, 0.0, 0.0, 0.0, 0.0, 1000.0, 0.0, 750.0, 0.0, 666.0, 954.0, 999.0, 999.0, 999.0, 999.0, 611.0, 412.0, 0.0, 129.0], [2.733823537826538, -4.212439060211182, -58.361576080322266], [0.8726654052734375, 0.002899169921875, -0.043701171875, -0.486328125], [-9.896825790405273, 35.1888427734375, -70.40458679199219], [0.791015625, 0.106414794921875, 0.2934722900390625, -0.5261383056640625]
12970, 13.059436798095703, [16.0, 62.0, 0.0, 19.0, 0.0, 0.0, 0.0, 0.0, 0.0, 1000.0, 0.0, 750.0, 0.0, 666.0, 954.0, 999.0, 999.0, 999.0, 999.0, 610.0, 422.0, 0.0, 117.0], [4.889911651611328, -5.932279586791992, -56.493858337402344], [0.879974365234375, 0.0130615234375, -0.065704345703125, -0.4702606201171875], [-5.613309860229492, 32.53078079223633, -66.70218658447266], [0.8084564208984375, 0.114532470703125, 0.259521484375, -0.5156707763671875]
13020, 13.109312057495117, [70.0, 63.0, 0.0, 19.0, 0.0, 0.0, 0.0, 0.0, 0.0, 1000.0, 0.0, 750.0, 0.0, 666.0, 950.0, 999.0, 999.0, 999.0, 999.0, 610.0, 419.0, 0.0, 105.0], [5.4576897621154785, -7.278245449066162, -54.69651794433594], [0.886810302734375, 0.0130767822265625, -0.0781402587890625, -0.45526123046875], [-6.955286026000977, 30.878156661987305, -65.20559692382812], [0.8192291259765625, 0.0939178466796875, 0.2553558349609375, -0.5048065185546875]
13080, 13.169548034667969, [1000.0, 63.0, 0.0, 19.0, 0.0, 0.0, 0.0, 0.0, 0.0, 1000.0, 0.0, 750.0, 0.0, 666.0, 953.0, 999.0, 999.0, 999.0, 999.0, 608.0, 421.0, 0.0, 96.0], [2.5250308513641357, -8.329145431518555, -53.64963912963867], [0.890533447265625, -0.013153076171875, -0.07470703125, -0.4485321044921875], [-12.726340293884277, 31.553857803344727, -66.85497283935547], [0.814788818359375, 0.059844970703125, 0.284271240234375, -0.501708984375]
13130, 13.219547271728516, [1000.0, 62.0, 0.0, 19.0, 0.0, 0.0, 0.0, 0.0, 0.0, 1000.0, 0.0, 750.0, 0.0, 1000.0, 952.0, 999.0, 999.0, 999.0, 999.0, 608.0, 425.0, 0.0, 134.0], [5.149316787719727, -8.806534767150879, -53.61245346069336], [0.8905487060546875, 0.0053863525390625, -0.088653564453125, -0.44610595703125], [-11.930429458618164, 29.22525405883789, -65.67205047607422], [0.822845458984375, 0.0515594482421875, 0.265350341796875, -0.49981689453125]
13180, 13.269548416137695, [1000.0, 63.0, 0.0, 19.0, 0.0, 0.0, 0.0, 0.0, 0.0, 1000.0, 0.0, 750.0, 0.0, 666.0, 950.0, 999.0, 999.0, 999.0, 999.0, 606.0, 431.0, 0.0, 155.0], [1.0438125133514404, -8.608665466308594, -52.53658676147461], [0.8944549560546875, -0.0250701904296875, -0.071319580078125, -0.4406890869140625], [-16.475404739379883, 27.583742141723633, -65.58285522460938], [0.82647705078125, 0.01080322265625, 0.2736968994140625, -0.4918212890625]
13240, 13.329534530639648, [1000.0, 62.0, 0.0, 19.0, 0.0, 0.0, 0.0, 0.0, 0.0, 1000.0, 0.0, 750.0, 0.0, 666.0, 960.0, 999.0, 999.0, 999.0, 999.0, 607.0, 429.0, 0.0, 187.0], [-4.7495317459106445, -6.639350414276123, -51.6518440246582], [0.89678955078125, -0.06243896484375, -0.0340576171875, -0.4366912841796875], [-23.4028377532959, 25.045169830322266, -66.23570251464844], [0.82464599609375, -0.0498199462890625, 0.2859954833984375, -0.485443115234375]
13290, 13.379461288452148, [1000.0, 63.0, 0.0, 19.0, 0.0, 0.0, 0.0, 0.0, 0.0, 1000.0, 0.0, 750.0, 0.0, 666.0, 955.0, 999.0, 999.0, 999.0, 999.0, 607.0, 429.0, 0.0, 179.0], [-7.284892559051514, -4.605389595031738, -51.37187194824219], [0.89752197265625, -0.0745849609375, -0.0086212158203125, -0.43450927734375], [-29.05572509765625, 20.55210304260254, -64.18779754638672], [0.8307037353515625, -0.1173553466796875, 0.277435302734375, -0.4681549072265625]
13350, 13.439413070678711, [1000.0, 63.0, 0.0, 19.0, 0.0, 0.0, 0.0, 0.0, 0.0, 1000.0, 0.0, 750.0, 0.0, 666.0, 958.0, 999.0, 999.0, 999.0, 999.0, 604.0, 444.0, 0.0, 177.0], [-5.436027526855469, -4.304931163787842, -51.064971923828125], [0.8999176025390625, -0.058929443359375, -0.013427734375, -0.4318389892578125], [-26.844886779785156, 21.4102783203125, -64.0938720703125], [0.832977294921875, -0.0974578857421875, 0.274169921875, -0.4705810546875]
13400, 13.489521980285645, [1000.0, 63.0, 0.0, 19.0, 0.0, 0.0, 0.0, 0.0, 0.0, 1000.0, 0.0, 750.0, 0.0, 666.0, 958.0, 999.0, 999.0, 999.0, 999.0, 605.0, 468.0, 0.0, 212.0], [-4.448318958282471, -5.556302070617676, -50.91145706176758], [0.900360107421875, -0.055816650390625, -0.027069091796875, -0.4306793212890625], [-25.882247924804688, 20.97351837158203, -63.346229553222656], [0.83697509765625, -0.094268798828125, 0.2665863037109375, -0.4684906005859375]
13450, 13.539640426635742, [1000.0, 63.0, 0.0, 19.0, 0.0, 0.0, 0.0, 0.0, 0.0, 1000.0, 0.0, 750.0, 0.0, 1000.0, 958.0, 999.0, 999.0, 999.0, 999.0, 601.0, 469.0, 0.0, 214.0], [-2.58841609954834, -4.311144828796387, -50.3531494140625], [0.9037628173828125, -0.0364227294921875, -0.0244293212890625, -0.4257659912109375], [-22.914148330688477, 21.433910369873047, -62.156368255615234], [0.84381103515625, -0.0730743408203125, 0.2568359375, -0.4654541015625]
13510, 13.599430084228516, [1000.0, 63.0, 0.0, 19.0, 0.0, 0.0, 0.0, 0.0, 0.0, 1000.0, 0.0, 1000.0, 0.0, 666.0, 958.0, 999.0, 999.0, 999.0, 999.0, 603.0, 475.0, 0.0, 208.0], [2.6474153995513916, -3.952371835708618, -49.9761848449707], [0.90594482421875, 0.0063629150390625, -0.0410003662109375, -0.4213409423828125], [-15.461764335632324, 22.229055404663086, -60.727386474609375], [0.85205078125, -0.017333984375, 0.231536865234375, -0.4691162109375]
13560, 13.64939022064209, [1000.0, 64.0, 0.0, 20.0, 0.0, 0.0, 0.0, 0.0, 0.0, 1000.0, 0.0, 1000.0, 0.0, 666.0, 985.0, 999.0, 999.0, 999.0, 999.0, 613.0, 487.0, 0.0, 200.0], [4.8479790687561035, -3.613722562789917, -49.936641693115234], [0.9058380126953125, 0.0250244140625, -0.0464019775390625, -0.420318603515625], [-8.305532455444336, 23.254972457885742, -59.08893966674805], [0.8570709228515625, 0.03741455078125, 0.2098541259765625, -0.4690093994140625]
13610, 13.699457168579102, [1000.0, 64.0, 0.0, 20.0, 0.0, 0.0, 0.0, 0.0, 0.0, 1000.0, 0.0, 750.0, 0.0, 1000.0, 989.0, 999.0, 999.0, 999.0, 999.0, 619.0, 489.0, 0.0, 196.0], [5.834774017333984, -3.4118001461029053, -50.007293701171875], [0.90533447265625, 0.033538818359375, -0.0484466552734375, -0.420562744140625], [-5.014298915863037, 24.483409881591797, -58.45803451538086], [0.856536865234375, 0.066131591796875, 0.2057342529296875, -0.4686431884765625]
13670, 13.759531021118164, [1000.0, 64.0, 0.0, 20.0, 0.0, 0.0, 0.0, 0.0, 0.0, 1000.0, 0.0, 750.0, 0.0, 666.0, 981.0, 999.0, 999.0, 999.0, 999.0, 629.0, 491.0, 0.0, 191.0], [4.961585521697998, -3.6618261337280273, -49.721946716308594], [0.906585693359375, 0.0258331298828125, -0.047149658203125, -0.418548583984375], [-0.6926886439323425, 21.742328643798828, -57.01347351074219], [0.8635101318359375, 0.0847930908203125, 0.1685638427734375, -0.467681884765625]
13720, 13.81947135925293, [1000.0, 63.0, 0.0, 20.0, 0.0, 0.0, 0.0, 0.0, 0.0, 1000.0, 0.0, 750.0, 0.0, 1000.0, 989.0, 999.0, 999.0, 999.0, 999.0, 631.0, 489.0, 0.0, 189.0], [5.313761234283447, -3.3938422203063965, -49.68922805786133], [0.906646728515625, 0.0296173095703125, -0.0463104248046875, -0.41827392578125], [-2.1550989151000977, 19.993431091308594, -57.501487731933594], [0.8648223876953125, 0.0672454833984375, 0.16107177734375, -0.4707489013671875]
13780, 13.869542121887207, [1000.0, 63.0, 0.0, 20.0, 0.0, 0.0, 0.0, 0.0, 0.0, 1000.0, 0.0, 750.0, 0.0, 666.0, 989.0, 999.0, 999.0, 999.0, 999.0, 631.0, 488.0, 0.0, 186.0], [4.2788872718811035, -3.776735544204712, -49.5429801940918], [0.9073638916015625, 0.02008056640625, -0.0455322265625, -0.4173583984375], [-1.7905555963516235, 19.889049530029297, -57.38227462768555], [0.8652191162109375, 0.06939697265625, 0.1588592529296875, -0.4704437255859375]
13830, 13.919458389282227, [1000.0, 63.0, 0.0, 20.0, 0.0, 0.0, 0.0, 0.0, 0.0, 1000.0, 0.0, 750.0, 0.0, 666.0, 989.0, 999.0, 999.0, 999.0, 999.0, 631.0, 487.0, 0.0, 184.0], [4.223019599914551, -4.031733512878418, -49.46261978149414], [0.9076385498046875, 0.01873779296875, -0.047332763671875, -0.4166412353515625], [-1.254316806793213, 19.918180465698242, -57.190799713134766], [0.865631103515625, 0.07330322265625, 0.1569976806640625, -0.4697113037109375]
13850, 13.969372749328613, [1000.0, 63.0, 0.0, 20.0, 0.0, 0.0, 0.0, 0.0, 0.0, 1000.0, 0.0, 750.0, 0.0, 666.0, 988.0, 999.0, 999.0, 999.0, 999.0, 631.0, 487.0, 0.0, 184.0], [4.204982280731201, -4.046475887298584, -49.42963409423828], [0.9077606201171875, 0.0185546875, -0.0473785400390625, -0.4163818359375], [-1.1055729389190674, 19.92806625366211, -57.14253616333008], [0.86572265625, 0.07440185546875, 0.156494140625, -0.46954345703125]
13880, 13.979549407958984, [1000.0, 63.0, 0.0, 20.0, 0.0, 0.0, 0.0, 0.0, 0.0, 1000.0, 0.0, 750.0, 0.0, 666.0, 989.0, 999.0, 999.0, 999.0, 999.0, 631.0, 486.0, 0.0, 183.0], [4.201486587524414, -4.056791305541992, -49.38207244873047], [0.907928466796875, 0.0185089111328125, -0.0474395751953125, -0.4160003662109375], [-0.9455150365829468, 19.818462371826172, -57.090579986572266], [0.865966796875, 0.0750885009765625, 0.1550445556640625, -0.469451904296875]
13940, 14.029413223266602, [1000.0, 63.0, 0.0, 20.0, 0.0, 0.0, 0.0, 0.0, 0.0, 1000.0, 0.0, 750.0, 0.0, 1000.0, 989.0, 999.0, 999.0, 999.0, 999.0, 631.0, 485.0, 0.0, 181.0], [4.247011184692383, -4.04197359085083, -49.27809143066406], [0.908294677734375, 0.0189666748046875, -0.0474700927734375, -0.4151611328125], [-0.6102593541145325, 20.060718536376953, -56.97427749633789], [0.86590576171875, 0.078460693359375, 0.15557861328125, -0.468841552734375]
13950, 14.079390525817871, [1000.0, 63.0, 0.0, 20.0, 0.0, 0.0, 0.0, 0.0, 0.0, 1000.0, 0.0, 750.0, 0.0, 1000.0, 989.0, 999.0, 999.0, 999.0, 999.0, 631.0, 484.0, 0.0, 181.0], [4.257699012756348, -4.033522129058838, -49.26250457763672], [0.908355712890625, 0.0190887451171875, -0.0474395751953125, -0.4150390625], [-0.7175545692443848, 20.01982307434082, -57.009456634521484], [0.8658905029296875, 0.0775299072265625, 0.1556854248046875, -0.468994140625]
13990, 14.089323043823242, [1000.0, 63.0, 0.0, 19.0, 0.0, 0.0, 0.0, 0.0, 0.0, 1000.0, 0.0, 750.0, 0.0, 666.0, 988.0, 999.0, 999.0, 999.0, 999.0, 631.0, 484.0, 0.0, 180.0], [4.314388751983643, -4.015165328979492, -49.18223571777344], [0.90863037109375, 0.0196380615234375, -0.0474853515625, -0.4143829345703125], [-0.7013570666313171, 20.043180465698242, -56.99412155151367], [0.8659210205078125, 0.077728271484375, 0.1558074951171875, -0.4688873291015625]
14050, 14.139287948608398, [1000.0, 63.0, 0.0, 19.0, 0.0, 0.0, 0.0, 0.0, 0.0, 1000.0, 0.0, 750.0, 0.0, 666.0, 988.0, 999.0, 999.0, 999.0, 999.0, 631.0, 483.0, 0.0, 178.0], [4.370039463043213, -3.9930806159973145, -49.115962982177734], [0.90887451171875, 0.0201873779296875, -0.0475006103515625, -0.413848876953125], [-0.6758064031600952, 19.692218780517578, -56.95848083496094], [0.8665008544921875, 0.0764312744140625, 0.153076171875, -0.4689178466796875]
14090, 14.189355850219727, [1000.0, 63.0, 0.0, 19.0, 0.0, 0.0, 0.0, 0.0, 0.0, 1000.0, 0.0, 750.0, 0.0, 1000.0, 988.0, 999.0, 999.0, 999.0, 999.0, 631.0, 482.0, 0.0, 177.0], [4.305327892303467, -3.9195878505706787, -49.07268142700195], [0.9090423583984375, 0.01995849609375, -0.0466766357421875, -0.4135589599609375], [-0.2130657285451889, 18.05860710144043, -56.787776947021484], [0.868927001953125, 0.0730133056640625, 0.1389312744140625, -0.4693756103515625]
14100, 14.199350357055664, [1000.0, 63.0, 0.0, 19.0, 0.0, 0.0, 0.0, 0.0, 0.0, 1000.0, 0.0, 750.0, 0.0, 666.0, 988.0, 999.0, 999.0, 999.0, 999.0, 631.0, 482.0, 0.0, 177.0], [4.291121959686279, -3.8934385776519775, -49.06657409667969], [0.9090728759765625, 0.0199432373046875, -0.046417236328125, -0.4135284423828125], [-0.09088816493749619, 17.21685218811035, -56.755653381347656], [0.869964599609375, 0.0704498291015625, 0.1320648193359375, -0.469818115234375]
14150, 14.249441146850586, [1000.0, 63.0, 0.0, 19.0, 0.0, 0.0, 0.0, 0.0, 0.0, 1000.0, 0.0, 750.0, 0.0, 1000.0, 988.0, 999.0, 999.0, 999.0, 999.0, 631.0, 482.0, 0.0, 176.0], [4.206549644470215, -3.9292867183685303, -49.010250091552734], [0.9092864990234375, 0.0191650390625, -0.04638671875, -0.4131011962890625], [-0.06165972352027893, 18.780424118041992, -56.73846435546875], [0.8681488037109375, 0.077056884765625, 0.1438140869140625, -0.4687042236328125]
14210, 14.299675941467285, [1000.0, 63.0, 0.0, 19.0, 0.0, 0.0, 0.0, 0.0, 0.0, 1000.0, 0.0, 750.0, 0.0, 666.0, 987.0, 999.0, 999.0, 999.0, 999.0, 631.0, 481.0, 0.0, 175.0], [4.180871486663818, -4.044208526611328, -48.9492301940918], [0.9095001220703125, 0.0185699462890625, -0.0471954345703125, -0.4125823974609375], [-0.8390985727310181, 18.737905502319336, -56.983985900878906], [0.8676910400390625, 0.0713043212890625, 0.146514892578125, -0.4696044921875]
