1751490547999 0.0 1
1751490548145 0.0 2
1751490548289 0.16666666666666666 3
1751490548430 0.16666666666666666 4
1751490548577 0.16666666666666666 5
1751490548730 0.16666666666666666 6
1751490548880 0.16666666666666666 7
1751490549025 0.16666666666666666 8
1751490549169 0.16666666666666666 9
1751490549314 0.16666666666666666 10
1751490549461 0.16666666666666666 11
1751490549597 0.16666666666666666 12
1751490549742 0.16666666666666666 13
1751490549874 0.16666666666666666 14
1751490550005 0.3333333333333333 15
1751490550144 0.6666666666666666 16
1751490550290 0.8333333333333334 17
1751490550426 0.8333333333333334 18
1751490550572 0.8333333333333334 19
1751490550721 0.8333333333333334 20
