1751490547993 1.1064064502716064 1
1751490548139 1.075336217880249 2
1751490548283 1.1148148775100708 3
1751490548424 1.1062345504760742 4
1751490548571 1.0760663747787476 5
1751490548722 1.1005524396896362 6
1751490548874 1.0576753616333008 7
1751490549019 1.0822962522506714 8
1751490549163 1.0429075956344604 9
1751490549308 1.0183144807815552 10
1751490549455 0.9984052777290344 11
1751490549591 1.0448074340820312 12
1751490549735 1.0013686418533325 13
1751490549867 0.9931947588920593 14
1751490549999 0.9619091153144836 15
1751490550138 0.9362239837646484 16
1751490550284 1.0060733556747437 17
1751490550419 0.8621177673339844 18
1751490550565 0.9695054888725281 19
1751490550713 0.9451797604560852 20
