662890, 665.6092529296875, 1000.0, 390.0, 300.0, 137.0, 154.0, 135.0, 136.0, 80.0, 65.0, 1000.0, 5.0, 1000.0, 0.0, 1000.0, 921.0, 999.0, 999.0, 999.0, 999.0, 536.0, 669.0, 0.0, 76.0, -19.720916748046875, -5.710883617401123, -84.4934310913086, -0.7226715087890625, 0.15960693359375, -0.0786590576171875, 0.667877197265625, -38.425926208496094, 17.73771858215332, -62.34579086303711, 0.8245391845703125, -0.2028350830078125, 0.2928619384765625, -0.4395294189453125
662950, 665.6698608398438, 1000.0, 391.0, 300.0, 137.0, 154.0, 134.0, 136.0, 80.0, 64.0, 1000.0, 5.0, 1000.0, 0.0, 1000.0, 921.0, 999.0, 999.0, 999.0, 999.0, 536.0, 668.0, 0.0, 76.0, -19.79847526550293, -5.617467403411865, -84.40735626220703, -0.7231903076171875, 0.1596221923828125, -0.07958984375, 0.667205810546875, -38.18269729614258, 17.714418411254883, -62.27030563354492, 0.82525634765625, -0.201385498046875, 0.2916412353515625, -0.4396820068359375
663000, 665.7194213867188, 1000.0, 391.0, 299.0, 136.0, 153.0, 134.0, 135.0, 80.0, 64.0, 1000.0, 5.0, 750.0, 0.0, 1000.0, 921.0, 999.0, 999.0, 999.0, 999.0, 536.0, 668.0, 0.0, 76.0, -19.678621292114258, -5.4314470291137695, -84.33629608154297, -0.7240142822265625, 0.1578521728515625, -0.079986572265625, 0.66668701171875, -37.92394256591797, 17.697216033935547, -62.18019104003906, 0.8260498046875, -0.1998291015625, 0.290374755859375, -0.4397430419921875
663050, 665.7694702148438, 1000.0, 389.0, 298.0, 136.0, 153.0, 133.0, 134.0, 79.0, 64.0, 1000.0, 4.0, 1000.0, 0.0, 1000.0, 921.0, 999.0, 999.0, 999.0, 999.0, 535.0, 668.0, 0.0, 75.0, -19.657432556152344, -5.4244771003723145, -84.26072692871094, -0.7244873046875, 0.1577301025390625, -0.079803466796875, 0.6662139892578125, -37.87779998779297, 17.762474060058594, -62.15978240966797, 0.82623291015625, -0.199249267578125, 0.2906036376953125, -0.43951416015625
663110, 665.8294677734375, 1000.0, 390.0, 298.0, 135.0, 152.0, 133.0, 133.0, 79.0, 63.0, 1000.0, 4.0, 750.0, 0.0, 1000.0, 922.0, 999.0, 999.0, 999.0, 999.0, 535.0, 667.0, 0.0, 75.0, -19.661840438842773, -5.509261131286621, -84.16132354736328, -0.724945068359375, 0.1583099365234375, -0.0791473388671875, 0.6656494140625, -37.85554122924805, 17.64960289001465, -62.149253845214844, 0.826263427734375, -0.1996307373046875, 0.28973388671875, -0.4398345947265625
663160, 665.87939453125, 1000.0, 390.0, 298.0, 135.0, 153.0, 132.0, 133.0, 79.0, 62.0, 1000.0, 3.0, 1000.0, 0.0, 1000.0, 944.0, 999.0, 999.0, 990.0, 999.0, 535.0, 667.0, 0.0, 76.0, -19.70665740966797, -5.624173164367676, -84.08705139160156, -0.7251739501953125, 0.1593017578125, -0.0785675048828125, 0.665252685546875, -37.33719253540039, 18.736072540283203, -61.983463287353516, 0.828125, -0.1913299560546875, 0.2948150634765625, -0.4366455078125
663210, 665.929443359375, 1000.0, 391.0, 298.0, 134.0, 156.0, 131.0, 134.0, 78.0, 61.0, 1000.0, 3.0, 750.0, 0.0, 1000.0, 941.0, 999.0, 999.0, 977.0, 999.0, 535.0, 668.0, 0.0, 76.0, -19.480579376220703, -5.696970462799072, -84.0949935913086, -0.725341796875, 0.1582794189453125, -0.0767974853515625, 0.6655120849609375, -39.06556701660156, 18.73054313659668, -62.249305725097656, 0.8241424560546875, -0.203125, 0.3018035888671875, -0.43408203125
663270, 665.989501953125, 1000.0, 387.0, 295.0, 133.0, 156.0, 129.0, 134.0, 77.0, 59.0, 1000.0, 3.0, 750.0, 0.0, 1000.0, 925.0, 999.0, 999.0, 972.0, 999.0, 538.0, 668.0, 0.0, 68.0, -18.233989715576172, -7.088374137878418, -84.0181884765625, -0.725677490234375, 0.158355712890625, -0.06048583984375, 0.6667938232421875, -37.19837951660156, 19.415803909301758, -61.136409759521484, 0.8317108154296875, -0.1894073486328125, 0.2974853515625, -0.4287872314453125
663320, 666.0394287109375, 1000.0, 389.0, 292.0, 132.0, 157.0, 126.0, 135.0, 76.0, 59.0, 1000.0, 4.0, 750.0, 0.0, 1000.0, 923.0, 999.0, 999.0, 987.0, 999.0, 534.0, 674.0, 0.0, 60.0, -15.959872245788574, -9.105195999145508, -84.4468765258789, -0.7236328125, 0.155303955078125, -0.0347900390625, 0.67156982421875, -35.75099563598633, 20.621257781982422, -60.07514953613281, 0.8380889892578125, -0.1761627197265625, 0.2986297607421875, -0.421142578125
663380, 666.0994262695312, 1000.0, 389.0, 289.0, 133.0, 156.0, 126.0, 134.0, 76.0, 61.0, 1000.0, 3.0, 750.0, 0.0, 1000.0, 946.0, 999.0, 999.0, 999.0, 999.0, 527.0, 683.0, 0.0, 60.0, -14.769908905029297, -9.726285934448242, -84.38500213623047, -0.7247772216796875, 0.1513519287109375, -0.0237274169921875, 0.671722412109375, -34.21283721923828, 20.987585067749023, -58.56383514404297, 0.84588623046875, -0.1671295166015625, 0.2932891845703125, -0.4129180908203125
663430, 666.1494750976562, 1000.0, 388.0, 287.0, 132.0, 151.0, 126.0, 131.0, 77.0, 59.0, 1000.0, 2.0, 1000.0, 0.0, 1000.0, 941.0, 999.0, 999.0, 999.0, 999.0, 522.0, 682.0, 0.0, 52.0, -14.11348819732666, -9.636283874511719, -83.6717758178711, -0.7299041748046875, 0.1468048095703125, -0.0195465087890625, 0.6672821044921875, -33.762474060058594, 19.37255096435547, -57.47322463989258, 0.8505706787109375, -0.173583984375, 0.2787933349609375, -0.4106597900390625
663480, 666.1993408203125, 1000.0, 387.0, 283.0, 131.0, 148.0, 125.0, 128.0, 75.0, 53.0, 1000.0, 0.0, 750.0, 0.0, 1000.0, 931.0, 999.0, 999.0, 971.0, 999.0, 562.0, 672.0, 0.0, 31.0, -14.73733901977539, -9.432587623596191, -82.68284606933594, -0.7350921630859375, 0.1498260498046875, -0.0232086181640625, 0.6607818603515625, -34.40390396118164, 17.75358009338379, -57.44253921508789, 0.8496246337890625, -0.1854095458984375, 0.269683837890625, -0.4135284423828125
663540, 666.2593994140625, 1000.0, 386.0, 280.0, 129.0, 145.0, 122.0, 125.0, 73.0, 50.0, 1000.0, 0.0, 1000.0, 0.0, 1000.0, 933.0, 999.0, 999.0, 970.0, 999.0, 602.0, 663.0, 0.0, 21.0, -16.102773666381836, -8.514188766479492, -81.87508392333984, -0.7390899658203125, 0.1536712646484375, -0.0359954833984375, 0.6548309326171875, -35.37920379638672, 16.752187728881836, -57.839542388916016, 0.846405029296875, -0.196014404296875, 0.266845703125, -0.41705322265625
663580, 666.3094482421875, 1000.0, 387.0, 277.0, 128.0, 142.0, 121.0, 121.0, 71.0, 48.0, 1000.0, 0.0, 1000.0, 0.0, 1000.0, 933.0, 999.0, 999.0, 971.0, 999.0, 613.0, 660.0, 0.0, 28.0, -16.75065803527832, -7.9936957359313965, -81.65473937988281, -0.740142822265625, 0.155029296875, -0.042816162109375, 0.6529083251953125, -37.7924919128418, 17.019840240478516, -58.59269714355469, 0.8394622802734375, -0.2108154296875, 0.2788238525390625, -0.4160614013671875
663590, 666.3194580078125, 1000.0, 387.0, 276.0, 128.0, 141.0, 121.0, 120.0, 71.0, 48.0, 1000.0, 0.0, 1000.0, 0.0, 1000.0, 934.0, 999.0, 999.0, 971.0, 999.0, 613.0, 660.0, 0.0, 29.0, -16.993764877319336, -7.7260613441467285, -81.63128662109375, -0.74029541015625, 0.155120849609375, -0.045928955078125, 0.6525115966796875, -37.769126892089844, 16.983888626098633, -58.58547592163086, 0.839508056640625, -0.2108154296875, 0.278472900390625, -0.416168212890625
663650, 666.3695068359375, 1000.0, 388.0, 271.0, 126.0, 136.0, 120.0, 116.0, 70.0, 46.0, 1000.0, 0.0, 1000.0, 0.0, 1000.0, 925.0, 999.0, 999.0, 971.0, 999.0, 613.0, 660.0, 0.0, 23.0, -16.988182067871094, -8.164325714111328, -81.6858901977539, -0.7394256591796875, 0.157501220703125, -0.0430908203125, 0.6531219482421875, -36.559974670410156, 16.180694580078125, -58.31251525878906, 0.84246826171875, -0.206085205078125, 0.2679901123046875, -0.4194488525390625
663700, 666.4196166992188, 1000.0, 387.0, 269.0, 126.0, 133.0, 119.0, 114.0, 70.0, 45.0, 1000.0, 0.0, 1000.0, 0.0, 1000.0, 925.0, 999.0, 999.0, 971.0, 999.0, 609.0, 660.0, 0.0, 31.0, -16.895591735839844, -8.302630424499512, -81.69864654541016, -0.7393035888671875, 0.1576690673828125, -0.0416717529296875, 0.6533203125, -37.45802688598633, 16.077369689941406, -58.64458084106445, 0.839569091796875, -0.21234130859375, 0.2711639404296875, -0.420074462890625
663740, 666.4694213867188, 1000.0, 386.0, 268.0, 126.0, 131.0, 119.0, 112.0, 69.0, 45.0, 1000.0, 0.0, 1000.0, 0.0, 1000.0, 925.0, 999.0, 999.0, 969.0, 999.0, 605.0, 660.0, 0.0, 34.0, -16.6433048248291, -8.767640113830566, -81.72815704345703, -0.738861083984375, 0.1586151123046875, -0.0372161865234375, 0.653839111328125, -36.76460647583008, 15.655187606811523, -58.54761505126953, 0.841064453125, -0.209320068359375, 0.2655029296875, -0.4222412109375
663750, 666.4793701171875, 1000.0, 387.0, 267.0, 125.0, 131.0, 118.0, 112.0, 69.0, 45.0, 1000.0, 0.0, 1000.0, 0.0, 1000.0, 924.0, 999.0, 999.0, 969.0, 999.0, 605.0, 660.0, 0.0, 33.0, -16.86321449279785, -8.691644668579102, -81.695556640625, -0.7388458251953125, 0.1596221923828125, -0.0389251708984375, 0.6535186767578125, -36.386131286621094, 15.518563270568848, -58.47236251831055, 0.84197998046875, -0.207305908203125, 0.2630157470703125, -0.4229583740234375
663810, 666.5294799804688, 1000.0, 390.0, 266.0, 125.0, 129.0, 118.0, 109.0, 69.0, 44.0, 1000.0, 0.0, 1000.0, 0.0, 1000.0, 920.0, 999.0, 999.0, 971.0, 999.0, 600.0, 659.0, 0.0, 33.0, -17.320695877075195, -8.716980934143066, -81.63047790527344, -0.7385406494140625, 0.1627349853515625, -0.0412750244140625, 0.6529541015625, -36.75520706176758, 14.615476608276367, -58.72053527832031, 0.8400421142578125, -0.2133636474609375, 0.2585296630859375, -0.4265594482421875
663860, 666.5794067382812, 1000.0, 390.0, 264.0, 124.0, 127.0, 118.0, 108.0, 68.0, 43.0, 1000.0, 0.0, 750.0, 0.0, 1000.0, 919.0, 999.0, 999.0, 971.0, 999.0, 598.0, 659.0, 0.0, 36.0, -17.496557235717773, -8.800305366516113, -81.56915283203125, -0.738525390625, 0.1643524169921875, -0.0416412353515625, 0.6525421142578125, -34.38343048095703, 14.870903968811035, -58.196659088134766, 0.8463134765625, -0.1959686279296875, 0.25054931640625, -0.42724609375
663920, 666.6394653320312, 1000.0, 387.0, 263.0, 123.0, 125.0, 117.0, 106.0, 68.0, 43.0, 1000.0, 0.0, 1000.0, 0.0, 1000.0, 925.0, 999.0, 999.0, 971.0, 999.0, 596.0, 658.0, 0.0, 39.0, -17.50335693359375, -8.46584415435791, -81.4647445678711, -0.73956298828125, 0.1625823974609375, -0.043731689453125, 0.65167236328125, -36.00611114501953, 14.732710838317871, -58.655677795410156, 0.841705322265625, -0.2075042724609375, 0.256439208984375, -0.42742919921875
663970, 666.6895751953125, 1000.0, 387.0, 262.0, 123.0, 124.0, 116.0, 105.0, 67.0, 43.0, 1000.0, 0.0, 750.0, 0.0, 1000.0, 925.0, 999.0, 999.0, 970.0, 999.0, 596.0, 658.0, 0.0, 40.0, -17.556884765625, -8.537775039672852, -81.41218566894531, -0.73968505859375, 0.1633453369140625, -0.043487548828125, 0.6513519287109375, -34.299068450927734, 14.514191627502441, -58.26634979248047, 0.8460845947265625, -0.1967315673828125, 0.247833251953125, -0.428924560546875
664020, 666.7495727539062, 1000.0, 388.0, 261.0, 122.0, 123.0, 116.0, 104.0, 67.0, 42.0, 1000.0, 0.0, 750.0, 0.0, 1000.0, 929.0, 999.0, 999.0, 969.0, 999.0, 596.0, 658.0, 0.0, 45.0, -17.689842224121094, -8.449335098266602, -81.3407974243164, -0.740020751953125, 0.1637420654296875, -0.0447235107421875, 0.650787353515625, -36.14799499511719, 14.74810791015625, -58.784088134765625, 0.840972900390625, -0.20819091796875, 0.2573089599609375, -0.428009033203125
664080, 666.7996215820312, 1000.0, 388.0, 261.0, 122.0, 122.0, 115.0, 103.0, 67.0, 42.0, 1000.0, 0.0, 750.0, 0.0, 1000.0, 929.0, 999.0, 999.0, 970.0, 999.0, 595.0, 658.0, 0.0, 47.0, -17.714075088500977, -8.527721405029297, -81.28581237792969, -0.7401885986328125, 0.1643524169921875, -0.0442657470703125, 0.6504669189453125, -34.54329299926758, 14.548702239990234, -58.424705505371094, 0.8450927734375, -0.1980438232421875, 0.249267578125, -0.429473876953125
664100, 666.8494873046875, 1000.0, 388.0, 260.0, 122.0, 122.0, 115.0, 103.0, 66.0, 42.0, 1000.0, 0.0, 750.0, 0.0, 1000.0, 929.0, 999.0, 999.0, 970.0, 999.0, 595.0, 658.0, 0.0, 46.0, -17.79839324951172, -8.451447486877441, -81.25066375732422, -0.7403717041015625, 0.16448974609375, -0.045196533203125, 0.6501617431640625, -34.939666748046875, 14.776010513305664, -58.528961181640625, 0.844085693359375, -0.1997528076171875, 0.252532958984375, -0.428741455078125
664130, 666.859375, 1000.0, 389.0, 260.0, 121.0, 121.0, 115.0, 103.0, 66.0, 42.0, 1000.0, 0.0, 1000.0, 0.0, 1000.0, 929.0, 999.0, 999.0, 969.0, 999.0, 595.0, 658.0, 0.0, 47.0, -17.840927124023438, -8.321573257446289, -81.21918487548828, -0.7406768798828125, 0.1640625, -0.0462493896484375, 0.649871826171875, -36.13363265991211, 14.752697944641113, -58.83738327026367, 0.8408050537109375, -0.20794677734375, 0.25738525390625, -0.4284210205078125
664190, 666.9094848632812, 1000.0, 389.0, 259.0, 121.0, 120.0, 114.0, 101.0, 66.0, 41.0, 1000.0, 0.0, 1000.0, 0.0, 1000.0, 929.0, 999.0, 999.0, 970.0, 999.0, 595.0, 658.0, 0.0, 46.0, -17.824161529541016, -8.208730697631836, -81.10684204101562, -0.741485595703125, 0.1633758544921875, -0.0467376708984375, 0.649078369140625, -35.95257568359375, 14.762499809265137, -58.76958465576172, 0.8413848876953125, -0.20672607421875, 0.25665283203125, -0.4282989501953125
664200, 666.9594116210938, 1000.0, 390.0, 259.0, 121.0, 120.0, 114.0, 101.0, 66.0, 41.0, 1000.0, 0.0, 1000.0, 0.0, 1000.0, 930.0, 999.0, 999.0, 970.0, 999.0, 595.0, 658.0, 0.0, 46.0, -17.869184494018555, -8.189315795898438, -81.07354736328125, -0.74163818359375, 0.16357421875, -0.0470733642578125, 0.648834228515625, -35.9805908203125, 14.776460647583008, -58.76667022705078, 0.8413543701171875, -0.206878662109375, 0.2568511962890625, -0.4281768798828125
664240, 666.9694213867188, 1000.0, 389.0, 258.0, 121.0, 119.0, 113.0, 100.0, 65.0, 40.0, 1000.0, 0.0, 750.0, 0.0, 1000.0, 928.0, 999.0, 999.0, 969.0, 999.0, 595.0, 657.0, 0.0, 40.0, -17.987958908081055, -8.184823036193848, -80.95619201660156, -0.7421417236328125, 0.16436767578125, -0.047607421875, 0.6480255126953125, -35.52277755737305, 15.208784103393555, -58.53911590576172, 0.843170166015625, -0.2021484375, 0.2577667236328125, -0.426300048828125
664290, 667.01953125, 1000.0, 386.0, 257.0, 120.0, 117.0, 113.0, 99.0, 65.0, 37.0, 1000.0, 0.0, 750.0, 0.0, 1000.0, 916.0, 999.0, 999.0, 970.0, 999.0, 593.0, 656.0, 0.0, 25.0, -15.959383010864258, -10.291979789733887, -81.36271667480469, -0.7398529052734375, 0.162750244140625, -0.02276611328125, 0.652374267578125, -33.43559646606445, 16.804664611816406, -57.56745910644531, 0.850616455078125, -0.1820220947265625, 0.259674072265625, -0.4193572998046875
664320, 667.0696411132812, 1000.0, 385.0, 256.0, 120.0, 116.0, 112.0, 99.0, 65.0, 37.0, 1000.0, 0.0, 1000.0, 0.0, 1000.0, 916.0, 999.0, 999.0, 976.0, 999.0, 589.0, 660.0, 0.0, 27.0, -14.373993873596191, -11.600594520568848, -81.7345962524414, -0.7381591796875, 0.15972900390625, -0.005615234375, 0.6553955078125, -32.57308578491211, 18.12307357788086, -56.91896057128906, 0.8543853759765625, -0.1714324951171875, 0.2648773193359375, -0.412872314453125
664350, 667.0794677734375, 1000.0, 383.0, 256.0, 123.0, 115.0, 117.0, 98.0, 68.0, 41.0, 1000.0, 0.0, 750.0, 0.0, 1000.0, 969.0, 999.0, 999.0, 999.0, 999.0, 587.0, 671.0, 0.0, 50.0, -13.103425025939941, -11.602272033691406, -82.1612777709961, -0.7374420166015625, 0.15155029296875, 0.0010986328125, 0.658172607421875, -31.894500732421875, 19.660503387451172, -56.238460540771484, 0.857666015625, -0.1613922119140625, 0.272369384765625, -0.4051361083984375
664400, 667.1294555664062, 1000.0, 388.0, 265.0, 133.0, 116.0, 143.0, 100.0, 75.0, 58.0, 1000.0, 0.0, 1000.0, 0.0, 1000.0, 999.0, 999.0, 999.0, 999.0, 999.0, 571.0, 681.0, 0.0, 106.0, -11.537205696105957, -8.586090087890625, -83.29772186279297, -0.736358642578125, 0.1243896484375, -0.010955810546875, 0.6649627685546875, -29.33670425415039, 22.319515228271484, -54.880313873291016, 0.8649139404296875, -0.1342010498046875, 0.2806549072265625, -0.3938751220703125
664450, 667.1793212890625, 1000.0, 388.0, 292.0, 148.0, 122.0, 213.0, 108.0, 81.0, 64.0, 1000.0, 0.0, 750.0, 0.0, 1000.0, 963.0, 999.0, 999.0, 999.0, 999.0, 559.0, 683.0, 0.0, 120.0, -10.416266441345215, -4.613302230834961, -83.77168273925781, -0.7383575439453125, 0.0942840576171875, -0.0307159423828125, 0.6670684814453125, -26.592100143432617, 24.27326202392578, -53.20867156982422, 0.872344970703125, -0.109405517578125, 0.28363037109375, -0.382843017578125
664510, 667.2395629882812, 1000.0, 389.0, 313.0, 163.0, 128.0, 238.0, 119.0, 83.0, 66.0, 1000.0, 0.0, 1000.0, 0.0, 1000.0, 959.0, 999.0, 999.0, 999.0, 999.0, 548.0, 683.0, 0.0, 132.0, -5.104731559753418, -0.5620332956314087, -84.37726593017578, -0.7400360107421875, 0.036285400390625, -0.026275634765625, 0.671051025390625, -19.948823928833008, 25.594648361206055, -50.27964401245117, 0.8857269287109375, -0.0602264404296875, 0.2692413330078125, -0.3732757568359375
664560, 667.28955078125, 1000.0, 391.0, 313.0, 164.0, 136.0, 222.0, 131.0, 82.0, 69.0, 1000.0, 0.0, 750.0, 0.0, 1000.0, 948.0, 999.0, 999.0, 999.0, 999.0, 540.0, 693.0, 0.0, 143.0, -3.081127166748047, 1.4393550157546997, -85.63655853271484, -0.7334136962890625, 0.0111846923828125, -0.0274810791015625, 0.6791229248046875, -16.615217208862305, 26.11833953857422, -49.01475524902344, 0.8906097412109375, -0.0353240966796875, 0.2618255615234375, -0.3701324462890625
664620, 667.3495483398438, 1000.0, 394.0, 304.0, 162.0, 144.0, 211.0, 152.0, 80.0, 73.0, 1000.0, 0.0, 750.0, 0.0, 1000.0, 935.0, 999.0, 999.0, 999.0, 999.0, 531.0, 698.0, 0.0, 159.0, -0.05359092354774475, -2.051935911178589, -87.97459411621094, -0.7193603515625, 0.0127716064453125, 0.0125579833984375, 0.6943817138671875, -13.808813095092773, 25.5814151763916, -47.88040542602539, 0.8956146240234375, -0.0179595947265625, 0.248443603515625, -0.3685150146484375
664670, 667.3995361328125, 1000.0, 394.0, 296.0, 161.0, 152.0, 206.0, 189.0, 80.0, 77.0, 1000.0, 7.0, 750.0, 0.0, 1000.0, 933.0, 999.0, 999.0, 999.0, 999.0, 524.0, 695.0, 0.0, 185.0, 3.2270586490631104, -6.811673164367676, -90.58365631103516, -0.703155517578125, 0.022430419921875, 0.0617523193359375, 0.707977294921875, -11.737306594848633, 25.076059341430664, -47.05386734008789, 0.899169921875, -0.00531005859375, 0.2378387451171875, -0.3672637939453125
664720, 667.4498291015625, 1000.0, 395.0, 288.0, 161.0, 167.0, 201.0, 240.0, 80.0, 84.0, 1000.0, 9.0, 750.0, 0.0, 1000.0, 932.0, 999.0, 999.0, 999.0, 999.0, 518.0, 684.0, 0.0, 188.0, 6.641149997711182, -11.777156829833984, -93.26939392089844, -0.686187744140625, 0.0348968505859375, 0.112213134765625, 0.7178497314453125, -10.209746360778809, 24.15291976928711, -46.145713806152344, 0.9033660888671875, 0.001617431640625, 0.2258148193359375, -0.3645782470703125
664780, 667.5095825195312, 1000.0, 397.0, 281.0, 165.0, 283.0, 199.0, 437.0, 84.0, 113.0, 1000.0, 29.0, 750.0, 0.0, 1000.0, 934.0, 999.0, 999.0, 999.0, 999.0, 513.0, 680.0, 0.0, 196.0, 10.289173126220703, -16.052297592163086, -96.17578125, -0.6680908203125, 0.0441741943359375, 0.158966064453125, 0.7255401611328125, -8.432926177978516, 23.03729248046875, -45.27750778198242, 0.907562255859375, 0.010162353515625, 0.2115325927734375, -0.3625946044921875
664830, 667.5595703125, 1000.0, 393.0, 278.0, 170.0, 583.0, 196.0, 678.0, 86.0, 198.0, 1000.0, 68.0, 750.0, 0.0, 1000.0, 926.0, 999.0, 999.0, 999.0, 999.0, 506.0, 688.0, 0.0, 205.0, 13.31860637664795, -20.312728881835938, -99.22923278808594, -0.6490325927734375, 0.0594482421875, 0.2004241943359375, 0.7314453125, -7.605352878570557, 20.96406364440918, -44.681671142578125, 0.912078857421875, 0.0086822509765625, 0.19268798828125, -0.361785888671875
664890, 667.6195678710938, 1000.0, 395.0, 309.0, 178.0, 853.0, 193.0, 889.0, 175.0, 483.0, 1000.0, 259.0, 750.0, 0.0, 1000.0, 922.0, 999.0, 999.0, 999.0, 999.0, 502.0, 684.0, 0.0, 221.0, 16.183095932006836, -24.68478012084961, -101.91100311279297, -0.632598876953125, 0.0777435302734375, 0.2400970458984375, 0.7321929931640625, -4.35615873336792, 21.63359260559082, -43.58468246459961, 0.9140167236328125, 0.0349578857421875, 0.18798828125, -0.357757568359375
664940, 667.6695556640625, 1000.0, 391.0, 357.0, 191.0, 931.0, 205.0, 903.0, 100.0, 616.0, 1000.0, 492.0, 1000.0, 0.0, 1000.0, 910.0, 999.0, 999.0, 999.0, 999.0, 497.0, 686.0, 0.0, 228.0, 17.3458251953125, -28.104785919189453, -103.78858184814453, -0.62060546875, 0.098602294921875, 0.2632293701171875, 0.73199462890625, -3.0452895164489746, 21.96181869506836, -43.5721435546875, 0.913116455078125, 0.04644775390625, 0.186492919921875, -0.3595123291015625
664990, 667.7195434570312, 1000.0, 394.0, 436.0, 223.0, 948.0, 269.0, 905.0, 130.0, 682.0, 1000.0, 681.0, 750.0, 0.0, 1000.0, 922.0, 999.0, 999.0, 999.0, 999.0, 490.0, 689.0, 0.0, 320.0, 18.10633087158203, -31.06836700439453, -106.06776428222656, -0.6058197021484375, 0.120147705078125, 0.2801666259765625, 0.73486328125, -4.21994161605835, 21.93392562866211, -45.06032180786133, 0.90887451171875, 0.039459228515625, 0.189453125, -0.36944580078125
665050, 667.7796630859375, 1000.0, 394.0, 635.0, 254.0, 951.0, 358.0, 921.0, 198.0, 745.0, 1000.0, 773.0, 1000.0, 0.0, 1000.0, 979.0, 999.0, 999.0, 999.0, 999.0, 481.0, 684.0, 0.0, 505.0, 18.619022369384766, -34.671634674072266, -107.72566986083984, -0.5944366455078125, 0.1464080810546875, 0.2981109619140625, 0.732330322265625, -6.748531818389893, 21.470426559448242, -46.957088470458984, 0.9039459228515625, 0.0210418701171875, 0.1935882568359375, -0.3806915283203125
665100, 667.8295288085938, 1000.0, 397.0, 842.0, 279.0, 946.0, 492.0, 935.0, 319.0, 784.0, 1000.0, 761.0, 1000.0, 0.0, 1000.0, 773.0, 999.0, 999.0, 999.0, 999.0, 470.0, 699.0, 0.0, 628.0, 18.738100051879883, -37.29865264892578, -108.07075500488281, -0.591156005859375, 0.1647796630859375, 0.3101348876953125, 0.72607421875, -8.890298843383789, 20.67359733581543, -48.37156677246094, 0.9004058837890625, 0.0037384033203125, 0.194427490234375, -0.3891448974609375
665160, 667.8892822265625, 1000.0, 394.0, 896.0, 329.0, 949.0, 575.0, 947.0, 469.0, 806.0, 1000.0, 632.0, 1000.0, 0.0, 1000.0, 538.0, 999.0, 999.0, 999.0, 999.0, 454.0, 727.0, 0.0, 678.0, 21.788978576660156, -42.07722854614258, -110.62174987792969, -0.577392578125, 0.1894683837890625, 0.345672607421875, 0.7149810791015625, -11.976312637329102, 19.55078887939453, -49.93318557739258, 0.8959808349609375, -0.0219268798828125, 0.19647216796875, -0.3976287841796875
665210, 667.9395141601562, 1000.0, 399.0, 926.0, 359.0, 973.0, 557.0, 964.0, 523.0, 844.0, 1000.0, 488.0, 750.0, 0.0, 666.0, 500.0, 999.0, 999.0, 999.0, 999.0, 448.0, 736.0, 0.0, 664.0, 21.80191421508789, -42.54008102416992, -111.16873168945312, -0.5737762451171875, 0.1942596435546875, 0.346710205078125, 0.7161102294921875, -13.117238998413086, 18.130592346191406, -51.042259216308594, 0.89306640625, -0.0343475341796875, 0.189849853515625, -0.40643310546875
665260, 667.989501953125, 1000.0, 398.0, 946.0, 406.0, 995.0, 582.0, 977.0, 635.0, 887.0, 1000.0, 412.0, 750.0, 0.0, 1000.0, 326.0, 999.0, 999.0, 999.0, 999.0, 440.0, 744.0, 0.0, 672.0, 21.367338180541992, -42.35776138305664, -111.73623657226562, -0.5695648193359375, 0.196868896484375, 0.34228515625, 0.7208709716796875, -14.6278076171875, 16.852754592895508, -52.423709869384766, 0.88848876953125, -0.0487823486328125, 0.1860198974609375, -0.4166259765625
665320, 668.049560546875, 1000.0, 394.0, 970.0, 494.0, 1000.0, 632.0, 991.0, 739.0, 911.0, 1000.0, 326.0, 1000.0, 0.0, 1000.0, 182.0, 999.0, 999.0, 999.0, 999.0, 439.0, 754.0, 0.0, 658.0, 19.160123825073242, -40.896263122558594, -111.51903533935547, -0.5679168701171875, 0.1970367431640625, 0.3227386474609375, 0.7310638427734375, -16.866012573242188, 15.796929359436035, -54.40948486328125, 0.880615234375, -0.067047119140625, 0.1873016357421875, -0.4300079345703125
665370, 668.0995483398438, 1000.0, 391.0, 964.0, 533.0, 1000.0, 672.0, 998.0, 873.0, 897.0, 1000.0, 289.0, 750.0, 0.0, 1000.0, 165.0, 999.0, 999.0, 999.0, 999.0, 438.0, 755.0, 0.0, 668.0, 16.545963287353516, -39.15019226074219, -111.87979125976562, -0.5621337890625, 0.1987457275390625, 0.298004150390625, 0.7454376220703125, -21.200666427612305, 16.832130432128906, -57.1142463684082, 0.866912841796875, -0.091064453125, 0.213348388671875, -0.441162109375
665430, 668.1594848632812, 1000.0, 386.0, 951.0, 549.0, 1000.0, 660.0, 997.0, 773.0, 918.0, 1000.0, 262.0, 750.0, 0.0, 1000.0, 142.0, 999.0, 999.0, 999.0, 999.0, 434.0, 757.0, 0.0, 654.0, 10.79425048828125, -39.9176025390625, -111.63163757324219, -0.5523223876953125, 0.2314453125, 0.264068603515625, 0.7560577392578125, -31.62285041809082, 19.35226821899414, -62.735965728759766, 0.83367919921875, -0.1451568603515625, 0.27789306640625, -0.4546051025390625
665480, 668.2095947265625, 1000.0, 390.0, 913.0, 526.0, 1000.0, 614.0, 1000.0, 697.0, 951.0, 1000.0, 232.0, 750.0, 0.0, 1000.0, 262.0, 999.0, 999.0, 999.0, 999.0, 419.0, 758.0, 0.0, 586.0, -7.3218994140625, -42.25517272949219, -104.3191909790039, -0.5528717041015625, 0.3206024169921875, 0.1736297607421875, 0.749237060546875, -45.96465301513672, 21.056903839111328, -68.8207015991211, 0.78704833984375, -0.2216339111328125, 0.355712890625, -0.45263671875
665530, 668.259521484375, 1000.0, 385.0, 856.0, 573.0, 1000.0, 793.0, 1000.0, 866.0, 959.0, 1000.0, 289.0, 750.0, 0.0, 1000.0, 402.0, 999.0, 999.0, 999.0, 999.0, 401.0, 762.0, 0.0, 623.0, -26.05911636352539, -40.31874465942383, -95.7682876586914, -0.555694580078125, 0.3909912109375, 0.06817626953125, 0.7305145263671875, -58.319766998291016, 21.84682273864746, -73.12543487548828, 0.7436981201171875, -0.2856903076171875, 0.41790771484375, -0.436614990234375
665590, 668.3195190429688, 1000.0, 379.0, 929.0, 583.0, 1000.0, 929.0, 996.0, 942.0, 944.0, 1000.0, 438.0, 750.0, 0.0, 1000.0, 490.0, 999.0, 999.0, 999.0, 999.0, 388.0, 795.0, 0.0, 746.0, -44.715797424316406, -35.05994415283203, -86.90801239013672, -0.561370849609375, 0.45489501953125, -0.0472564697265625, 0.689697265625, -70.37104034423828, 22.271047592163086, -75.99137878417969, 0.700439453125, -0.3483734130859375, 0.4724273681640625, -0.40594482421875
665640, 668.3695678710938, 1000.0, 381.0, 969.0, 570.0, 981.0, 954.0, 983.0, 943.0, 911.0, 1000.0, 487.0, 1000.0, 0.0, 1000.0, 517.0, 999.0, 999.0, 999.0, 999.0, 381.0, 797.0, 0.0, 811.0, -54.05459976196289, -29.709270477294922, -84.2601547241211, -0.560394287109375, 0.4789276123046875, -0.125274658203125, 0.663970947265625, -76.74484252929688, 22.721275329589844, -77.6567153930664, 0.675445556640625, -0.377288818359375, 0.50189208984375, -0.38665771484375
665690, 668.4194946289062, 1000.0, 381.0, 993.0, 527.0, 934.0, 955.0, 951.0, 926.0, 851.0, 1000.0, 474.0, 750.0, 0.0, 1000.0, 457.0, 999.0, 999.0, 999.0, 999.0, 376.0, 780.0, 0.0, 842.0, -60.373653411865234, -25.347671508789062, -83.00167846679688, -0.558502197265625, 0.493072509765625, -0.1830291748046875, 0.6414337158203125, -81.2714614868164, 23.0081787109375, -78.31622314453125, 0.6586151123046875, -0.399261474609375, 0.52032470703125, -0.3688507080078125
665750, 668.4795532226562, 1000.0, 386.0, 955.0, 520.0, 769.0, 939.0, 800.0, 898.0, 714.0, 1000.0, 505.0, 1000.0, 0.0, 1000.0, 675.0, 999.0, 999.0, 999.0, 999.0, 373.0, 724.0, 0.0, 857.0, -69.58457946777344, -13.85694408416748, -82.77489471435547, -0.5661163330078125, 0.4904632568359375, -0.3001708984375, 0.5906219482421875, -84.51850891113281, 24.05772590637207, -77.91678619384766, 0.6509857177734375, -0.414459228515625, 0.533477783203125, -0.3461456298828125
665800, 668.5294799804688, 1000.0, 389.0, 868.0, 511.0, 579.0, 867.0, 671.0, 835.0, 598.0, 1000.0, 536.0, 1000.0, 0.0, 1000.0, 941.0, 999.0, 999.0, 999.0, 999.0, 379.0, 714.0, 0.0, 840.0, -71.69259643554688, -9.311339378356934, -82.422607421875, -0.5764617919921875, 0.4824371337890625, -0.335052490234375, 0.5680389404296875, -87.11040496826172, 24.142738342285156, -78.21300506591797, 0.64080810546875, -0.4272613525390625, 0.5426177978515625, -0.3351898193359375
665860, 668.5895385742188, 1000.0, 389.0, 674.0, 482.0, 525.0, 770.0, 607.0, 718.0, 534.0, 1000.0, 504.0, 750.0, 0.0, 1000.0, 959.0, 999.0, 999.0, 999.0, 999.0, 390.0, 739.0, 0.0, 814.0, -71.34461212158203, -3.830792188644409, -83.75514221191406, -0.5915069580078125, 0.4520721435546875, -0.36883544921875, 0.556488037109375, -85.3271484375, 24.973236083984375, -76.52119445800781, 0.6544647216796875, -0.42108154296875, 0.5345611572265625, -0.32952880859375
665910, 668.6395874023438, 1000.0, 389.0, 570.0, 508.0, 476.0, 757.0, 545.0, 700.0, 496.0, 1000.0, 516.0, 1000.0, 0.0, 1000.0, 920.0, 999.0, 999.0, 999.0, 999.0, 392.0, 734.0, 0.0, 809.0, -68.94271850585938, 1.9685148000717163, -86.86875915527344, -0.6052398681640625, 0.4011993408203125, -0.39935302734375, 0.5596466064453125, -80.96419525146484, 25.877365112304688, -73.2508316040039, 0.681640625, -0.40618896484375, 0.5141448974609375, -0.3255767822265625
665960, 668.6895141601562, 1000.0, 388.0, 538.0, 507.0, 474.0, 756.0, 540.0, 730.0, 492.0, 1000.0, 528.0, 750.0, 0.0, 1000.0, 913.0, 999.0, 999.0, 999.0, 999.0, 391.0, 713.0, 0.0, 802.0, -64.0008544921875, 7.909529685974121, -91.45863342285156, -0.616729736328125, 0.3271484375, -0.41937255859375, 0.5802764892578125, -77.0802001953125, 26.076139450073242, -70.26606750488281, 0.704071044921875, -0.394866943359375, 0.493621826171875, -0.3235626220703125
666020, 668.7495727539062, 1000.0, 386.0, 539.0, 492.0, 588.0, 746.0, 654.0, 720.0, 534.0, 1000.0, 491.0, 1000.0, 0.0, 1000.0, 937.0, 999.0, 999.0, 999.0, 999.0, 392.0, 709.0, 0.0, 780.0, -63.52680969238281, 10.735766410827637, -94.75162506103516, -0.609466552734375, 0.29638671875, -0.4394989013671875, 0.589508056640625, -76.73611450195312, 26.4310302734375, -69.69023895263672, 0.707489013671875, -0.3935089111328125, 0.4923553466796875, -0.31964111328125
666070, 668.7994384765625, 1000.0, 386.0, 542.0, 487.0, 583.0, 739.0, 658.0, 710.0, 542.0, 1000.0, 474.0, 750.0, 0.0, 1000.0, 935.0, 999.0, 999.0, 999.0, 999.0, 387.0, 709.0, 0.0, 769.0, -68.23101043701172, 14.90147590637207, -95.68092346191406, -0.6049041748046875, 0.2936859130859375, -0.4842987060546875, 0.5597076416015625, -78.79133605957031, 26.325170516967773, -70.22129821777344, 0.69866943359375, -0.404327392578125, 0.4993896484375, -0.3145599365234375
666130, 668.859619140625, 1000.0, 385.0, 536.0, 484.0, 582.0, 732.0, 666.0, 694.0, 547.0, 1000.0, 457.0, 750.0, 0.0, 1000.0, 938.0, 999.0, 999.0, 999.0, 999.0, 383.0, 708.0, 0.0, 761.0, -70.77301025390625, 14.715616226196289, -96.53788757324219, -0.593536376953125, 0.3043670654296875, -0.4980926513671875, 0.5540313720703125, -80.85684204101562, 26.26954460144043, -69.9874267578125, 0.6917877197265625, -0.41815185546875, 0.503875732421875, -0.3043975830078125
666180, 668.9093627929688, 1000.0, 386.0, 532.0, 486.0, 579.0, 729.0, 662.0, 690.0, 545.0, 1000.0, 447.0, 1000.0, 0.0, 1000.0, 921.0, 999.0, 999.0, 999.0, 999.0, 380.0, 705.0, 0.0, 758.0, -73.67753601074219, 15.629570007324219, -97.42903137207031, -0.58441162109375, 0.310150146484375, -0.5181427001953125, 0.5420074462890625, -83.11382293701172, 25.29489517211914, -70.87824249267578, 0.6790771484375, -0.432342529296875, 0.5087890625, -0.305023193359375
666210, 668.9600219726562, 1000.0, 384.0, 528.0, 483.0, 579.0, 722.0, 664.0, 681.0, 543.0, 1000.0, 443.0, 1000.0, 0.0, 1000.0, 918.0, 999.0, 999.0, 999.0, 999.0, 379.0, 704.0, 0.0, 757.0, -75.66999816894531, 15.518531799316406, -97.86222839355469, -0.5765380859375, 0.3188934326171875, -0.52825927734375, 0.5355682373046875, -85.31734466552734, 24.84158706665039, -71.77054595947266, 0.66729736328125, -0.4434356689453125, 0.51605224609375, -0.302886962890625
666230, 668.969482421875, 1000.0, 385.0, 524.0, 482.0, 577.0, 720.0, 665.0, 675.0, 543.0, 1000.0, 440.0, 1000.0, 0.0, 1000.0, 920.0, 999.0, 999.0, 999.0, 999.0, 379.0, 703.0, 0.0, 755.0, -76.9562759399414, 15.12109088897705, -98.32797241210938, -0.5693817138671875, 0.3253936767578125, -0.5340118408203125, 0.533599853515625, -86.05610656738281, 24.524394989013672, -71.99659729003906, 0.6631011962890625, -0.4481964111328125, 0.51751708984375, -0.3026123046875
666290, 669.0194702148438, 1000.0, 385.0, 522.0, 480.0, 573.0, 716.0, 666.0, 667.0, 540.0, 1000.0, 432.0, 750.0, 0.0, 1000.0, 917.0, 999.0, 999.0, 999.0, 999.0, 378.0, 702.0, 0.0, 753.0, -77.26118469238281, 14.503809928894043, -98.63199615478516, -0.5649261474609375, 0.3289337158203125, -0.533905029296875, 0.5362701416015625, -84.50300598144531, 23.42856216430664, -71.11504364013672, 0.66900634765625, -0.448211669921875, 0.5051116943359375, -0.3104095458984375
666330, 669.0695190429688, 1000.0, 387.0, 519.0, 478.0, 575.0, 714.0, 668.0, 664.0, 540.0, 1000.0, 425.0, 1000.0, 0.0, 1000.0, 916.0, 999.0, 999.0, 999.0, 999.0, 378.0, 701.0, 0.0, 750.0, -77.40687561035156, 14.255918502807617, -98.11477661132812, -0.5660400390625, 0.33343505859375, -0.5321197509765625, 0.5340728759765625, -85.7244873046875, 24.470489501953125, -71.43833923339844, 0.665740966796875, -0.44903564453125, 0.51422119140625, -0.3011627197265625
666340, 669.0794677734375, 1000.0, 387.0, 518.0, 478.0, 575.0, 713.0, 669.0, 663.0, 540.0, 1000.0, 424.0, 1000.0, 0.0, 1000.0, 916.0, 999.0, 999.0, 999.0, 999.0, 378.0, 701.0, 0.0, 749.0, -77.40433502197266, 14.243560791015625, -98.11392211914062, -0.566009521484375, 0.33349609375, -0.5320587158203125, 0.5341339111328125, -85.78356170654297, 24.37532615661621, -71.4229507446289, 0.6653289794921875, -0.44989013671875, 0.5139007568359375, -0.30133056640625
666400, 669.1295166015625, 1000.0, 390.0, 517.0, 476.0, 576.0, 713.0, 670.0, 660.0, 540.0, 1000.0, 420.0, 1000.0, 0.0, 1000.0, 919.0, 999.0, 999.0, 999.0, 999.0, 378.0, 699.0, 0.0, 745.0, -77.18961334228516, 14.566883087158203, -97.59617614746094, -0.5701751708984375, 0.333038330078125, -0.53082275390625, 0.5312042236328125, -85.19391632080078, 24.999692916870117, -71.36666107177734, 0.669189453125, -0.44378662109375, 0.5148468017578125, -0.3002166748046875
666420, 669.1795043945312, 1000.0, 389.0, 516.0, 476.0, 577.0, 712.0, 671.0, 660.0, 540.0, 1000.0, 418.0, 1000.0, 0.0, 1000.0, 916.0, 999.0, 999.0, 999.0, 999.0, 378.0, 698.0, 0.0, 745.0, -77.14462280273438, 14.606826782226562, -97.43440246582031, -0.571197509765625, 0.333343505859375, -0.530303955078125, 0.5304412841796875, -86.52252197265625, 25.09548568725586, -71.97334289550781, 0.66265869140625, -0.4483184814453125, 0.521087646484375, -0.297210693359375
666450, 669.189453125, 1000.0, 389.0, 515.0, 475.0, 576.0, 712.0, 671.0, 659.0, 541.0, 1000.0, 416.0, 1000.0, 0.0, 1000.0, 916.0, 999.0, 999.0, 999.0, 999.0, 377.0, 697.0, 0.0, 744.0, -77.14240264892578, 14.46967601776123, -97.4146728515625, -0.5708160400390625, 0.3341827392578125, -0.529693603515625, 0.5309295654296875, -86.2992172241211, 24.946022033691406, -71.78217315673828, 0.6636810302734375, -0.4485931396484375, 0.5191192626953125, -0.297943115234375
666500, 669.2398681640625, 1000.0, 389.0, 514.0, 475.0, 564.0, 717.0, 660.0, 667.0, 545.0, 1000.0, 416.0, 1000.0, 0.0, 1000.0, 910.0, 999.0, 999.0, 999.0, 999.0, 376.0, 697.0, 0.0, 743.0, -77.03926849365234, 14.045112609863281, -97.77705383300781, -0.5679473876953125, 0.3343505859375, -0.528594970703125, 0.5349884033203125, -84.10111236572266, 24.16072654724121, -70.8328857421875, 0.6729736328125, -0.443695068359375, 0.506195068359375, -0.306549072265625
666560, 669.2894897460938, 1000.0, 390.0, 515.0, 476.0, 533.0, 732.0, 615.0, 710.0, 543.0, 1000.0, 415.0, 1000.0, 0.0, 1000.0, 906.0, 999.0, 999.0, 999.0, 999.0, 374.0, 695.0, 0.0, 740.0, -77.00652313232422, 14.123442649841309, -97.83538055419922, -0.5680389404296875, 0.3334808349609375, -0.5289154052734375, 0.53509521484375, -84.275390625, 24.02609634399414, -70.63053131103516, 0.67254638671875, -0.4462432861328125, 0.505279541015625, -0.305328369140625
666610, 669.3495483398438, 1000.0, 386.0, 517.0, 479.0, 503.0, 742.0, 590.0, 739.0, 539.0, 1000.0, 417.0, 1000.0, 0.0, 1000.0, 891.0, 999.0, 999.0, 999.0, 999.0, 370.0, 695.0, 0.0, 737.0, -76.21712493896484, 13.929468154907227, -98.03531646728516, -0.5687103271484375, 0.3297271728515625, -0.5250244140625, 0.54052734375, -83.35026550292969, 24.07613182067871, -70.15580749511719, 0.6775054931640625, -0.4426422119140625, 0.501190185546875, -0.3063201904296875
666670, 669.3994750976562, 1000.0, 390.0, 521.0, 478.0, 493.0, 738.0, 579.0, 733.0, 534.0, 1000.0, 416.0, 750.0, 0.0, 1000.0, 890.0, 999.0, 999.0, 999.0, 999.0, 368.0, 695.0, 0.0, 734.0, -75.88529205322266, 14.095257759094238, -97.91964721679688, -0.5707855224609375, 0.3276824951171875, -0.5237884521484375, 0.5407867431640625, -83.49468231201172, 24.566316604614258, -69.75666809082031, 0.679046630859375, -0.442962646484375, 0.5022430419921875, -0.3006591796875
666720, 669.4595336914062, 1000.0, 387.0, 521.0, 479.0, 491.0, 736.0, 576.0, 722.0, 532.0, 1000.0, 408.0, 1000.0, 0.0, 1000.0, 896.0, 999.0, 999.0, 999.0, 999.0, 367.0, 695.0, 0.0, 732.0, -75.74242401123047, 14.652496337890625, -98.09239196777344, -0.572296142578125, 0.32305908203125, -0.52581787109375, 0.5399932861328125, -83.42107391357422, 25.310434341430664, -69.46601867675781, 0.681640625, -0.440338134765625, 0.5042877197265625, -0.295196533203125
666770, 669.509521484375, 1000.0, 388.0, 521.0, 479.0, 489.0, 734.0, 574.0, 717.0, 531.0, 1000.0, 403.0, 750.0, 0.0, 1000.0, 896.0, 999.0, 999.0, 999.0, 999.0, 366.0, 695.0, 0.0, 731.0, -76.06722259521484, 15.408406257629395, -98.33137512207031, -0.5728607177734375, 0.3193359375, -0.5309906005859375, 0.5365447998046875, -83.30937957763672, 25.957111358642578, -69.43196105957031, 0.6834716796875, -0.436798095703125, 0.50677490234375, -0.2919464111328125
666790, 669.5599365234375, 1000.0, 389.0, 520.0, 479.0, 489.0, 733.0, 574.0, 716.0, 530.0, 1000.0, 402.0, 1000.0, 0.0, 1000.0, 895.0, 999.0, 999.0, 999.0, 999.0, 365.0, 695.0, 0.0, 731.0, -76.05250549316406, 15.505824089050293, -98.39090728759766, -0.5729522705078125, 0.3184356689453125, -0.531463623046875, 0.5364990234375, -82.96985626220703, 26.10577964782715, -69.27105712890625, 0.6854705810546875, -0.434783935546875, 0.5059661865234375, -0.2916717529296875
666830, 669.5693969726562, 1000.0, 392.0, 520.0, 480.0, 491.0, 732.0, 576.0, 713.0, 529.0, 1000.0, 401.0, 750.0, 0.0, 1000.0, 895.0, 999.0, 999.0, 999.0, 999.0, 365.0, 695.0, 0.0, 730.0, -76.0859375, 15.593631744384766, -98.45220947265625, -0.5728759765625, 0.3178253173828125, -0.532135009765625, 0.536285400390625, -82.95804595947266, 26.092159271240234, -69.32418060302734, 0.6853485107421875, -0.434539794921875, 0.506072998046875, -0.2921142578125
666880, 669.6196899414062, 1000.0, 391.0, 519.0, 482.0, 494.0, 729.0, 589.0, 701.0, 529.0, 1000.0, 399.0, 750.0, 0.0, 1000.0, 898.0, 999.0, 999.0, 999.0, 999.0, 364.0, 695.0, 0.0, 729.0, -75.99585723876953, 15.718711853027344, -98.54879760742188, -0.5731048583984375, 0.31622314453125, -0.532470703125, 0.5366668701171875, -82.65438842773438, 26.023544311523438, -69.31331634521484, 0.6863861083984375, -0.4330902099609375, 0.50494384765625, -0.29376220703125
666930, 669.6694946289062, 1000.0, 392.0, 518.0, 482.0, 495.0, 727.0, 597.0, 694.0, 529.0, 1000.0, 395.0, 1000.0, 0.0, 1000.0, 899.0, 999.0, 999.0, 999.0, 999.0, 364.0, 695.0, 0.0, 727.0, -76.07061767578125, 15.604945182800293, -98.65516662597656, -0.5720062255859375, 0.316741943359375, -0.5326690673828125, 0.537322998046875, -83.08390045166016, 25.929067611694336, -69.65374755859375, 0.6837005615234375, -0.434600830078125, 0.5069122314453125, -0.2944183349609375
666990, 669.7295532226562, 1000.0, 390.0, 518.0, 484.0, 501.0, 725.0, 610.0, 687.0, 529.0, 1000.0, 394.0, 1000.0, 0.0, 1000.0, 898.0, 999.0, 999.0, 999.0, 999.0, 363.0, 694.0, 0.0, 727.0, -76.10060119628906, 15.58862590789795, -98.68758392333984, -0.57171630859375, 0.31683349609375, -0.5328369140625, 0.53741455078125, -84.05744934082031, 26.45441436767578, -70.24107360839844, 0.6795806884765625, -0.435302734375, 0.5139617919921875, -0.2906951904296875
667040, 669.779541015625, 1000.0, 393.0, 515.0, 485.0, 505.0, 722.0, 614.0, 684.0, 529.0, 1000.0, 392.0, 1000.0, 0.0, 1000.0, 899.0, 999.0, 999.0, 999.0, 999.0, 362.0, 693.0, 0.0, 726.0, -76.40795135498047, 15.63301944732666, -98.7952880859375, -0.5705108642578125, 0.3176116943359375, -0.5347442626953125, 0.5363311767578125, -83.73556518554688, 26.18082618713379, -70.15668487548828, 0.680450439453125, -0.43505859375, 0.5116119384765625, -0.2931365966796875
667100, 669.8395385742188, 1000.0, 390.0, 513.0, 485.0, 502.0, 721.0, 607.0, 682.0, 530.0, 1000.0, 392.0, 750.0, 0.0, 1000.0, 892.0, 999.0, 999.0, 999.0, 999.0, 362.0, 691.0, 0.0, 725.0, -76.59397888183594, 15.490946769714355, -98.7602310180664, -0.569671630859375, 0.3195037841796875, -0.53497314453125, 0.535888671875, -83.8925552368164, 26.193532943725586, -70.16802215576172, 0.6798553466796875, -0.435882568359375, 0.512115478515625, -0.2924346923828125
667150, 669.8893432617188, 1000.0, 391.0, 512.0, 486.0, 502.0, 720.0, 604.0, 681.0, 529.0, 1000.0, 391.0, 1000.0, 0.0, 1000.0, 889.0, 999.0, 999.0, 999.0, 999.0, 361.0, 690.0, 0.0, 725.0, -76.54576873779297, 15.20313549041748, -98.72183227539062, -0.5689849853515625, 0.3210601806640625, -0.5335235595703125, 0.5371246337890625, -83.80973815917969, 25.914596557617188, -69.99211120605469, 0.6800384521484375, -0.4374847412109375, 0.5099945068359375, -0.2932891845703125
