189040, 190.47909545898438, 1000.0,194.0,29.0,32.0,67.0,71.0,0.0,0.0,0.0,1000.0,0.0,750.0,1000.0,1000.0,999.0,999.0,999.0,999.0,999.0,469.0,1000.0,0.0,0.0, 0.09722900390625,0.1501312255859375,-0.1563720703125,0.9713592529296875, 0.6093597412109375,-0.2359466552734375,-0.1167449951171875,0.747894287109375
189050, 190.4890899658203, 1000.0,194.0,29.0,32.0,67.0,71.0,0.0,0.0,0.0,1000.0,0.0,750.0,1000.0,1000.0,999.0,999.0,999.0,999.0,999.0,469.0,1000.0,0.0,0.0, 0.09722900390625,0.1501312255859375,-0.1563720703125,0.9713592529296875, 0.6087646484375,-0.2374114990234375,-0.115234375,0.7481536865234375
189060, 190.4992218017578, 1000.0,194.0,29.0,32.0,67.0,71.0,0.0,0.0,0.0,1000.0,0.0,750.0,1000.0,1000.0,999.0,999.0,999.0,999.0,999.0,469.0,1000.0,0.0,0.0, 0.0967254638671875,0.14947509765625,-0.15716552734375,0.97137451171875, 0.607147216796875,-0.2443389892578125,-0.117431640625,0.74688720703125
189070, 190.50924682617188, 1000.0,193.0,29.0,32.0,67.0,71.0,0.0,0.0,0.0,1000.0,0.0,750.0,1000.0,1000.0,999.0,999.0,999.0,999.0,999.0,469.0,1000.0,0.0,0.0, 0.09625244140625,0.14898681640625,-0.1583251953125,0.9713134765625, 0.606414794921875,-0.2478485107421875,-0.1200714111328125,0.7459259033203125
189080, 190.51937866210938, 1000.0,193.0,29.0,32.0,67.0,71.0,0.0,0.0,0.0,1000.0,0.0,750.0,1000.0,1000.0,999.0,999.0,999.0,999.0,999.0,469.0,1000.0,0.0,0.0, 0.095672607421875,0.1480865478515625,-0.159912109375,0.97125244140625, 0.606353759765625,-0.2496337890625,-0.1243438720703125,0.744659423828125
189090, 190.52940368652344, 1000.0,193.0,29.0,32.0,67.0,71.0,0.0,0.0,0.0,1000.0,0.0,750.0,1000.0,1000.0,999.0,999.0,999.0,999.0,999.0,469.0,1000.0,0.0,0.0, 0.09503173828125,0.1470947265625,-0.161651611328125,0.9711761474609375, 0.6068115234375,-0.24822998046875,-0.125823974609375,0.7445220947265625
189100, 190.5394287109375, 1000.0,194.0,29.0,32.0,67.0,71.0,0.0,0.0,0.0,1000.0,0.0,750.0,1000.0,1000.0,999.0,999.0,999.0,999.0,999.0,468.0,1000.0,0.0,0.0, 0.0944366455078125,0.1462249755859375,-0.1634979248046875,0.9710540771484375, 0.6080780029296875,-0.2424163818359375,-0.1240386962890625,0.745697021484375
189110, 190.54962158203125, 1000.0,194.0,29.0,32.0,67.0,71.0,0.0,0.0,0.0,1000.0,0.0,750.0,1000.0,1000.0,999.0,999.0,999.0,999.0,999.0,468.0,1000.0,0.0,0.0, 0.09429931640625,0.1462249755859375,-0.1634063720703125,0.9710845947265625, 0.6097869873046875,-0.2343902587890625,-0.12115478515625,0.7473297119140625
189120, 190.55941772460938, 1000.0,195.0,29.0,32.0,67.0,71.0,0.0,0.0,0.0,1000.0,0.0,750.0,1000.0,1000.0,999.0,999.0,999.0,999.0,999.0,468.0,1000.0,0.0,0.0, 0.09417724609375,0.14617919921875,-0.163330078125,0.9711151123046875, 0.6097412109375,-0.23345947265625,-0.118865966796875,0.7480316162109375
189130, 190.56956481933594, 1000.0,195.0,29.0,32.0,67.0,71.0,0.0,0.0,0.0,1000.0,0.0,1000.0,1000.0,1000.0,999.0,999.0,999.0,999.0,999.0,468.0,1000.0,0.0,0.0, 0.093902587890625,0.146087646484375,-0.163360595703125,0.9711456298828125, 0.609344482421875,-0.23394775390625,-0.116943359375,0.748504638671875
189140, 190.5792999267578, 1000.0,195.0,29.0,32.0,67.0,71.0,0.0,0.0,0.0,1000.0,0.0,1000.0,1000.0,1000.0,999.0,999.0,999.0,999.0,999.0,467.0,1000.0,0.0,0.0, 0.0937652587890625,0.1460113525390625,-0.16351318359375,0.9711456298828125, 0.6096343994140625,-0.232940673828125,-0.1180877685546875,0.7483978271484375
189150, 190.58950805664062, 1000.0,194.0,29.0,32.0,67.0,70.0,0.0,0.0,0.0,1000.0,0.0,1000.0,1000.0,1000.0,999.0,999.0,999.0,999.0,999.0,467.0,1000.0,0.0,0.0, 0.0937347412109375,0.14593505859375,-0.1636505126953125,0.9711456298828125, 0.609832763671875,-0.2316436767578125,-0.1179351806640625,0.7486724853515625
189160, 190.59954833984375, 1000.0,194.0,29.0,32.0,67.0,70.0,0.0,0.0,0.0,1000.0,0.0,750.0,1000.0,1000.0,999.0,999.0,999.0,999.0,999.0,467.0,1000.0,0.0,0.0, 0.0935821533203125,0.1458587646484375,-0.1637420654296875,0.9711456298828125, 0.6098175048828125,-0.2322845458984375,-0.1202545166015625,0.74810791015625
189170, 190.609375, 1000.0,194.0,29.0,32.0,67.0,70.0,0.0,0.0,0.0,1000.0,0.0,750.0,1000.0,1000.0,999.0,999.0,999.0,999.0,999.0,467.0,1000.0,0.0,0.0, 0.0934600830078125,0.1458282470703125,-0.163726806640625,0.9711761474609375, 0.6098480224609375,-0.2315521240234375,-0.119873046875,0.748382568359375
189180, 190.6195831298828, 1000.0,195.0,29.0,32.0,67.0,70.0,0.0,0.0,0.0,1000.0,0.0,750.0,1000.0,1000.0,999.0,999.0,999.0,999.0,999.0,467.0,1000.0,0.0,0.0, 0.093353271484375,0.1457672119140625,-0.16357421875,0.971221923828125, 0.609375,-0.2333526611328125,-0.120880126953125,0.7480316162109375
189190, 190.62953186035156, 1000.0,195.0,29.0,32.0,67.0,70.0,0.0,0.0,0.0,1000.0,0.0,750.0,1000.0,1000.0,999.0,999.0,999.0,999.0,999.0,466.0,1000.0,0.0,0.0, 0.0932464599609375,0.1457061767578125,-0.1632843017578125,0.971282958984375, 0.6083526611328125,-0.2376708984375,-0.122406005859375,0.7472686767578125
189200, 190.63946533203125, 1000.0,194.0,29.0,32.0,67.0,71.0,0.0,0.0,0.0,1000.0,0.0,750.0,1000.0,1000.0,999.0,999.0,999.0,999.0,999.0,467.0,1000.0,0.0,0.0, 0.0931854248046875,0.1457366943359375,-0.1629638671875,0.971343994140625, 0.608428955078125,-0.237518310546875,-0.123687744140625,0.7470550537109375
189210, 190.64968872070312, 1000.0,194.0,29.0,32.0,67.0,70.0,0.0,0.0,0.0,1000.0,0.0,750.0,1000.0,1000.0,999.0,999.0,999.0,999.0,999.0,466.0,1000.0,0.0,0.0, 0.0931243896484375,0.1458587646484375,-0.16265869140625,0.97137451171875, 0.6076507568359375,-0.240020751953125,-0.1233062744140625,0.7469482421875
189220, 190.65957641601562, 1000.0,194.0,29.0,32.0,67.0,70.0,0.0,0.0,0.0,1000.0,0.0,750.0,1000.0,1000.0,999.0,999.0,999.0,999.0,999.0,466.0,1000.0,0.0,0.0, 0.093048095703125,0.1459503173828125,-0.1624755859375,0.971405029296875, 0.607574462890625,-0.2399749755859375,-0.12335205078125,0.74700927734375
189230, 190.6696014404297, 1000.0,193.0,29.0,32.0,67.0,70.0,0.0,0.0,0.0,1000.0,0.0,750.0,1000.0,1000.0,999.0,999.0,999.0,999.0,999.0,466.0,1000.0,0.0,0.0, 0.09295654296875,0.1460113525390625,-0.1623687744140625,0.9714202880859375, 0.6075439453125,-0.239837646484375,-0.12335205078125,0.7470855712890625
189240, 190.6793212890625, 1000.0,193.0,29.0,32.0,67.0,70.0,0.0,0.0,0.0,1000.0,0.0,750.0,1000.0,1000.0,999.0,999.0,999.0,999.0,999.0,466.0,1000.0,0.0,0.0, 0.09283447265625,0.145904541015625,-0.1623077392578125,0.9714508056640625, 0.6074981689453125,-0.239654541015625,-0.123260498046875,0.7471923828125
189250, 190.68939208984375, 1000.0,194.0,29.0,32.0,67.0,70.0,0.0,0.0,0.0,1000.0,0.0,750.0,1000.0,1000.0,999.0,999.0,999.0,999.0,999.0,466.0,1000.0,0.0,0.0, 0.0927276611328125,0.1457672119140625,-0.1622314453125,0.97149658203125, 0.607513427734375,-0.239349365234375,-0.12322998046875,0.747283935546875
189260, 190.6995849609375, 1000.0,194.0,29.0,32.0,67.0,70.0,0.0,0.0,0.0,1000.0,0.0,750.0,1000.0,1000.0,999.0,999.0,999.0,999.0,999.0,466.0,1000.0,0.0,0.0, 0.0926055908203125,0.1456146240234375,-0.1621856689453125,0.9715423583984375, 0.60748291015625,-0.23931884765625,-0.1233062744140625,0.747314453125
189270, 190.71102905273438, 1000.0,193.0,29.0,32.0,67.0,70.0,0.0,0.0,0.0,1000.0,0.0,1000.0,1000.0,1000.0,999.0,999.0,999.0,999.0,999.0,466.0,1000.0,0.0,0.0, 0.092437744140625,0.145416259765625,-0.1622467041015625,0.9715728759765625, 0.6075286865234375,-0.2389678955078125,-0.123321533203125,0.74737548828125
189280, 190.71939086914062, 1000.0,193.0,29.0,32.0,67.0,70.0,0.0,0.0,0.0,1000.0,0.0,1000.0,1000.0,1000.0,999.0,999.0,999.0,999.0,999.0,466.0,1000.0,0.0,0.0, 0.0923004150390625,0.1454010009765625,-0.162353515625,0.9715728759765625, 0.6074676513671875,-0.23931884765625,-0.1233673095703125,0.747314453125
189290, 190.72970581054688, 1000.0,193.0,29.0,31.0,67.0,70.0,0.0,0.0,0.0,1000.0,0.0,750.0,1000.0,1000.0,999.0,999.0,999.0,999.0,999.0,466.0,1000.0,0.0,0.0, 0.0921630859375,0.14544677734375,-0.162506103515625,0.9715576171875, 0.60748291015625,-0.2393035888671875,-0.123291015625,0.7472991943359375
189300, 190.73947143554688, 1000.0,194.0,29.0,31.0,67.0,70.0,0.0,0.0,0.0,1000.0,0.0,750.0,1000.0,1000.0,999.0,999.0,999.0,999.0,999.0,465.0,1000.0,0.0,0.0, 0.0920257568359375,0.1454010009765625,-0.16259765625,0.9715576171875, 0.607421875,-0.2396697998046875,-0.12298583984375,0.7472991943359375
189310, 190.7493896484375, 1000.0,194.0,28.0,31.0,67.0,70.0,0.0,0.0,0.0,1000.0,0.0,750.0,1000.0,1000.0,999.0,999.0,999.0,999.0,999.0,465.0,1000.0,0.0,0.0, 0.091888427734375,0.145263671875,-0.1626434326171875,0.971588134765625, 0.607666015625,-0.2385101318359375,-0.1222991943359375,0.7475738525390625
189320, 190.75961303710938, 1000.0,194.0,28.0,31.0,67.0,70.0,0.0,0.0,0.0,1000.0,0.0,750.0,1000.0,1000.0,999.0,999.0,999.0,999.0,999.0,465.0,1000.0,0.0,0.0, 0.091888427734375,0.145263671875,-0.1626434326171875,0.971588134765625, 0.6077117919921875,-0.2380828857421875,-0.121612548828125,0.7477874755859375
189330, 190.7696075439453, 1000.0,193.0,28.0,31.0,67.0,70.0,0.0,0.0,0.0,1000.0,0.0,1000.0,1000.0,666.0,999.0,999.0,999.0,999.0,999.0,465.0,1000.0,0.0,0.0, 0.09185791015625,0.145416259765625,-0.1620941162109375,0.9716644287109375, 0.607757568359375,-0.2380218505859375,-0.1217803955078125,0.74774169921875
189340, 190.7793426513672, 1000.0,192.0,28.0,31.0,67.0,70.0,0.0,0.0,0.0,1000.0,0.0,750.0,1000.0,666.0,999.0,999.0,999.0,999.0,999.0,465.0,1000.0,0.0,0.0, 0.0918121337890625,0.1455230712890625,-0.16192626953125,0.9716796875, 0.607757568359375,-0.2380218505859375,-0.1218719482421875,0.74774169921875
189350, 190.78948974609375, 1000.0,192.0,28.0,31.0,67.0,70.0,0.0,0.0,0.0,1000.0,0.0,750.0,1000.0,666.0,999.0,999.0,999.0,999.0,999.0,465.0,1000.0,0.0,0.0, 0.0918121337890625,0.1455230712890625,-0.16192626953125,0.9716796875, 0.6077728271484375,-0.237823486328125,-0.1214752197265625,0.7478485107421875
189360, 190.79965209960938, 1000.0,192.0,28.0,31.0,67.0,70.0,0.0,0.0,0.0,1000.0,0.0,750.0,1000.0,1000.0,999.0,999.0,999.0,999.0,999.0,465.0,1000.0,0.0,0.0, 0.091583251953125,0.145416259765625,-0.1618194580078125,0.9717254638671875, 0.6078338623046875,-0.2375030517578125,-0.1212615966796875,0.7479248046875
189370, 190.80946350097656, 1000.0,191.0,28.0,31.0,67.0,70.0,0.0,0.0,0.0,1000.0,0.0,750.0,1000.0,1000.0,999.0,999.0,999.0,999.0,999.0,465.0,1000.0,0.0,0.0, 0.091461181640625,0.1452484130859375,-0.161895751953125,0.9717559814453125, 0.6081085205078125,-0.2368621826171875,-0.121978759765625,0.7477874755859375
189380, 190.8223876953125, 1000.0,191.0,28.0,31.0,67.0,70.0,0.0,0.0,0.0,1000.0,0.0,750.0,1000.0,1000.0,999.0,999.0,999.0,999.0,999.0,465.0,1000.0,0.0,0.0, 0.0913543701171875,0.14495849609375,-0.161895751953125,0.9718017578125, 0.6082916259765625,-0.236114501953125,-0.12152099609375,0.747955322265625
189390, 190.8293914794922, 1000.0,190.0,28.0,31.0,67.0,70.0,0.0,0.0,0.0,1000.0,0.0,750.0,1000.0,1000.0,999.0,999.0,999.0,999.0,999.0,465.0,1000.0,0.0,0.0, 0.0912322998046875,0.1446380615234375,-0.1617279052734375,0.971893310546875, 0.6083984375,-0.2359161376953125,-0.121673583984375,0.7479095458984375
189400, 190.83956909179688, 1000.0,191.0,28.0,31.0,67.0,70.0,0.0,0.0,0.0,1000.0,0.0,750.0,1000.0,1000.0,999.0,999.0,999.0,999.0,999.0,465.0,1000.0,0.0,0.0, 0.09112548828125,0.144378662109375,-0.1613006591796875,0.972015380859375, 0.6085357666015625,-0.23492431640625,-0.120452880859375,0.7483062744140625
189410, 190.84925842285156, 1000.0,192.0,28.0,31.0,67.0,70.0,0.0,0.0,0.0,1000.0,0.0,1000.0,1000.0,1000.0,999.0,999.0,999.0,999.0,999.0,465.0,1000.0,0.0,0.0, 0.0910186767578125,0.1442413330078125,-0.1611480712890625,0.972076416015625, 0.6083831787109375,-0.234832763671875,-0.119049072265625,0.7486724853515625
189420, 190.8596954345703, 1000.0,194.0,28.0,31.0,67.0,70.0,0.0,0.0,0.0,1000.0,0.0,1000.0,1000.0,1000.0,999.0,999.0,999.0,999.0,999.0,464.0,1000.0,0.0,0.0, 0.0909881591796875,0.14410400390625,-0.16119384765625,0.9720916748046875, 0.608367919921875,-0.2353057861328125,-0.12017822265625,0.7483673095703125
189430, 190.8695526123047, 1000.0,195.0,28.0,31.0,67.0,70.0,0.0,0.0,0.0,1000.0,0.0,750.0,1000.0,1000.0,999.0,999.0,999.0,999.0,999.0,464.0,1000.0,0.0,0.0, 0.0908203125,0.1439971923828125,-0.1612548828125,0.97210693359375, 0.608734130859375,-0.2340240478515625,-0.12060546875,0.7483978271484375
189440, 190.8793487548828, 1000.0,195.0,28.0,31.0,67.0,70.0,0.0,0.0,0.0,1000.0,0.0,750.0,1000.0,1000.0,999.0,999.0,999.0,999.0,999.0,464.0,1000.0,0.0,0.0, 0.090728759765625,0.144195556640625,-0.1611480712890625,0.97210693359375, 0.6087799072265625,-0.2334747314453125,-0.1200408935546875,0.748626708984375
189450, 190.88949584960938, 1000.0,195.0,28.0,31.0,67.0,70.0,0.0,0.0,0.0,1000.0,0.0,750.0,1000.0,1000.0,999.0,999.0,999.0,999.0,999.0,464.0,1000.0,0.0,0.0, 0.0906982421875,0.1445465087890625,-0.1608734130859375,0.97210693359375, 0.608612060546875,-0.2336273193359375,-0.1189117431640625,0.7488861083984375
189460, 190.8994598388672, 1000.0,194.0,28.0,31.0,67.0,70.0,0.0,0.0,0.0,1000.0,0.0,750.0,1000.0,1000.0,999.0,999.0,999.0,999.0,999.0,464.0,1000.0,0.0,0.0, 0.0906524658203125,0.1448211669921875,-0.16070556640625,0.9720916748046875, 0.608734130859375,-0.2332305908203125,-0.1194305419921875,0.74884033203125
189470, 190.9093780517578, 1000.0,194.0,28.0,31.0,67.0,70.0,0.0,0.0,0.0,1000.0,0.0,750.0,1000.0,1000.0,999.0,999.0,999.0,999.0,999.0,464.0,1000.0,0.0,0.0, 0.0905914306640625,0.1451873779296875,-0.1605682373046875,0.9720611572265625, 0.6083984375,-0.2343902587890625,-0.1193695068359375,0.748748779296875
189480, 190.91957092285156, 1000.0,193.0,28.0,31.0,67.0,70.0,0.0,0.0,0.0,1000.0,0.0,750.0,1000.0,1000.0,999.0,999.0,999.0,999.0,999.0,464.0,1000.0,0.0,0.0, 0.0905303955078125,0.1455078125,-0.1604461669921875,0.9720458984375, 0.608245849609375,-0.23486328125,-0.1192169189453125,0.7487640380859375
189490, 190.92950439453125, 1000.0,192.0,28.0,31.0,67.0,70.0,0.0,0.0,0.0,1000.0,0.0,750.0,1000.0,1000.0,999.0,999.0,999.0,999.0,999.0,464.0,1000.0,0.0,0.0, 0.0904083251953125,0.145721435546875,-0.16046142578125,0.972015380859375, 0.60791015625,-0.2358245849609375,-0.1185760498046875,0.7488250732421875
189500, 190.93946838378906, 1000.0,192.0,28.0,31.0,67.0,70.0,0.0,0.0,0.0,1000.0,0.0,750.0,1000.0,1000.0,999.0,999.0,999.0,999.0,999.0,464.0,1000.0,0.0,0.0, 0.0902557373046875,0.1457061767578125,-0.1604461669921875,0.9720306396484375, 0.6080169677734375,-0.235931396484375,-0.1195831298828125,0.7485504150390625
189510, 190.94937133789062, 1000.0,193.0,28.0,31.0,67.0,70.0,0.0,0.0,0.0,1000.0,0.0,750.0,1000.0,1000.0,999.0,999.0,999.0,999.0,999.0,464.0,1000.0,0.0,0.0, 0.090118408203125,0.1456451416015625,-0.160369873046875,0.972076416015625, 0.608001708984375,-0.2361907958984375,-0.120147705078125,0.748382568359375
189520, 190.9596405029297, 1000.0,193.0,28.0,31.0,67.0,70.0,0.0,0.0,0.0,1000.0,0.0,750.0,1000.0,1000.0,999.0,999.0,999.0,999.0,999.0,464.0,1000.0,0.0,0.0, 0.0899810791015625,0.14556884765625,-0.16021728515625,0.9721221923828125, 0.6076507568359375,-0.23822021484375,-0.1214447021484375,0.7478179931640625
189530, 190.9695587158203, 1000.0,193.0,28.0,31.0,66.0,70.0,0.0,0.0,0.0,1000.0,0.0,750.0,1000.0,1000.0,999.0,999.0,999.0,999.0,999.0,464.0,1000.0,0.0,0.0, 0.08984375,0.1456298828125,-0.160186767578125,0.972137451171875, 0.60772705078125,-0.2382659912109375,-0.12225341796875,0.7476043701171875
189540, 190.98292541503906, 1000.0,193.0,28.0,31.0,67.0,70.0,0.0,0.0,0.0,1000.0,0.0,750.0,1000.0,1000.0,999.0,999.0,999.0,999.0,999.0,464.0,1000.0,0.0,0.0, 0.0896759033203125,0.1454925537109375,-0.160430908203125,0.9721221923828125, 0.607574462890625,-0.2383270263671875,-0.120697021484375,0.7479705810546875
189550, 190.98947143554688, 1000.0,194.0,28.0,31.0,67.0,70.0,0.0,0.0,0.0,1000.0,0.0,750.0,1000.0,1000.0,999.0,999.0,999.0,999.0,999.0,463.0,1000.0,0.0,0.0, 0.0894317626953125,0.14501953125,-0.1606903076171875,0.9721832275390625, 0.6085662841796875,-0.23455810546875,-0.1206817626953125,0.74835205078125
189560, 190.9996795654297, 1000.0,195.0,28.0,31.0,66.0,69.0,0.0,0.0,0.0,1000.0,0.0,750.0,1000.0,1000.0,999.0,999.0,999.0,999.0,999.0,463.0,1000.0,0.0,0.0, 0.0892791748046875,0.1448822021484375,-0.1608734130859375,0.9721832275390625, 0.60894775390625,-0.2321319580078125,-0.1183624267578125,0.749176025390625
189570, 191.0094451904297, 1000.0,195.0,28.0,31.0,66.0,69.0,0.0,0.0,0.0,1000.0,0.0,750.0,1000.0,1000.0,999.0,999.0,999.0,999.0,999.0,463.0,1000.0,0.0,0.0, 0.08917236328125,0.144927978515625,-0.16070556640625,0.9722137451171875, 0.6089019775390625,-0.2318267822265625,-0.11712646484375,0.7494964599609375
189580, 191.01939392089844, 1000.0,195.0,28.0,31.0,66.0,69.0,0.0,0.0,0.0,1000.0,0.0,750.0,1000.0,1000.0,999.0,999.0,999.0,999.0,999.0,463.0,1000.0,0.0,0.0, 0.08905029296875,0.1451416015625,-0.1606903076171875,0.972198486328125, 0.6082611083984375,-0.23529052734375,-0.119110107421875,0.748626708984375
189590, 191.02975463867188, 1000.0,195.0,28.0,31.0,66.0,69.0,0.0,0.0,0.0,1000.0,0.0,750.0,1000.0,1000.0,999.0,999.0,999.0,999.0,999.0,463.0,1000.0,0.0,0.0, 0.0889739990234375,0.1453704833984375,-0.160552978515625,0.9721832275390625, 0.607635498046875,-0.238677978515625,-0.1214141845703125,0.7476959228515625
189600, 191.0395965576172, 1000.0,194.0,27.0,31.0,66.0,69.0,0.0,0.0,0.0,1000.0,0.0,750.0,1000.0,1000.0,999.0,999.0,999.0,999.0,999.0,463.0,1000.0,0.0,0.0, 0.0888519287109375,0.1453704833984375,-0.160614013671875,0.9721832275390625, 0.6078948974609375,-0.2378692626953125,-0.121978759765625,0.747650146484375
189610, 191.04945373535156, 1000.0,194.0,27.0,31.0,66.0,69.0,0.0,0.0,0.0,1000.0,0.0,750.0,1000.0,1000.0,999.0,999.0,999.0,999.0,999.0,463.0,1000.0,0.0,0.0, 0.0888519287109375,0.1453704833984375,-0.160614013671875,0.9721832275390625, 0.608062744140625,-0.236785888671875,-0.121337890625,0.747955322265625
189620, 191.05950927734375, 1000.0,194.0,27.0,31.0,66.0,70.0,0.0,0.0,0.0,1000.0,0.0,750.0,1000.0,1000.0,999.0,999.0,999.0,999.0,999.0,463.0,1000.0,0.0,0.0, 0.0885467529296875,0.1453399658203125,-0.1607513427734375,0.972198486328125, 0.6077880859375,-0.2376556396484375,-0.12091064453125,0.74798583984375
189630, 191.06961059570312, 1000.0,193.0,27.0,31.0,66.0,70.0,0.0,0.0,0.0,1000.0,0.0,750.0,1000.0,1000.0,999.0,999.0,999.0,999.0,999.0,463.0,1000.0,0.0,0.0, 0.088409423828125,0.145355224609375,-0.1608123779296875,0.972198486328125, 0.6073760986328125,-0.2388153076171875,-0.119842529296875,0.7481231689453125
189640, 191.07937622070312, 1000.0,193.0,27.0,31.0,66.0,69.0,0.0,0.0,0.0,1000.0,0.0,750.0,1000.0,1000.0,999.0,999.0,999.0,999.0,999.0,463.0,1000.0,0.0,0.0, 0.0882568359375,0.145355224609375,-0.1608734130859375,0.972198486328125, 0.607513427734375,-0.2388153076171875,-0.120941162109375,0.7478179931640625
189650, 191.08937072753906, 1000.0,194.0,27.0,31.0,66.0,69.0,0.0,0.0,0.0,1000.0,0.0,1000.0,1000.0,1000.0,999.0,999.0,999.0,999.0,999.0,463.0,1000.0,0.0,0.0, 0.088134765625,0.1453704833984375,-0.1609039306640625,0.9722137451171875, 0.607177734375,-0.2399749755859375,-0.120208740234375,0.7478485107421875
189660, 191.09962463378906, 1000.0,194.0,27.0,31.0,66.0,69.0,0.0,0.0,0.0,1000.0,0.0,1000.0,1000.0,1000.0,999.0,999.0,999.0,999.0,999.0,463.0,1000.0,0.0,0.0, 0.0879974365234375,0.1454010009765625,-0.16094970703125,0.9722137451171875, 0.607666015625,-0.23931884765625,-0.1224365234375,0.7472991943359375
189670, 191.1094207763672, 1000.0,194.0,27.0,31.0,66.0,69.0,0.0,0.0,0.0,1000.0,0.0,750.0,1000.0,1000.0,999.0,999.0,999.0,999.0,999.0,463.0,1000.0,0.0,0.0, 0.08782958984375,0.1454010009765625,-0.1609954833984375,0.9722137451171875, 0.60760498046875,-0.240264892578125,-0.12347412109375,0.7468719482421875
189680, 191.119384765625, 1000.0,194.0,27.0,31.0,66.0,69.0,0.0,0.0,0.0,1000.0,0.0,750.0,1000.0,1000.0,999.0,999.0,999.0,999.0,999.0,463.0,1000.0,0.0,0.0, 0.087677001953125,0.145355224609375,-0.161041259765625,0.97222900390625, 0.607940673828125,-0.23858642578125,-0.122314453125,0.7473297119140625
189690, 191.12936401367188, 1000.0,193.0,27.0,31.0,66.0,69.0,0.0,0.0,0.0,1000.0,0.0,750.0,1000.0,1000.0,999.0,999.0,999.0,999.0,999.0,463.0,1000.0,0.0,0.0, 0.0875396728515625,0.1452484130859375,-0.1610870361328125,0.9722442626953125, 0.6091156005859375,-0.2322845458984375,-0.1185455322265625,0.74896240234375
189700, 191.14491271972656, 1000.0,193.0,27.0,31.0,66.0,69.0,0.0,0.0,0.0,1000.0,0.0,1000.0,1000.0,1000.0,999.0,999.0,999.0,999.0,999.0,462.0,1000.0,0.0,0.0, 0.0872344970703125,0.1450958251953125,-0.161407470703125,0.9722442626953125, 0.60870361328125,-0.2348785400390625,-0.1209716796875,0.7480926513671875
189710, 191.1493377685547, 1000.0,193.0,27.0,31.0,66.0,69.0,0.0,0.0,0.0,1000.0,0.0,1000.0,1000.0,1000.0,999.0,999.0,999.0,999.0,999.0,462.0,1000.0,0.0,0.0, 0.0872039794921875,0.1450347900390625,-0.1614990234375,0.9722442626953125, 0.6087188720703125,-0.2363433837890625,-0.1244049072265625,0.7470703125
189720, 191.15933227539062, 1000.0,193.0,27.0,31.0,66.0,69.0,0.0,0.0,0.0,1000.0,0.0,1000.0,1000.0,1000.0,999.0,999.0,999.0,999.0,999.0,462.0,1000.0,0.0,0.0, 0.087005615234375,0.14495849609375,-0.16162109375,0.9722442626953125, 0.608734130859375,-0.2362060546875,-0.124359130859375,0.747100830078125
189730, 191.1696319580078, 1000.0,194.0,27.0,31.0,66.0,69.0,0.0,0.0,0.0,1000.0,0.0,1000.0,1000.0,1000.0,999.0,999.0,999.0,999.0,999.0,462.0,1000.0,0.0,0.0, 0.0868682861328125,0.145111083984375,-0.1616668701171875,0.97222900390625, 0.6087646484375,-0.2360687255859375,-0.124237060546875,0.7471466064453125
189740, 191.1793975830078, 1000.0,194.0,27.0,31.0,66.0,69.0,0.0,0.0,0.0,1000.0,0.0,1000.0,1000.0,1000.0,999.0,999.0,999.0,999.0,999.0,462.0,1000.0,0.0,0.0, 0.0867767333984375,0.145355224609375,-0.1617889404296875,0.9721832275390625, 0.6087799072265625,-0.235870361328125,-0.1240234375,0.747222900390625
189750, 191.18939208984375, 1000.0,194.0,27.0,31.0,66.0,69.0,0.0,0.0,0.0,1000.0,0.0,1000.0,1000.0,1000.0,999.0,999.0,999.0,999.0,999.0,462.0,1000.0,0.0,0.0, 0.086639404296875,0.145599365234375,-0.161834716796875,0.9721527099609375, 0.6087646484375,-0.2357330322265625,-0.1238555908203125,0.7472991943359375
189760, 191.19937133789062, 1000.0,194.0,27.0,31.0,66.0,69.0,0.0,0.0,0.0,1000.0,0.0,1000.0,1000.0,1000.0,999.0,999.0,999.0,999.0,999.0,462.0,1000.0,0.0,0.0, 0.086517333984375,0.1458892822265625,-0.1618194580078125,0.9721221923828125, 0.6087493896484375,-0.23565673828125,-0.123809814453125,0.747344970703125
189770, 191.20921325683594, 1000.0,194.0,27.0,31.0,66.0,69.0,0.0,0.0,0.0,1000.0,0.0,1000.0,1000.0,1000.0,999.0,999.0,999.0,999.0,999.0,461.0,1000.0,0.0,0.0, 0.0864105224609375,0.1461944580078125,-0.161773681640625,0.9720916748046875, 0.608642578125,-0.235809326171875,-0.1235504150390625,0.7474365234375
189780, 191.2191925048828, 1000.0,194.0,27.0,31.0,66.0,69.0,0.0,0.0,0.0,1000.0,0.0,750.0,1000.0,1000.0,999.0,999.0,999.0,999.0,999.0,461.0,1000.0,0.0,0.0, 0.0863189697265625,0.146484375,-0.1616973876953125,0.972076416015625, 0.6085205078125,-0.2361602783203125,-0.1235198974609375,0.7474212646484375
189790, 191.22914123535156, 1000.0,195.0,27.0,31.0,66.0,69.0,0.0,0.0,0.0,1000.0,0.0,750.0,1000.0,1000.0,999.0,999.0,999.0,999.0,999.0,461.0,1000.0,0.0,0.0, 0.086181640625,0.1466827392578125,-0.1615753173828125,0.972076416015625, 0.6084136962890625,-0.236480712890625,-0.1234588623046875,0.7474212646484375
189800, 191.2391815185547, 1000.0,195.0,27.0,30.0,66.0,69.0,0.0,0.0,0.0,1000.0,0.0,750.0,1000.0,1000.0,999.0,999.0,999.0,999.0,999.0,461.0,1000.0,0.0,0.0, 0.0860748291015625,0.1468658447265625,-0.1613922119140625,0.9720916748046875, 0.6083526611328125,-0.23651123046875,-0.1234588623046875,0.747467041015625
189810, 191.25311279296875, 1000.0,193.0,27.0,30.0,66.0,69.0,0.0,0.0,0.0,1000.0,0.0,1000.0,1000.0,1000.0,999.0,999.0,999.0,999.0,999.0,461.0,1000.0,0.0,0.0, 0.0859375,0.14691162109375,-0.161102294921875,0.972137451171875, 0.6082916259765625,-0.2364044189453125,-0.1227874755859375,0.747650146484375
189820, 191.25918579101562, 1000.0,193.0,27.0,31.0,66.0,69.0,0.0,0.0,0.0,1000.0,0.0,1000.0,1000.0,1000.0,999.0,999.0,999.0,999.0,999.0,461.0,1000.0,0.0,0.0, 0.0858306884765625,0.1469573974609375,-0.160858154296875,0.9721832275390625, 0.6082611083984375,-0.2362518310546875,-0.1222991943359375,0.747802734375
189830, 191.26919555664062, 1000.0,193.0,27.0,31.0,66.0,69.0,0.0,0.0,0.0,1000.0,0.0,1000.0,1000.0,1000.0,999.0,999.0,999.0,999.0,999.0,461.0,1000.0,0.0,0.0, 0.085723876953125,0.146942138671875,-0.16070556640625,0.9722137451171875, 0.6081695556640625,-0.236541748046875,-0.122161865234375,0.7478179931640625
189840, 191.279296875, 1000.0,193.0,27.0,31.0,66.0,69.0,0.0,0.0,0.0,1000.0,0.0,1000.0,1000.0,1000.0,999.0,999.0,999.0,999.0,999.0,461.0,1000.0,0.0,0.0, 0.0856170654296875,0.1469879150390625,-0.160675048828125,0.97222900390625, 0.6082000732421875,-0.2364501953125,-0.1219635009765625,0.74786376953125
189850, 191.2892303466797, 1000.0,193.0,27.0,30.0,66.0,69.0,0.0,0.0,0.0,1000.0,0.0,750.0,1000.0,1000.0,999.0,999.0,999.0,999.0,999.0,461.0,1000.0,0.0,0.0, 0.0854644775390625,0.146881103515625,-0.1606903076171875,0.972259521484375, 0.608184814453125,-0.23651123046875,-0.1219024658203125,0.7478485107421875
189860, 191.2994384765625, 1000.0,193.0,27.0,30.0,66.0,69.0,0.0,0.0,0.0,1000.0,0.0,750.0,1000.0,1000.0,999.0,999.0,999.0,999.0,999.0,461.0,1000.0,0.0,0.0, 0.08526611328125,0.146728515625,-0.1609344482421875,0.972259521484375, 0.6082305908203125,-0.236572265625,-0.1221771240234375,0.7477569580078125
189870, 191.30917358398438, 1000.0,194.0,27.0,30.0,66.0,69.0,0.0,0.0,0.0,1000.0,0.0,750.0,1000.0,1000.0,999.0,999.0,999.0,999.0,999.0,461.0,1000.0,0.0,0.0, 0.0850982666015625,0.1466217041015625,-0.1611480712890625,0.9722442626953125, 0.608062744140625,-0.2370147705078125,-0.1213836669921875,0.7478790283203125
189880, 191.31932067871094, 1000.0,194.0,27.0,30.0,66.0,69.0,0.0,0.0,0.0,1000.0,0.0,750.0,1000.0,1000.0,999.0,999.0,999.0,999.0,999.0,461.0,1000.0,0.0,0.0, 0.0849761962890625,0.1463623046875,-0.1611175537109375,0.9723052978515625, 0.6081390380859375,-0.2368621826171875,-0.121368408203125,0.7478790283203125
189890, 191.3293914794922, 1000.0,193.0,27.0,30.0,65.0,69.0,0.0,0.0,0.0,1000.0,0.0,750.0,1000.0,1000.0,999.0,999.0,999.0,999.0,999.0,461.0,1000.0,0.0,0.0, 0.0848541259765625,0.14630126953125,-0.1611785888671875,0.972320556640625, 0.60833740234375,-0.2358551025390625,-0.120635986328125,0.7481536865234375
189900, 191.33929443359375, 1000.0,193.0,27.0,30.0,65.0,69.0,0.0,0.0,0.0,1000.0,0.0,1000.0,1000.0,1000.0,999.0,999.0,999.0,999.0,999.0,461.0,1000.0,0.0,0.0, 0.084747314453125,0.1461029052734375,-0.161102294921875,0.9723663330078125, 0.60858154296875,-0.2347869873046875,-0.1201934814453125,0.74835205078125
189910, 191.34933471679688, 1000.0,193.0,27.0,30.0,65.0,69.0,0.0,0.0,0.0,1000.0,0.0,1000.0,1000.0,1000.0,999.0,999.0,999.0,999.0,999.0,461.0,1000.0,0.0,0.0, 0.084747314453125,0.1461029052734375,-0.161102294921875,0.9723663330078125, 0.608642578125,-0.2346649169921875,-0.1201934814453125,0.7483367919921875
189920, 191.35910034179688, 1000.0,192.0,27.0,30.0,66.0,68.0,0.0,0.0,0.0,1000.0,0.0,750.0,1000.0,1000.0,999.0,999.0,999.0,999.0,999.0,460.0,1000.0,0.0,0.0, 0.0845489501953125,0.146148681640625,-0.161102294921875,0.972381591796875, 0.6087646484375,-0.2342681884765625,-0.1201934814453125,0.7483673095703125
189930, 191.3693084716797, 1000.0,190.0,27.0,30.0,65.0,68.0,0.0,0.0,0.0,1000.0,0.0,750.0,1000.0,1000.0,999.0,999.0,999.0,999.0,999.0,460.0,1000.0,0.0,0.0, 0.0844573974609375,0.14599609375,-0.160888671875,0.972442626953125, 0.60882568359375,-0.23406982421875,-0.1203460693359375,0.74835205078125
189940, 191.37928771972656, 1000.0,190.0,27.0,30.0,65.0,68.0,0.0,0.0,0.0,1000.0,0.0,750.0,1000.0,1000.0,999.0,999.0,999.0,999.0,999.0,460.0,1000.0,0.0,0.0, 0.0843505859375,0.1458892822265625,-0.16070556640625,0.972503662109375, 0.608673095703125,-0.234649658203125,-0.1202392578125,0.7483062744140625
189950, 191.38929748535156, 1000.0,191.0,27.0,30.0,65.0,68.0,0.0,0.0,0.0,1000.0,0.0,750.0,1000.0,1000.0,999.0,999.0,999.0,999.0,999.0,460.0,1000.0,0.0,0.0, 0.084259033203125,0.146026611328125,-0.1605987548828125,0.972503662109375, 0.6084136962890625,-0.235809326171875,-0.12054443359375,0.74810791015625
189960, 191.3993377685547, 1000.0,192.0,27.0,30.0,65.0,68.0,0.0,0.0,0.0,1000.0,0.0,750.0,1000.0,1000.0,999.0,999.0,999.0,999.0,999.0,460.0,1000.0,0.0,0.0, 0.0841522216796875,0.1461334228515625,-0.1604461669921875,0.9725189208984375, 0.6083984375,-0.23590087890625,-0.1207275390625,0.7480621337890625
189970, 191.41619873046875, 1000.0,191.0,27.0,30.0,65.0,68.0,0.0,0.0,0.0,1000.0,0.0,1000.0,1000.0,1000.0,999.0,999.0,999.0,999.0,999.0,460.0,1000.0,0.0,0.0, 0.08380126953125,0.146392822265625,-0.1609649658203125,0.9724273681640625, 0.608245849609375,-0.2362060546875,-0.120086669921875,0.748199462890625
189980, 191.41958618164062, 1000.0,191.0,27.0,30.0,65.0,68.0,0.0,0.0,0.0,1000.0,0.0,1000.0,1000.0,1000.0,999.0,999.0,999.0,999.0,999.0,460.0,1000.0,0.0,0.0, 0.08380126953125,0.1463470458984375,-0.16094970703125,0.972442626953125, 0.6084747314453125,-0.2357330322265625,-0.121063232421875,0.7480010986328125
189990, 191.42929077148438, 1000.0,191.0,27.0,30.0,65.0,68.0,0.0,0.0,0.0,1000.0,0.0,1000.0,1000.0,1000.0,999.0,999.0,999.0,999.0,999.0,460.0,1000.0,0.0,0.0, 0.083465576171875,0.1465911865234375,-0.16119384765625,0.972381591796875, 0.60809326171875,-0.237213134765625,-0.12115478515625,0.7478179931640625
190000, 191.43923950195312, 1000.0,191.0,27.0,30.0,65.0,68.0,0.0,0.0,0.0,1000.0,0.0,1000.0,1000.0,1000.0,999.0,999.0,999.0,999.0,999.0,460.0,1000.0,0.0,0.0, 0.0832977294921875,0.146759033203125,-0.16143798828125,0.9723358154296875, 0.6078643798828125,-0.238189697265625,-0.12158203125,0.7476348876953125
190010, 191.4494171142578, 1000.0,192.0,27.0,30.0,65.0,68.0,0.0,0.0,0.0,1000.0,0.0,750.0,1000.0,1000.0,999.0,999.0,999.0,999.0,999.0,460.0,1000.0,0.0,0.0, 0.0832672119140625,0.1468658447265625,-0.1617584228515625,0.9722747802734375, 0.60784912109375,-0.238555908203125,-0.1223602294921875,0.747406005859375
190020, 191.4593963623047, 1000.0,192.0,27.0,30.0,65.0,68.0,0.0,0.0,0.0,1000.0,0.0,750.0,1000.0,1000.0,999.0,999.0,999.0,999.0,999.0,460.0,1000.0,0.0,0.0, 0.0830841064453125,0.1469573974609375,-0.16204833984375,0.97222900390625, 0.6077728271484375,-0.2385406494140625,-0.12176513671875,0.7475738525390625
190030, 191.46939086914062, 1000.0,192.0,27.0,30.0,65.0,68.0,0.0,0.0,0.0,1000.0,0.0,750.0,1000.0,1000.0,999.0,999.0,999.0,999.0,999.0,460.0,1000.0,0.0,0.0, 0.0828704833984375,0.146881103515625,-0.1622314453125,0.97222900390625, 0.6079254150390625,-0.237396240234375,-0.1206817626953125,0.74798583984375
190040, 191.47933959960938, 1000.0,192.0,27.0,30.0,65.0,68.0,0.0,0.0,0.0,1000.0,0.0,750.0,1000.0,1000.0,999.0,999.0,999.0,999.0,999.0,460.0,1000.0,0.0,0.0, 0.082672119140625,0.146881103515625,-0.1623382568359375,0.9722137451171875, 0.6081085205078125,-0.235992431640625,-0.1191253662109375,0.74853515625
190050, 191.489501953125, 1000.0,192.0,27.0,30.0,65.0,68.0,0.0,0.0,0.0,1000.0,0.0,750.0,1000.0,1000.0,999.0,999.0,999.0,999.0,999.0,460.0,1000.0,0.0,0.0, 0.082550048828125,0.146881103515625,-0.1622161865234375,0.972259521484375, 0.607879638671875,-0.2368011474609375,-0.1188812255859375,0.7484893798828125
190060, 191.4995574951172, 1000.0,192.0,27.0,30.0,65.0,68.0,0.0,0.0,0.0,1000.0,0.0,750.0,1000.0,1000.0,999.0,999.0,999.0,999.0,999.0,460.0,1000.0,0.0,0.0, 0.08245849609375,0.1467742919921875,-0.1616973876953125,0.9723663330078125, 0.6079254150390625,-0.236663818359375,-0.11895751953125,0.7484893798828125
190070, 191.50936889648438, 1000.0,192.0,27.0,30.0,65.0,68.0,0.0,0.0,0.0,1000.0,0.0,750.0,1000.0,1000.0,999.0,999.0,999.0,999.0,999.0,460.0,1000.0,0.0,0.0, 0.0823974609375,0.1465301513671875,-0.1610107421875,0.9725189208984375, 0.60791015625,-0.2370452880859375,-0.11956787109375,0.748291015625
190080, 191.52682495117188, 1000.0,192.0,27.0,30.0,65.0,68.0,0.0,0.0,0.0,1000.0,0.0,750.0,1000.0,1000.0,999.0,999.0,999.0,999.0,999.0,460.0,1000.0,0.0,0.0, 0.0822906494140625,0.14630126953125,-0.16070556640625,0.9726104736328125, 0.6076507568359375,-0.238800048828125,-0.1212158203125,0.7476654052734375
190090, 191.53018188476562, 1000.0,192.0,26.0,30.0,65.0,68.0,0.0,0.0,0.0,1000.0,0.0,750.0,1000.0,1000.0,999.0,999.0,999.0,999.0,999.0,460.0,1000.0,0.0,0.0, 0.0821380615234375,0.146087646484375,-0.1606292724609375,0.9726715087890625, 0.6082305908203125,-0.23779296875,-0.12371826171875,0.7471160888671875
190100, 191.53945922851562, 1000.0,193.0,27.0,30.0,65.0,68.0,0.0,0.0,0.0,1000.0,0.0,750.0,1000.0,1000.0,999.0,999.0,999.0,999.0,999.0,460.0,1000.0,0.0,0.0, 0.082000732421875,0.1461181640625,-0.1606292724609375,0.9726715087890625, 0.6082763671875,-0.23712158203125,-0.122314453125,0.747528076171875
190110, 191.5493621826172, 1000.0,193.0,27.0,30.0,65.0,68.0,0.0,0.0,0.0,1000.0,0.0,750.0,1000.0,1000.0,999.0,999.0,999.0,999.0,999.0,460.0,1000.0,0.0,0.0, 0.0818939208984375,0.1461181640625,-0.1605987548828125,0.972686767578125, 0.6080474853515625,-0.23736572265625,-0.120758056640625,0.7478790283203125
190120, 191.5596160888672, 1000.0,193.0,27.0,30.0,65.0,68.0,0.0,0.0,0.0,1000.0,0.0,750.0,1000.0,1000.0,999.0,999.0,999.0,999.0,999.0,460.0,1000.0,0.0,0.0, 0.0817718505859375,0.1461181640625,-0.1606292724609375,0.9727020263671875, 0.6080322265625,-0.2369537353515625,-0.11932373046875,0.748260498046875
190130, 191.56956481933594, 1000.0,193.0,27.0,30.0,65.0,68.0,0.0,0.0,0.0,1000.0,0.0,750.0,1000.0,1000.0,999.0,999.0,999.0,999.0,999.0,460.0,1000.0,0.0,0.0, 0.0816650390625,0.1461334228515625,-0.1606903076171875,0.972686767578125, 0.608612060546875,-0.2352447509765625,-0.1205902099609375,0.74810791015625
190140, 191.57933044433594, 1000.0,193.0,26.0,30.0,65.0,68.0,0.0,0.0,0.0,1000.0,0.0,1000.0,1000.0,1000.0,999.0,999.0,999.0,999.0,999.0,460.0,1000.0,0.0,0.0, 0.0815582275390625,0.1461334228515625,-0.160736083984375,0.9727020263671875, 0.6087799072265625,-0.2347564697265625,-0.120697021484375,0.7481231689453125
190150, 191.58950805664062, 1000.0,192.0,26.0,30.0,65.0,68.0,0.0,0.0,0.0,1000.0,0.0,1000.0,1000.0,666.0,999.0,999.0,999.0,999.0,999.0,460.0,1000.0,0.0,0.0, 0.081451416015625,0.146087646484375,-0.160797119140625,0.9727020263671875, 0.609375,-0.2325286865234375,-0.1208343505859375,0.7483062744140625
190160, 191.5995635986328, 1000.0,193.0,27.0,30.0,65.0,68.0,0.0,0.0,0.0,1000.0,0.0,1000.0,1000.0,666.0,999.0,999.0,999.0,999.0,999.0,460.0,1000.0,0.0,0.0, 0.081329345703125,0.14605712890625,-0.160919189453125,0.9727020263671875, 0.60845947265625,-0.235931396484375,-0.119903564453125,0.748138427734375
190170, 191.60935974121094, 1000.0,193.0,26.0,30.0,65.0,67.0,0.0,0.0,0.0,1000.0,0.0,750.0,1000.0,1000.0,999.0,999.0,999.0,999.0,999.0,459.0,1000.0,0.0,0.0, 0.0812225341796875,0.14605712890625,-0.1610260009765625,0.972686767578125, 0.608001708984375,-0.23809814453125,-0.120635986328125,0.7476959228515625
190180, 191.61956787109375, 1000.0,193.0,26.0,30.0,65.0,67.0,0.0,0.0,0.0,1000.0,0.0,750.0,1000.0,1000.0,999.0,999.0,999.0,999.0,999.0,459.0,1000.0,0.0,0.0, 0.0812225341796875,0.14605712890625,-0.1610260009765625,0.972686767578125, 0.6078338623046875,-0.2379608154296875,-0.118865966796875,0.7481689453125
190190, 191.6304931640625, 1000.0,193.0,26.0,30.0,65.0,67.0,0.0,0.0,0.0,1000.0,0.0,750.0,1000.0,1000.0,999.0,999.0,999.0,999.0,999.0,459.0,1000.0,0.0,0.0, 0.08099365234375,0.1461639404296875,-0.1611480712890625,0.9726715087890625, 0.608154296875,-0.23724365234375,-0.1201629638671875,0.7479248046875
190200, 191.6394805908203, 1000.0,193.0,27.0,30.0,65.0,68.0,0.0,0.0,0.0,1000.0,0.0,750.0,1000.0,1000.0,999.0,999.0,999.0,999.0,999.0,459.0,1000.0,0.0,0.0, 0.080902099609375,0.146270751953125,-0.1611480712890625,0.97265625, 0.608551025390625,-0.235137939453125,-0.1192474365234375,0.7484130859375
190210, 191.64939880371094, 1000.0,193.0,27.0,30.0,65.0,68.0,0.0,0.0,0.0,1000.0,0.0,750.0,1000.0,1000.0,999.0,999.0,999.0,999.0,999.0,459.0,1000.0,0.0,0.0, 0.080902099609375,0.146270751953125,-0.1611480712890625,0.97265625, 0.6088409423828125,-0.234222412109375,-0.119903564453125,0.7483673095703125
190220, 191.6595001220703, 1000.0,193.0,26.0,30.0,65.0,67.0,0.0,0.0,0.0,1000.0,0.0,750.0,1000.0,1000.0,999.0,999.0,999.0,999.0,999.0,459.0,1000.0,0.0,0.0, 0.08062744140625,0.1463623046875,-0.161102294921875,0.9726715087890625, 0.60882568359375,-0.234222412109375,-0.1199493408203125,0.7483673095703125
190230, 191.66949462890625, 1000.0,193.0,26.0,30.0,65.0,67.0,0.0,0.0,0.0,1000.0,0.0,750.0,1000.0,1000.0,999.0,999.0,999.0,999.0,999.0,459.0,1000.0,0.0,0.0, 0.0805511474609375,0.1463775634765625,-0.160919189453125,0.97271728515625, 0.608795166015625,-0.2343292236328125,-0.12005615234375,0.7483367919921875
190240, 191.68875122070312, 1000.0,192.0,26.0,30.0,65.0,68.0,0.0,0.0,0.0,1000.0,0.0,1000.0,1000.0,1000.0,999.0,999.0,999.0,999.0,999.0,459.0,1000.0,0.0,0.0, 0.0803985595703125,0.146484375,-0.1607513427734375,0.9727325439453125, 0.6087646484375,-0.2344818115234375,-0.120208740234375,0.7483062744140625
190250, 191.6920166015625, 1000.0,191.0,26.0,30.0,65.0,68.0,0.0,0.0,0.0,1000.0,0.0,1000.0,1000.0,1000.0,999.0,999.0,999.0,999.0,999.0,459.0,1000.0,0.0,0.0, 0.080291748046875,0.146697998046875,-0.1606903076171875,0.97271728515625, 0.6087188720703125,-0.2347259521484375,-0.120330810546875,0.74822998046875
190260, 191.7094268798828, 1000.0,191.0,26.0,30.0,65.0,67.0,0.0,0.0,0.0,1000.0,0.0,750.0,1000.0,666.0,999.0,999.0,999.0,999.0,999.0,459.0,1000.0,0.0,0.0, 0.0800628662109375,0.1470794677734375,-0.160736083984375,0.9726715087890625, 0.608734130859375,-0.23468017578125,-0.12042236328125,0.74822998046875
190270, 191.71937561035156, 1000.0,192.0,26.0,30.0,65.0,67.0,0.0,0.0,0.0,1000.0,0.0,1000.0,1000.0,666.0,999.0,999.0,999.0,999.0,999.0,459.0,1000.0,0.0,0.0, 0.079925537109375,0.1472625732421875,-0.16082763671875,0.9726409912109375, 0.6087646484375,-0.23455810546875,-0.1204986572265625,0.74822998046875
190280, 191.7293243408203, 1000.0,193.0,26.0,30.0,65.0,67.0,0.0,0.0,0.0,1000.0,0.0,750.0,1000.0,1000.0,999.0,999.0,999.0,999.0,999.0,459.0,1000.0,0.0,0.0, 0.079925537109375,0.14739990234375,-0.1609649658203125,0.9726104736328125, 0.608734130859375,-0.2345428466796875,-0.1204986572265625,0.7482452392578125
190290, 191.73947143554688, 1000.0,194.0,26.0,30.0,65.0,67.0,0.0,0.0,0.0,1000.0,0.0,750.0,1000.0,1000.0,999.0,999.0,999.0,999.0,999.0,459.0,1000.0,0.0,0.0, 0.0797576904296875,0.1474761962890625,-0.1610870361328125,0.9725799560546875, 0.6087188720703125,-0.2347412109375,-0.120697021484375,0.7481842041015625
190300, 191.74932861328125, 1000.0,194.0,26.0,30.0,65.0,67.0,0.0,0.0,0.0,1000.0,0.0,750.0,1000.0,1000.0,999.0,999.0,999.0,999.0,999.0,459.0,1000.0,0.0,0.0, 0.0796356201171875,0.147491455078125,-0.1611328125,0.9725799560546875, 0.608734130859375,-0.234649658203125,-0.1207275390625,0.7481842041015625
190310, 191.75936889648438, 1000.0,194.0,26.0,30.0,65.0,67.0,0.0,0.0,0.0,1000.0,0.0,750.0,1000.0,1000.0,999.0,999.0,999.0,999.0,999.0,459.0,1000.0,0.0,0.0, 0.0795135498046875,0.147613525390625,-0.16119384765625,0.972564697265625, 0.6085968017578125,-0.235260009765625,-0.12109375,0.748046875
190320, 191.76950073242188, 1000.0,194.0,26.0,30.0,65.0,67.0,0.0,0.0,0.0,1000.0,0.0,750.0,1000.0,1000.0,999.0,999.0,999.0,999.0,999.0,459.0,1000.0,0.0,0.0, 0.07940673828125,0.14764404296875,-0.1613311767578125,0.9725494384765625, 0.608642578125,-0.2353057861328125,-0.1215972900390625,0.7479248046875
190330, 191.77932739257812, 1000.0,193.0,26.0,30.0,65.0,67.0,0.0,0.0,0.0,1000.0,0.0,750.0,1000.0,1000.0,999.0,999.0,999.0,999.0,999.0,459.0,1000.0,0.0,0.0, 0.0792694091796875,0.1476287841796875,-0.1613922119140625,0.9725494384765625, 0.6085357666015625,-0.235809326171875,-0.12152099609375,0.74786376953125
190340, 191.78936767578125, 1000.0,192.0,26.0,30.0,64.0,67.0,0.0,0.0,0.0,1000.0,0.0,750.0,1000.0,1000.0,999.0,999.0,999.0,999.0,999.0,459.0,1000.0,0.0,0.0, 0.07916259765625,0.1476287841796875,-0.1613922119140625,0.972564697265625, 0.6087646484375,-0.235260009765625,-0.122283935546875,0.747711181640625
190350, 191.79934692382812, 1000.0,191.0,26.0,30.0,64.0,67.0,0.0,0.0,0.0,1000.0,0.0,750.0,1000.0,1000.0,999.0,999.0,999.0,999.0,999.0,459.0,1000.0,0.0,0.0, 0.0791168212890625,0.147705078125,-0.1612091064453125,0.9725799560546875, 0.6089324951171875,-0.2343902587890625,-0.1215667724609375,0.7479705810546875
190360, 191.8094024658203, 1000.0,191.0,26.0,30.0,64.0,67.0,0.0,0.0,0.0,1000.0,0.0,750.0,1000.0,1000.0,999.0,999.0,999.0,999.0,999.0,458.0,1000.0,0.0,0.0, 0.079071044921875,0.147796630859375,-0.160919189453125,0.972625732421875, 0.608856201171875,-0.2345123291015625,-0.120849609375,0.74810791015625
190370, 191.81947326660156, 1000.0,190.0,26.0,30.0,64.0,67.0,0.0,0.0,0.0,1000.0,0.0,750.0,1000.0,1000.0,999.0,999.0,999.0,999.0,999.0,458.0,1000.0,0.0,0.0, 0.07904052734375,0.1479034423828125,-0.16058349609375,0.97265625, 0.608917236328125,-0.2341766357421875,-0.120391845703125,0.74822998046875
190380, 191.8294219970703, 1000.0,191.0,26.0,30.0,64.0,67.0,0.0,0.0,0.0,1000.0,0.0,750.0,1000.0,1000.0,999.0,999.0,999.0,999.0,999.0,458.0,1000.0,0.0,0.0, 0.0789794921875,0.1478118896484375,-0.1602325439453125,0.9727325439453125, 0.6086578369140625,-0.2350311279296875,-0.119842529296875,0.7482757568359375
190390, 191.83934020996094, 1000.0,191.0,26.0,30.0,64.0,67.0,0.0,0.0,0.0,1000.0,0.0,750.0,1000.0,1000.0,999.0,999.0,999.0,999.0,999.0,458.0,1000.0,0.0,0.0, 0.0789337158203125,0.14794921875,-0.159942626953125,0.9727630615234375, 0.6086273193359375,-0.23577880859375,-0.1210174560546875,0.7478790283203125
190400, 191.8494873046875, 1000.0,191.0,26.0,30.0,64.0,67.0,0.0,0.0,0.0,1000.0,0.0,750.0,1000.0,1000.0,999.0,999.0,999.0,999.0,999.0,458.0,1000.0,0.0,0.0, 0.0788421630859375,0.1480712890625,-0.159881591796875,0.9727630615234375, 0.6084136962890625,-0.2366180419921875,-0.121002197265625,0.747772216796875
190410, 191.85935974121094, 1000.0,191.0,26.0,30.0,64.0,67.0,0.0,0.0,0.0,1000.0,0.0,750.0,1000.0,1000.0,999.0,999.0,999.0,999.0,999.0,458.0,1000.0,0.0,0.0, 0.0787506103515625,0.1479949951171875,-0.159912109375,0.9727783203125, 0.6083526611328125,-0.2367401123046875,-0.1207122802734375,0.747833251953125
190420, 191.8694610595703, 1000.0,191.0,26.0,30.0,64.0,67.0,0.0,0.0,0.0,1000.0,0.0,750.0,1000.0,1000.0,999.0,999.0,999.0,999.0,999.0,458.0,1000.0,0.0,0.0, 0.078643798828125,0.1483154296875,-0.160064697265625,0.97271728515625, 0.60870361328125,-0.23529052734375,-0.12066650390625,0.748016357421875
190430, 191.87957763671875, 1000.0,191.0,26.0,30.0,64.0,67.0,0.0,0.0,0.0,1000.0,0.0,750.0,1000.0,1000.0,999.0,999.0,999.0,999.0,999.0,458.0,1000.0,0.0,0.0, 0.07855224609375,0.14849853515625,-0.160064697265625,0.9727020263671875, 0.6086578369140625,-0.2352142333984375,-0.1199188232421875,0.748199462890625
190440, 191.88955688476562, 1000.0,191.0,26.0,30.0,64.0,67.0,0.0,0.0,0.0,1000.0,0.0,750.0,1000.0,1000.0,999.0,999.0,999.0,999.0,999.0,458.0,1000.0,0.0,0.0, 0.0784454345703125,0.1484832763671875,-0.1598358154296875,0.972747802734375, 0.60882568359375,-0.23419189453125,-0.119354248046875,0.74847412109375
190450, 191.89939880371094, 1000.0,191.0,26.0,30.0,64.0,67.0,0.0,0.0,0.0,1000.0,0.0,750.0,1000.0,1000.0,999.0,999.0,999.0,999.0,999.0,458.0,1000.0,0.0,0.0, 0.0783233642578125,0.148468017578125,-0.159759521484375,0.9727783203125, 0.608367919921875,-0.23590087890625,-0.1190185546875,0.7483673095703125
190460, 191.90963745117188, 1000.0,192.0,26.0,30.0,64.0,67.0,0.0,0.0,0.0,1000.0,0.0,750.0,1000.0,1000.0,999.0,999.0,999.0,999.0,999.0,458.0,1000.0,0.0,0.0, 0.078125,0.1483001708984375,-0.160003662109375,0.9727783203125, 0.6085357666015625,-0.2355804443359375,-0.1198883056640625,0.7481842041015625
190470, 191.9196319580078, 1000.0,192.0,26.0,30.0,64.0,67.0,0.0,0.0,0.0,1000.0,0.0,750.0,1000.0,1000.0,999.0,999.0,999.0,999.0,999.0,458.0,1000.0,0.0,0.0, 0.078125,0.1483001708984375,-0.160003662109375,0.9727783203125, 0.608306884765625,-0.2367095947265625,-0.120208740234375,0.7479705810546875
190480, 191.92933654785156, 1000.0,192.0,26.0,30.0,65.0,67.0,0.0,0.0,0.0,1000.0,0.0,750.0,1000.0,1000.0,999.0,999.0,999.0,999.0,999.0,458.0,1000.0,0.0,0.0, 0.0778045654296875,0.1483154296875,-0.1602783203125,0.972747802734375, 0.608795166015625,-0.2350311279296875,-0.1207275390625,0.748016357421875
190490, 191.93936157226562, 1000.0,191.0,26.0,30.0,65.0,67.0,0.0,0.0,0.0,1000.0,0.0,750.0,1000.0,1000.0,999.0,999.0,999.0,999.0,999.0,458.0,1000.0,0.0,0.0, 0.0775909423828125,0.1481475830078125,-0.16046142578125,0.9727630615234375, 0.608612060546875,-0.234954833984375,-0.1189117431640625,0.74847412109375
190500, 191.94952392578125, 1000.0,191.0,26.0,30.0,65.0,67.0,0.0,0.0,0.0,1000.0,0.0,750.0,1000.0,1000.0,999.0,999.0,999.0,999.0,999.0,458.0,1000.0,0.0,0.0, 0.077423095703125,0.147979736328125,-0.160552978515625,0.9727783203125, 0.608673095703125,-0.2342987060546875,-0.118408203125,0.74871826171875
190510, 191.96070861816406, 1000.0,190.0,26.0,30.0,65.0,67.0,0.0,0.0,0.0,1000.0,0.0,750.0,1000.0,1000.0,999.0,999.0,999.0,999.0,999.0,458.0,1000.0,0.0,0.0, 0.077301025390625,0.147979736328125,-0.1604461669921875,0.972808837890625, 0.6088104248046875,-0.2343292236328125,-0.119873046875,0.7483673095703125
190520, 191.96934509277344, 1000.0,190.0,26.0,30.0,65.0,67.0,0.0,0.0,0.0,1000.0,0.0,750.0,1000.0,1000.0,999.0,999.0,999.0,999.0,999.0,458.0,1000.0,0.0,0.0, 0.0771942138671875,0.1478424072265625,-0.1601715087890625,0.9728851318359375, 0.60833740234375,-0.2360076904296875,-0.119537353515625,0.7482757568359375
190530, 191.97950744628906, 1000.0,189.0,26.0,30.0,65.0,67.0,0.0,0.0,0.0,1000.0,0.0,750.0,1000.0,1000.0,999.0,999.0,999.0,999.0,999.0,458.0,1000.0,0.0,0.0, 0.0769195556640625,0.1477508544921875,-0.1598968505859375,0.97296142578125, 0.608428955078125,-0.2356109619140625,-0.1195220947265625,0.748321533203125
190540, 191.98947143554688, 1000.0,189.0,26.0,30.0,65.0,67.0,0.0,0.0,0.0,1000.0,0.0,750.0,1000.0,1000.0,999.0,999.0,999.0,999.0,999.0,458.0,1000.0,0.0,0.0, 0.0769195556640625,0.1477508544921875,-0.1598968505859375,0.97296142578125, 0.60845947265625,-0.23541259765625,-0.119476318359375,0.7483673095703125
190550, 191.99935913085938, 1000.0,189.0,26.0,30.0,65.0,67.0,0.0,0.0,0.0,1000.0,0.0,1000.0,1000.0,1000.0,999.0,999.0,999.0,999.0,999.0,458.0,1000.0,0.0,0.0, 0.0767974853515625,0.1478729248046875,-0.1597442626953125,0.9729766845703125, 0.6082916259765625,-0.2361602783203125,-0.1196746826171875,0.7482452392578125
190560, 192.00962829589844, 1000.0,189.0,25.0,30.0,64.0,67.0,0.0,0.0,0.0,1000.0,0.0,750.0,1000.0,1000.0,999.0,999.0,999.0,999.0,999.0,458.0,1000.0,0.0,0.0, 0.07659912109375,0.14825439453125,-0.1595611572265625,0.9729766845703125, 0.6082000732421875,-0.2373504638671875,-0.1216278076171875,0.74761962890625
190570, 192.01954650878906, 1000.0,189.0,25.0,30.0,64.0,67.0,0.0,0.0,0.0,1000.0,0.0,750.0,1000.0,1000.0,999.0,999.0,999.0,999.0,999.0,458.0,1000.0,0.0,0.0, 0.076629638671875,0.148345947265625,-0.1595001220703125,0.97296142578125, 0.60797119140625,-0.2380218505859375,-0.1208343505859375,0.7477264404296875
190580, 192.0293426513672, 1000.0,190.0,25.0,30.0,64.0,67.0,0.0,0.0,0.0,1000.0,0.0,750.0,1000.0,1000.0,999.0,999.0,999.0,999.0,999.0,458.0,1000.0,0.0,0.0, 0.07647705078125,0.148193359375,-0.15948486328125,0.9730072021484375, 0.607757568359375,-0.238983154296875,-0.120880126953125,0.747589111328125
190590, 192.03948974609375, 1000.0,190.0,25.0,30.0,64.0,67.0,0.0,0.0,0.0,1000.0,0.0,750.0,1000.0,1000.0,999.0,999.0,999.0,999.0,999.0,457.0,1000.0,0.0,0.0, 0.0763092041015625,0.1479339599609375,-0.1595458984375,0.973052978515625, 0.6075439453125,-0.2401885986328125,-0.1217041015625,0.7472381591796875
190600, 192.049560546875, 1000.0,190.0,25.0,30.0,64.0,66.0,0.0,0.0,0.0,1000.0,0.0,1000.0,1000.0,1000.0,999.0,999.0,999.0,999.0,999.0,458.0,1000.0,0.0,0.0, 0.076202392578125,0.1479644775390625,-0.1595306396484375,0.973052978515625, 0.6080780029296875,-0.238189697265625,-0.121734619140625,0.7474365234375
190610, 192.05938720703125, 1000.0,190.0,25.0,30.0,64.0,66.0,0.0,0.0,0.0,1000.0,0.0,750.0,1000.0,1000.0,999.0,999.0,999.0,999.0,999.0,458.0,1000.0,0.0,0.0, 0.076080322265625,0.1479644775390625,-0.1595458984375,0.973052978515625, 0.60833740234375,-0.2380828857421875,-0.123565673828125,0.7469635009765625
190620, 192.07044982910156, 1000.0,191.0,25.0,30.0,64.0,66.0,0.0,0.0,0.0,1000.0,0.0,750.0,1000.0,1000.0,999.0,999.0,999.0,999.0,999.0,458.0,1000.0,0.0,0.0, 0.0759735107421875,0.1479644775390625,-0.15960693359375,0.973052978515625, 0.608978271484375,-0.234588623046875,-0.121124267578125,0.7479400634765625
190630, 192.07948303222656, 1000.0,191.0,25.0,30.0,64.0,66.0,0.0,0.0,0.0,1000.0,0.0,750.0,1000.0,1000.0,999.0,999.0,999.0,999.0,999.0,458.0,1000.0,0.0,0.0, 0.07586669921875,0.14794921875,-0.1596527099609375,0.973052978515625, 0.6090087890625,-0.235260009765625,-0.122711181640625,0.7474517822265625
190640, 192.0895538330078, 1000.0,190.0,25.0,30.0,64.0,66.0,0.0,0.0,0.0,1000.0,0.0,750.0,1000.0,1000.0,999.0,999.0,999.0,999.0,999.0,457.0,1000.0,0.0,0.0, 0.07574462890625,0.147918701171875,-0.159698486328125,0.9730682373046875, 0.6092071533203125,-0.23455810546875,-0.1226806640625,0.7475128173828125
190650, 192.09938049316406, 1000.0,190.0,25.0,30.0,64.0,67.0,0.0,0.0,0.0,1000.0,0.0,750.0,1000.0,1000.0,999.0,999.0,999.0,999.0,999.0,458.0,1000.0,0.0,0.0, 0.0756378173828125,0.147857666015625,-0.159759521484375,0.9730682373046875, 0.6092529296875,-0.2335357666015625,-0.120391845703125,0.7481689453125
190660, 192.10955810546875, 1000.0,190.0,25.0,30.0,64.0,67.0,0.0,0.0,0.0,1000.0,0.0,1000.0,1000.0,1000.0,999.0,999.0,999.0,999.0,999.0,457.0,1000.0,0.0,0.0, 0.075531005859375,0.147796630859375,-0.159820556640625,0.97308349609375, 0.6094970703125,-0.231231689453125,-0.1171722412109375,0.7491912841796875
190670, 192.11959838867188, 1000.0,189.0,25.0,30.0,65.0,67.0,0.0,0.0,0.0,1000.0,0.0,750.0,1000.0,1000.0,999.0,999.0,999.0,999.0,999.0,457.0,1000.0,0.0,0.0, 0.075408935546875,0.1477813720703125,-0.1598968505859375,0.97308349609375, 0.60888671875,-0.232391357421875,-0.1143798828125,0.7497711181640625
190680, 192.1293487548828, 1000.0,189.0,25.0,30.0,64.0,67.0,0.0,0.0,0.0,1000.0,0.0,750.0,1000.0,1000.0,999.0,999.0,999.0,999.0,999.0,457.0,1000.0,0.0,0.0, 0.0752716064453125,0.147705078125,-0.1599884033203125,0.97308349609375, 0.6086578369140625,-0.2349395751953125,-0.118072509765625,0.7485809326171875
190690, 192.13949584960938, 1000.0,190.0,25.0,30.0,64.0,67.0,0.0,0.0,0.0,1000.0,0.0,750.0,1000.0,1000.0,999.0,999.0,999.0,999.0,999.0,457.0,1000.0,0.0,0.0, 0.0751495361328125,0.1476287841796875,-0.1600189208984375,0.9730987548828125, 0.6085205078125,-0.2378997802734375,-0.1234893798828125,0.74688720703125
190700, 192.1495361328125, 1000.0,190.0,25.0,30.0,64.0,67.0,0.0,0.0,0.0,1000.0,0.0,750.0,1000.0,1000.0,999.0,999.0,999.0,999.0,999.0,457.0,1000.0,0.0,0.0, 0.07501220703125,0.1476593017578125,-0.159942626953125,0.9731292724609375, 0.609130859375,-0.2352142333984375,-0.1225738525390625,0.7473907470703125
190710, 192.15940856933594, 1000.0,191.0,25.0,30.0,64.0,67.0,0.0,0.0,0.0,1000.0,0.0,750.0,1000.0,1000.0,999.0,999.0,999.0,999.0,999.0,457.0,1000.0,0.0,0.0, 0.0749053955078125,0.1476898193359375,-0.1598358154296875,0.97314453125, 0.6090850830078125,-0.2344512939453125,-0.1205596923828125,0.74798583984375
190720, 192.1694793701172, 1000.0,191.0,25.0,30.0,64.0,67.0,0.0,0.0,0.0,1000.0,0.0,1000.0,1000.0,1000.0,999.0,999.0,999.0,999.0,999.0,457.0,1000.0,0.0,0.0, 0.0748138427734375,0.1476898193359375,-0.1597442626953125,0.9731597900390625, 0.609039306640625,-0.234527587890625,-0.12060546875,0.74798583984375
190730, 192.17950439453125, 1000.0,191.0,25.0,30.0,65.0,67.0,0.0,0.0,0.0,1000.0,0.0,1000.0,1000.0,1000.0,999.0,999.0,999.0,999.0,999.0,457.0,1000.0,0.0,0.0, 0.0746612548828125,0.147735595703125,-0.1597137451171875,0.973175048828125, 0.6090087890625,-0.234588623046875,-0.120697021484375,0.74798583984375
190740, 192.18954467773438, 1000.0,191.0,25.0,30.0,65.0,67.0,0.0,0.0,0.0,1000.0,0.0,1000.0,1000.0,1000.0,999.0,999.0,999.0,999.0,999.0,457.0,1000.0,0.0,0.0, 0.0746612548828125,0.147735595703125,-0.1597137451171875,0.973175048828125, 0.6089630126953125,-0.2347259521484375,-0.1208648681640625,0.747955322265625
190750, 192.19935607910156, 1000.0,192.0,25.0,30.0,64.0,67.0,0.0,0.0,0.0,1000.0,0.0,750.0,1000.0,1000.0,999.0,999.0,999.0,999.0,999.0,457.0,1000.0,0.0,0.0, 0.0744171142578125,0.14801025390625,-0.159820556640625,0.9731292724609375, 0.60894775390625,-0.2347564697265625,-0.12091064453125,0.7479400634765625
190760, 192.20956420898438, 1000.0,193.0,25.0,30.0,64.0,66.0,0.0,0.0,0.0,1000.0,0.0,750.0,1000.0,1000.0,999.0,999.0,999.0,999.0,999.0,456.0,1000.0,0.0,0.0, 0.0742950439453125,0.14813232421875,-0.1598663330078125,0.973114013671875, 0.6089019775390625,-0.2349853515625,-0.1210784912109375,0.747894287109375
190770, 192.21949768066406, 1000.0,193.0,25.0,30.0,64.0,66.0,0.0,0.0,0.0,1000.0,0.0,750.0,1000.0,1000.0,999.0,999.0,999.0,999.0,999.0,456.0,1000.0,0.0,0.0, 0.0742950439453125,0.14813232421875,-0.1598663330078125,0.973114013671875, 0.6088104248046875,-0.2351837158203125,-0.121002197265625,0.7479095458984375
190780, 192.23367309570312, 1000.0,193.0,25.0,30.0,64.0,66.0,0.0,0.0,0.0,1000.0,0.0,750.0,1000.0,1000.0,999.0,999.0,999.0,999.0,999.0,456.0,1000.0,0.0,0.0, 0.07403564453125,0.148193359375,-0.1598052978515625,0.97314453125, 0.60882568359375,-0.2351837158203125,-0.121063232421875,0.747894287109375
190790, 192.23947143554688, 1000.0,192.0,25.0,30.0,64.0,66.0,0.0,0.0,0.0,1000.0,0.0,750.0,1000.0,1000.0,999.0,999.0,999.0,999.0,999.0,456.0,1000.0,0.0,0.0, 0.07391357421875,0.148345947265625,-0.1597900390625,0.9731292724609375, 0.6087799072265625,-0.235137939453125,-0.1207427978515625,0.7480010986328125
190800, 192.2495880126953, 1000.0,192.0,25.0,30.0,64.0,66.0,0.0,0.0,0.0,1000.0,0.0,750.0,1000.0,1000.0,999.0,999.0,999.0,999.0,999.0,456.0,1000.0,0.0,0.0, 0.0738067626953125,0.1483001708984375,-0.159759521484375,0.97314453125, 0.608856201171875,-0.2348785400390625,-0.1206207275390625,0.7480316162109375
190810, 192.25955200195312, 1000.0,193.0,25.0,30.0,64.0,66.0,0.0,0.0,0.0,1000.0,0.0,750.0,1000.0,1000.0,999.0,999.0,999.0,999.0,999.0,456.0,1000.0,0.0,0.0, 0.0736846923828125,0.14825439453125,-0.1597442626953125,0.9731597900390625, 0.608795166015625,-0.235198974609375,-0.1207275390625,0.7479705810546875
190820, 192.2694854736328, 1000.0,193.0,25.0,30.0,64.0,66.0,0.0,0.0,0.0,1000.0,0.0,750.0,1000.0,1000.0,999.0,999.0,999.0,999.0,999.0,456.0,1000.0,0.0,0.0, 0.073486328125,0.1483001708984375,-0.1597137451171875,0.973175048828125, 0.608642578125,-0.2359771728515625,-0.1207427978515625,0.7478485107421875
190830, 192.27960205078125, 1000.0,193.0,25.0,30.0,64.0,66.0,0.0,0.0,0.0,1000.0,0.0,750.0,1000.0,1000.0,999.0,999.0,999.0,999.0,999.0,456.0,1000.0,0.0,0.0, 0.0734100341796875,0.14837646484375,-0.159698486328125,0.973175048828125, 0.6085662841796875,-0.2361602783203125,-0.1203155517578125,0.7479095458984375
190840, 192.28955078125, 1000.0,193.0,25.0,30.0,64.0,66.0,0.0,0.0,0.0,1000.0,0.0,750.0,1000.0,1000.0,999.0,999.0,999.0,999.0,999.0,456.0,1000.0,0.0,0.0, 0.0734710693359375,0.148468017578125,-0.1594390869140625,0.97320556640625, 0.608642578125,-0.235992431640625,-0.1203155517578125,0.7479095458984375
190850, 192.29937744140625, 1000.0,192.0,25.0,30.0,63.0,66.0,0.0,0.0,0.0,1000.0,0.0,750.0,1000.0,1000.0,999.0,999.0,999.0,999.0,999.0,456.0,1000.0,0.0,0.0, 0.0734405517578125,0.148651123046875,-0.159271240234375,0.97320556640625, 0.6087188720703125,-0.2357177734375,-0.1201019287109375,0.7479705810546875
190860, 192.3095245361328, 1000.0,191.0,25.0,30.0,63.0,66.0,0.0,0.0,0.0,1000.0,0.0,750.0,1000.0,1000.0,999.0,999.0,999.0,999.0,999.0,456.0,1000.0,0.0,0.0, 0.0733795166015625,0.148681640625,-0.159027099609375,0.973236083984375, 0.6086883544921875,-0.236114501953125,-0.120513916015625,0.7477874755859375
190870, 192.31954956054688, 1000.0,192.0,25.0,29.0,63.0,66.0,0.0,0.0,0.0,1000.0,0.0,750.0,1000.0,1000.0,999.0,999.0,999.0,999.0,999.0,456.0,1000.0,0.0,0.0, 0.073333740234375,0.1486968994140625,-0.1588287353515625,0.9732818603515625, 0.608551025390625,-0.2366180419921875,-0.120147705078125,0.747802734375
190880, 192.32936096191406, 1000.0,192.0,25.0,29.0,63.0,66.0,0.0,0.0,0.0,1000.0,0.0,750.0,1000.0,1000.0,999.0,999.0,999.0,999.0,999.0,456.0,1000.0,0.0,0.0, 0.0732574462890625,0.148651123046875,-0.158721923828125,0.973297119140625, 0.6085968017578125,-0.2361907958984375,-0.1194000244140625,0.748016357421875
190890, 192.3395233154297, 1000.0,192.0,25.0,29.0,63.0,66.0,0.0,0.0,0.0,1000.0,0.0,1000.0,1000.0,1000.0,999.0,999.0,999.0,999.0,999.0,456.0,1000.0,0.0,0.0, 0.0731964111328125,0.148590087890625,-0.15863037109375,0.97332763671875, 0.60894775390625,-0.2340850830078125,-0.1178741455078125,0.7486419677734375
190900, 192.3495330810547, 1000.0,192.0,25.0,29.0,63.0,66.0,0.0,0.0,0.0,1000.0,0.0,1000.0,1000.0,1000.0,999.0,999.0,999.0,999.0,999.0,456.0,1000.0,0.0,0.0, 0.0731201171875,0.1485748291015625,-0.1585540771484375,0.973358154296875, 0.608642578125,-0.2352294921875,-0.117828369140625,0.7485504150390625
190910, 192.359375, 1000.0,192.0,25.0,30.0,63.0,66.0,0.0,0.0,0.0,1000.0,0.0,750.0,1000.0,1000.0,999.0,999.0,999.0,999.0,999.0,456.0,1000.0,0.0,0.0, 0.0729217529296875,0.14837646484375,-0.1587371826171875,0.9733734130859375, 0.6083831787109375,-0.236663818359375,-0.1191253662109375,0.7480926513671875
190920, 192.3695831298828, 1000.0,192.0,25.0,30.0,63.0,66.0,0.0,0.0,0.0,1000.0,0.0,750.0,1000.0,1000.0,999.0,999.0,999.0,999.0,999.0,456.0,1000.0,0.0,0.0, 0.072784423828125,0.148284912109375,-0.1587982177734375,0.973388671875, 0.6082916259765625,-0.2376556396484375,-0.120513916015625,0.7476348876953125
190930, 192.3795166015625, 1000.0,191.0,25.0,30.0,63.0,66.0,0.0,0.0,0.0,1000.0,0.0,750.0,1000.0,1000.0,999.0,999.0,999.0,999.0,999.0,456.0,1000.0,0.0,0.0, 0.0726470947265625,0.148162841796875,-0.1589508056640625,0.973388671875, 0.60845947265625,-0.2368927001953125,-0.120391845703125,0.7477569580078125
190940, 192.39418029785156, 1000.0,190.0,25.0,30.0,63.0,66.0,0.0,0.0,0.0,1000.0,0.0,750.0,1000.0,1000.0,999.0,999.0,999.0,999.0,999.0,456.0,1000.0,0.0,0.0, 0.0725250244140625,0.14813232421875,-0.15911865234375,0.9733734130859375, 0.60882568359375,-0.23492431640625,-0.119293212890625,0.748260498046875
190950, 192.3993377685547, 1000.0,190.0,25.0,29.0,63.0,66.0,0.0,0.0,0.0,1000.0,0.0,750.0,1000.0,1000.0,999.0,999.0,999.0,999.0,999.0,456.0,1000.0,0.0,0.0, 0.0724029541015625,0.1480865478515625,-0.15911865234375,0.973388671875, 0.6092071533203125,-0.2333831787109375,-0.11962890625,0.748382568359375
190960, 192.40951538085938, 1000.0,192.0,24.0,29.0,63.0,66.0,0.0,0.0,0.0,1000.0,0.0,1000.0,1000.0,1000.0,999.0,999.0,999.0,999.0,999.0,456.0,1000.0,0.0,0.0, 0.0723114013671875,0.1482696533203125,-0.15899658203125,0.973388671875, 0.6094970703125,-0.231964111328125,-0.119293212890625,0.748626708984375
190970, 192.41957092285156, 1000.0,192.0,25.0,29.0,63.0,66.0,0.0,0.0,0.0,1000.0,0.0,1000.0,1000.0,1000.0,999.0,999.0,999.0,999.0,999.0,456.0,1000.0,0.0,0.0, 0.072235107421875,0.1485137939453125,-0.158721923828125,0.9734039306640625, 0.6096649169921875,-0.2310638427734375,-0.1190032958984375,0.7488250732421875
190980, 192.42935180664062, 1000.0,192.0,25.0,29.0,64.0,66.0,0.0,0.0,0.0,1000.0,0.0,1000.0,1000.0,1000.0,999.0,999.0,999.0,999.0,999.0,456.0,1000.0,0.0,0.0, 0.072174072265625,0.1485748291015625,-0.1583709716796875,0.97344970703125, 0.6094970703125,-0.231475830078125,-0.1188812255859375,0.74884033203125
190990, 192.43948364257812, 1000.0,192.0,24.0,29.0,64.0,66.0,0.0,0.0,0.0,1000.0,0.0,1000.0,1000.0,1000.0,999.0,999.0,999.0,999.0,999.0,456.0,1000.0,0.0,0.0, 0.0720367431640625,0.1486358642578125,-0.1583404541015625,0.9734649658203125, 0.6090850830078125,-0.2336883544921875,-0.1204376220703125,0.7482452392578125
191000, 192.44947814941406, 1000.0,192.0,24.0,29.0,64.0,66.0,0.0,0.0,0.0,1000.0,0.0,1000.0,1000.0,1000.0,999.0,999.0,999.0,999.0,999.0,456.0,1000.0,0.0,0.0, 0.07183837890625,0.148712158203125,-0.1585235595703125,0.9734344482421875, 0.608917236328125,-0.234619140625,-0.121368408203125,0.7479400634765625
191010, 192.45936584472656, 1000.0,192.0,24.0,29.0,64.0,66.0,0.0,0.0,0.0,1000.0,0.0,1000.0,1000.0,1000.0,999.0,999.0,999.0,999.0,999.0,456.0,1000.0,0.0,0.0, 0.0717620849609375,0.1489105224609375,-0.15826416015625,0.97344970703125, 0.6090087890625,-0.2343597412109375,-0.1218109130859375,0.7478790283203125
191020, 192.46958923339844, 1000.0,192.0,24.0,29.0,63.0,66.0,0.0,0.0,0.0,1000.0,0.0,1000.0,1000.0,1000.0,999.0,999.0,999.0,999.0,999.0,456.0,1000.0,0.0,0.0, 0.0717315673828125,0.1493072509765625,-0.1579437255859375,0.97344970703125, 0.6088104248046875,-0.235076904296875,-0.1216888427734375,0.747833251953125
191030, 192.4794921875, 1000.0,192.0,24.0,29.0,63.0,66.0,0.0,0.0,0.0,1000.0,0.0,1000.0,1000.0,1000.0,999.0,999.0,999.0,999.0,999.0,456.0,1000.0,0.0,0.0, 0.0716552734375,0.1494598388671875,-0.1575775146484375,0.973480224609375, 0.608795166015625,-0.2349700927734375,-0.12127685546875,0.747955322265625
191040, 192.4895477294922, 1000.0,192.0,24.0,29.0,63.0,66.0,0.0,0.0,0.0,1000.0,0.0,1000.0,1000.0,1000.0,999.0,999.0,999.0,999.0,999.0,456.0,1000.0,0.0,0.0, 0.0716552734375,0.1494598388671875,-0.1575775146484375,0.973480224609375, 0.608673095703125,-0.2365264892578125,-0.123687744140625,0.747161865234375
191050, 192.5043487548828, 1000.0,192.0,24.0,29.0,64.0,66.0,0.0,0.0,0.0,1000.0,0.0,750.0,1000.0,1000.0,999.0,999.0,999.0,999.0,999.0,456.0,1000.0,0.0,0.0, 0.0713348388671875,0.14910888671875,-0.1573638916015625,0.973602294921875, 0.6096343994140625,-0.232330322265625,-0.12237548828125,0.7479095458984375
191060, 192.50930786132812, 1000.0,192.0,24.0,29.0,64.0,66.0,0.0,0.0,0.0,1000.0,0.0,1000.0,1000.0,1000.0,999.0,999.0,999.0,999.0,999.0,456.0,1000.0,0.0,0.0, 0.0711669921875,0.1489105224609375,-0.1573028564453125,0.9736480712890625, 0.6091461181640625,-0.233062744140625,-0.119384765625,0.748565673828125
191070, 192.51959228515625, 1000.0,192.0,24.0,29.0,64.0,66.0,0.0,0.0,0.0,1000.0,0.0,1000.0,1000.0,1000.0,999.0,999.0,999.0,999.0,999.0,456.0,1000.0,0.0,0.0, 0.0709686279296875,0.1488037109375,-0.157562255859375,0.9736328125, 0.6086578369140625,-0.235107421875,-0.11968994140625,0.748260498046875
191080, 192.5293731689453, 1000.0,191.0,24.0,29.0,64.0,66.0,0.0,0.0,0.0,1000.0,0.0,1000.0,1000.0,1000.0,999.0,999.0,999.0,999.0,999.0,456.0,1000.0,0.0,0.0, 0.0707550048828125,0.14886474609375,-0.158233642578125,0.973541259765625, 0.6082763671875,-0.237762451171875,-0.1222686767578125,0.747314453125
191090, 192.5395050048828, 1000.0,191.0,24.0,29.0,64.0,66.0,0.0,0.0,0.0,1000.0,0.0,1000.0,1000.0,1000.0,999.0,999.0,999.0,999.0,999.0,456.0,1000.0,0.0,0.0, 0.07049560546875,0.1487884521484375,-0.1589508056640625,0.97344970703125, 0.60821533203125,-0.2388763427734375,-0.123809814453125,0.74676513671875
191100, 192.549560546875, 1000.0,190.0,24.0,29.0,64.0,66.0,0.0,0.0,0.0,1000.0,0.0,1000.0,1000.0,1000.0,999.0,999.0,999.0,999.0,999.0,456.0,1000.0,0.0,0.0, 0.0702972412109375,0.148529052734375,-0.1593017578125,0.97344970703125, 0.6082763671875,-0.238494873046875,-0.1230316162109375,0.7469635009765625
191110, 192.55934143066406, 1000.0,191.0,24.0,29.0,64.0,66.0,0.0,0.0,0.0,1000.0,0.0,1000.0,1000.0,1000.0,999.0,999.0,999.0,999.0,999.0,456.0,1000.0,0.0,0.0, 0.0701904296875,0.1485595703125,-0.1592559814453125,0.97344970703125, 0.6085968017578125,-0.2366790771484375,-0.1215362548828125,0.747528076171875
191120, 192.56936645507812, 1000.0,190.0,24.0,29.0,64.0,66.0,0.0,0.0,0.0,1000.0,0.0,750.0,1000.0,1000.0,999.0,999.0,999.0,999.0,999.0,455.0,1000.0,0.0,0.0, 0.0699920654296875,0.14862060546875,-0.159210205078125,0.9734649658203125, 0.6090240478515625,-0.233673095703125,-0.118438720703125,0.748626708984375
191130, 192.57949829101562, 1000.0,190.0,24.0,29.0,64.0,66.0,0.0,0.0,0.0,1000.0,0.0,750.0,1000.0,1000.0,999.0,999.0,999.0,999.0,999.0,455.0,1000.0,0.0,0.0, 0.06988525390625,0.148651123046875,-0.159210205078125,0.973480224609375, 0.6091461181640625,-0.2340545654296875,-0.1202392578125,0.7481231689453125
191140, 192.58946228027344, 1000.0,191.0,24.0,29.0,64.0,66.0,0.0,0.0,0.0,1000.0,0.0,750.0,1000.0,1000.0,999.0,999.0,999.0,999.0,999.0,456.0,1000.0,0.0,0.0, 0.06988525390625,0.148681640625,-0.1592254638671875,0.9734649658203125, 0.6087646484375,-0.23529052734375,-0.1194305419921875,0.7481689453125
191150, 192.59970092773438, 1000.0,190.0,24.0,29.0,64.0,66.0,0.0,0.0,0.0,1000.0,0.0,750.0,1000.0,1000.0,999.0,999.0,999.0,999.0,999.0,455.0,1000.0,0.0,0.0, 0.0697479248046875,0.148712158203125,-0.1592559814453125,0.9734649658203125, 0.608551025390625,-0.2366943359375,-0.1204071044921875,0.74774169921875
191160, 192.6093292236328, 1000.0,190.0,24.0,29.0,64.0,66.0,0.0,0.0,0.0,1000.0,0.0,750.0,1000.0,1000.0,999.0,999.0,999.0,999.0,999.0,455.0,1000.0,0.0,0.0, 0.0696563720703125,0.148773193359375,-0.1593017578125,0.97344970703125, 0.6083221435546875,-0.2375640869140625,-0.120330810546875,0.7476654052734375
191170, 192.6194610595703, 1000.0,190.0,24.0,29.0,63.0,66.0,0.0,0.0,0.0,1000.0,0.0,750.0,1000.0,1000.0,999.0,999.0,999.0,999.0,999.0,455.0,1000.0,0.0,0.0, 0.0695343017578125,0.14886474609375,-0.1593017578125,0.97344970703125, 0.6086578369140625,-0.23675537109375,-0.1214752197265625,0.747467041015625
191180, 192.62942504882812, 1000.0,191.0,24.0,29.0,63.0,66.0,0.0,0.0,0.0,1000.0,0.0,750.0,1000.0,1000.0,999.0,999.0,999.0,999.0,999.0,455.0,1000.0,0.0,0.0, 0.0694427490234375,0.1489715576171875,-0.159210205078125,0.97344970703125, 0.6090850830078125,-0.2340087890625,-0.1191253662109375,0.7483673095703125
191190, 192.63941955566406, 1000.0,193.0,24.0,29.0,64.0,66.0,0.0,0.0,0.0,1000.0,0.0,750.0,1000.0,1000.0,999.0,999.0,999.0,999.0,999.0,455.0,1000.0,0.0,0.0, 0.069366455078125,0.1491241455078125,-0.15911865234375,0.97344970703125, 0.6090850830078125,-0.2328948974609375,-0.11669921875,0.74908447265625
191200, 192.6493377685547, 1000.0,194.0,24.0,29.0,64.0,66.0,0.0,0.0,0.0,1000.0,0.0,750.0,1000.0,1000.0,999.0,999.0,999.0,999.0,999.0,455.0,1000.0,0.0,0.0, 0.06927490234375,0.1492767333984375,-0.1590118408203125,0.97344970703125, 0.6091461181640625,-0.2332611083984375,-0.11810302734375,0.7487030029296875
191210, 192.66647338867188, 1000.0,193.0,24.0,29.0,63.0,66.0,0.0,0.0,0.0,1000.0,0.0,750.0,1000.0,1000.0,999.0,999.0,999.0,999.0,999.0,455.0,1000.0,0.0,0.0, 0.0691680908203125,0.149444580078125,-0.158966064453125,0.97344970703125, 0.6090087890625,-0.2341156005859375,-0.1190948486328125,0.748382568359375
191220, 192.67051696777344, 1000.0,191.0,24.0,29.0,63.0,66.0,0.0,0.0,0.0,1000.0,0.0,1000.0,1000.0,1000.0,999.0,999.0,999.0,999.0,999.0,455.0,1000.0,0.0,0.0, 0.0690460205078125,0.14959716796875,-0.1589813232421875,0.9734344482421875, 0.6089935302734375,-0.2342071533203125,-0.119171142578125,0.7483673095703125
191230, 192.67935180664062, 1000.0,190.0,24.0,29.0,63.0,66.0,0.0,0.0,0.0,1000.0,0.0,1000.0,1000.0,1000.0,999.0,999.0,999.0,999.0,999.0,455.0,1000.0,0.0,0.0, 0.0689239501953125,0.1496734619140625,-0.158966064453125,0.973419189453125, 0.608978271484375,-0.234222412109375,-0.1192474365234375,0.74835205078125
191240, 192.6894989013672, 1000.0,190.0,24.0,29.0,63.0,66.0,0.0,0.0,0.0,1000.0,0.0,1000.0,1000.0,1000.0,999.0,999.0,999.0,999.0,999.0,455.0,1000.0,0.0,0.0, 0.0688018798828125,0.1496734619140625,-0.1589202880859375,0.9734344482421875, 0.6089935302734375,-0.2342529296875,-0.119354248046875,0.748321533203125
191250, 192.6995849609375, 1000.0,191.0,24.0,29.0,63.0,66.0,0.0,0.0,0.0,1000.0,0.0,1000.0,1000.0,1000.0,999.0,999.0,999.0,999.0,999.0,455.0,1000.0,0.0,0.0, 0.0686798095703125,0.149627685546875,-0.15887451171875,0.9734649658203125, 0.6089630126953125,-0.2343902587890625,-0.119354248046875,0.7483062744140625
191260, 192.7094268798828, 1000.0,190.0,24.0,29.0,63.0,66.0,0.0,0.0,0.0,1000.0,0.0,1000.0,1000.0,1000.0,999.0,999.0,999.0,999.0,999.0,455.0,1000.0,0.0,0.0, 0.0685882568359375,0.1496124267578125,-0.1587982177734375,0.973480224609375, 0.60894775390625,-0.2344970703125,-0.1192169189453125,0.7483062744140625
191270, 192.7194366455078, 1000.0,188.0,24.0,29.0,63.0,66.0,0.0,0.0,0.0,1000.0,0.0,1000.0,1000.0,1000.0,999.0,999.0,999.0,999.0,999.0,455.0,1000.0,0.0,0.0, 0.068511962890625,0.149658203125,-0.1587677001953125,0.9734954833984375, 0.608917236328125,-0.2346649169921875,-0.1193084716796875,0.748260498046875
191280, 192.7293701171875, 1000.0,187.0,24.0,29.0,63.0,66.0,0.0,0.0,0.0,1000.0,0.0,1000.0,1000.0,1000.0,999.0,999.0,999.0,999.0,999.0,455.0,1000.0,0.0,0.0, 0.0684356689453125,0.1497039794921875,-0.15869140625,0.9734954833984375, 0.608978271484375,-0.2346649169921875,-0.1196136474609375,0.7481689453125
191290, 192.7394561767578, 1000.0,188.0,24.0,29.0,63.0,66.0,0.0,0.0,0.0,1000.0,0.0,1000.0,1000.0,1000.0,999.0,999.0,999.0,999.0,999.0,455.0,1000.0,0.0,0.0, 0.0683441162109375,0.1497039794921875,-0.15863037109375,0.9735107421875, 0.608917236328125,-0.2348480224609375,-0.1192474365234375,0.7482147216796875
191300, 192.7494659423828, 1000.0,188.0,24.0,29.0,63.0,66.0,0.0,0.0,0.0,1000.0,0.0,1000.0,1000.0,1000.0,999.0,999.0,999.0,999.0,999.0,455.0,1000.0,0.0,0.0, 0.06829833984375,0.1497344970703125,-0.1584930419921875,0.973541259765625, 0.608856201171875,-0.2354278564453125,-0.11956787109375,0.7480316162109375
191310, 192.75938415527344, 1000.0,188.0,24.0,29.0,63.0,66.0,0.0,0.0,0.0,1000.0,0.0,1000.0,1000.0,1000.0,999.0,999.0,999.0,999.0,999.0,455.0,1000.0,0.0,0.0, 0.068267822265625,0.1497802734375,-0.1583251953125,0.9735565185546875, 0.6089630126953125,-0.235107421875,-0.1195831298828125,0.7480316162109375
191320, 192.77700805664062, 1000.0,188.0,24.0,29.0,63.0,65.0,0.0,0.0,0.0,1000.0,0.0,750.0,1000.0,1000.0,999.0,999.0,999.0,999.0,999.0,455.0,1000.0,0.0,0.0, 0.0682220458984375,0.149810791015625,-0.158203125,0.97357177734375, 0.6088714599609375,-0.235595703125,-0.11944580078125,0.74798583984375
191330, 192.7810516357422, 1000.0,188.0,24.0,29.0,63.0,65.0,0.0,0.0,0.0,1000.0,0.0,750.0,1000.0,1000.0,999.0,999.0,999.0,999.0,999.0,455.0,1000.0,0.0,0.0, 0.0682220458984375,0.149810791015625,-0.158203125,0.97357177734375, 0.6088104248046875,-0.235992431640625,-0.119537353515625,0.747894287109375
191340, 192.78933715820312, 1000.0,187.0,24.0,29.0,63.0,66.0,0.0,0.0,0.0,1000.0,0.0,750.0,1000.0,1000.0,999.0,999.0,999.0,999.0,999.0,455.0,1000.0,0.0,0.0, 0.068115234375,0.1499481201171875,-0.158111572265625,0.97357177734375, 0.6089935302734375,-0.2353057861328125,-0.119354248046875,0.74798583984375
191350, 192.799560546875, 1000.0,188.0,24.0,29.0,63.0,66.0,0.0,0.0,0.0,1000.0,0.0,1000.0,1000.0,1000.0,999.0,999.0,999.0,999.0,999.0,455.0,1000.0,0.0,0.0, 0.0680999755859375,0.15008544921875,-0.1580047607421875,0.97357177734375, 0.60894775390625,-0.2355194091796875,-0.1191558837890625,0.7480010986328125
191360, 192.80935668945312, 1000.0,187.0,24.0,29.0,62.0,65.0,0.0,0.0,0.0,1000.0,0.0,750.0,1000.0,1000.0,999.0,999.0,999.0,999.0,999.0,455.0,1000.0,0.0,0.0, 0.0680694580078125,0.1501922607421875,-0.1579437255859375,0.97357177734375, 0.609039306640625,-0.23486328125,-0.118499755859375,0.74822998046875
191370, 192.8194122314453, 1000.0,186.0,24.0,29.0,62.0,65.0,0.0,0.0,0.0,1000.0,0.0,750.0,1000.0,1000.0,999.0,999.0,999.0,999.0,999.0,455.0,1000.0,0.0,0.0, 0.068084716796875,0.1502685546875,-0.15771484375,0.973602294921875, 0.6090850830078125,-0.23394775390625,-0.11676025390625,0.748748779296875
191380, 192.82933044433594, 1000.0,186.0,24.0,29.0,62.0,65.0,0.0,0.0,0.0,1000.0,0.0,750.0,1000.0,1000.0,999.0,999.0,999.0,999.0,999.0,455.0,1000.0,0.0,0.0, 0.0680694580078125,0.1504058837890625,-0.15765380859375,0.9735870361328125, 0.6090545654296875,-0.233795166015625,-0.1165618896484375,0.7488555908203125
191390, 192.839599609375, 1000.0,187.0,24.0,29.0,62.0,65.0,0.0,0.0,0.0,1000.0,0.0,1000.0,1000.0,1000.0,999.0,999.0,999.0,999.0,999.0,455.0,1000.0,0.0,0.0, 0.0678863525390625,0.1504058837890625,-0.1577606201171875,0.9735870361328125, 0.60894775390625,-0.2342529296875,-0.1168212890625,0.7487640380859375
191400, 192.8494873046875, 1000.0,188.0,24.0,29.0,62.0,65.0,0.0,0.0,0.0,1000.0,0.0,750.0,1000.0,1000.0,999.0,999.0,999.0,999.0,999.0,455.0,1000.0,0.0,0.0, 0.0678863525390625,0.1503753662109375,-0.15771484375,0.9735870361328125, 0.6089630126953125,-0.234619140625,-0.1178436279296875,0.74847412109375
191410, 192.85943603515625, 1000.0,188.0,24.0,29.0,62.0,65.0,0.0,0.0,0.0,1000.0,0.0,750.0,1000.0,1000.0,999.0,999.0,999.0,999.0,999.0,455.0,1000.0,0.0,0.0, 0.06781005859375,0.150543212890625,-0.15771484375,0.97357177734375, 0.608795166015625,-0.23486328125,-0.1167755126953125,0.7487030029296875
191420, 192.86947631835938, 1000.0,188.0,24.0,29.0,62.0,65.0,0.0,0.0,0.0,1000.0,0.0,750.0,1000.0,1000.0,999.0,999.0,999.0,999.0,999.0,455.0,1000.0,0.0,0.0, 0.06768798828125,0.1505889892578125,-0.15740966796875,0.9736175537109375, 0.6088104248046875,-0.2345123291015625,-0.11651611328125,0.74884033203125
191430, 192.88148498535156, 1000.0,188.0,24.0,29.0,62.0,65.0,0.0,0.0,0.0,1000.0,0.0,750.0,1000.0,1000.0,999.0,999.0,999.0,999.0,999.0,455.0,1000.0,0.0,0.0, 0.06768798828125,0.1505889892578125,-0.157379150390625,0.9736328125, 0.609039306640625,-0.2335052490234375,-0.1169281005859375,0.7489013671875
191440, 192.88937377929688, 1000.0,187.0,24.0,29.0,62.0,65.0,0.0,0.0,0.0,1000.0,0.0,1000.0,1000.0,1000.0,999.0,999.0,999.0,999.0,999.0,455.0,1000.0,0.0,0.0, 0.06756591796875,0.1505279541015625,-0.1575164794921875,0.9736175537109375, 0.608856201171875,-0.2346649169921875,-0.118072509765625,0.748504638671875
191450, 192.89956665039062, 1000.0,186.0,24.0,29.0,62.0,65.0,0.0,0.0,0.0,1000.0,0.0,1000.0,1000.0,1000.0,999.0,999.0,999.0,999.0,999.0,455.0,1000.0,0.0,0.0, 0.067413330078125,0.1504058837890625,-0.1576385498046875,0.9736328125, 0.608734130859375,-0.2349853515625,-0.11798095703125,0.7485198974609375
191460, 192.90953063964844, 1000.0,185.0,24.0,29.0,63.0,65.0,0.0,0.0,0.0,1000.0,0.0,750.0,1000.0,1000.0,999.0,999.0,999.0,999.0,999.0,455.0,1000.0,0.0,0.0, 0.0672760009765625,0.150146484375,-0.15771484375,0.9736785888671875, 0.6090240478515625,-0.2333831787109375,-0.117034912109375,0.748931884765625
191470, 192.91944885253906, 1000.0,185.0,24.0,29.0,63.0,66.0,0.0,0.0,0.0,1000.0,0.0,750.0,1000.0,1000.0,999.0,999.0,999.0,999.0,999.0,454.0,1000.0,0.0,0.0, 0.0670928955078125,0.149810791015625,-0.1577606201171875,0.973724365234375, 0.6093597412109375,-0.232177734375,-0.1176910400390625,0.748931884765625
191480, 192.937744140625, 1000.0,186.0,24.0,29.0,63.0,66.0,0.0,0.0,0.0,1000.0,0.0,750.0,1000.0,1000.0,999.0,999.0,999.0,999.0,999.0,454.0,1000.0,0.0,0.0, 0.0669403076171875,0.1498565673828125,-0.1579742431640625,0.97369384765625, 0.60931396484375,-0.232513427734375,-0.1184234619140625,0.748748779296875
191490, 192.94100952148438, 1000.0,186.0,24.0,29.0,63.0,66.0,0.0,0.0,0.0,1000.0,0.0,1000.0,1000.0,1000.0,999.0,999.0,999.0,999.0,999.0,454.0,1000.0,0.0,0.0, 0.066864013671875,0.1498870849609375,-0.1579132080078125,0.9737091064453125, 0.6094818115234375,-0.23193359375,-0.119049072265625,0.7487030029296875
191500, 192.94944763183594, 1000.0,185.0,24.0,29.0,63.0,66.0,0.0,0.0,0.0,1000.0,0.0,750.0,1000.0,1000.0,999.0,999.0,999.0,999.0,999.0,454.0,1000.0,0.0,0.0, 0.0667877197265625,0.150115966796875,-0.1577911376953125,0.97369384765625, 0.609466552734375,-0.2322540283203125,-0.119720458984375,0.7484893798828125
191510, 192.95938110351562, 1000.0,185.0,24.0,29.0,63.0,66.0,0.0,0.0,0.0,1000.0,0.0,750.0,1000.0,1000.0,999.0,999.0,999.0,999.0,999.0,454.0,1000.0,0.0,0.0, 0.066741943359375,0.1500244140625,-0.1573944091796875,0.973785400390625, 0.6091766357421875,-0.23406982421875,-0.121002197265625,0.7479705810546875
191520, 192.96958923339844, 1000.0,185.0,24.0,29.0,63.0,66.0,0.0,0.0,0.0,1000.0,0.0,750.0,1000.0,666.0,999.0,999.0,999.0,999.0,999.0,454.0,1000.0,0.0,0.0, 0.0666046142578125,0.1498565673828125,-0.15740966796875,0.97381591796875, 0.608489990234375,-0.2361907958984375,-0.1193695068359375,0.7481231689453125
191530, 192.97946166992188, 1000.0,185.0,24.0,29.0,63.0,66.0,0.0,0.0,0.0,1000.0,0.0,750.0,1000.0,666.0,999.0,999.0,999.0,999.0,999.0,454.0,1000.0,0.0,0.0, 0.066497802734375,0.1497955322265625,-0.1573486328125,0.9738311767578125, 0.6085357666015625,-0.2364501953125,-0.1201324462890625,0.7478790283203125
191540, 192.9896240234375, 1000.0,185.0,24.0,29.0,63.0,66.0,0.0,0.0,0.0,1000.0,0.0,750.0,1000.0,1000.0,999.0,999.0,999.0,999.0,999.0,454.0,1000.0,0.0,0.0, 0.06640625,0.149810791015625,-0.1572723388671875,0.973846435546875, 0.6082000732421875,-0.237457275390625,-0.1190338134765625,0.7480010986328125
191550, 192.99957275390625, 1000.0,185.0,24.0,29.0,63.0,66.0,0.0,0.0,0.0,1000.0,0.0,750.0,1000.0,1000.0,999.0,999.0,999.0,999.0,999.0,454.0,1000.0,0.0,0.0, 0.0663604736328125,0.1497650146484375,-0.157012939453125,0.973907470703125, 0.6085662841796875,-0.235870361328125,-0.11859130859375,0.7482757568359375
191560, 193.0093536376953, 1000.0,185.0,24.0,29.0,63.0,65.0,0.0,0.0,0.0,1000.0,0.0,750.0,1000.0,1000.0,999.0,999.0,999.0,999.0,999.0,454.0,1000.0,0.0,0.0, 0.0662841796875,0.149566650390625,-0.1570281982421875,0.97393798828125, 0.607940673828125,-0.2384033203125,-0.1186981201171875,0.7479705810546875
191570, 193.01942443847656, 1000.0,184.0,24.0,29.0,63.0,66.0,0.0,0.0,0.0,1000.0,0.0,750.0,1000.0,1000.0,999.0,999.0,999.0,999.0,999.0,454.0,1000.0,0.0,0.0, 0.0662078857421875,0.1495819091796875,-0.156982421875,0.9739532470703125, 0.6077880859375,-0.239654541015625,-0.12017822265625,0.7474517822265625
191580, 193.02938842773438, 1000.0,185.0,24.0,29.0,63.0,66.0,0.0,0.0,0.0,1000.0,0.0,750.0,1000.0,1000.0,999.0,999.0,999.0,999.0,999.0,454.0,1000.0,0.0,0.0, 0.066070556640625,0.149169921875,-0.1569366455078125,0.974029541015625, 0.6077880859375,-0.2388763427734375,-0.1181488037109375,0.7480316162109375
191590, 193.04824829101562, 1000.0,186.0,24.0,29.0,63.0,66.0,0.0,0.0,0.0,1000.0,0.0,750.0,1000.0,1000.0,999.0,999.0,999.0,999.0,999.0,454.0,1000.0,0.0,0.0, 0.06585693359375,0.148468017578125,-0.1572723388671875,0.9741058349609375, 0.6075286865234375,-0.240020751953125,-0.1184234619140625,0.747833251953125
191600, 193.0516357421875, 1000.0,186.0,24.0,29.0,63.0,66.0,0.0,0.0,0.0,1000.0,0.0,750.0,1000.0,1000.0,999.0,999.0,999.0,999.0,999.0,454.0,1000.0,0.0,0.0, 0.06585693359375,0.148468017578125,-0.1572723388671875,0.9741058349609375, 0.608642578125,-0.236083984375,-0.119293212890625,0.7480316162109375
191610, 193.0596923828125, 1000.0,187.0,23.0,29.0,63.0,66.0,0.0,0.0,0.0,1000.0,0.0,750.0,1000.0,1000.0,999.0,999.0,999.0,999.0,999.0,454.0,1000.0,0.0,0.0, 0.0657958984375,0.148529052734375,-0.157318115234375,0.974090576171875, 0.6094970703125,-0.23260498046875,-0.1190032958984375,0.74847412109375
191620, 193.0695343017578, 1000.0,187.0,23.0,29.0,63.0,65.0,0.0,0.0,0.0,1000.0,0.0,750.0,1000.0,1000.0,999.0,999.0,999.0,999.0,999.0,454.0,1000.0,0.0,0.0, 0.0657501220703125,0.1485595703125,-0.1573028564453125,0.974090576171875, 0.6090240478515625,-0.2339324951171875,-0.1172943115234375,0.74871826171875
191630, 193.0793914794922, 1000.0,187.0,23.0,29.0,62.0,65.0,0.0,0.0,0.0,1000.0,0.0,750.0,1000.0,1000.0,999.0,999.0,999.0,999.0,999.0,454.0,1000.0,0.0,0.0, 0.0657196044921875,0.1485595703125,-0.15728759765625,0.974090576171875, 0.609405517578125,-0.233367919921875,-0.119049072265625,0.7483062744140625
191640, 193.08946228027344, 1000.0,187.0,23.0,29.0,62.0,65.0,0.0,0.0,0.0,1000.0,0.0,1000.0,1000.0,1000.0,999.0,999.0,999.0,999.0,999.0,454.0,1000.0,0.0,0.0, 0.065704345703125,0.1485595703125,-0.1572723388671875,0.974090576171875, 0.6096343994140625,-0.23284912109375,-0.1197967529296875,0.7481689453125
191650, 193.09979248046875, 1000.0,187.0,23.0,29.0,62.0,65.0,0.0,0.0,0.0,1000.0,0.0,1000.0,1000.0,1000.0,999.0,999.0,999.0,999.0,999.0,454.0,1000.0,0.0,0.0, 0.065673828125,0.1485137939453125,-0.1572265625,0.9741058349609375, 0.6092987060546875,-0.2342987060546875,-0.1199188232421875,0.7479705810546875
191660, 193.1093292236328, 1000.0,187.0,23.0,29.0,62.0,65.0,0.0,0.0,0.0,1000.0,0.0,1000.0,1000.0,1000.0,999.0,999.0,999.0,999.0,999.0,454.0,1000.0,0.0,0.0, 0.065673828125,0.148529052734375,-0.1571044921875,0.97412109375, 0.609466552734375,-0.2333526611328125,-0.1193695068359375,0.7482147216796875
191670, 193.11936950683594, 1000.0,188.0,23.0,29.0,62.0,65.0,0.0,0.0,0.0,1000.0,0.0,1000.0,1000.0,1000.0,999.0,999.0,999.0,999.0,999.0,454.0,1000.0,0.0,0.0, 0.0656585693359375,0.1484832763671875,-0.156982421875,0.974151611328125, 0.609161376953125,-0.2341766357421875,-0.1185455322265625,0.7483367919921875
191680, 193.12950134277344, 1000.0,188.0,23.0,29.0,62.0,65.0,0.0,0.0,0.0,1000.0,0.0,750.0,1000.0,1000.0,999.0,999.0,999.0,999.0,999.0,454.0,1000.0,0.0,0.0, 0.0656890869140625,0.148590087890625,-0.1568450927734375,0.9741668701171875, 0.6091461181640625,-0.233306884765625,-0.1164093017578125,0.74896240234375
191690, 193.13938903808594, 1000.0,187.0,23.0,29.0,62.0,65.0,0.0,0.0,0.0,1000.0,0.0,750.0,1000.0,1000.0,999.0,999.0,999.0,999.0,999.0,454.0,1000.0,0.0,0.0, 0.0656585693359375,0.148956298828125,-0.1563873291015625,0.97418212890625, 0.6084442138671875,-0.2332916259765625,-0.1100311279296875,0.75048828125
191700, 193.15162658691406, 1000.0,187.0,23.0,29.0,63.0,65.0,0.0,0.0,0.0,1000.0,0.0,750.0,1000.0,1000.0,999.0,999.0,999.0,999.0,999.0,454.0,1000.0,0.0,0.0, 0.06573486328125,0.1494140625,-0.1563568115234375,0.9741058349609375, 0.6091156005859375,-0.2345428466796875,-0.1197509765625,0.748077392578125
191710, 193.1593475341797, 1000.0,187.0,23.0,29.0,63.0,65.0,0.0,0.0,0.0,1000.0,0.0,750.0,1000.0,1000.0,999.0,999.0,999.0,999.0,999.0,454.0,1000.0,0.0,0.0, 0.06561279296875,0.1497955322265625,-0.1560211181640625,0.9741058349609375, 0.612518310546875,-0.223175048828125,-0.124786376953125,0.7479400634765625
191720, 193.1694793701172, 1000.0,186.0,23.0,28.0,63.0,65.0,0.0,0.0,0.0,1000.0,0.0,750.0,1000.0,1000.0,999.0,999.0,999.0,999.0,999.0,454.0,1000.0,0.0,0.0, 0.0655670166015625,0.1503753662109375,-0.155731201171875,0.9740753173828125, 0.6123809814453125,-0.223175048828125,-0.1247406005859375,0.7480621337890625
191730, 193.17945861816406, 1000.0,186.0,23.0,28.0,63.0,65.0,0.0,0.0,0.0,1000.0,0.0,750.0,1000.0,1000.0,999.0,999.0,999.0,999.0,999.0,454.0,1000.0,0.0,0.0, 0.0655517578125,0.1508636474609375,-0.155303955078125,0.97406005859375, 0.6121978759765625,-0.223419189453125,-0.12457275390625,0.7481689453125
191740, 193.18934631347656, 1000.0,185.0,23.0,28.0,62.0,65.0,0.0,0.0,0.0,1000.0,0.0,750.0,1000.0,1000.0,999.0,999.0,999.0,999.0,999.0,454.0,1000.0,0.0,0.0, 0.0655059814453125,0.1513671875,-0.1549530029296875,0.9740447998046875, 0.6120147705078125,-0.2238311767578125,-0.1249237060546875,0.748138427734375
191750, 193.20944213867188, 1000.0,186.0,23.0,28.0,62.0,65.0,0.0,0.0,0.0,1000.0,0.0,750.0,1000.0,1000.0,999.0,999.0,999.0,999.0,999.0,454.0,1000.0,0.0,0.0, 0.0654296875,0.151824951171875,-0.15484619140625,0.9739990234375, 0.6117706298828125,-0.2244720458984375,-0.12530517578125,0.748077392578125
191760, 193.21951293945312, 1000.0,186.0,23.0,28.0,62.0,65.0,0.0,0.0,0.0,1000.0,0.0,1000.0,1000.0,1000.0,999.0,999.0,999.0,999.0,999.0,454.0,1000.0,0.0,0.0, 0.0653533935546875,0.1522216796875,-0.1548309326171875,0.97393798828125, 0.611328125,-0.2260589599609375,-0.125762939453125,0.7478790283203125
191770, 193.22935485839844, 1000.0,185.0,23.0,28.0,62.0,65.0,0.0,0.0,0.0,1000.0,0.0,750.0,1000.0,1000.0,999.0,999.0,999.0,999.0,999.0,454.0,1000.0,0.0,0.0, 0.06524658203125,0.152557373046875,-0.1547393798828125,0.973907470703125, 0.6111907958984375,-0.2265625,-0.1257781982421875,0.7478485107421875
191780, 193.23960876464844, 1000.0,185.0,23.0,28.0,62.0,65.0,0.0,0.0,0.0,1000.0,0.0,750.0,1000.0,1000.0,999.0,999.0,999.0,999.0,999.0,454.0,1000.0,0.0,0.0, 0.065185546875,0.1527557373046875,-0.154693603515625,0.9738922119140625, 0.6108856201171875,-0.2271270751953125,-0.1245269775390625,0.7481231689453125
191790, 193.24954223632812, 1000.0,185.0,23.0,28.0,62.0,65.0,0.0,0.0,0.0,1000.0,0.0,750.0,1000.0,1000.0,999.0,999.0,999.0,999.0,999.0,454.0,1000.0,0.0,0.0, 0.06512451171875,0.153106689453125,-0.1548614501953125,0.97381591796875, 0.6105499267578125,-0.22796630859375,-0.123504638671875,0.7483062744140625
191800, 193.25938415527344, 1000.0,185.0,23.0,29.0,62.0,65.0,0.0,0.0,0.0,1000.0,0.0,750.0,1000.0,1000.0,999.0,999.0,999.0,999.0,999.0,454.0,1000.0,0.0,0.0, 0.06500244140625,0.1525421142578125,-0.1544952392578125,0.973968505859375, 0.6103668212890625,-0.2285003662109375,-0.123291015625,0.7483367919921875
191810, 193.2694854736328, 1000.0,185.0,23.0,28.0,62.0,65.0,0.0,0.0,0.0,1000.0,0.0,750.0,1000.0,1000.0,999.0,999.0,999.0,999.0,999.0,454.0,1000.0,0.0,0.0, 0.0648193359375,0.1520843505859375,-0.1546173095703125,0.974029541015625, 0.6102447509765625,-0.22906494140625,-0.1232757568359375,0.7482757568359375
191820, 193.2793731689453, 1000.0,185.0,23.0,28.0,62.0,65.0,0.0,0.0,0.0,1000.0,0.0,750.0,1000.0,1000.0,999.0,999.0,999.0,999.0,999.0,454.0,1000.0,0.0,0.0, 0.0646209716796875,0.15167236328125,-0.1548309326171875,0.9740753173828125, 0.6102447509765625,-0.228790283203125,-0.122283935546875,0.7485198974609375
191830, 193.28948974609375, 1000.0,185.0,23.0,28.0,62.0,65.0,0.0,0.0,0.0,1000.0,0.0,750.0,1000.0,1000.0,999.0,999.0,999.0,999.0,999.0,454.0,1000.0,0.0,0.0, 0.06439208984375,0.1513214111328125,-0.1553955078125,0.97406005859375, 0.609954833984375,-0.2294464111328125,-0.12091064453125,0.748779296875
191840, 193.29937744140625, 1000.0,184.0,23.0,28.0,62.0,65.0,0.0,0.0,0.0,1000.0,0.0,1000.0,1000.0,1000.0,999.0,999.0,999.0,999.0,999.0,454.0,1000.0,0.0,0.0, 0.0641632080078125,0.15106201171875,-0.15594482421875,0.974029541015625, 0.6096954345703125,-0.2303009033203125,-0.1204071044921875,0.7487945556640625
191850, 193.3094940185547, 1000.0,184.0,23.0,28.0,62.0,65.0,0.0,0.0,0.0,1000.0,0.0,750.0,1000.0,666.0,999.0,999.0,999.0,999.0,999.0,454.0,1000.0,0.0,0.0, 0.063934326171875,0.1507415771484375,-0.1563262939453125,0.974029541015625, 0.609344482421875,-0.231414794921875,-0.11956787109375,0.7488861083984375
191860, 193.31939697265625, 1000.0,185.0,23.0,28.0,62.0,65.0,0.0,0.0,0.0,1000.0,0.0,750.0,1000.0,666.0,999.0,999.0,999.0,999.0,999.0,453.0,1000.0,0.0,0.0, 0.0638275146484375,0.15057373046875,-0.1562957763671875,0.97406005859375, 0.6090850830078125,-0.2320556640625,-0.1190185546875,0.7489776611328125
191870, 193.32943725585938, 1000.0,184.0,23.0,28.0,63.0,65.0,0.0,0.0,0.0,1000.0,0.0,750.0,1000.0,1000.0,999.0,999.0,999.0,999.0,999.0,453.0,1000.0,0.0,0.0, 0.0637054443359375,0.150421142578125,-0.1563568115234375,0.974090576171875, 0.60888671875,-0.233184814453125,-0.119964599609375,0.7486419677734375
191880, 193.33938598632812, 1000.0,187.0,23.0,28.0,62.0,65.0,0.0,0.0,0.0,1000.0,0.0,750.0,1000.0,1000.0,999.0,999.0,999.0,999.0,999.0,453.0,1000.0,0.0,0.0, 0.063568115234375,0.1503753662109375,-0.156463623046875,0.974090576171875, 0.6089019775390625,-0.2329559326171875,-0.11968994140625,0.748748779296875
191890, 193.34945678710938, 1000.0,190.0,23.0,28.0,62.0,65.0,0.0,0.0,0.0,1000.0,0.0,1000.0,1000.0,1000.0,999.0,999.0,999.0,999.0,999.0,453.0,1000.0,0.0,0.0, 0.0634765625,0.1504364013671875,-0.156280517578125,0.9741058349609375, 0.6086578369140625,-0.2332611083984375,-0.118194580078125,0.74908447265625
191900, 193.359375, 1000.0,190.0,23.0,28.0,62.0,65.0,0.0,0.0,0.0,1000.0,0.0,1000.0,1000.0,1000.0,999.0,999.0,999.0,999.0,999.0,453.0,1000.0,0.0,0.0, 0.0634765625,0.1504364013671875,-0.156280517578125,0.9741058349609375, 0.6088104248046875,-0.2320556640625,-0.1172332763671875,0.749481201171875
191910, 193.36949157714844, 1000.0,188.0,23.0,28.0,63.0,65.0,0.0,0.0,0.0,1000.0,0.0,750.0,1000.0,1000.0,999.0,999.0,999.0,999.0,999.0,453.0,1000.0,0.0,0.0, 0.06341552734375,0.15118408203125,-0.1559906005859375,0.9740447998046875, 0.60888671875,-0.2316741943359375,-0.117462158203125,0.74951171875
191920, 193.3794708251953, 1000.0,189.0,22.0,28.0,63.0,66.0,0.0,0.0,0.0,1000.0,0.0,750.0,1000.0,1000.0,999.0,999.0,999.0,999.0,999.0,453.0,1000.0,0.0,0.0, 0.0633697509765625,0.1516876220703125,-0.1557769775390625,0.9739990234375, 0.6085662841796875,-0.2325286865234375,-0.11663818359375,0.7496337890625
191930, 193.38937377929688, 1000.0,191.0,23.0,28.0,63.0,66.0,0.0,0.0,0.0,1000.0,0.0,750.0,1000.0,1000.0,999.0,999.0,999.0,999.0,999.0,453.0,1000.0,0.0,0.0, 0.06329345703125,0.1522064208984375,-0.1556396484375,0.9739532470703125, 0.608367919921875,-0.2329559326171875,-0.1158599853515625,0.749786376953125
191940, 193.3995361328125, 1000.0,192.0,23.0,28.0,63.0,66.0,0.0,0.0,0.0,1000.0,0.0,750.0,1000.0,1000.0,999.0,999.0,999.0,999.0,999.0,453.0,1000.0,0.0,0.0, 0.063201904296875,0.152435302734375,-0.155487060546875,0.9739532470703125, 0.60791015625,-0.2340545654296875,-0.114593505859375,0.75
191950, 193.40933227539062, 1000.0,191.0,23.0,28.0,63.0,65.0,0.0,0.0,0.0,1000.0,0.0,1000.0,1000.0,1000.0,999.0,999.0,999.0,999.0,999.0,453.0,1000.0,0.0,0.0, 0.0630340576171875,0.153045654296875,-0.1550140380859375,0.97393798828125, 0.60784912109375,-0.2341156005859375,-0.114654541015625,0.7500152587890625
191960, 193.41944885253906, 1000.0,191.0,23.0,28.0,63.0,65.0,0.0,0.0,0.0,1000.0,0.0,1000.0,1000.0,1000.0,999.0,999.0,999.0,999.0,999.0,453.0,1000.0,0.0,0.0, 0.0630340576171875,0.153045654296875,-0.1550140380859375,0.97393798828125, 0.6077880859375,-0.2345123291015625,-0.1151123046875,0.7498779296875
191970, 193.42933654785156, 1000.0,192.0,22.0,28.0,63.0,65.0,0.0,0.0,0.0,1000.0,0.0,750.0,1000.0,1000.0,999.0,999.0,999.0,999.0,999.0,453.0,1000.0,0.0,0.0, 0.062957763671875,0.1532440185546875,-0.154571533203125,0.9739837646484375, 0.6076202392578125,-0.2352142333984375,-0.115386962890625,0.749755859375
191980, 193.4394989013672, 1000.0,191.0,22.0,28.0,62.0,65.0,0.0,0.0,0.0,1000.0,0.0,750.0,1000.0,1000.0,999.0,999.0,999.0,999.0,999.0,453.0,1000.0,0.0,0.0, 0.0628204345703125,0.1533050537109375,-0.15374755859375,0.9741058349609375, 0.607818603515625,-0.2342376708984375,-0.1152191162109375,0.7499237060546875
191990, 193.44947814941406, 1000.0,193.0,22.0,28.0,62.0,65.0,0.0,0.0,0.0,1000.0,0.0,1000.0,1000.0,1000.0,999.0,999.0,999.0,999.0,999.0,453.0,1000.0,0.0,0.0, 0.0626983642578125,0.1533355712890625,-0.153594970703125,0.9741363525390625, 0.6075286865234375,-0.2360992431640625,-0.11676025390625,0.7493438720703125
192000, 193.45938110351562, 1000.0,194.0,22.0,28.0,62.0,65.0,0.0,0.0,0.0,1000.0,0.0,1000.0,1000.0,1000.0,999.0,999.0,999.0,999.0,999.0,453.0,1000.0,0.0,0.0, 0.0626678466796875,0.1532440185546875,-0.153656005859375,0.9741363525390625, 0.6081085205078125,-0.234832763671875,-0.118896484375,0.748931884765625
192010, 193.4695587158203, 1000.0,194.0,22.0,28.0,62.0,65.0,0.0,0.0,0.0,1000.0,0.0,1000.0,1000.0,1000.0,999.0,999.0,999.0,999.0,999.0,453.0,1000.0,0.0,0.0, 0.0625152587890625,0.153106689453125,-0.153533935546875,0.9741973876953125, 0.6080169677734375,-0.234466552734375,-0.1168365478515625,0.7494354248046875
192020, 193.48159790039062, 1000.0,193.0,22.0,28.0,62.0,65.0,0.0,0.0,0.0,1000.0,0.0,750.0,1000.0,1000.0,999.0,999.0,999.0,999.0,999.0,453.0,1000.0,0.0,0.0, 0.0623931884765625,0.1526947021484375,-0.15325927734375,0.97430419921875, 0.607879638671875,-0.2345123291015625,-0.115386962890625,0.7497711181640625
192030, 193.48944091796875, 1000.0,193.0,22.0,28.0,62.0,65.0,0.0,0.0,0.0,1000.0,0.0,750.0,1000.0,1000.0,999.0,999.0,999.0,999.0,999.0,453.0,1000.0,0.0,0.0, 0.06219482421875,0.15234375,-0.1536102294921875,0.9743194580078125, 0.607635498046875,-0.23651123046875,-0.117095947265625,0.7490692138671875
192040, 193.4993133544922, 1000.0,193.0,22.0,28.0,62.0,65.0,0.0,0.0,0.0,1000.0,0.0,750.0,1000.0,1000.0,999.0,999.0,999.0,999.0,999.0,453.0,1000.0,0.0,0.0, 0.0619659423828125,0.1517791748046875,-0.153900146484375,0.9743804931640625, 0.60748291015625,-0.2381134033203125,-0.118621826171875,0.748443603515625
192050, 193.50949096679688, 1000.0,194.0,22.0,28.0,62.0,65.0,0.0,0.0,0.0,1000.0,0.0,750.0,1000.0,1000.0,999.0,999.0,999.0,999.0,999.0,453.0,1000.0,0.0,0.0, 0.0617828369140625,0.1514739990234375,-0.1540374755859375,0.9744110107421875, 0.6071929931640625,-0.2384796142578125,-0.116058349609375,0.74896240234375
192060, 193.51947021484375, 1000.0,194.0,22.0,28.0,62.0,65.0,0.0,0.0,0.0,1000.0,0.0,750.0,1000.0,1000.0,999.0,999.0,999.0,999.0,999.0,453.0,1000.0,0.0,0.0, 0.0616607666015625,0.1512451171875,-0.15399169921875,0.9744720458984375, 0.6072845458984375,-0.2376251220703125,-0.11431884765625,0.749420166015625
192070, 193.52932739257812, 1000.0,194.0,22.0,28.0,62.0,65.0,0.0,0.0,0.0,1000.0,0.0,750.0,1000.0,1000.0,999.0,999.0,999.0,999.0,999.0,453.0,1000.0,0.0,0.0, 0.061553955078125,0.1511383056640625,-0.154083251953125,0.9744720458984375, 0.6075897216796875,-0.2370758056640625,-0.1153717041015625,0.7491912841796875
192080, 193.53955078125, 1000.0,193.0,22.0,28.0,62.0,65.0,0.0,0.0,0.0,1000.0,0.0,750.0,1000.0,1000.0,999.0,999.0,999.0,999.0,999.0,453.0,1000.0,0.0,0.0, 0.0614776611328125,0.1513214111328125,-0.154205322265625,0.97442626953125, 0.6083526611328125,-0.23406982421875,-0.1151885986328125,0.7495574951171875
192090, 193.54937744140625, 1000.0,193.0,22.0,28.0,62.0,65.0,0.0,0.0,0.0,1000.0,0.0,750.0,1000.0,1000.0,999.0,999.0,999.0,999.0,999.0,453.0,1000.0,0.0,0.0, 0.061370849609375,0.151336669921875,-0.1541748046875,0.9744415283203125, 0.6080474853515625,-0.2349853515625,-0.1141815185546875,0.749664306640625
192100, 193.55947875976562, 1000.0,194.0,22.0,28.0,62.0,65.0,0.0,0.0,0.0,1000.0,0.0,750.0,1000.0,1000.0,999.0,999.0,999.0,999.0,999.0,453.0,1000.0,0.0,0.0, 0.061279296875,0.1513519287109375,-0.154205322265625,0.9744415283203125, 0.6076812744140625,-0.2363739013671875,-0.114013671875,0.7495574951171875
192110, 193.5695343017578, 1000.0,193.0,22.0,28.0,62.0,65.0,0.0,0.0,0.0,1000.0,0.0,750.0,1000.0,1000.0,999.0,999.0,999.0,999.0,999.0,453.0,1000.0,0.0,0.0, 0.0611724853515625,0.1513824462890625,-0.154266357421875,0.9744415283203125, 0.6082916259765625,-0.2336883544921875,-0.1136932373046875,0.74993896484375
192120, 193.57936096191406, 1000.0,192.0,22.0,28.0,62.0,65.0,0.0,0.0,0.0,1000.0,0.0,750.0,1000.0,1000.0,999.0,999.0,999.0,999.0,999.0,453.0,1000.0,0.0,0.0, 0.0610198974609375,0.15142822265625,-0.154327392578125,0.97442626953125, 0.607666015625,-0.235382080078125,-0.112091064453125,0.7501678466796875
192130, 193.58963012695312, 1000.0,193.0,22.0,28.0,62.0,65.0,0.0,0.0,0.0,1000.0,0.0,1000.0,1000.0,1000.0,999.0,999.0,999.0,999.0,999.0,453.0,1000.0,0.0,0.0, 0.060882568359375,0.1514434814453125,-0.1544342041015625,0.9744110107421875, 0.6082000732421875,-0.234161376953125,-0.1145477294921875,0.7497406005859375
192140, 193.59942626953125, 1000.0,193.0,22.0,28.0,62.0,65.0,0.0,0.0,0.0,1000.0,0.0,750.0,1000.0,1000.0,999.0,999.0,999.0,999.0,999.0,453.0,1000.0,0.0,0.0, 0.06072998046875,0.151519775390625,-0.154510498046875,0.974395751953125, 0.6085052490234375,-0.234161376953125,-0.117462158203125,0.7490386962890625
192150, 193.6093292236328, 1000.0,192.0,22.0,28.0,63.0,65.0,0.0,0.0,0.0,1000.0,0.0,750.0,1000.0,1000.0,999.0,999.0,999.0,999.0,999.0,453.0,1000.0,0.0,0.0, 0.06060791015625,0.1516265869140625,-0.15447998046875,0.974395751953125, 0.6083221435546875,-0.2339324951171875,-0.1154022216796875,0.7495880126953125
192160, 193.6194610595703, 1000.0,192.0,22.0,28.0,62.0,65.0,0.0,0.0,0.0,1000.0,0.0,750.0,1000.0,1000.0,999.0,999.0,999.0,999.0,999.0,453.0,1000.0,0.0,0.0, 0.0605010986328125,0.1517333984375,-0.154449462890625,0.974395751953125, 0.60821533203125,-0.2342071533203125,-0.1152496337890625,0.7496185302734375
192170, 193.62937927246094, 1000.0,192.0,22.0,28.0,62.0,65.0,0.0,0.0,0.0,1000.0,0.0,750.0,1000.0,1000.0,999.0,999.0,999.0,999.0,999.0,453.0,1000.0,0.0,0.0, 0.0605010986328125,0.1517333984375,-0.154449462890625,0.974395751953125, 0.60760498046875,-0.2358245849609375,-0.113861083984375,0.7498016357421875
192180, 193.64463806152344, 1000.0,187.0,22.0,28.0,62.0,65.0,0.0,0.0,0.0,1000.0,0.0,750.0,1000.0,1000.0,999.0,999.0,999.0,999.0,999.0,453.0,1000.0,0.0,0.0, 0.06024169921875,0.151885986328125,-0.1544952392578125,0.9743804931640625, 0.60821533203125,-0.2352447509765625,-0.1182708740234375,0.748809814453125
192190, 193.64967346191406, 1000.0,187.0,22.0,28.0,62.0,65.0,0.0,0.0,0.0,1000.0,0.0,750.0,1000.0,1000.0,999.0,999.0,999.0,999.0,999.0,453.0,1000.0,0.0,0.0, 0.06024169921875,0.151885986328125,-0.1544952392578125,0.9743804931640625, 0.6085968017578125,-0.2335052490234375,-0.11798095703125,0.7490997314453125
192200, 193.65948486328125, 1000.0,187.0,22.0,28.0,62.0,65.0,0.0,0.0,0.0,1000.0,0.0,750.0,1000.0,1000.0,999.0,999.0,999.0,999.0,999.0,453.0,1000.0,0.0,0.0, 0.059906005859375,0.1519317626953125,-0.1546630859375,0.974365234375, 0.608367919921875,-0.2344970703125,-0.1181182861328125,0.7489471435546875
192210, 193.6694793701172, 1000.0,189.0,22.0,28.0,62.0,65.0,0.0,0.0,0.0,1000.0,0.0,750.0,1000.0,1000.0,999.0,999.0,999.0,999.0,999.0,453.0,1000.0,0.0,0.0, 0.05975341796875,0.1519622802734375,-0.1546783447265625,0.974365234375, 0.608428955078125,-0.23345947265625,-0.116485595703125,0.749481201171875
192220, 193.67935180664062, 1000.0,190.0,22.0,28.0,62.0,65.0,0.0,0.0,0.0,1000.0,0.0,750.0,1000.0,1000.0,999.0,999.0,999.0,999.0,999.0,453.0,1000.0,0.0,0.0, 0.059600830078125,0.1520233154296875,-0.1546783447265625,0.974365234375, 0.6084136962890625,-0.2334747314453125,-0.1164703369140625,0.749481201171875
192230, 193.68955993652344, 1000.0,190.0,22.0,28.0,62.0,65.0,0.0,0.0,0.0,1000.0,0.0,750.0,1000.0,1000.0,999.0,999.0,999.0,999.0,999.0,453.0,1000.0,0.0,0.0, 0.0594635009765625,0.15203857421875,-0.15460205078125,0.9743804931640625, 0.608367919921875,-0.233642578125,-0.1165771484375,0.74945068359375
192240, 193.69932556152344, 1000.0,191.0,22.0,28.0,62.0,65.0,0.0,0.0,0.0,1000.0,0.0,750.0,1000.0,1000.0,999.0,999.0,999.0,999.0,999.0,453.0,1000.0,0.0,0.0, 0.059295654296875,0.1518707275390625,-0.1545257568359375,0.9744415283203125, 0.60833740234375,-0.23370361328125,-0.11663818359375,0.74945068359375
192250, 193.70945739746094, 1000.0,193.0,22.0,28.0,62.0,65.0,0.0,0.0,0.0,1000.0,0.0,750.0,1000.0,1000.0,999.0,999.0,999.0,999.0,999.0,453.0,1000.0,0.0,0.0, 0.058990478515625,0.151580810546875,-0.1543426513671875,0.9745330810546875, 0.6083831787109375,-0.2337493896484375,-0.116912841796875,0.749359130859375
192260, 193.719482421875, 1000.0,192.0,22.0,28.0,62.0,65.0,0.0,0.0,0.0,1000.0,0.0,750.0,1000.0,1000.0,999.0,999.0,999.0,999.0,999.0,453.0,1000.0,0.0,0.0, 0.058990478515625,0.1515350341796875,-0.154266357421875,0.97454833984375, 0.6084136962890625,-0.2338104248046875,-0.1168670654296875,0.7493133544921875
