47210, 47.59300994873047, [1000.0, 65.0, 439.0, 118.0, 266.0, 141.0, 649.0, 42.0, 579.0, 1000.0, 0.0, 1000.0, 0.0, 1000.0, 887.0, 999.0, 999.0, 999.0, 999.0, 261.0, 326.0, 0.0, 0.0], [], [0.471282958984375, -0.2862396240234375, -0.366424560546875, 0.7494354248046875], [], [0.8192138671875, -0.428131103515625, 0.2517852783203125, -0.28662109375]
47220, 47.59916305541992, [1000.0, 65.0, 439.0, 118.0, 266.0, 142.0, 650.0, 42.0, 580.0, 1000.0, 0.0, 1000.0, 0.0, 1000.0, 889.0, 999.0, 999.0, 999.0, 999.0, 261.0, 327.0, 0.0, 0.0], [], [0.4715423583984375, -0.285675048828125, -0.3659820556640625, 0.7497100830078125], [], [0.8191375732421875, -0.428070068359375, 0.251800537109375, -0.28692626953125]
47230, 47.609130859375, [1000.0, 64.0, 438.0, 118.0, 267.0, 142.0, 650.0, 42.0, 580.0, 1000.0, 0.0, 1000.0, 0.0, 1000.0, 888.0, 999.0, 999.0, 999.0, 999.0, 260.0, 325.0, 0.0, 0.0], [], [0.4718170166015625, -0.2851409912109375, -0.3658447265625, 0.74981689453125], [], [0.8195343017578125, -0.427459716796875, 0.2505035400390625, -0.287841796875]
47240, 47.619041442871094, [1000.0, 64.0, 438.0, 118.0, 267.0, 141.0, 649.0, 42.0, 580.0, 1000.0, 0.0, 1000.0, 0.0, 1000.0, 887.0, 999.0, 999.0, 999.0, 999.0, 260.0, 326.0, 0.0, 0.0], [], [0.4723052978515625, -0.2842559814453125, -0.36566162109375, 0.7499237060546875], [], [0.8198394775390625, -0.426971435546875, 0.24945068359375, -0.28863525390625]
47250, 47.62904739379883, [1000.0, 64.0, 438.0, 118.0, 267.0, 141.0, 650.0, 42.0, 580.0, 1000.0, 0.0, 1000.0, 0.0, 1000.0, 886.0, 999.0, 999.0, 999.0, 999.0, 261.0, 326.0, 0.0, 0.0], [], [0.4728240966796875, -0.283355712890625, -0.36541748046875, 0.75006103515625], [], [0.8202667236328125, -0.4261627197265625, 0.2491607666015625, -0.2888946533203125]
47260, 47.639163970947266, [1000.0, 65.0, 440.0, 118.0, 266.0, 141.0, 652.0, 42.0, 579.0, 1000.0, 0.0, 1000.0, 0.0, 1000.0, 886.0, 999.0, 999.0, 999.0, 999.0, 261.0, 325.0, 0.0, 0.0], [], [0.4731292724609375, -0.2828216552734375, -0.3654022216796875, 0.75006103515625], [], [0.8201904296875, -0.4264678955078125, 0.247711181640625, -0.28985595703125]
47270, 47.64911651611328, [1000.0, 65.0, 440.0, 118.0, 266.0, 141.0, 652.0, 42.0, 579.0, 1000.0, 0.0, 1000.0, 0.0, 1000.0, 886.0, 999.0, 999.0, 999.0, 999.0, 261.0, 325.0, 0.0, 0.0], [], [0.4731292724609375, -0.2828216552734375, -0.3654022216796875, 0.75006103515625], [], [0.82098388671875, -0.4249420166015625, 0.247802734375, -0.2897796630859375]
47280, 47.6591682434082, [1000.0, 65.0, 439.0, 118.0, 267.0, 141.0, 651.0, 42.0, 574.0, 1000.0, 0.0, 1000.0, 0.0, 1000.0, 885.0, 999.0, 999.0, 999.0, 999.0, 262.0, 321.0, 0.0, 0.0], [], [0.47357177734375, -0.2818756103515625, -0.3651885986328125, 0.7502593994140625], [], [0.8216400146484375, -0.423797607421875, 0.2473907470703125, -0.28997802734375]
47290, 47.669132232666016, [1000.0, 65.0, 438.0, 118.0, 267.0, 141.0, 650.0, 41.0, 575.0, 1000.0, 0.0, 1000.0, 0.0, 1000.0, 884.0, 999.0, 999.0, 999.0, 999.0, 261.0, 325.0, 0.0, 0.0], [], [0.4737701416015625, -0.28125, -0.36492919921875, 0.75048828125], [], [0.8229217529296875, -0.4214019775390625, 0.2473602294921875, -0.289825439453125]
47300, 47.6804084777832, [1000.0, 65.0, 438.0, 118.0, 267.0, 141.0, 649.0, 41.0, 572.0, 1000.0, 0.0, 1000.0, 0.0, 1000.0, 887.0, 999.0, 999.0, 999.0, 999.0, 261.0, 326.0, 0.0, 0.0], [], [0.473846435546875, -0.2807769775390625, -0.364654541015625, 0.7507476806640625], [], [0.82373046875, -0.4200439453125, 0.246612548828125, -0.290130615234375]
47310, 47.689109802246094, [1000.0, 65.0, 438.0, 117.0, 267.0, 141.0, 649.0, 41.0, 570.0, 1000.0, 0.0, 1000.0, 0.0, 1000.0, 883.0, 999.0, 999.0, 999.0, 999.0, 260.0, 326.0, 0.0, 0.0], [], [0.47406005859375, -0.2801055908203125, -0.3644561767578125, 0.7509613037109375], [], [0.8231964111328125, -0.420745849609375, 0.2480010986328125, -0.2894744873046875]
47320, 47.699100494384766, [1000.0, 64.0, 437.0, 117.0, 267.0, 141.0, 648.0, 42.0, 568.0, 1000.0, 0.0, 1000.0, 0.0, 1000.0, 886.0, 999.0, 999.0, 999.0, 999.0, 259.0, 324.0, 0.0, 0.0], [], [0.4739837646484375, -0.2799072265625, -0.3645172119140625, 0.7510528564453125], [], [0.8227691650390625, -0.4215087890625, 0.24810791015625, -0.28948974609375]
47330, 47.70918273925781, [1000.0, 65.0, 438.0, 117.0, 265.0, 141.0, 643.0, 41.0, 569.0, 1000.0, 0.0, 1000.0, 0.0, 1000.0, 885.0, 999.0, 999.0, 999.0, 999.0, 259.0, 325.0, 0.0, 0.0], [], [0.4737548828125, -0.279754638671875, -0.3645782470703125, 0.751220703125], [], [0.822479248046875, -0.4217376708984375, 0.2496795654296875, -0.28863525390625]
47340, 47.71910095214844, [1000.0, 65.0, 438.0, 117.0, 265.0, 141.0, 643.0, 41.0, 569.0, 1000.0, 0.0, 1000.0, 0.0, 1000.0, 885.0, 999.0, 999.0, 999.0, 999.0, 259.0, 325.0, 0.0, 0.0], [], [0.4737548828125, -0.279754638671875, -0.3645782470703125, 0.751220703125], [], [0.823638916015625, -0.4195556640625, 0.25006103515625, -0.2881622314453125]
47350, 47.73870849609375, [1000.0, 65.0, 437.0, 117.0, 264.0, 140.0, 645.0, 41.0, 568.0, 1000.0, 0.0, 1000.0, 0.0, 1000.0, 882.0, 999.0, 999.0, 999.0, 999.0, 260.0, 325.0, 0.0, 0.0], [], [0.4735260009765625, -0.279876708984375, -0.364532470703125, 0.7513427734375], [], [0.8230438232421875, -0.4205780029296875, 0.2504730224609375, -0.28802490234375]
47360, 47.73995590209961, [1000.0, 65.0, 436.0, 117.0, 265.0, 140.0, 643.0, 41.0, 567.0, 1000.0, 0.0, 1000.0, 0.0, 1000.0, 884.0, 999.0, 999.0, 999.0, 999.0, 260.0, 327.0, 0.0, 0.0], [], [0.4730224609375, -0.2801666259765625, -0.3643646240234375, 0.75164794921875], [], [0.822509765625, -0.421417236328125, 0.2511138916015625, -0.2877349853515625]
47370, 47.749141693115234, [1000.0, 64.0, 437.0, 117.0, 266.0, 140.0, 643.0, 41.0, 566.0, 1000.0, 0.0, 1000.0, 0.0, 1000.0, 888.0, 999.0, 999.0, 999.0, 999.0, 260.0, 328.0, 0.0, 0.0], [], [0.47296142578125, -0.2802581787109375, -0.3642730712890625, 0.7516937255859375], [], [0.82354736328125, -0.419403076171875, 0.25189208984375, -0.2870635986328125]
47380, 47.759422302246094, [1000.0, 65.0, 437.0, 117.0, 265.0, 140.0, 642.0, 41.0, 565.0, 1000.0, 0.0, 1000.0, 0.0, 1000.0, 883.0, 999.0, 999.0, 999.0, 999.0, 260.0, 326.0, 0.0, 0.0], [], [0.47265625, -0.2804412841796875, -0.364166259765625, 0.751861572265625], [], [0.8229217529296875, -0.4202117919921875, 0.253387451171875, -0.2863311767578125]
47390, 47.76936340332031, [1000.0, 65.0, 436.0, 117.0, 265.0, 140.0, 642.0, 41.0, 564.0, 1000.0, 0.0, 1000.0, 0.0, 1000.0, 882.0, 999.0, 999.0, 999.0, 999.0, 260.0, 325.0, 0.0, 0.0], [], [0.472320556640625, -0.2807159423828125, -0.36407470703125, 0.7520294189453125], [], [0.821563720703125, -0.4222564697265625, 0.255340576171875, -0.2854766845703125]
47400, 47.779361724853516, [1000.0, 65.0, 436.0, 117.0, 264.0, 140.0, 642.0, 41.0, 563.0, 1000.0, 0.0, 1000.0, 0.0, 1000.0, 879.0, 999.0, 999.0, 999.0, 999.0, 261.0, 325.0, 0.0, 0.0], [], [0.4719390869140625, -0.2810516357421875, -0.3640594482421875, 0.75213623046875], [], [0.8212890625, -0.42242431640625, 0.256927490234375, -0.2846221923828125]
47410, 47.79222106933594, [1000.0, 65.0, 435.0, 117.0, 264.0, 140.0, 641.0, 41.0, 562.0, 1000.0, 0.0, 1000.0, 0.0, 1000.0, 882.0, 999.0, 999.0, 999.0, 999.0, 261.0, 322.0, 0.0, 0.0], [], [0.4715576171875, -0.281402587890625, -0.36395263671875, 0.7523040771484375], [], [0.821685791015625, -0.4221038818359375, 0.2550201416015625, -0.2856292724609375]
47420, 47.799312591552734, [1000.0, 65.0, 435.0, 117.0, 265.0, 140.0, 641.0, 41.0, 560.0, 1000.0, 0.0, 1000.0, 0.0, 1000.0, 881.0, 999.0, 999.0, 999.0, 999.0, 259.0, 321.0, 0.0, 0.0], [], [0.4711151123046875, -0.2818450927734375, -0.3638458251953125, 0.752471923828125], [], [0.8203887939453125, -0.424560546875, 0.25445556640625, -0.2862396240234375]
47430, 47.80939483642578, [1000.0, 65.0, 435.0, 117.0, 266.0, 140.0, 640.0, 41.0, 562.0, 1000.0, 0.0, 1000.0, 0.0, 1000.0, 884.0, 999.0, 999.0, 999.0, 999.0, 259.0, 322.0, 0.0, 0.0], [], [0.47076416015625, -0.2822265625, -0.363739013671875, 0.752593994140625], [], [0.8201446533203125, -0.4249114990234375, 0.25494384765625, -0.285980224609375]
47440, 47.819480895996094, [1000.0, 65.0, 435.0, 116.0, 265.0, 140.0, 639.0, 41.0, 561.0, 1000.0, 0.0, 1000.0, 0.0, 1000.0, 883.0, 999.0, 999.0, 999.0, 999.0, 261.0, 326.0, 0.0, 0.0], [], [0.470428466796875, -0.282562255859375, -0.3637237548828125, 0.752685546875], [], [0.8197174072265625, -0.425750732421875, 0.2545013427734375, -0.2863311767578125]
47450, 47.8294677734375, [1000.0, 64.0, 435.0, 116.0, 265.0, 139.0, 639.0, 41.0, 559.0, 1000.0, 0.0, 1000.0, 0.0, 1000.0, 885.0, 999.0, 999.0, 999.0, 999.0, 261.0, 326.0, 0.0, 0.0], [], [0.4701690673828125, -0.282867431640625, -0.36376953125, 0.752716064453125], [], [0.819488525390625, -0.426239013671875, 0.254241943359375, -0.286529541015625]
47460, 47.85032653808594, [1000.0, 64.0, 434.0, 117.0, 265.0, 139.0, 639.0, 41.0, 560.0, 1000.0, 0.0, 1000.0, 0.0, 1000.0, 881.0, 999.0, 999.0, 999.0, 999.0, 260.0, 324.0, 0.0, 0.0], [], [0.4698486328125, -0.283203125, -0.3640289306640625, 0.752655029296875], [], [0.819091796875, -0.4269866943359375, 0.2541961669921875, -0.286590576171875]
47470, 47.85941696166992, [1000.0, 65.0, 434.0, 117.0, 265.0, 139.0, 639.0, 40.0, 560.0, 1000.0, 0.0, 1000.0, 0.0, 1000.0, 884.0, 999.0, 999.0, 999.0, 999.0, 261.0, 322.0, 0.0, 0.0], [], [0.4695587158203125, -0.28338623046875, -0.3642578125, 0.752655029296875], [], [0.8191375732421875, -0.426910400390625, 0.2544097900390625, -0.286376953125]
47480, 47.869384765625, [1000.0, 65.0, 434.0, 116.0, 266.0, 139.0, 638.0, 40.0, 559.0, 1000.0, 0.0, 1000.0, 0.0, 1000.0, 880.0, 999.0, 999.0, 999.0, 999.0, 261.0, 324.0, 0.0, 0.0], [], [0.4693145751953125, -0.2834320068359375, -0.3644866943359375, 0.7526702880859375], [], [0.8211669921875, -0.423583984375, 0.25311279296875, -0.286651611328125]
47490, 47.87932586669922, [1000.0, 65.0, 435.0, 116.0, 266.0, 139.0, 637.0, 40.0, 560.0, 1000.0, 0.0, 1000.0, 0.0, 1000.0, 882.0, 999.0, 999.0, 999.0, 999.0, 260.0, 325.0, 0.0, 0.0], [], [0.469207763671875, -0.2832489013671875, -0.364654541015625, 0.7527313232421875], [], [0.8217315673828125, -0.4227752685546875, 0.2520751953125, -0.287139892578125]
47500, 47.889617919921875, [1000.0, 65.0, 435.0, 117.0, 266.0, 139.0, 638.0, 40.0, 560.0, 1000.0, 0.0, 1000.0, 0.0, 1000.0, 882.0, 999.0, 999.0, 999.0, 999.0, 261.0, 326.0, 0.0, 0.0], [], [0.4691314697265625, -0.282958984375, -0.3646697998046875, 0.7528839111328125], [], [0.823150634765625, -0.4204254150390625, 0.2510223388671875, -0.2874603271484375]
47510, 47.8994255065918, [1000.0, 65.0, 436.0, 116.0, 265.0, 139.0, 639.0, 40.0, 561.0, 1000.0, 0.0, 1000.0, 0.0, 1000.0, 884.0, 999.0, 999.0, 999.0, 999.0, 259.0, 322.0, 0.0, 0.0], [], [0.46905517578125, -0.28277587890625, -0.364715576171875, 0.75299072265625], [], [0.822784423828125, -0.420806884765625, 0.2524566650390625, -0.28668212890625]
47520, 47.90926742553711, [1000.0, 65.0, 435.0, 117.0, 265.0, 139.0, 640.0, 40.0, 560.0, 1000.0, 0.0, 1000.0, 0.0, 1000.0, 883.0, 999.0, 999.0, 999.0, 999.0, 259.0, 322.0, 0.0, 0.0], [], [0.468963623046875, -0.2825469970703125, -0.36474609375, 0.7530975341796875], [], [0.82318115234375, -0.420318603515625, 0.2514190673828125, -0.28717041015625]
47530, 47.919464111328125, [1000.0, 64.0, 436.0, 117.0, 265.0, 139.0, 640.0, 40.0, 559.0, 1000.0, 0.0, 1000.0, 0.0, 1000.0, 885.0, 999.0, 999.0, 999.0, 999.0, 260.0, 324.0, 0.0, 0.0], [], [0.4689178466796875, -0.2823333740234375, -0.36480712890625, 0.7531890869140625], [], [0.8227691650390625, -0.421051025390625, 0.25177001953125, -0.2870025634765625]
47540, 47.929222106933594, [1000.0, 64.0, 436.0, 116.0, 265.0, 139.0, 638.0, 40.0, 560.0, 1000.0, 0.0, 1000.0, 0.0, 1000.0, 886.0, 999.0, 999.0, 999.0, 999.0, 259.0, 325.0, 0.0, 0.0], [], [0.468963623046875, -0.281982421875, -0.364898681640625, 0.75323486328125], [], [0.8226776123046875, -0.4212188720703125, 0.2517852783203125, -0.286956787109375]
47550, 47.93916702270508, [1000.0, 64.0, 436.0, 116.0, 265.0, 139.0, 638.0, 40.0, 560.0, 1000.0, 0.0, 1000.0, 0.0, 1000.0, 886.0, 999.0, 999.0, 999.0, 999.0, 259.0, 325.0, 0.0, 0.0], [], [0.468963623046875, -0.281982421875, -0.364898681640625, 0.75323486328125], [], [0.8226776123046875, -0.4212646484375, 0.251800537109375, -0.286895751953125]
47560, 47.94916915893555, [1000.0, 65.0, 436.0, 117.0, 264.0, 139.0, 637.0, 40.0, 560.0, 1000.0, 0.0, 1000.0, 0.0, 1000.0, 888.0, 999.0, 999.0, 999.0, 999.0, 259.0, 322.0, 0.0, 0.0], [], [0.469268798828125, -0.280792236328125, -0.364776611328125, 0.7535552978515625], [], [0.8226318359375, -0.42138671875, 0.251800537109375, -0.286834716796875]
47570, 47.95917510986328, [1000.0, 64.0, 436.0, 116.0, 266.0, 139.0, 638.0, 40.0, 559.0, 1000.0, 0.0, 1000.0, 0.0, 1000.0, 887.0, 999.0, 999.0, 999.0, 999.0, 260.0, 325.0, 0.0, 0.0], [], [0.4692840576171875, -0.2804412841796875, -0.364776611328125, 0.7536773681640625], [], [0.822540283203125, -0.4215850830078125, 0.2519989013671875, -0.2866668701171875]
47580, 47.96936798095703, [1000.0, 64.0, 436.0, 116.0, 266.0, 139.0, 638.0, 40.0, 559.0, 1000.0, 0.0, 1000.0, 0.0, 1000.0, 887.0, 999.0, 999.0, 999.0, 999.0, 260.0, 325.0, 0.0, 0.0], [], [0.4692840576171875, -0.2804412841796875, -0.364776611328125, 0.7536773681640625], [], [0.822479248046875, -0.4217071533203125, 0.2519989013671875, -0.28662109375]
47590, 47.979469299316406, [1000.0, 65.0, 437.0, 116.0, 266.0, 139.0, 639.0, 40.0, 556.0, 1000.0, 0.0, 1000.0, 0.0, 1000.0, 887.0, 999.0, 999.0, 999.0, 999.0, 262.0, 328.0, 0.0, 0.0], [], [0.4690399169921875, -0.2803192138671875, -0.3647918701171875, 0.753875732421875], [], [0.8225555419921875, -0.4216156005859375, 0.251983642578125, -0.28656005859375]
47600, 47.989234924316406, [1000.0, 65.0, 436.0, 116.0, 266.0, 139.0, 639.0, 40.0, 557.0, 1000.0, 0.0, 1000.0, 0.0, 1000.0, 888.0, 999.0, 999.0, 999.0, 999.0, 261.0, 326.0, 0.0, 0.0], [], [0.468994140625, -0.2801361083984375, -0.36505126953125, 0.75384521484375], [], [0.8226470947265625, -0.4215240478515625, 0.25189208984375, -0.286529541015625]
47610, 47.999263763427734, [1000.0, 65.0, 435.0, 116.0, 266.0, 139.0, 639.0, 40.0, 558.0, 1000.0, 0.0, 1000.0, 0.0, 1000.0, 886.0, 999.0, 999.0, 999.0, 999.0, 260.0, 324.0, 0.0, 0.0], [], [0.4690093994140625, -0.2798919677734375, -0.365478515625, 0.7537078857421875], [], [0.8225860595703125, -0.4216766357421875, 0.25177001953125, -0.2865753173828125]
47620, 48.01105880737305, [1000.0, 65.0, 435.0, 116.0, 266.0, 139.0, 638.0, 40.0, 557.0, 1000.0, 0.0, 1000.0, 0.0, 1000.0, 887.0, 999.0, 999.0, 999.0, 999.0, 261.0, 324.0, 0.0, 0.0], [], [0.469024658203125, -0.2797088623046875, -0.365997314453125, 0.7535247802734375], [], [0.8222198486328125, -0.4222564697265625, 0.25213623046875, -0.2864532470703125]
47630, 48.01921844482422, [1000.0, 64.0, 435.0, 116.0, 265.0, 139.0, 638.0, 40.0, 558.0, 1000.0, 0.0, 1000.0, 0.0, 1000.0, 888.0, 999.0, 999.0, 999.0, 999.0, 260.0, 326.0, 0.0, 0.0], [], [0.46881103515625, -0.2799224853515625, -0.3671417236328125, 0.753021240234375], [], [0.8219757080078125, -0.422607421875, 0.252532958984375, -0.286285400390625]
47640, 48.02923583984375, [1000.0, 64.0, 434.0, 116.0, 265.0, 139.0, 637.0, 40.0, 557.0, 1000.0, 0.0, 1000.0, 0.0, 1000.0, 884.0, 999.0, 999.0, 999.0, 999.0, 259.0, 327.0, 0.0, 0.0], [], [0.468536376953125, -0.2803192138671875, -0.36724853515625, 0.75299072265625], [], [0.8218536376953125, -0.4227752685546875, 0.2528076171875, -0.2861480712890625]
47650, 48.03932189941406, [1000.0, 65.0, 435.0, 116.0, 265.0, 138.0, 636.0, 40.0, 557.0, 1000.0, 0.0, 1000.0, 0.0, 1000.0, 886.0, 999.0, 999.0, 999.0, 999.0, 259.0, 327.0, 0.0, 0.0], [], [0.468292236328125, -0.2808074951171875, -0.3672637939453125, 0.752960205078125], [], [0.8215179443359375, -0.4234161376953125, 0.252716064453125, -0.2862396240234375]
47660, 48.049190521240234, [1000.0, 65.0, 435.0, 116.0, 265.0, 138.0, 636.0, 40.0, 557.0, 1000.0, 0.0, 1000.0, 0.0, 1000.0, 882.0, 999.0, 999.0, 999.0, 999.0, 260.0, 325.0, 0.0, 0.0], [], [0.4680633544921875, -0.281158447265625, -0.3671722412109375, 0.7530059814453125], [], [0.8211822509765625, -0.4239349365234375, 0.2530059814453125, -0.2861785888671875]
47670, 48.059226989746094, [1000.0, 64.0, 434.0, 116.0, 264.0, 139.0, 637.0, 40.0, 556.0, 1000.0, 0.0, 1000.0, 0.0, 1000.0, 884.0, 999.0, 999.0, 999.0, 999.0, 260.0, 325.0, 0.0, 0.0], [], [0.4676361083984375, -0.2816619873046875, -0.3668975830078125, 0.7532196044921875], [], [0.82135009765625, -0.4236297607421875, 0.2528533935546875, -0.286285400390625]
47680, 48.06914520263672, [1000.0, 65.0, 435.0, 116.0, 263.0, 138.0, 637.0, 40.0, 555.0, 1000.0, 0.0, 1000.0, 0.0, 1000.0, 884.0, 999.0, 999.0, 999.0, 999.0, 260.0, 326.0, 0.0, 0.0], [], [0.46728515625, -0.2823486328125, -0.36700439453125, 0.7531280517578125], [], [0.821258544921875, -0.423675537109375, 0.2531280517578125, -0.2862548828125]
47690, 48.07917785644531, [1000.0, 65.0, 434.0, 116.0, 262.0, 138.0, 637.0, 40.0, 556.0, 1000.0, 0.0, 1000.0, 0.0, 1000.0, 886.0, 999.0, 999.0, 999.0, 999.0, 260.0, 325.0, 0.0, 0.0], [], [0.4668121337890625, -0.2830810546875, -0.36700439453125, 0.753143310546875], [], [0.8211212158203125, -0.4239501953125, 0.25274658203125, -0.2865753173828125]
47700, 48.08924865722656, [1000.0, 65.0, 434.0, 116.0, 264.0, 138.0, 638.0, 40.0, 556.0, 1000.0, 0.0, 1000.0, 0.0, 1000.0, 884.0, 999.0, 999.0, 999.0, 999.0, 259.0, 321.0, 0.0, 0.0], [], [0.466461181640625, -0.2836151123046875, -0.366851806640625, 0.7532501220703125], [], [0.8212127685546875, -0.4237518310546875, 0.2527923583984375, -0.2865753173828125]
47710, 48.09919738769531, [1000.0, 64.0, 435.0, 116.0, 264.0, 139.0, 638.0, 40.0, 555.0, 1000.0, 0.0, 1000.0, 0.0, 1000.0, 886.0, 999.0, 999.0, 999.0, 999.0, 259.0, 321.0, 0.0, 0.0], [], [0.466217041015625, -0.283905029296875, -0.3665313720703125, 0.7534332275390625], [], [0.8209075927734375, -0.42437744140625, 0.252105712890625, -0.2870941162109375]
47720, 48.10923385620117, [1000.0, 65.0, 435.0, 116.0, 265.0, 138.0, 637.0, 40.0, 555.0, 1000.0, 0.0, 1000.0, 0.0, 1000.0, 882.0, 999.0, 999.0, 999.0, 999.0, 259.0, 321.0, 0.0, 0.0], [], [0.466094970703125, -0.2839813232421875, -0.365997314453125, 0.753753662109375], [], [0.821044921875, -0.4242401123046875, 0.2513427734375, -0.2875823974609375]
47730, 48.12049865722656, [1000.0, 65.0, 434.0, 116.0, 264.0, 138.0, 636.0, 40.0, 552.0, 1000.0, 0.0, 1000.0, 0.0, 1000.0, 883.0, 999.0, 999.0, 999.0, 999.0, 260.0, 327.0, 0.0, 0.0], [], [0.4662017822265625, -0.283599853515625, -0.36566162109375, 0.7539825439453125], [], [0.8212432861328125, -0.4238433837890625, 0.251312255859375, -0.2876129150390625]
47740, 48.12919616699219, [1000.0, 64.0, 433.0, 116.0, 265.0, 138.0, 636.0, 40.0, 553.0, 1000.0, 0.0, 1000.0, 0.0, 1000.0, 879.0, 999.0, 999.0, 999.0, 999.0, 259.0, 325.0, 0.0, 0.0], [], [0.4664154052734375, -0.2830657958984375, -0.36553955078125, 0.754119873046875], [], [0.820953369140625, -0.4240264892578125, 0.2528076171875, -0.2868499755859375]
47750, 48.13948440551758, [1000.0, 64.0, 434.0, 116.0, 265.0, 138.0, 638.0, 40.0, 554.0, 1000.0, 0.0, 1000.0, 0.0, 1000.0, 881.0, 999.0, 999.0, 999.0, 999.0, 259.0, 326.0, 0.0, 0.0], [], [0.4666290283203125, -0.28240966796875, -0.3654937744140625, 0.754241943359375], [], [0.820709228515625, -0.424407958984375, 0.2530517578125, -0.2867889404296875]
47760, 48.14938735961914, [1000.0, 64.0, 434.0, 116.0, 265.0, 138.0, 638.0, 40.0, 557.0, 1000.0, 0.0, 1000.0, 0.0, 1000.0, 880.0, 999.0, 999.0, 999.0, 999.0, 259.0, 324.0, 0.0, 0.0], [], [0.4668731689453125, -0.2817230224609375, -0.3654632568359375, 0.754364013671875], [], [0.821014404296875, -0.42401123046875, 0.2523956298828125, -0.287109375]
47770, 48.15935516357422, [1000.0, 64.0, 435.0, 116.0, 266.0, 138.0, 638.0, 40.0, 556.0, 1000.0, 0.0, 1000.0, 0.0, 1000.0, 883.0, 999.0, 999.0, 999.0, 999.0, 259.0, 321.0, 0.0, 0.0], [], [0.467193603515625, -0.280914306640625, -0.3654632568359375, 0.7544708251953125], [], [0.821319580078125, -0.4235687255859375, 0.25177001953125, -0.2874298095703125]
47780, 48.169410705566406, [1000.0, 64.0, 434.0, 116.0, 265.0, 138.0, 639.0, 39.0, 555.0, 1000.0, 0.0, 1000.0, 0.0, 1000.0, 879.0, 999.0, 999.0, 999.0, 999.0, 260.0, 320.0, 0.0, 0.0], [], [0.46728515625, -0.280517578125, -0.36566162109375, 0.7544708251953125], [], [0.821319580078125, -0.423492431640625, 0.252166748046875, -0.287200927734375]
47790, 48.179561614990234, [1000.0, 65.0, 434.0, 116.0, 264.0, 138.0, 638.0, 39.0, 553.0, 1000.0, 0.0, 1000.0, 0.0, 1000.0, 882.0, 999.0, 999.0, 999.0, 999.0, 259.0, 324.0, 0.0, 0.0], [], [0.467437744140625, -0.2799530029296875, -0.3653717041015625, 0.754730224609375], [], [0.821258544921875, -0.4233245849609375, 0.25341796875, -0.2864990234375]
47800, 48.189239501953125, [1000.0, 65.0, 436.0, 116.0, 265.0, 138.0, 637.0, 39.0, 554.0, 1000.0, 0.0, 1000.0, 0.0, 1000.0, 880.0, 999.0, 999.0, 999.0, 999.0, 260.0, 324.0, 0.0, 0.0], [], [0.46746826171875, -0.2796478271484375, -0.3652801513671875, 0.754852294921875], [], [0.8209991455078125, -0.4236602783203125, 0.254058837890625, -0.2861785888671875]
47810, 48.19915771484375, [1000.0, 65.0, 436.0, 116.0, 266.0, 138.0, 638.0, 39.0, 555.0, 1000.0, 0.0, 1000.0, 0.0, 1000.0, 881.0, 999.0, 999.0, 999.0, 999.0, 261.0, 325.0, 0.0, 0.0], [], [0.4674224853515625, -0.2795562744140625, -0.365509033203125, 0.75482177734375], [], [0.820587158203125, -0.4239959716796875, 0.2559661865234375, -0.2851715087890625]
47820, 48.20915985107422, [1000.0, 65.0, 436.0, 116.0, 266.0, 138.0, 637.0, 39.0, 555.0, 1000.0, 0.0, 1000.0, 0.0, 1000.0, 878.0, 999.0, 999.0, 999.0, 999.0, 261.0, 324.0, 0.0, 0.0], [], [0.4674072265625, -0.2794189453125, -0.36590576171875, 0.7546844482421875], [], [0.819915771484375, -0.425048828125, 0.256500244140625, -0.2850341796875]
47830, 48.21914291381836, [1000.0, 65.0, 436.0, 116.0, 265.0, 138.0, 636.0, 39.0, 557.0, 1000.0, 0.0, 1000.0, 0.0, 1000.0, 881.0, 999.0, 999.0, 999.0, 999.0, 260.0, 321.0, 0.0, 0.0], [], [0.4670867919921875, -0.2798004150390625, -0.3659820556640625, 0.75469970703125], [], [0.8202056884765625, -0.424407958984375, 0.2569580078125, -0.28472900390625]
47840, 48.23395538330078, [1000.0, 65.0, 436.0, 116.0, 264.0, 138.0, 635.0, 39.0, 554.0, 1000.0, 0.0, 1000.0, 0.0, 1000.0, 881.0, 999.0, 999.0, 999.0, 999.0, 259.0, 325.0, 0.0, 0.0], [], [0.46697998046875, -0.2798004150390625, -0.365936279296875, 0.754791259765625], [], [0.8195037841796875, -0.4256134033203125, 0.2571258544921875, -0.284820556640625]
47850, 48.23923873901367, [1000.0, 65.0, 436.0, 116.0, 264.0, 138.0, 635.0, 39.0, 554.0, 1000.0, 0.0, 1000.0, 0.0, 1000.0, 881.0, 999.0, 999.0, 999.0, 999.0, 259.0, 325.0, 0.0, 0.0], [], [0.46697998046875, -0.2798004150390625, -0.365936279296875, 0.754791259765625], [], [0.8201141357421875, -0.424560546875, 0.2568206787109375, -0.2848968505859375]
47860, 48.24916076660156, [1000.0, 65.0, 433.0, 116.0, 266.0, 138.0, 635.0, 39.0, 554.0, 1000.0, 0.0, 1000.0, 0.0, 1000.0, 883.0, 999.0, 999.0, 999.0, 999.0, 259.0, 324.0, 0.0, 0.0], [], [0.46685791015625, -0.2797698974609375, -0.365753173828125, 0.754974365234375], [], [0.8201141357421875, -0.424652099609375, 0.2563629150390625, -0.2851715087890625]
47870, 48.25912094116211, [1000.0, 65.0, 434.0, 116.0, 266.0, 138.0, 636.0, 39.0, 555.0, 1000.0, 0.0, 1000.0, 0.0, 1000.0, 884.0, 999.0, 999.0, 999.0, 997.0, 259.0, 324.0, 0.0, 0.0], [], [0.4667816162109375, -0.2798004150390625, -0.3656768798828125, 0.755035400390625], [], [0.8193206787109375, -0.4260711669921875, 0.256317138671875, -0.2853851318359375]
47880, 48.26913833618164, [1000.0, 65.0, 435.0, 116.0, 266.0, 138.0, 637.0, 39.0, 554.0, 1000.0, 0.0, 1000.0, 0.0, 1000.0, 884.0, 999.0, 999.0, 999.0, 997.0, 259.0, 325.0, 0.0, 0.0], [], [0.466705322265625, -0.2798309326171875, -0.365570068359375, 0.7551116943359375], [], [0.8187713623046875, -0.4272613525390625, 0.2552032470703125, -0.286163330078125]
47890, 48.28265380859375, [1000.0, 64.0, 436.0, 116.0, 265.0, 138.0, 636.0, 39.0, 554.0, 1000.0, 0.0, 1000.0, 0.0, 1000.0, 886.0, 999.0, 999.0, 999.0, 997.0, 258.0, 324.0, 0.0, 0.0], [], [0.4666290283203125, -0.2799072265625, -0.3655242919921875, 0.7551727294921875], [], [0.8196868896484375, -0.426055908203125, 0.253143310546875, -0.287200927734375]
47900, 48.28912353515625, [1000.0, 65.0, 435.0, 116.0, 264.0, 138.0, 635.0, 39.0, 554.0, 1000.0, 0.0, 1000.0, 0.0, 1000.0, 885.0, 999.0, 999.0, 999.0, 999.0, 259.0, 322.0, 0.0, 0.0], [], [0.4665374755859375, -0.27996826171875, -0.365509033203125, 0.7552032470703125], [], [0.8191375732421875, -0.4271392822265625, 0.25250244140625, -0.2877349853515625]
47910, 48.2990837097168, [1000.0, 65.0, 435.0, 116.0, 265.0, 138.0, 636.0, 39.0, 553.0, 1000.0, 0.0, 1000.0, 0.0, 1000.0, 885.0, 999.0, 999.0, 999.0, 999.0, 260.0, 321.0, 0.0, 0.0], [], [0.46649169921875, -0.2800445556640625, -0.3654937744140625, 0.755218505859375], [], [0.8200225830078125, -0.425537109375, 0.2524261474609375, -0.2876434326171875]
47920, 48.30908966064453, [1000.0, 64.0, 436.0, 116.0, 266.0, 138.0, 637.0, 39.0, 552.0, 1000.0, 0.0, 1000.0, 0.0, 1000.0, 884.0, 999.0, 999.0, 999.0, 999.0, 259.0, 322.0, 0.0, 0.0], [], [0.4664154052734375, -0.2801971435546875, -0.365570068359375, 0.7551727294921875], [], [0.82000732421875, -0.425384521484375, 0.253173828125, -0.287261962890625]
47930, 48.31908416748047, [1000.0, 64.0, 436.0, 116.0, 266.0, 138.0, 637.0, 39.0, 553.0, 1000.0, 0.0, 1000.0, 0.0, 1000.0, 885.0, 999.0, 999.0, 999.0, 999.0, 259.0, 322.0, 0.0, 0.0], [], [0.466400146484375, -0.2802734375, -0.365631103515625, 0.755126953125], [], [0.820831298828125, -0.4238739013671875, 0.2532501220703125, -0.287078857421875]
47940, 48.329132080078125, [1000.0, 65.0, 437.0, 116.0, 266.0, 138.0, 637.0, 39.0, 553.0, 1000.0, 0.0, 1000.0, 0.0, 1000.0, 887.0, 999.0, 999.0, 999.0, 999.0, 261.0, 324.0, 0.0, 0.0], [], [0.4664306640625, -0.2803192138671875, -0.3658447265625, 0.754974365234375], [], [0.82220458984375, -0.421539306640625, 0.25250244140625, -0.2872314453125]
47950, 48.339210510253906, [1000.0, 65.0, 437.0, 116.0, 265.0, 138.0, 636.0, 39.0, 553.0, 1000.0, 0.0, 1000.0, 0.0, 1000.0, 889.0, 999.0, 997.0, 999.0, 998.0, 260.0, 324.0, 0.0, 0.0], [], [0.466461181640625, -0.2802734375, -0.3659820556640625, 0.754913330078125], [], [0.823150634765625, -0.4198150634765625, 0.2524566650390625, -0.287078857421875]
47960, 48.349098205566406, [1000.0, 65.0, 436.0, 115.0, 264.0, 138.0, 634.0, 39.0, 553.0, 1000.0, 0.0, 1000.0, 0.0, 1000.0, 885.0, 999.0, 997.0, 999.0, 999.0, 259.0, 324.0, 0.0, 0.0], [], [0.46649169921875, -0.2801666259765625, -0.3660125732421875, 0.754913330078125], [], [0.8242645263671875, -0.4179229736328125, 0.2517547607421875, -0.287261962890625]
47970, 48.359107971191406, [1000.0, 65.0, 436.0, 115.0, 264.0, 138.0, 635.0, 39.0, 553.0, 1000.0, 0.0, 1000.0, 0.0, 1000.0, 887.0, 999.0, 997.0, 999.0, 999.0, 259.0, 322.0, 0.0, 0.0], [], [0.466522216796875, -0.280059814453125, -0.366058349609375, 0.754913330078125], [], [0.8236083984375, -0.4193115234375, 0.2508087158203125, -0.287933349609375]
47980, 48.36909103393555, [1000.0, 65.0, 435.0, 116.0, 265.0, 138.0, 635.0, 39.0, 554.0, 1000.0, 0.0, 1000.0, 0.0, 1000.0, 887.0, 999.0, 999.0, 999.0, 999.0, 258.0, 324.0, 0.0, 0.0], [], [0.4665679931640625, -0.27996826171875, -0.366119384765625, 0.7548980712890625], [], [0.8236083984375, -0.419464111328125, 0.2501983642578125, -0.28826904296875]
47990, 48.37913131713867, [1000.0, 65.0, 435.0, 116.0, 265.0, 137.0, 636.0, 39.0, 554.0, 1000.0, 0.0, 1000.0, 0.0, 1000.0, 888.0, 999.0, 999.0, 999.0, 999.0, 258.0, 322.0, 0.0, 0.0], [], [0.4666290283203125, -0.2798614501953125, -0.3662109375, 0.7548370361328125], [], [0.8238677978515625, -0.4194793701171875, 0.2478485107421875, -0.2895355224609375]
48000, 48.38938522338867, [1000.0, 65.0, 435.0, 116.0, 265.0, 137.0, 636.0, 39.0, 555.0, 1000.0, 0.0, 1000.0, 0.0, 1000.0, 885.0, 999.0, 999.0, 999.0, 999.0, 259.0, 324.0, 0.0, 0.0], [], [0.4666595458984375, -0.2798004150390625, -0.36627197265625, 0.75482177734375], [], [0.82452392578125, -0.4178924560546875, 0.2498626708984375, -0.2882080078125]
48010, 48.399295806884766, [1000.0, 65.0, 435.0, 116.0, 264.0, 138.0, 637.0, 38.0, 555.0, 1000.0, 0.0, 1000.0, 0.0, 1000.0, 885.0, 999.0, 999.0, 999.0, 999.0, 259.0, 327.0, 0.0, 0.0], [], [0.4666748046875, -0.279693603515625, -0.36627197265625, 0.754852294921875], [], [0.8238677978515625, -0.419219970703125, 0.2493896484375, -0.28857421875]
48020, 48.409149169921875, [1000.0, 65.0, 434.0, 116.0, 264.0, 137.0, 637.0, 38.0, 554.0, 1000.0, 0.0, 1000.0, 0.0, 1000.0, 885.0, 999.0, 999.0, 999.0, 999.0, 260.0, 327.0, 0.0, 0.0], [], [0.4666290283203125, -0.279693603515625, -0.366241455078125, 0.7548980712890625], [], [0.8235321044921875, -0.4196929931640625, 0.25006103515625, -0.2882537841796875]
48030, 48.41913986206055, [1000.0, 65.0, 434.0, 116.0, 264.0, 137.0, 636.0, 38.0, 554.0, 1000.0, 0.0, 1000.0, 0.0, 1000.0, 884.0, 999.0, 999.0, 999.0, 999.0, 260.0, 326.0, 0.0, 0.0], [], [0.4665985107421875, -0.2796478271484375, -0.3661041259765625, 0.7550048828125], [], [0.8234405517578125, -0.4199066162109375, 0.249847412109375, -0.28839111328125]
48040, 48.42914581298828, [1000.0, 65.0, 434.0, 116.0, 265.0, 137.0, 636.0, 38.0, 553.0, 1000.0, 0.0, 1000.0, 0.0, 1000.0, 883.0, 999.0, 999.0, 999.0, 999.0, 260.0, 325.0, 0.0, 0.0], [], [0.4666595458984375, -0.279449462890625, -0.365936279296875, 0.755126953125], [], [0.82342529296875, -0.4199371337890625, 0.2498779296875, -0.2883758544921875]
48050, 48.443603515625, [1000.0, 65.0, 435.0, 116.0, 265.0, 137.0, 637.0, 38.0, 553.0, 1000.0, 0.0, 1000.0, 0.0, 1000.0, 885.0, 999.0, 999.0, 999.0, 999.0, 259.0, 321.0, 0.0, 0.0], [], [0.4666595458984375, -0.279327392578125, -0.3657379150390625, 0.7552490234375], [], [0.8234405517578125, -0.4199066162109375, 0.2498321533203125, -0.28839111328125]
48060, 48.448997497558594, [1000.0, 65.0, 433.0, 116.0, 264.0, 137.0, 636.0, 39.0, 553.0, 1000.0, 0.0, 1000.0, 0.0, 1000.0, 885.0, 999.0, 999.0, 999.0, 999.0, 258.0, 322.0, 0.0, 0.0], [], [0.466705322265625, -0.2791748046875, -0.3656158447265625, 0.755340576171875], [], [0.8234100341796875, -0.41998291015625, 0.2498779296875, -0.288360595703125]
48070, 48.459136962890625, [1000.0, 65.0, 433.0, 116.0, 264.0, 137.0, 634.0, 38.0, 553.0, 1000.0, 0.0, 1000.0, 0.0, 1000.0, 886.0, 999.0, 999.0, 999.0, 998.0, 259.0, 321.0, 0.0, 0.0], [], [0.466766357421875, -0.2789306640625, -0.3654937744140625, 0.755462646484375], [], [0.8234710693359375, -0.4198760986328125, 0.249847412109375, -0.288360595703125]
48080, 48.469093322753906, [1000.0, 65.0, 434.0, 116.0, 264.0, 137.0, 634.0, 38.0, 551.0, 1000.0, 0.0, 1000.0, 0.0, 1000.0, 879.0, 999.0, 999.0, 999.0, 998.0, 259.0, 325.0, 0.0, 0.0], [], [0.4667510986328125, -0.278839111328125, -0.3653564453125, 0.7555694580078125], [], [0.8234710693359375, -0.4198760986328125, 0.249847412109375, -0.288360595703125]
48090, 48.47910690307617, [1000.0, 65.0, 436.0, 116.0, 265.0, 137.0, 635.0, 38.0, 551.0, 1000.0, 0.0, 1000.0, 0.0, 1000.0, 880.0, 999.0, 999.0, 999.0, 999.0, 260.0, 325.0, 0.0, 0.0], [], [0.466766357421875, -0.2787017822265625, -0.365020751953125, 0.755767822265625], [], [0.823394775390625, -0.41998291015625, 0.25, -0.28826904296875]
48100, 48.48919677734375, [1000.0, 65.0, 435.0, 115.0, 265.0, 137.0, 635.0, 38.0, 552.0, 1000.0, 0.0, 1000.0, 0.0, 1000.0, 879.0, 999.0, 999.0, 999.0, 999.0, 259.0, 326.0, 0.0, 0.0], [], [0.466766357421875, -0.278594970703125, -0.36492919921875, 0.755859375], [], [0.823272705078125, -0.4202423095703125, 0.2498016357421875, -0.288421630859375]
48110, 48.49909973144531, [1000.0, 65.0, 435.0, 115.0, 264.0, 137.0, 635.0, 38.0, 551.0, 1000.0, 0.0, 1000.0, 0.0, 1000.0, 881.0, 999.0, 999.0, 999.0, 999.0, 259.0, 325.0, 0.0, 0.0], [], [0.4667510986328125, -0.2785186767578125, -0.3647003173828125, 0.7559967041015625], [], [0.8232269287109375, -0.4203033447265625, 0.2498321533203125, -0.288421630859375]
48120, 48.50912094116211, [1000.0, 65.0, 434.0, 116.0, 264.0, 137.0, 636.0, 38.0, 552.0, 1000.0, 0.0, 1000.0, 0.0, 1000.0, 879.0, 999.0, 999.0, 999.0, 999.0, 259.0, 325.0, 0.0, 0.0], [], [0.466796875, -0.2783660888671875, -0.364471435546875, 0.756134033203125], [], [0.823394775390625, -0.4200439453125, 0.249847412109375, -0.2883453369140625]
48130, 48.519100189208984, [1000.0, 65.0, 434.0, 116.0, 265.0, 137.0, 636.0, 38.0, 553.0, 1000.0, 0.0, 1000.0, 0.0, 1000.0, 881.0, 999.0, 999.0, 999.0, 999.0, 259.0, 324.0, 0.0, 0.0], [], [0.46685791015625, -0.2782135009765625, -0.3644561767578125, 0.75616455078125], [], [0.823577880859375, -0.419708251953125, 0.2498626708984375, -0.288299560546875]
48140, 48.52913284301758, [1000.0, 65.0, 434.0, 116.0, 265.0, 137.0, 636.0, 38.0, 553.0, 1000.0, 0.0, 1000.0, 0.0, 1000.0, 880.0, 999.0, 999.0, 999.0, 999.0, 259.0, 321.0, 0.0, 0.0], [], [0.4667816162109375, -0.2783660888671875, -0.3645477294921875, 0.7561187744140625], [], [0.823577880859375, -0.419647216796875, 0.2501678466796875, -0.2881011962890625]
48150, 48.539222717285156, [1000.0, 65.0, 433.0, 116.0, 265.0, 137.0, 636.0, 38.0, 552.0, 1000.0, 0.0, 1000.0, 0.0, 1000.0, 881.0, 999.0, 999.0, 999.0, 999.0, 259.0, 320.0, 0.0, 0.0], [], [0.466796875, -0.278289794921875, -0.3648834228515625, 0.7559661865234375], [], [0.8239593505859375, -0.41900634765625, 0.2500457763671875, -0.2880401611328125]
48160, 48.5537109375, [1000.0, 65.0, 433.0, 116.0, 265.0, 137.0, 636.0, 38.0, 552.0, 1000.0, 0.0, 1000.0, 0.0, 1000.0, 881.0, 999.0, 999.0, 999.0, 999.0, 259.0, 320.0, 0.0, 0.0], [], [0.466796875, -0.278289794921875, -0.3648834228515625, 0.7559661865234375], [], [0.8239593505859375, -0.4190521240234375, 0.2500457763671875, -0.28802490234375]
48170, 48.559120178222656, [1000.0, 65.0, 434.0, 116.0, 265.0, 137.0, 635.0, 38.0, 550.0, 1000.0, 0.0, 1000.0, 0.0, 1000.0, 880.0, 999.0, 999.0, 999.0, 999.0, 259.0, 326.0, 0.0, 0.0], [], [0.4666748046875, -0.2783203125, -0.3649139404296875, 0.756011962890625], [], [0.82379150390625, -0.4194183349609375, 0.2498016357421875, -0.28814697265625]
48180, 48.569366455078125, [1000.0, 65.0, 433.0, 115.0, 264.0, 137.0, 634.0, 38.0, 551.0, 1000.0, 0.0, 1000.0, 0.0, 1000.0, 879.0, 999.0, 999.0, 999.0, 999.0, 259.0, 326.0, 0.0, 0.0], [], [0.4666748046875, -0.278167724609375, -0.3648834228515625, 0.7560882568359375], [], [0.8238677978515625, -0.4193267822265625, 0.249481201171875, -0.2883148193359375]
48190, 48.57943344116211, [1000.0, 65.0, 434.0, 116.0, 264.0, 137.0, 634.0, 38.0, 551.0, 1000.0, 0.0, 1000.0, 0.0, 1000.0, 881.0, 999.0, 999.0, 999.0, 999.0, 259.0, 324.0, 0.0, 0.0], [], [0.4666290283203125, -0.2780914306640625, -0.3649749755859375, 0.756103515625], [], [0.8241424560546875, -0.4188385009765625, 0.2496185302734375, -0.2881622314453125]
48200, 48.58938217163086, [1000.0, 65.0, 433.0, 115.0, 264.0, 137.0, 635.0, 38.0, 551.0, 1000.0, 0.0, 1000.0, 0.0, 1000.0, 876.0, 999.0, 998.0, 999.0, 999.0, 259.0, 320.0, 0.0, 0.0], [], [0.4665374755859375, -0.2780914306640625, -0.364898681640625, 0.756195068359375], [], [0.824462890625, -0.418304443359375, 0.2493133544921875, -0.28826904296875]
48210, 48.59937286376953, [1000.0, 65.0, 433.0, 115.0, 265.0, 137.0, 636.0, 38.0, 549.0, 1000.0, 0.0, 1000.0, 0.0, 1000.0, 883.0, 999.0, 999.0, 999.0, 999.0, 258.0, 326.0, 0.0, 0.0], [], [0.4663238525390625, -0.278167724609375, -0.3653411865234375, 0.7560882568359375], [], [0.8249969482421875, -0.417236328125, 0.2496337890625, -0.287994384765625]
48220, 48.60927963256836, [1000.0, 65.0, 433.0, 115.0, 265.0, 137.0, 636.0, 38.0, 549.0, 1000.0, 0.0, 1000.0, 0.0, 1000.0, 883.0, 999.0, 999.0, 999.0, 999.0, 258.0, 326.0, 0.0, 0.0], [], [0.4663238525390625, -0.278167724609375, -0.3653411865234375, 0.7560882568359375], [], [0.8243255615234375, -0.418426513671875, 0.2498016357421875, -0.2880401611328125]
48230, 48.619346618652344, [1000.0, 65.0, 434.0, 115.0, 265.0, 137.0, 635.0, 38.0, 549.0, 1000.0, 0.0, 1000.0, 0.0, 1000.0, 882.0, 999.0, 999.0, 999.0, 999.0, 258.0, 325.0, 0.0, 0.0], [], [0.466217041015625, -0.2781829833984375, -0.3653106689453125, 0.75616455078125], [], [0.82415771484375, -0.4188385009765625, 0.2492828369140625, -0.28839111328125]
48240, 48.62929916381836, [1000.0, 65.0, 435.0, 115.0, 264.0, 136.0, 636.0, 38.0, 551.0, 1000.0, 0.0, 1000.0, 0.0, 1000.0, 884.0, 999.0, 999.0, 999.0, 999.0, 259.0, 324.0, 0.0, 0.0], [], [0.4661102294921875, -0.2779083251953125, -0.3647308349609375, 0.7566070556640625], [], [0.8243408203125, -0.4186248779296875, 0.2487030029296875, -0.2886962890625]
48250, 48.6395149230957, [1000.0, 65.0, 435.0, 115.0, 264.0, 136.0, 636.0, 38.0, 551.0, 1000.0, 0.0, 1000.0, 0.0, 1000.0, 882.0, 999.0, 999.0, 999.0, 999.0, 259.0, 327.0, 0.0, 0.0], [], [0.4661102294921875, -0.2777099609375, -0.36444091796875, 0.7568206787109375], [], [0.8235931396484375, -0.419830322265625, 0.2494354248046875, -0.288421630859375]
48260, 48.64939498901367, [1000.0, 65.0, 436.0, 115.0, 264.0, 137.0, 636.0, 38.0, 551.0, 1000.0, 0.0, 1000.0, 0.0, 1000.0, 883.0, 999.0, 999.0, 999.0, 999.0, 258.0, 327.0, 0.0, 0.0], [], [0.4661712646484375, -0.277557373046875, -0.364166259765625, 0.7569732666015625], [], [0.8240509033203125, -0.419189453125, 0.2484130859375, -0.2889251708984375]
48270, 48.65913009643555, [1000.0, 65.0, 435.0, 115.0, 265.0, 137.0, 636.0, 38.0, 551.0, 1000.0, 0.0, 1000.0, 0.0, 1000.0, 884.0, 999.0, 999.0, 999.0, 999.0, 257.0, 325.0, 0.0, 0.0], [], [0.466033935546875, -0.2775726318359375, -0.364044189453125, 0.757110595703125], [], [0.8239288330078125, -0.419342041015625, 0.24871826171875, -0.2888031005859375]
48280, 48.6690673828125, [1000.0, 65.0, 433.0, 115.0, 265.0, 137.0, 636.0, 38.0, 551.0, 1000.0, 0.0, 1000.0, 0.0, 1000.0, 887.0, 999.0, 997.0, 999.0, 999.0, 258.0, 324.0, 0.0, 0.0], [], [0.465911865234375, -0.2776947021484375, -0.3641204833984375, 0.7570953369140625], [], [0.8242645263671875, -0.4188690185546875, 0.2478790283203125, -0.28924560546875]
48290, 48.679222106933594, [1000.0, 65.0, 434.0, 115.0, 265.0, 137.0, 636.0, 38.0, 551.0, 1000.0, 0.0, 1000.0, 0.0, 1000.0, 889.0, 999.0, 997.0, 999.0, 999.0, 259.0, 324.0, 0.0, 0.0], [], [0.46588134765625, -0.2777099609375, -0.36431884765625, 0.75701904296875], [], [0.8236083984375, -0.42010498046875, 0.2476959228515625, -0.28948974609375]
48300, 48.689117431640625, [1000.0, 65.0, 434.0, 115.0, 266.0, 137.0, 636.0, 38.0, 551.0, 1000.0, 0.0, 1000.0, 0.0, 1000.0, 886.0, 999.0, 999.0, 999.0, 999.0, 259.0, 326.0, 0.0, 0.0], [], [0.465911865234375, -0.277557373046875, -0.3645172119140625, 0.7569580078125], [], [0.824798583984375, -0.418060302734375, 0.247161865234375, -0.2895355224609375]
48310, 48.69913101196289, [1000.0, 65.0, 435.0, 115.0, 265.0, 137.0, 636.0, 38.0, 551.0, 1000.0, 0.0, 1000.0, 0.0, 1000.0, 888.0, 999.0, 999.0, 999.0, 999.0, 259.0, 327.0, 0.0, 0.0], [], [0.4658203125, -0.277587890625, -0.3644561767578125, 0.7570343017578125], [], [0.824798583984375, -0.41815185546875, 0.2466583251953125, -0.289794921875]
48320, 48.71550750732422, [1000.0, 65.0, 434.0, 115.0, 265.0, 137.0, 636.0, 38.0, 551.0, 1000.0, 0.0, 1000.0, 0.0, 1000.0, 885.0, 999.0, 999.0, 999.0, 999.0, 258.0, 327.0, 0.0, 0.0], [], [0.4657440185546875, -0.277496337890625, -0.3643646240234375, 0.757171630859375], [], [0.8246612548828125, -0.4183197021484375, 0.2472686767578125, -0.2894439697265625]
48330, 48.71903610229492, [1000.0, 65.0, 435.0, 115.0, 265.0, 137.0, 635.0, 37.0, 549.0, 1000.0, 0.0, 1000.0, 0.0, 1000.0, 886.0, 999.0, 999.0, 999.0, 999.0, 259.0, 326.0, 0.0, 0.0], [], [0.465728759765625, -0.2772369384765625, -0.3643646240234375, 0.75726318359375], [], [0.824798583984375, -0.4180908203125, 0.2471771240234375, -0.289459228515625]
48340, 48.72917556762695, [1000.0, 65.0, 435.0, 115.0, 264.0, 136.0, 635.0, 37.0, 549.0, 1000.0, 0.0, 1000.0, 0.0, 1000.0, 888.0, 999.0, 999.0, 999.0, 999.0, 260.0, 325.0, 0.0, 0.0], [], [0.4655914306640625, -0.2772216796875, -0.364349365234375, 0.757354736328125], [], [0.8256072998046875, -0.4166412353515625, 0.246978759765625, -0.289398193359375]
48350, 48.73917770385742, [1000.0, 65.0, 435.0, 115.0, 264.0, 136.0, 636.0, 37.0, 549.0, 1000.0, 0.0, 1000.0, 0.0, 1000.0, 891.0, 999.0, 999.0, 999.0, 999.0, 259.0, 324.0, 0.0, 0.0], [], [0.465484619140625, -0.2772216796875, -0.364349365234375, 0.7574310302734375], [], [0.8244171142578125, -0.41876220703125, 0.2473297119140625, -0.2894287109375]
48360, 48.749107360839844, [1000.0, 65.0, 434.0, 115.0, 264.0, 137.0, 635.0, 37.0, 550.0, 1000.0, 0.0, 1000.0, 0.0, 1000.0, 889.0, 999.0, 999.0, 999.0, 999.0, 259.0, 322.0, 0.0, 0.0], [], [0.465362548828125, -0.2772216796875, -0.364349365234375, 0.75750732421875], [], [0.8253631591796875, -0.41717529296875, 0.2465362548828125, -0.28973388671875]
48370, 48.75914001464844, [1000.0, 65.0, 433.0, 115.0, 264.0, 137.0, 635.0, 37.0, 550.0, 1000.0, 0.0, 1000.0, 0.0, 1000.0, 888.0, 999.0, 999.0, 999.0, 999.0, 259.0, 324.0, 0.0, 0.0], [], [0.465240478515625, -0.2772064208984375, -0.3643798828125, 0.757568359375], [], [0.8251190185546875, -0.417724609375, 0.2459564208984375, -0.29010009765625]
48380, 48.76902389526367, [1000.0, 65.0, 432.0, 115.0, 265.0, 137.0, 635.0, 37.0, 549.0, 1000.0, 0.0, 1000.0, 0.0, 1000.0, 886.0, 999.0, 999.0, 999.0, 999.0, 259.0, 325.0, 0.0, 0.0], [], [0.46514892578125, -0.2771453857421875, -0.364410400390625, 0.75762939453125], [], [0.8246612548828125, -0.4183807373046875, 0.246856689453125, -0.2896881103515625]
48390, 48.77912521362305, [1000.0, 65.0, 433.0, 115.0, 264.0, 136.0, 635.0, 37.0, 549.0, 1000.0, 0.0, 1000.0, 0.0, 1000.0, 886.0, 999.0, 999.0, 999.0, 999.0, 259.0, 325.0, 0.0, 0.0], [], [0.4650726318359375, -0.2770843505859375, -0.364410400390625, 0.7577056884765625], [], [0.8238983154296875, -0.419647216796875, 0.2475128173828125, -0.28948974609375]
48400, 48.78938674926758, [1000.0, 65.0, 432.0, 114.0, 265.0, 136.0, 636.0, 37.0, 549.0, 1000.0, 0.0, 1000.0, 0.0, 1000.0, 884.0, 999.0, 999.0, 999.0, 999.0, 259.0, 324.0, 0.0, 0.0], [], [0.4650115966796875, -0.2769775390625, -0.364349365234375, 0.7577972412109375], [], [0.82379150390625, -0.4194488525390625, 0.249359130859375, -0.288482666015625]
48410, 48.799381256103516, [1000.0, 65.0, 433.0, 114.0, 265.0, 136.0, 636.0, 37.0, 550.0, 1000.0, 0.0, 1000.0, 0.0, 1000.0, 887.0, 999.0, 999.0, 999.0, 999.0, 259.0, 324.0, 0.0, 0.0], [], [0.4649658203125, -0.2768402099609375, -0.3642730712890625, 0.7579193115234375], [], [0.823455810546875, -0.4204559326171875, 0.247406005859375, -0.2896575927734375]
48420, 48.809364318847656, [1000.0, 65.0, 433.0, 115.0, 265.0, 136.0, 637.0, 37.0, 550.0, 1000.0, 0.0, 1000.0, 0.0, 1000.0, 885.0, 999.0, 999.0, 999.0, 999.0, 259.0, 324.0, 0.0, 0.0], [], [0.46490478515625, -0.2766876220703125, -0.36419677734375, 0.758056640625], [], [0.8226470947265625, -0.421783447265625, 0.248077392578125, -0.289459228515625]
48430, 48.82701110839844, [1000.0, 65.0, 433.0, 115.0, 265.0, 136.0, 636.0, 37.0, 549.0, 1000.0, 0.0, 1000.0, 0.0, 1000.0, 890.0, 999.0, 999.0, 999.0, 999.0, 259.0, 325.0, 0.0, 0.0], [], [0.4648284912109375, -0.27655029296875, -0.364105224609375, 0.7581939697265625], [], [0.8227691650390625, -0.4216766357421875, 0.2475128173828125, -0.2897491455078125]
48440, 48.829322814941406, [1000.0, 65.0, 433.0, 114.0, 265.0, 136.0, 636.0, 37.0, 549.0, 1000.0, 0.0, 1000.0, 0.0, 1000.0, 885.0, 999.0, 999.0, 999.0, 999.0, 258.0, 325.0, 0.0, 0.0], [], [0.4647979736328125, -0.276397705078125, -0.36407470703125, 0.758270263671875], [], [0.82366943359375, -0.4196319580078125, 0.2494049072265625, -0.2885284423828125]
48450, 48.839195251464844, [1000.0, 64.0, 433.0, 114.0, 265.0, 136.0, 635.0, 37.0, 548.0, 1000.0, 0.0, 1000.0, 0.0, 1000.0, 884.0, 999.0, 999.0, 999.0, 999.0, 257.0, 325.0, 0.0, 0.0], [], [0.4647674560546875, -0.2762451171875, -0.364044189453125, 0.75836181640625], [], [0.824066162109375, -0.419097900390625, 0.248321533203125, -0.2890777587890625]
48460, 48.849456787109375, [1000.0, 64.0, 433.0, 114.0, 265.0, 136.0, 635.0, 37.0, 548.0, 1000.0, 0.0, 1000.0, 0.0, 1000.0, 884.0, 999.0, 999.0, 999.0, 999.0, 257.0, 325.0, 0.0, 0.0], [], [0.4647674560546875, -0.2762451171875, -0.364044189453125, 0.75836181640625], [], [0.82476806640625, -0.41778564453125, 0.2486572265625, -0.288726806640625]
48470, 48.859527587890625, [1000.0, 65.0, 434.0, 115.0, 265.0, 136.0, 635.0, 37.0, 548.0, 1000.0, 0.0, 1000.0, 0.0, 1000.0, 886.0, 999.0, 999.0, 999.0, 999.0, 258.0, 325.0, 0.0, 0.0], [], [0.464599609375, -0.2761688232421875, -0.3640899658203125, 0.75848388671875], [], [0.8235626220703125, -0.419708251953125, 0.24993896484375, -0.288238525390625]
48480, 48.86922836303711, [1000.0, 65.0, 433.0, 115.0, 266.0, 136.0, 635.0, 37.0, 549.0, 1000.0, 0.0, 1000.0, 0.0, 1000.0, 881.0, 999.0, 999.0, 999.0, 999.0, 259.0, 324.0, 0.0, 0.0], [], [0.464508056640625, -0.276153564453125, -0.3642120361328125, 0.75848388671875], [], [0.823394775390625, -0.419830322265625, 0.250823974609375, -0.28778076171875]
48490, 48.87925338745117, [1000.0, 65.0, 434.0, 115.0, 265.0, 136.0, 635.0, 37.0, 549.0, 1000.0, 0.0, 1000.0, 0.0, 1000.0, 881.0, 999.0, 999.0, 999.0, 999.0, 259.0, 324.0, 0.0, 0.0], [], [0.46441650390625, -0.2761688232421875, -0.3643646240234375, 0.7584686279296875], [], [0.824981689453125, -0.417022705078125, 0.2503662109375, -0.2877044677734375]
48500, 48.88949203491211, [1000.0, 65.0, 434.0, 115.0, 265.0, 136.0, 633.0, 37.0, 548.0, 1000.0, 0.0, 1000.0, 0.0, 1000.0, 878.0, 999.0, 999.0, 999.0, 999.0, 258.0, 324.0, 0.0, 0.0], [], [0.4643096923828125, -0.27618408203125, -0.364471435546875, 0.7584686279296875], [], [0.8245086669921875, -0.4180908203125, 0.2494354248046875, -0.2883453369140625]
48510, 48.89937973022461, [1000.0, 65.0, 433.0, 115.0, 265.0, 136.0, 634.0, 37.0, 548.0, 1000.0, 0.0, 1000.0, 0.0, 1000.0, 879.0, 999.0, 999.0, 999.0, 999.0, 257.0, 322.0, 0.0, 0.0], [], [0.46417236328125, -0.2762298583984375, -0.3645782470703125, 0.75848388671875], [], [0.8233184814453125, -0.42022705078125, 0.2495880126953125, -0.2885284423828125]
48520, 48.90928268432617, [1000.0, 65.0, 434.0, 115.0, 266.0, 136.0, 637.0, 37.0, 549.0, 1000.0, 0.0, 1000.0, 0.0, 1000.0, 881.0, 999.0, 999.0, 999.0, 999.0, 258.0, 324.0, 0.0, 0.0], [], [0.46392822265625, -0.2762451171875, -0.3647613525390625, 0.7585296630859375], [], [0.82415771484375, -0.4185028076171875, 0.250579833984375, -0.2877655029296875]
48530, 48.919395446777344, [1000.0, 65.0, 433.0, 114.0, 266.0, 137.0, 636.0, 37.0, 548.0, 1000.0, 0.0, 1000.0, 0.0, 1000.0, 879.0, 999.0, 999.0, 999.0, 999.0, 258.0, 326.0, 0.0, 0.0], [], [0.46392822265625, -0.2762603759765625, -0.3647918701171875, 0.758514404296875], [], [0.8232879638671875, -0.4201812744140625, 0.2501068115234375, -0.2882080078125]
48540, 48.929298400878906, [1000.0, 65.0, 433.0, 114.0, 266.0, 136.0, 636.0, 37.0, 548.0, 1000.0, 0.0, 1000.0, 0.0, 1000.0, 880.0, 999.0, 999.0, 999.0, 999.0, 258.0, 329.0, 0.0, 0.0], [], [0.4637603759765625, -0.2762298583984375, -0.3648681640625, 0.7585906982421875], [], [0.8233184814453125, -0.4201507568359375, 0.2501068115234375, -0.2881927490234375]
48550, 48.939151763916016, [1000.0, 65.0, 434.0, 114.0, 265.0, 136.0, 635.0, 37.0, 546.0, 1000.0, 0.0, 1000.0, 0.0, 1000.0, 878.0, 999.0, 999.0, 999.0, 999.0, 257.0, 328.0, 0.0, 0.0], [], [0.463623046875, -0.27630615234375, -0.364898681640625, 0.758636474609375], [], [0.8233795166015625, -0.4200286865234375, 0.250091552734375, -0.2881927490234375]
48560, 48.949462890625, [1000.0, 65.0, 434.0, 115.0, 264.0, 136.0, 636.0, 37.0, 546.0, 1000.0, 0.0, 1000.0, 0.0, 1000.0, 881.0, 999.0, 999.0, 999.0, 999.0, 258.0, 326.0, 0.0, 0.0], [], [0.4635467529296875, -0.2764434814453125, -0.36492919921875, 0.7586212158203125], [], [0.8233642578125, -0.4200592041015625, 0.2500457763671875, -0.2881927490234375]
48570, 48.95943832397461, [1000.0, 65.0, 434.0, 115.0, 265.0, 136.0, 635.0, 37.0, 546.0, 1000.0, 0.0, 1000.0, 0.0, 1000.0, 881.0, 999.0, 999.0, 999.0, 999.0, 258.0, 322.0, 0.0, 0.0], [], [0.4633941650390625, -0.2765350341796875, -0.3649139404296875, 0.758697509765625], [], [0.823486328125, -0.41986083984375, 0.24993896484375, -0.2882537841796875]
48580, 48.96914291381836, [1000.0, 65.0, 436.0, 115.0, 264.0, 136.0, 634.0, 37.0, 547.0, 1000.0, 0.0, 1000.0, 0.0, 1000.0, 882.0, 999.0, 999.0, 999.0, 999.0, 259.0, 324.0, 0.0, 0.0], [], [0.4632568359375, -0.2765350341796875, -0.3648529052734375, 0.7587890625], [], [0.82354736328125, -0.41973876953125, 0.2499847412109375, -0.2882080078125]
48590, 48.9882926940918, [1000.0, 65.0, 436.0, 114.0, 264.0, 136.0, 634.0, 37.0, 547.0, 1000.0, 0.0, 1000.0, 0.0, 1000.0, 882.0, 999.0, 999.0, 999.0, 999.0, 257.0, 320.0, 0.0, 0.0], [], [0.4631500244140625, -0.2764892578125, -0.3648223876953125, 0.7588958740234375], [], [0.8236541748046875, -0.4195556640625, 0.2499237060546875, -0.2882232666015625]
48600, 48.98976135253906, [1000.0, 65.0, 435.0, 114.0, 264.0, 136.0, 634.0, 36.0, 546.0, 1000.0, 0.0, 1000.0, 0.0, 1000.0, 885.0, 999.0, 999.0, 999.0, 999.0, 258.0, 322.0, 0.0, 0.0], [], [0.4630584716796875, -0.276397705078125, -0.3648223876953125, 0.7589874267578125], [], [0.82366943359375, -0.419586181640625, 0.2498626708984375, -0.2882080078125]
48610, 48.99920654296875, [1000.0, 65.0, 432.0, 114.0, 264.0, 136.0, 634.0, 37.0, 546.0, 1000.0, 0.0, 1000.0, 0.0, 1000.0, 883.0, 999.0, 999.0, 999.0, 999.0, 258.0, 322.0, 0.0, 0.0], [], [0.462921142578125, -0.27642822265625, -0.3649139404296875, 0.7590179443359375], [], [0.823638916015625, -0.4196929931640625, 0.2495880126953125, -0.2883758544921875]
48620, 49.0095100402832, [1000.0, 65.0, 433.0, 114.0, 264.0, 136.0, 634.0, 37.0, 547.0, 1000.0, 0.0, 1000.0, 0.0, 1000.0, 882.0, 999.0, 999.0, 999.0, 999.0, 258.0, 324.0, 0.0, 0.0], [], [0.4628143310546875, -0.276397705078125, -0.36505126953125, 0.759033203125], [], [0.8238067626953125, -0.419342041015625, 0.2496795654296875, -0.2883148193359375]
48630, 49.01919937133789, [1000.0, 65.0, 435.0, 114.0, 265.0, 136.0, 634.0, 36.0, 548.0, 1000.0, 0.0, 1000.0, 0.0, 1000.0, 885.0, 999.0, 999.0, 999.0, 999.0, 258.0, 325.0, 0.0, 0.0], [], [0.4627532958984375, -0.27630615234375, -0.3652496337890625, 0.759002685546875], [], [0.82373046875, -0.4194488525390625, 0.24981689453125, -0.2882537841796875]
48640, 49.02921676635742, [1000.0, 65.0, 435.0, 114.0, 264.0, 136.0, 634.0, 36.0, 548.0, 1000.0, 0.0, 1000.0, 0.0, 1000.0, 886.0, 999.0, 999.0, 999.0, 999.0, 259.0, 322.0, 0.0, 0.0], [], [0.4626617431640625, -0.27630615234375, -0.3653717041015625, 0.759002685546875], [], [0.8236083984375, -0.419647216796875, 0.2499542236328125, -0.288177490234375]
48650, 49.03923034667969, [1000.0, 65.0, 434.0, 114.0, 264.0, 136.0, 635.0, 36.0, 547.0, 1000.0, 0.0, 1000.0, 0.0, 1000.0, 887.0, 999.0, 999.0, 999.0, 999.0, 259.0, 324.0, 0.0, 0.0], [], [0.4625396728515625, -0.2763519287109375, -0.36572265625, 0.758880615234375], [], [0.82354736328125, -0.4197235107421875, 0.250091552734375, -0.2881317138671875]
48660, 49.04911422729492, [1000.0, 65.0, 434.0, 115.0, 265.0, 136.0, 635.0, 36.0, 547.0, 1000.0, 0.0, 1000.0, 0.0, 1000.0, 885.0, 999.0, 999.0, 999.0, 999.0, 259.0, 327.0, 0.0, 0.0], [], [0.4624481201171875, -0.276336669921875, -0.3658905029296875, 0.7588653564453125], [], [0.823211669921875, -0.4202880859375, 0.250244140625, -0.288116455078125]
48670, 49.05917739868164, [1000.0, 65.0, 433.0, 114.0, 265.0, 136.0, 634.0, 36.0, 547.0, 1000.0, 0.0, 1000.0, 0.0, 1000.0, 885.0, 999.0, 999.0, 999.0, 999.0, 259.0, 327.0, 0.0, 0.0], [], [0.462371826171875, -0.276275634765625, -0.3659820556640625, 0.7588958740234375], [], [0.8232421875, -0.420166015625, 0.2506256103515625, -0.2879180908203125]
48680, 49.06916427612305, [1000.0, 65.0, 432.0, 115.0, 265.0, 136.0, 634.0, 37.0, 546.0, 1000.0, 0.0, 1000.0, 0.0, 1000.0, 885.0, 999.0, 999.0, 999.0, 999.0, 258.0, 327.0, 0.0, 0.0], [], [0.462310791015625, -0.276214599609375, -0.3662109375, 0.7588348388671875], [], [0.82330322265625, -0.4200439453125, 0.2505950927734375, -0.287933349609375]
48690, 49.07916259765625, [1000.0, 65.0, 432.0, 115.0, 265.0, 136.0, 636.0, 37.0, 547.0, 1000.0, 0.0, 1000.0, 0.0, 1000.0, 889.0, 999.0, 999.0, 999.0, 999.0, 258.0, 325.0, 0.0, 0.0], [], [0.462188720703125, -0.2762603759765625, -0.366668701171875, 0.7586669921875], [], [0.82354736328125, -0.419677734375, 0.2502899169921875, -0.2880706787109375]
48700, 49.099708557128906, [1000.0, 65.0, 433.0, 115.0, 265.0, 136.0, 634.0, 37.0, 547.0, 1000.0, 0.0, 1000.0, 0.0, 1000.0, 888.0, 999.0, 999.0, 999.0, 999.0, 258.0, 324.0, 0.0, 0.0], [], [0.4621734619140625, -0.27606201171875, -0.3669891357421875, 0.75860595703125], [], [0.824554443359375, -0.4179840087890625, 0.24951171875, -0.2883148193359375]
48710, 49.109249114990234, [1000.0, 65.0, 433.0, 115.0, 265.0, 136.0, 634.0, 37.0, 547.0, 1000.0, 0.0, 1000.0, 0.0, 1000.0, 887.0, 999.0, 999.0, 999.0, 999.0, 258.0, 326.0, 0.0, 0.0], [], [0.4621429443359375, -0.27587890625, -0.367034912109375, 0.7586669921875], [], [0.824188232421875, -0.418609619140625, 0.2497100830078125, -0.28826904296875]
48720, 49.1191520690918, [1000.0, 65.0, 433.0, 114.0, 264.0, 136.0, 634.0, 36.0, 546.0, 1000.0, 0.0, 1000.0, 0.0, 1000.0, 886.0, 999.0, 999.0, 999.0, 999.0, 258.0, 325.0, 0.0, 0.0], [], [0.462127685546875, -0.2756805419921875, -0.36700439453125, 0.758758544921875], [], [0.82403564453125, -0.418914794921875, 0.2495880126953125, -0.2883453369140625]
48730, 49.129154205322266, [1000.0, 65.0, 433.0, 114.0, 264.0, 136.0, 634.0, 36.0, 546.0, 1000.0, 0.0, 1000.0, 0.0, 1000.0, 886.0, 999.0, 999.0, 999.0, 999.0, 258.0, 325.0, 0.0, 0.0], [], [0.462127685546875, -0.2756805419921875, -0.36700439453125, 0.758758544921875], [], [0.824310302734375, -0.4183197021484375, 0.2499847412109375, -0.2880859375]
48740, 49.13920593261719, [1000.0, 65.0, 432.0, 114.0, 265.0, 136.0, 634.0, 36.0, 547.0, 1000.0, 0.0, 1000.0, 0.0, 1000.0, 884.0, 999.0, 999.0, 999.0, 999.0, 258.0, 322.0, 0.0, 0.0], [], [0.4618072509765625, -0.2758026123046875, -0.3668365478515625, 0.759002685546875], [], [0.8243865966796875, -0.4180450439453125, 0.2507171630859375, -0.28765869140625]
48750, 49.149105072021484, [1000.0, 65.0, 431.0, 114.0, 264.0, 136.0, 634.0, 36.0, 547.0, 1000.0, 0.0, 1000.0, 0.0, 1000.0, 886.0, 999.0, 999.0, 999.0, 999.0, 259.0, 324.0, 0.0, 0.0], [], [0.4618377685546875, -0.2754974365234375, -0.36639404296875, 0.759307861328125], [], [0.8241424560546875, -0.41851806640625, 0.2505950927734375, -0.28778076171875]
48760, 49.15913391113281, [1000.0, 65.0, 433.0, 115.0, 265.0, 136.0, 634.0, 36.0, 545.0, 1000.0, 0.0, 1000.0, 0.0, 1000.0, 882.0, 999.0, 999.0, 999.0, 999.0, 259.0, 322.0, 0.0, 0.0], [], [0.4616546630859375, -0.2756195068359375, -0.366363525390625, 0.7593841552734375], [], [0.82403564453125, -0.4188079833984375, 0.2501983642578125, -0.2879791259765625]
48770, 49.16913604736328, [1000.0, 65.0, 434.0, 114.0, 266.0, 136.0, 633.0, 36.0, 545.0, 1000.0, 0.0, 1000.0, 0.0, 1000.0, 884.0, 999.0, 999.0, 999.0, 999.0, 259.0, 324.0, 0.0, 0.0], [], [0.4614410400390625, -0.2758331298828125, -0.366607666015625, 0.7593231201171875], [], [0.823699951171875, -0.4193878173828125, 0.250335693359375, -0.2879791259765625]
48780, 49.17912292480469, [1000.0, 65.0, 435.0, 114.0, 266.0, 136.0, 634.0, 36.0, 545.0, 1000.0, 0.0, 1000.0, 0.0, 1000.0, 884.0, 999.0, 999.0, 999.0, 999.0, 258.0, 325.0, 0.0, 0.0], [], [0.461273193359375, -0.2759552001953125, -0.3668212890625, 0.7592620849609375], [], [0.8238677978515625, -0.41900634765625, 0.250732421875, -0.2877349853515625]
48790, 49.18921661376953, [1000.0, 65.0, 435.0, 114.0, 266.0, 136.0, 634.0, 36.0, 545.0, 1000.0, 0.0, 1000.0, 0.0, 1000.0, 886.0, 999.0, 999.0, 999.0, 999.0, 258.0, 327.0, 0.0, 0.0], [], [0.461181640625, -0.275909423828125, -0.36688232421875, 0.759307861328125], [], [0.8233184814453125, -0.42010498046875, 0.2501678466796875, -0.288177490234375]
48800, 49.199100494384766, [1000.0, 65.0, 434.0, 115.0, 266.0, 136.0, 634.0, 36.0, 545.0, 1000.0, 0.0, 1000.0, 0.0, 1000.0, 882.0, 999.0, 999.0, 999.0, 999.0, 258.0, 328.0, 0.0, 0.0], [], [0.460968017578125, -0.276123046875, -0.36712646484375, 0.759246826171875], [], [0.8238067626953125, -0.4192657470703125, 0.2498321533203125, -0.28826904296875]
48810, 49.20912170410156, [1000.0, 65.0, 434.0, 115.0, 266.0, 135.0, 633.0, 36.0, 546.0, 1000.0, 0.0, 1000.0, 0.0, 1000.0, 886.0, 999.0, 999.0, 999.0, 999.0, 259.0, 326.0, 0.0, 0.0], [], [0.4608154296875, -0.276214599609375, -0.3675689697265625, 0.7590789794921875], [], [0.8238067626953125, -0.4192962646484375, 0.249725341796875, -0.2883453369140625]
48820, 49.21908950805664, [1000.0, 65.0, 433.0, 115.0, 265.0, 135.0, 634.0, 36.0, 543.0, 1000.0, 0.0, 1000.0, 0.0, 1000.0, 885.0, 999.0, 999.0, 999.0, 999.0, 258.0, 325.0, 0.0, 0.0], [], [0.46051025390625, -0.2765045166015625, -0.36859130859375, 0.7586669921875], [], [0.8238067626953125, -0.419281005859375, 0.2497406005859375, -0.288330078125]
48830, 49.229129791259766, [1000.0, 65.0, 433.0, 115.0, 264.0, 135.0, 633.0, 36.0, 543.0, 1000.0, 0.0, 1000.0, 0.0, 1000.0, 881.0, 999.0, 998.0, 998.0, 999.0, 258.0, 324.0, 0.0, 0.0], [], [0.460418701171875, -0.2767333984375, -0.36895751953125, 0.7584686279296875], [], [0.8237762451171875, -0.4193267822265625, 0.249786376953125, -0.2883148193359375]
48840, 49.23924255371094, [1000.0, 65.0, 433.0, 114.0, 265.0, 135.0, 633.0, 36.0, 543.0, 1000.0, 0.0, 1000.0, 0.0, 1000.0, 879.0, 999.0, 998.0, 998.0, 999.0, 258.0, 322.0, 0.0, 0.0], [], [0.4603118896484375, -0.2767333984375, -0.368927001953125, 0.758544921875], [], [0.824127197265625, -0.41888427734375, 0.24884033203125, -0.288787841796875]
48850, 49.24909591674805, [1000.0, 65.0, 434.0, 114.0, 266.0, 136.0, 633.0, 36.0, 544.0, 1000.0, 0.0, 1000.0, 0.0, 1000.0, 874.0, 999.0, 999.0, 999.0, 999.0, 258.0, 324.0, 0.0, 0.0], [], [0.460235595703125, -0.2767333984375, -0.368927001953125, 0.7585906982421875], [], [0.8237762451171875, -0.419586181640625, 0.248626708984375, -0.288970947265625]
48860, 49.2591667175293, [1000.0, 65.0, 434.0, 114.0, 265.0, 136.0, 633.0, 36.0, 544.0, 1000.0, 0.0, 1000.0, 0.0, 1000.0, 878.0, 999.0, 999.0, 999.0, 999.0, 259.0, 324.0, 0.0, 0.0], [], [0.46014404296875, -0.2767181396484375, -0.3689117431640625, 0.7586669921875], [], [0.82427978515625, -0.4188232421875, 0.2477569580078125, -0.28936767578125]
48870, 49.26921463012695, [1000.0, 65.0, 435.0, 114.0, 265.0, 136.0, 633.0, 36.0, 545.0, 1000.0, 0.0, 1000.0, 0.0, 1000.0, 880.0, 999.0, 999.0, 999.0, 999.0, 258.0, 322.0, 0.0, 0.0], [], [0.46002197265625, -0.276702880859375, -0.3689117431640625, 0.7587432861328125], [], [0.824737548828125, -0.4182586669921875, 0.2464141845703125, -0.2900238037109375]
48880, 49.279090881347656, [1000.0, 65.0, 435.0, 114.0, 265.0, 136.0, 632.0, 36.0, 546.0, 1000.0, 0.0, 1000.0, 0.0, 1000.0, 882.0, 999.0, 999.0, 999.0, 999.0, 258.0, 322.0, 0.0, 0.0], [], [0.4599151611328125, -0.276702880859375, -0.3688507080078125, 0.7588348388671875], [], [0.8245849609375, -0.41851806640625, 0.246551513671875, -0.28997802734375]
48890, 49.289180755615234, [1000.0, 65.0, 434.0, 114.0, 266.0, 136.0, 632.0, 36.0, 546.0, 1000.0, 0.0, 1000.0, 0.0, 1000.0, 879.0, 999.0, 999.0, 999.0, 999.0, 258.0, 325.0, 0.0, 0.0], [], [0.4597930908203125, -0.27667236328125, -0.3687591552734375, 0.7589569091796875], [], [0.8241424560546875, -0.419036865234375, 0.2479248046875, -0.2892913818359375]
48900, 49.299102783203125, [1000.0, 65.0, 435.0, 114.0, 266.0, 136.0, 632.0, 36.0, 543.0, 1000.0, 0.0, 1000.0, 0.0, 1000.0, 881.0, 999.0, 999.0, 999.0, 999.0, 258.0, 324.0, 0.0, 0.0], [], [0.459686279296875, -0.2765960693359375, -0.3686370849609375, 0.7591094970703125], [], [0.824432373046875, -0.4183502197265625, 0.2488250732421875, -0.288726806640625]
48910, 49.30915069580078, [1000.0, 65.0, 433.0, 114.0, 266.0, 135.0, 631.0, 36.0, 542.0, 1000.0, 0.0, 1000.0, 0.0, 1000.0, 879.0, 999.0, 999.0, 999.0, 999.0, 258.0, 321.0, 0.0, 0.0], [], [0.4595794677734375, -0.2764892578125, -0.368438720703125, 0.759307861328125], [], [0.8246307373046875, -0.4178924560546875, 0.2492828369140625, -0.2884063720703125]
48920, 49.319297790527344, [1000.0, 65.0, 435.0, 115.0, 264.0, 135.0, 631.0, 36.0, 542.0, 1000.0, 0.0, 1000.0, 0.0, 1000.0, 882.0, 999.0, 999.0, 999.0, 999.0, 258.0, 321.0, 0.0, 0.0], [], [0.45953369140625, -0.27630615234375, -0.3682098388671875, 0.759521484375], [], [0.8251495361328125, -0.4171600341796875, 0.2482757568359375, -0.28887939453125]
48930, 49.32916259765625, [1000.0, 65.0, 435.0, 114.0, 264.0, 135.0, 631.0, 36.0, 544.0, 1000.0, 0.0, 1000.0, 0.0, 1000.0, 880.0, 999.0, 995.0, 999.0, 999.0, 258.0, 325.0, 0.0, 0.0], [], [0.4594879150390625, -0.276092529296875, -0.368072509765625, 0.75970458984375], [], [0.825439453125, -0.4166107177734375, 0.2482452392578125, -0.2888336181640625]
48940, 49.33920669555664, [1000.0, 65.0, 433.0, 114.0, 264.0, 135.0, 635.0, 36.0, 545.0, 1000.0, 0.0, 1000.0, 0.0, 1000.0, 881.0, 999.0, 995.0, 999.0, 999.0, 257.0, 325.0, 0.0, 0.0], [], [0.4594268798828125, -0.27593994140625, -0.367950439453125, 0.7598419189453125], [], [0.8253631591796875, -0.4169921875, 0.2470550537109375, -0.2895355224609375]
48950, 49.34921646118164, [1000.0, 65.0, 434.0, 113.0, 265.0, 136.0, 634.0, 36.0, 544.0, 1000.0, 0.0, 1000.0, 0.0, 1000.0, 882.0, 999.0, 995.0, 999.0, 999.0, 257.0, 326.0, 0.0, 0.0], [], [0.4593505859375, -0.275848388671875, -0.3678131103515625, 0.7599945068359375], [], [0.8255615234375, -0.416778564453125, 0.2462158203125, -0.28997802734375]
48960, 49.35917282104492, [1000.0, 65.0, 435.0, 113.0, 265.0, 135.0, 635.0, 36.0, 543.0, 1000.0, 0.0, 1000.0, 0.0, 1000.0, 884.0, 999.0, 999.0, 998.0, 999.0, 256.0, 326.0, 0.0, 0.0], [], [0.4592437744140625, -0.27581787109375, -0.367767333984375, 0.760101318359375], [], [0.824737548828125, -0.41796875, 0.2478179931640625, -0.28924560546875]
48970, 49.36907958984375, [1000.0, 65.0, 435.0, 114.0, 265.0, 135.0, 633.0, 36.0, 543.0, 1000.0, 0.0, 1000.0, 0.0, 1000.0, 885.0, 999.0, 998.0, 998.0, 999.0, 257.0, 322.0, 0.0, 0.0], [], [0.4591522216796875, -0.2757568359375, -0.36773681640625, 0.7601776123046875], [], [0.8237152099609375, -0.4199981689453125, 0.2471923828125, -0.289794921875]
48980, 49.3791618347168, [1000.0, 66.0, 434.0, 114.0, 264.0, 135.0, 633.0, 36.0, 543.0, 1000.0, 0.0, 1000.0, 0.0, 1000.0, 885.0, 999.0, 999.0, 999.0, 999.0, 258.0, 324.0, 0.0, 0.0], [], [0.4591064453125, -0.2756195068359375, -0.3677215576171875, 0.76025390625], [], [0.823455810546875, -0.4202423095703125, 0.248291015625, -0.289215087890625]
48990, 49.38945388793945, [1000.0, 65.0, 433.0, 114.0, 264.0, 136.0, 633.0, 36.0, 543.0, 1000.0, 0.0, 1000.0, 0.0, 1000.0, 885.0, 999.0, 999.0, 999.0, 999.0, 259.0, 324.0, 0.0, 0.0], [], [0.459014892578125, -0.2755584716796875, -0.3678131103515625, 0.7602996826171875], [], [0.8226470947265625, -0.4213714599609375, 0.250030517578125, -0.28839111328125]
49000, 49.3991813659668, [1000.0, 65.0, 434.0, 114.0, 263.0, 136.0, 633.0, 36.0, 544.0, 1000.0, 0.0, 1000.0, 0.0, 1000.0, 885.0, 999.0, 999.0, 999.0, 999.0, 259.0, 320.0, 0.0, 0.0], [], [0.458953857421875, -0.27545166015625, -0.3679351806640625, 0.7603302001953125], [], [0.8231201171875, -0.4203033447265625, 0.2508697509765625, -0.287841796875]
49010, 49.409175872802734, [1000.0, 65.0, 434.0, 114.0, 264.0, 135.0, 633.0, 36.0, 545.0, 1000.0, 0.0, 1000.0, 0.0, 1000.0, 885.0, 999.0, 999.0, 999.0, 999.0, 258.0, 322.0, 0.0, 0.0], [], [0.4588470458984375, -0.275390625, -0.3680877685546875, 0.7603302001953125], [], [0.82269287109375, -0.4210357666015625, 0.2510833740234375, -0.2877960205078125]
49020, 49.41921615600586, [1000.0, 65.0, 434.0, 114.0, 266.0, 135.0, 633.0, 35.0, 543.0, 1000.0, 0.0, 1000.0, 0.0, 1000.0, 884.0, 999.0, 999.0, 999.0, 999.0, 257.0, 322.0, 0.0, 0.0], [], [0.4587554931640625, -0.2753448486328125, -0.3682708740234375, 0.76031494140625], [], [0.8231201171875, -0.420318603515625, 0.25079345703125, -0.2878875732421875]
49030, 49.42915725708008, [1000.0, 65.0, 435.0, 114.0, 265.0, 135.0, 633.0, 35.0, 543.0, 1000.0, 0.0, 1000.0, 0.0, 1000.0, 888.0, 999.0, 999.0, 999.0, 999.0, 256.0, 322.0, 0.0, 0.0], [], [0.458648681640625, -0.2753143310546875, -0.3683929443359375, 0.7603302001953125], [], [0.8247833251953125, -0.4174652099609375, 0.24969482421875, -0.2882080078125]
49040, 49.43920135498047, [1000.0, 65.0, 435.0, 114.0, 265.0, 135.0, 633.0, 35.0, 543.0, 1000.0, 0.0, 1000.0, 0.0, 1000.0, 888.0, 999.0, 999.0, 999.0, 999.0, 256.0, 322.0, 0.0, 0.0], [], [0.458648681640625, -0.2753143310546875, -0.3683929443359375, 0.7603302001953125], [], [0.8247528076171875, -0.4175262451171875, 0.249755859375, -0.2882080078125]
49050, 49.44921112060547, [1000.0, 65.0, 435.0, 114.0, 266.0, 135.0, 632.0, 35.0, 543.0, 1000.0, 0.0, 1000.0, 0.0, 1000.0, 891.0, 999.0, 999.0, 999.0, 999.0, 257.0, 325.0, 0.0, 0.0], [], [0.45831298828125, -0.275421142578125, -0.3684844970703125, 0.7604522705078125], [], [0.8247222900390625, -0.417572021484375, 0.249755859375, -0.2882080078125]
49060, 49.45916748046875, [1000.0, 65.0, 435.0, 114.0, 266.0, 135.0, 632.0, 35.0, 541.0, 1000.0, 0.0, 1000.0, 0.0, 1000.0, 889.0, 999.0, 999.0, 999.0, 999.0, 258.0, 324.0, 0.0, 0.0], [], [0.458160400390625, -0.2754364013671875, -0.3685302734375, 0.7605133056640625], [], [0.8246917724609375, -0.4176025390625, 0.2498931884765625, -0.28814697265625]
49070, 49.46950912475586, [1000.0, 65.0, 435.0, 114.0, 266.0, 135.0, 632.0, 35.0, 544.0, 1000.0, 0.0, 1000.0, 0.0, 1000.0, 889.0, 999.0, 998.0, 999.0, 999.0, 257.0, 324.0, 0.0, 0.0], [], [0.4580230712890625, -0.2754058837890625, -0.3685302734375, 0.7606048583984375], [], [0.824554443359375, -0.4178619384765625, 0.24981689453125, -0.2881927490234375]
49080, 49.47950744628906, [1000.0, 65.0, 434.0, 114.0, 265.0, 135.0, 632.0, 35.0, 544.0, 1000.0, 0.0, 1000.0, 0.0, 1000.0, 888.0, 999.0, 998.0, 999.0, 998.0, 258.0, 324.0, 0.0, 0.0], [], [0.457855224609375, -0.2754669189453125, -0.3684844970703125, 0.760711669921875], [], [0.824493408203125, -0.417999267578125, 0.2497100830078125, -0.2882843017578125]
49090, 49.4893798828125, [1000.0, 65.0, 433.0, 114.0, 265.0, 135.0, 631.0, 35.0, 545.0, 1000.0, 0.0, 1000.0, 0.0, 1000.0, 889.0, 999.0, 999.0, 999.0, 998.0, 258.0, 326.0, 0.0, 0.0], [], [0.4577484130859375, -0.2753753662109375, -0.368408203125, 0.760833740234375], [], [0.8242645263671875, -0.4184112548828125, 0.24981689453125, -0.28826904296875]
49100, 49.49944305419922, [1000.0, 65.0, 434.0, 114.0, 265.0, 135.0, 632.0, 35.0, 544.0, 1000.0, 0.0, 1000.0, 0.0, 1000.0, 885.0, 999.0, 999.0, 999.0, 999.0, 259.0, 328.0, 0.0, 0.0], [], [0.4576873779296875, -0.275238037109375, -0.368377685546875, 0.760955810546875], [], [0.824127197265625, -0.4186248779296875, 0.2499847412109375, -0.288177490234375]
49110, 49.50950241088867, [1000.0, 65.0, 433.0, 114.0, 264.0, 135.0, 633.0, 35.0, 543.0, 1000.0, 0.0, 1000.0, 0.0, 1000.0, 887.0, 999.0, 999.0, 999.0, 999.0, 258.0, 327.0, 0.0, 0.0], [], [0.4575958251953125, -0.2751312255859375, -0.368194580078125, 0.7611236572265625], [], [0.8242340087890625, -0.418487548828125, 0.249969482421875, -0.288116455078125]
49120, 49.519344329833984, [1000.0, 65.0, 434.0, 114.0, 265.0, 135.0, 632.0, 35.0, 543.0, 1000.0, 0.0, 1000.0, 0.0, 1000.0, 888.0, 999.0, 999.0, 999.0, 999.0, 256.0, 325.0, 0.0, 0.0], [], [0.4575347900390625, -0.2747039794921875, -0.36798095703125, 0.76141357421875], [], [0.82421875, -0.4185028076171875, 0.24993896484375, -0.288116455078125]
49130, 49.531402587890625, [1000.0, 65.0, 435.0, 114.0, 265.0, 135.0, 632.0, 35.0, 544.0, 1000.0, 0.0, 1000.0, 0.0, 1000.0, 884.0, 999.0, 999.0, 999.0, 999.0, 257.0, 325.0, 0.0, 0.0], [], [0.45751953125, -0.2744598388671875, -0.3681182861328125, 0.7614593505859375], [], [0.8239593505859375, -0.4189605712890625, 0.25006103515625, -0.2880859375]
49140, 49.53947448730469, [1000.0, 66.0, 434.0, 114.0, 265.0, 136.0, 633.0, 35.0, 543.0, 1000.0, 0.0, 1000.0, 0.0, 1000.0, 884.0, 999.0, 999.0, 999.0, 999.0, 258.0, 322.0, 0.0, 0.0], [], [0.4577178955078125, -0.2740936279296875, -0.3682861328125, 0.761383056640625], [], [0.823883056640625, -0.4190216064453125, 0.25054931640625, -0.2878265380859375]
49150, 49.549285888671875, [1000.0, 65.0, 435.0, 114.0, 265.0, 136.0, 633.0, 35.0, 543.0, 1000.0, 0.0, 1000.0, 0.0, 1000.0, 881.0, 999.0, 999.0, 999.0, 999.0, 257.0, 324.0, 0.0, 0.0], [], [0.4576568603515625, -0.27392578125, -0.368499755859375, 0.7613677978515625], [], [0.82342529296875, -0.4197235107421875, 0.2510986328125, -0.28759765625]
49160, 49.55929183959961, [1000.0, 65.0, 434.0, 114.0, 266.0, 135.0, 632.0, 35.0, 543.0, 1000.0, 0.0, 1000.0, 0.0, 1000.0, 883.0, 999.0, 999.0, 999.0, 999.0, 257.0, 322.0, 0.0, 0.0], [], [0.4576263427734375, -0.273773193359375, -0.3688201904296875, 0.76129150390625], [], [0.823333740234375, -0.419830322265625, 0.2514190673828125, -0.2874603271484375]
49170, 49.56917190551758, [1000.0, 65.0, 434.0, 114.0, 265.0, 135.0, 631.0, 35.0, 544.0, 1000.0, 0.0, 1000.0, 0.0, 1000.0, 880.0, 999.0, 999.0, 999.0, 999.0, 257.0, 325.0, 0.0, 0.0], [], [0.45758056640625, -0.273651123046875, -0.369171142578125, 0.761199951171875], [], [0.823577880859375, -0.4195098876953125, 0.25091552734375, -0.28765869140625]
49180, 49.57932662963867, [1000.0, 65.0, 434.0, 114.0, 265.0, 135.0, 631.0, 35.0, 544.0, 1000.0, 0.0, 1000.0, 0.0, 1000.0, 883.0, 999.0, 999.0, 999.0, 999.0, 258.0, 325.0, 0.0, 0.0], [], [0.45745849609375, -0.2736053466796875, -0.369140625, 0.7613067626953125], [], [0.8233642578125, -0.419769287109375, 0.251495361328125, -0.2873687744140625]
49190, 49.5892448425293, [1000.0, 65.0, 434.0, 114.0, 265.0, 135.0, 631.0, 35.0, 544.0, 1000.0, 0.0, 1000.0, 0.0, 1000.0, 881.0, 999.0, 999.0, 999.0, 999.0, 258.0, 322.0, 0.0, 0.0], [], [0.4572906494140625, -0.273651123046875, -0.3690948486328125, 0.76141357421875], [], [0.8234405517578125, -0.4195709228515625, 0.25177001953125, -0.287200927734375]
49200, 49.59921646118164, [1000.0, 65.0, 435.0, 114.0, 265.0, 135.0, 630.0, 35.0, 543.0, 1000.0, 0.0, 1000.0, 0.0, 1000.0, 884.0, 999.0, 999.0, 999.0, 999.0, 257.0, 321.0, 0.0, 0.0], [], [0.4571533203125, -0.273590087890625, -0.369049072265625, 0.76153564453125], [], [0.823455810546875, -0.419586181640625, 0.2516021728515625, -0.2873077392578125]
49210, 49.609291076660156, [1000.0, 65.0, 435.0, 114.0, 264.0, 136.0, 631.0, 35.0, 542.0, 1000.0, 0.0, 1000.0, 0.0, 1000.0, 879.0, 999.0, 999.0, 999.0, 999.0, 258.0, 322.0, 0.0, 0.0], [], [0.4569091796875, -0.2738037109375, -0.3692169189453125, 0.7615203857421875], [], [0.823638916015625, -0.4193572998046875, 0.2510833740234375, -0.287567138671875]
49220, 49.61927795410156, [1000.0, 65.0, 436.0, 114.0, 264.0, 136.0, 632.0, 35.0, 542.0, 1000.0, 0.0, 1000.0, 0.0, 1000.0, 882.0, 999.0, 999.0, 999.0, 999.0, 259.0, 325.0, 0.0, 0.0], [], [0.4566497802734375, -0.274017333984375, -0.36895751953125, 0.7617340087890625], [], [0.82373046875, -0.4192657470703125, 0.250732421875, -0.2877349853515625]
49230, 49.62930679321289, [1000.0, 66.0, 436.0, 114.0, 265.0, 136.0, 632.0, 35.0, 541.0, 1000.0, 0.0, 1000.0, 0.0, 1000.0, 878.0, 999.0, 999.0, 999.0, 999.0, 259.0, 322.0, 0.0, 0.0], [], [0.456634521484375, -0.27374267578125, -0.3684844970703125, 0.762054443359375], [], [0.8231964111328125, -0.4201507568359375, 0.2510833740234375, -0.2876434326171875]
49240, 49.639129638671875, [1000.0, 65.0, 434.0, 114.0, 265.0, 136.0, 632.0, 35.0, 542.0, 1000.0, 0.0, 1000.0, 0.0, 1000.0, 880.0, 999.0, 999.0, 999.0, 999.0, 259.0, 322.0, 0.0, 0.0], [], [0.45660400390625, -0.273529052734375, -0.3682708740234375, 0.76226806640625], [], [0.8229522705078125, -0.4204559326171875, 0.251678466796875, -0.2873992919921875]
49250, 49.6493034362793, [1000.0, 65.0, 435.0, 114.0, 265.0, 136.0, 631.0, 35.0, 542.0, 1000.0, 0.0, 1000.0, 0.0, 1000.0, 877.0, 999.0, 999.0, 999.0, 999.0, 260.0, 322.0, 0.0, 0.0], [], [0.456573486328125, -0.2733306884765625, -0.3681640625, 0.7624053955078125], [], [0.8222503662109375, -0.421661376953125, 0.2520904541015625, -0.2873077392578125]
49260, 49.65926742553711, [1000.0, 66.0, 435.0, 115.0, 266.0, 135.0, 630.0, 35.0, 541.0, 1000.0, 0.0, 1000.0, 0.0, 1000.0, 881.0, 999.0, 999.0, 999.0, 999.0, 258.0, 322.0, 0.0, 0.0], [], [0.456512451171875, -0.2732391357421875, -0.368133544921875, 0.7624969482421875], [], [0.8227691650390625, -0.4207611083984375, 0.2518463134765625, -0.2873382568359375]
49270, 49.66922378540039, [1000.0, 65.0, 435.0, 114.0, 265.0, 135.0, 630.0, 35.0, 542.0, 1000.0, 0.0, 1000.0, 0.0, 1000.0, 880.0, 999.0, 999.0, 999.0, 997.0, 257.0, 325.0, 0.0, 0.0], [], [0.4564208984375, -0.273162841796875, -0.3681640625, 0.762542724609375], [], [0.8224945068359375, -0.421356201171875, 0.2513275146484375, -0.2877044677734375]
49280, 49.67918395996094, [1000.0, 65.0, 436.0, 115.0, 265.0, 135.0, 632.0, 35.0, 542.0, 1000.0, 0.0, 1000.0, 0.0, 1000.0, 882.0, 999.0, 999.0, 999.0, 997.0, 257.0, 325.0, 0.0, 0.0], [], [0.4564208984375, -0.272979736328125, -0.368560791015625, 0.7624359130859375], [], [0.8222808837890625, -0.42181396484375, 0.2508544921875, -0.28802490234375]
49290, 49.692771911621094, [1000.0, 65.0, 436.0, 115.0, 264.0, 135.0, 632.0, 35.0, 542.0, 1000.0, 0.0, 1000.0, 0.0, 1000.0, 881.0, 999.0, 999.0, 999.0, 997.0, 256.0, 326.0, 0.0, 0.0], [], [0.456298828125, -0.272979736328125, -0.368927001953125, 0.7623138427734375], [], [0.82183837890625, -0.422393798828125, 0.252044677734375, -0.287445068359375]
49300, 49.6992073059082, [1000.0, 65.0, 435.0, 115.0, 264.0, 136.0, 633.0, 35.0, 542.0, 1000.0, 0.0, 1000.0, 0.0, 1000.0, 883.0, 999.0, 999.0, 999.0, 999.0, 256.0, 325.0, 0.0, 0.0], [], [0.45611572265625, -0.2731170654296875, -0.3691558837890625, 0.76226806640625], [], [0.821746826171875, -0.422607421875, 0.25177001953125, -0.287628173828125]
49310, 49.70913314819336, [1000.0, 65.0, 434.0, 114.0, 265.0, 135.0, 631.0, 35.0, 541.0, 1000.0, 0.0, 1000.0, 0.0, 1000.0, 883.0, 999.0, 999.0, 999.0, 999.0, 257.0, 325.0, 0.0, 0.0], [], [0.456085205078125, -0.27288818359375, -0.3693084716796875, 0.7623138427734375], [], [0.8220977783203125, -0.4220428466796875, 0.2513275146484375, -0.287811279296875]
49320, 49.71906661987305, [1000.0, 65.0, 434.0, 114.0, 266.0, 135.0, 630.0, 35.0, 539.0, 1000.0, 0.0, 1000.0, 0.0, 1000.0, 887.0, 999.0, 999.0, 999.0, 999.0, 258.0, 324.0, 0.0, 0.0], [], [0.4560394287109375, -0.2727203369140625, -0.369293212890625, 0.76239013671875], [], [0.8218994140625, -0.4222869873046875, 0.251800537109375, -0.2876129150390625]
49330, 49.72905731201172, [1000.0, 65.0, 435.0, 114.0, 265.0, 135.0, 629.0, 35.0, 539.0, 1000.0, 0.0, 1000.0, 0.0, 1000.0, 886.0, 999.0, 999.0, 999.0, 999.0, 258.0, 322.0, 0.0, 0.0], [], [0.45587158203125, -0.2728271484375, -0.369476318359375, 0.7623748779296875], [], [0.8227691650390625, -0.4205780029296875, 0.2524566650390625, -0.2870941162109375]
49340, 49.73935317993164, [1000.0, 65.0, 435.0, 114.0, 265.0, 135.0, 629.0, 35.0, 539.0, 1000.0, 0.0, 1000.0, 0.0, 1000.0, 886.0, 999.0, 999.0, 999.0, 999.0, 258.0, 322.0, 0.0, 0.0], [], [0.45587158203125, -0.2728271484375, -0.369476318359375, 0.7623748779296875], [], [0.8223114013671875, -0.421234130859375, 0.2531890869140625, -0.2867889404296875]
49350, 49.74930953979492, [1000.0, 65.0, 434.0, 114.0, 264.0, 135.0, 631.0, 35.0, 541.0, 1000.0, 0.0, 1000.0, 0.0, 1000.0, 882.0, 999.0, 999.0, 999.0, 999.0, 258.0, 319.0, 0.0, 0.0], [], [0.4556427001953125, -0.27288818359375, -0.369537353515625, 0.762451171875], [], [0.8226318359375, -0.4204559326171875, 0.253936767578125, -0.2863311767578125]
49360, 49.75909423828125, [1000.0, 65.0, 433.0, 114.0, 265.0, 135.0, 632.0, 35.0, 541.0, 1000.0, 0.0, 1000.0, 0.0, 1000.0, 882.0, 999.0, 999.0, 999.0, 999.0, 258.0, 320.0, 0.0, 0.0], [], [0.455535888671875, -0.27294921875, -0.369537353515625, 0.7624969482421875], [], [0.8236083984375, -0.4190673828125, 0.2521820068359375, -0.287139892578125]
49370, 49.76938247680664, [1000.0, 65.0, 435.0, 114.0, 266.0, 135.0, 632.0, 35.0, 540.0, 1000.0, 0.0, 1000.0, 0.0, 1000.0, 885.0, 999.0, 999.0, 999.0, 999.0, 258.0, 321.0, 0.0, 0.0], [], [0.455413818359375, -0.2730255126953125, -0.3695068359375, 0.7625579833984375], [], [0.8231353759765625, -0.420166015625, 0.2508392333984375, -0.28802490234375]
49380, 49.779441833496094, [1000.0, 66.0, 436.0, 114.0, 266.0, 135.0, 631.0, 35.0, 541.0, 1000.0, 0.0, 1000.0, 0.0, 1000.0, 886.0, 999.0, 999.0, 999.0, 999.0, 258.0, 320.0, 0.0, 0.0], [], [0.455291748046875, -0.2731170654296875, -0.369415283203125, 0.7626495361328125], [], [0.82196044921875, -0.4218902587890625, 0.252838134765625, -0.2871246337890625]
49390, 49.789390563964844, [1000.0, 66.0, 435.0, 114.0, 266.0, 135.0, 631.0, 35.0, 541.0, 1000.0, 0.0, 1000.0, 0.0, 1000.0, 886.0, 999.0, 999.0, 999.0, 999.0, 257.0, 324.0, 0.0, 0.0], [], [0.45513916015625, -0.2732086181640625, -0.3693695068359375, 0.762725830078125], [], [0.8212890625, -0.423004150390625, 0.253204345703125, -0.28704833984375]
49400, 49.80437088012695, [1000.0, 65.0, 433.0, 114.0, 266.0, 135.0, 630.0, 35.0, 539.0, 1000.0, 0.0, 1000.0, 0.0, 1000.0, 888.0, 999.0, 999.0, 999.0, 999.0, 257.0, 321.0, 0.0, 0.0], [], [0.454803466796875, -0.273468017578125, -0.369293212890625, 0.7628631591796875], [], [0.8209075927734375, -0.423980712890625, 0.25189208984375, -0.2878875732421875]
49410, 49.80940246582031, [1000.0, 65.0, 434.0, 114.0, 266.0, 135.0, 630.0, 35.0, 540.0, 1000.0, 0.0, 1000.0, 0.0, 1000.0, 884.0, 999.0, 999.0, 999.0, 999.0, 257.0, 322.0, 0.0, 0.0], [], [0.454742431640625, -0.273590087890625, -0.369415283203125, 0.7628021240234375], [], [0.821533203125, -0.422760009765625, 0.252288818359375, -0.2875213623046875]
49420, 49.81938171386719, [1000.0, 65.0, 434.0, 114.0, 266.0, 135.0, 630.0, 35.0, 540.0, 1000.0, 0.0, 1000.0, 0.0, 1000.0, 884.0, 999.0, 999.0, 999.0, 999.0, 257.0, 322.0, 0.0, 0.0], [], [0.454742431640625, -0.273590087890625, -0.369415283203125, 0.7628021240234375], [], [0.8238983154296875, -0.4186553955078125, 0.251495361328125, -0.2874603271484375]
49430, 49.82939910888672, [1000.0, 65.0, 432.0, 114.0, 265.0, 135.0, 632.0, 35.0, 540.0, 1000.0, 0.0, 1000.0, 0.0, 1000.0, 885.0, 999.0, 999.0, 999.0, 999.0, 258.0, 321.0, 0.0, 0.0], [], [0.454193115234375, -0.2739715576171875, -0.3694610595703125, 0.762969970703125], [], [0.823089599609375, -0.420013427734375, 0.2521209716796875, -0.2872772216796875]
49440, 49.83933639526367, [1000.0, 65.0, 432.0, 114.0, 265.0, 135.0, 632.0, 35.0, 539.0, 1000.0, 0.0, 1000.0, 0.0, 1000.0, 888.0, 999.0, 999.0, 999.0, 999.0, 258.0, 322.0, 0.0, 0.0], [], [0.4541168212890625, -0.2741546630859375, -0.36956787109375, 0.762908935546875], [], [0.8234100341796875, -0.4193115234375, 0.252471923828125, -0.28704833984375]
49450, 49.849327087402344, [1000.0, 65.0, 433.0, 114.0, 266.0, 135.0, 632.0, 35.0, 539.0, 1000.0, 0.0, 1000.0, 0.0, 1000.0, 886.0, 999.0, 999.0, 999.0, 999.0, 257.0, 321.0, 0.0, 0.0], [], [0.453948974609375, -0.2742919921875, -0.3696136474609375, 0.7629241943359375], [], [0.8249053955078125, -0.416900634765625, 0.2509002685546875, -0.287628173828125]
49460, 49.85932159423828, [1000.0, 65.0, 433.0, 115.0, 265.0, 135.0, 632.0, 35.0, 539.0, 1000.0, 0.0, 1000.0, 0.0, 1000.0, 886.0, 999.0, 999.0, 999.0, 999.0, 257.0, 322.0, 0.0, 0.0], [], [0.4538116455078125, -0.2743988037109375, -0.3696746826171875, 0.762939453125], [], [0.8251800537109375, -0.4166412353515625, 0.24981689453125, -0.288177490234375]
49470, 49.86928939819336, [1000.0, 65.0, 434.0, 114.0, 265.0, 135.0, 631.0, 35.0, 538.0, 1000.0, 0.0, 1000.0, 0.0, 1000.0, 883.0, 999.0, 999.0, 999.0, 999.0, 257.0, 322.0, 0.0, 0.0], [], [0.4536895751953125, -0.274444580078125, -0.3698272705078125, 0.762908935546875], [], [0.8236846923828125, -0.4192352294921875, 0.2504425048828125, -0.2881317138671875]
49480, 49.87925338745117, [1000.0, 65.0, 434.0, 114.0, 266.0, 135.0, 630.0, 35.0, 538.0, 1000.0, 0.0, 1000.0, 0.0, 1000.0, 886.0, 999.0, 999.0, 999.0, 999.0, 257.0, 326.0, 0.0, 0.0], [], [0.4536285400390625, -0.2744140625, -0.369903564453125, 0.7629241943359375], [], [0.8241119384765625, -0.4187469482421875, 0.24920654296875, -0.2887420654296875]
49490, 49.889400482177734, [1000.0, 65.0, 433.0, 114.0, 265.0, 135.0, 630.0, 35.0, 540.0, 1000.0, 0.0, 1000.0, 0.0, 1000.0, 884.0, 999.0, 999.0, 999.0, 999.0, 257.0, 325.0, 0.0, 0.0], [], [0.4535675048828125, -0.2743377685546875, -0.369964599609375, 0.7629547119140625], [], [0.8232879638671875, -0.4204254150390625, 0.2482452392578125, -0.2894439697265625]
49500, 49.89927673339844, [1000.0, 66.0, 433.0, 114.0, 264.0, 135.0, 629.0, 35.0, 541.0, 1000.0, 0.0, 1000.0, 0.0, 1000.0, 887.0, 999.0, 999.0, 999.0, 999.0, 257.0, 324.0, 0.0, 0.0], [], [0.4535369873046875, -0.2742156982421875, -0.3699798583984375, 0.7630157470703125], [], [0.82281494140625, -0.4211273193359375, 0.2490692138671875, -0.2890625]
