34130, 34.419044494628906, 1000.0, 49.0, 235.0, 111.0, 248.0, 139.0, 130.0, 0.0, 0.0, 1000.0, 0.0, 1000.0, 0.0, 1000.0, 907.0, 999.0, 999.0, 999.0, 999.0, 316.0, 330.0, 0.0, 0.0, , -0.9737701416015625, 0.189544677734375, -0.0989990234375, 0.0776824951171875, , -0.461334228515625, 0.190460205078125, -0.33135986328125, 0.8006744384765625
34140, 34.42905044555664, 1000.0, 49.0, 235.0, 111.0, 248.0, 139.0, 130.0, 0.0, 0.0, 1000.0, 0.0, 1000.0, 0.0, 1000.0, 907.0, 999.0, 999.0, 999.0, 999.0, 316.0, 330.0, 0.0, 0.0, , -0.9737701416015625, 0.189544677734375, -0.0989990234375, 0.0776824951171875, , -0.4609832763671875, 0.19140625, -0.328765869140625, 0.8017120361328125
34150, 34.439048767089844, 1000.0, 49.0, 235.0, 111.0, 248.0, 139.0, 130.0, 0.0, 0.0, 1000.0, 0.0, 1000.0, 0.0, 1000.0, 907.0, 999.0, 999.0, 999.0, 999.0, 316.0, 330.0, 0.0, 0.0, , -0.9737701416015625, 0.189544677734375, -0.0989990234375, 0.0776824951171875, , -0.46112060546875, 0.1910858154296875, -0.3270416259765625, 0.8024139404296875
34160, 34.449058532714844, 1000.0, 49.0, 235.0, 111.0, 248.0, 139.0, 130.0, 0.0, 0.0, 1000.0, 0.0, 1000.0, 0.0, 1000.0, 907.0, 999.0, 999.0, 999.0, 999.0, 316.0, 330.0, 0.0, 0.0, , -0.9737701416015625, 0.189544677734375, -0.0989990234375, 0.0776824951171875, , -0.46124267578125, 0.190826416015625, -0.32928466796875, 0.8014984130859375
34170, 34.45900344848633, 1000.0, 49.0, 235.0, 111.0, 248.0, 139.0, 130.0, 0.0, 0.0, 1000.0, 0.0, 1000.0, 0.0, 1000.0, 907.0, 999.0, 999.0, 999.0, 999.0, 316.0, 330.0, 0.0, 0.0, , -0.9737701416015625, 0.189544677734375, -0.0989990234375, 0.0776824951171875, , -0.4611663818359375, 0.1908721923828125, -0.329559326171875, 0.8014068603515625
34180, 34.469112396240234, 1000.0, 49.0, 235.0, 111.0, 248.0, 139.0, 130.0, 0.0, 0.0, 1000.0, 0.0, 1000.0, 0.0, 1000.0, 907.0, 999.0, 999.0, 999.0, 999.0, 316.0, 330.0, 0.0, 0.0, , -0.9737701416015625, 0.189544677734375, -0.0989990234375, 0.0776824951171875, , -0.4611053466796875, 0.1909332275390625, -0.3298187255859375, 0.8013153076171875
34190, 34.47904586791992, 1000.0, 49.0, 235.0, 111.0, 248.0, 139.0, 130.0, 0.0, 0.0, 1000.0, 0.0, 1000.0, 0.0, 1000.0, 907.0, 999.0, 999.0, 999.0, 999.0, 316.0, 330.0, 0.0, 0.0, , -0.9737701416015625, 0.189544677734375, -0.0989990234375, 0.0776824951171875, , -0.4610748291015625, 0.19097900390625, -0.3300018310546875, 0.8012542724609375
34200, 34.48904037475586, 1000.0, 49.0, 235.0, 111.0, 248.0, 139.0, 130.0, 0.0, 0.0, 1000.0, 0.0, 1000.0, 0.0, 1000.0, 907.0, 999.0, 999.0, 999.0, 999.0, 316.0, 330.0, 0.0, 0.0, , -0.9737701416015625, 0.189544677734375, -0.0989990234375, 0.0776824951171875, , -0.4610595703125, 0.19091796875, -0.33013916015625, 0.8012237548828125
34210, 34.499114990234375, 1000.0, 49.0, 235.0, 111.0, 248.0, 139.0, 130.0, 0.0, 0.0, 1000.0, 0.0, 1000.0, 0.0, 1000.0, 907.0, 999.0, 999.0, 999.0, 999.0, 316.0, 330.0, 0.0, 0.0, , -0.9737701416015625, 0.189544677734375, -0.0989990234375, 0.0776824951171875, , -0.4610443115234375, 0.19091796875, -0.330169677734375, 0.80120849609375
34220, 34.51076126098633, 1000.0, 49.0, 235.0, 111.0, 248.0, 139.0, 130.0, 0.0, 0.0, 1000.0, 0.0, 1000.0, 0.0, 1000.0, 907.0, 999.0, 999.0, 999.0, 999.0, 316.0, 330.0, 0.0, 0.0, , -0.9737701416015625, 0.189544677734375, -0.0989990234375, 0.0776824951171875, , -0.4610595703125, 0.1908111572265625, -0.3302001953125, 0.80120849609375
34230, 34.51909255981445, 1000.0, 49.0, 235.0, 111.0, 248.0, 139.0, 130.0, 0.0, 0.0, 1000.0, 0.0, 1000.0, 0.0, 1000.0, 907.0, 999.0, 999.0, 999.0, 999.0, 316.0, 330.0, 0.0, 0.0, , -0.9737701416015625, 0.189544677734375, -0.0989990234375, 0.0776824951171875, , -0.461212158203125, 0.190399169921875, -0.330322265625, 0.801177978515625
34240, 34.529048919677734, 1000.0, 49.0, 235.0, 111.0, 248.0, 139.0, 130.0, 0.0, 0.0, 1000.0, 0.0, 1000.0, 0.0, 1000.0, 907.0, 999.0, 999.0, 999.0, 999.0, 316.0, 330.0, 0.0, 0.0, , -0.9737701416015625, 0.189544677734375, -0.0989990234375, 0.0776824951171875, , -0.46124267578125, 0.19024658203125, -0.3297271728515625, 0.80145263671875
34250, 34.53905487060547, 1000.0, 49.0, 235.0, 111.0, 248.0, 139.0, 130.0, 0.0, 0.0, 1000.0, 0.0, 1000.0, 0.0, 1000.0, 907.0, 999.0, 999.0, 999.0, 999.0, 316.0, 330.0, 0.0, 0.0, , -0.9737701416015625, 0.189544677734375, -0.0989990234375, 0.0776824951171875, , -0.4613037109375, 0.1900787353515625, -0.3295135498046875, 0.801544189453125
34260, 34.549068450927734, 1000.0, 49.0, 235.0, 111.0, 248.0, 139.0, 130.0, 0.0, 0.0, 1000.0, 0.0, 1000.0, 0.0, 1000.0, 907.0, 999.0, 999.0, 999.0, 999.0, 316.0, 330.0, 0.0, 0.0, , -0.9737701416015625, 0.189544677734375, -0.0989990234375, 0.0776824951171875, , -0.4612579345703125, 0.190185546875, -0.3300933837890625, 0.801300048828125
34270, 34.56882095336914, 1000.0, 49.0, 235.0, 111.0, 248.0, 139.0, 130.0, 0.0, 0.0, 1000.0, 0.0, 1000.0, 0.0, 1000.0, 907.0, 999.0, 999.0, 999.0, 999.0, 316.0, 330.0, 0.0, 0.0, , -0.9737701416015625, 0.189544677734375, -0.0989990234375, 0.0776824951171875, , -0.4611663818359375, 0.1903076171875, -0.33087158203125, 0.800994873046875
34280, 34.57906723022461, 1000.0, 49.0, 235.0, 111.0, 248.0, 139.0, 130.0, 0.0, 0.0, 1000.0, 0.0, 1000.0, 0.0, 1000.0, 907.0, 999.0, 999.0, 999.0, 999.0, 316.0, 330.0, 0.0, 0.0, , -0.9737701416015625, 0.189544677734375, -0.0989990234375, 0.0776824951171875, , -0.4610443115234375, 0.190582275390625, -0.3314208984375, 0.80078125
34290, 34.58905029296875, 1000.0, 49.0, 235.0, 111.0, 248.0, 139.0, 130.0, 0.0, 0.0, 1000.0, 0.0, 1000.0, 0.0, 1000.0, 907.0, 999.0, 999.0, 999.0, 999.0, 316.0, 330.0, 0.0, 0.0, , -0.9737701416015625, 0.189544677734375, -0.0989990234375, 0.0776824951171875, , -0.4610443115234375, 0.1905975341796875, -0.3329010009765625, 0.8001708984375
34300, 34.59907531738281, 1000.0, 49.0, 235.0, 111.0, 248.0, 139.0, 130.0, 0.0, 0.0, 1000.0, 0.0, 1000.0, 0.0, 1000.0, 907.0, 999.0, 999.0, 999.0, 999.0, 316.0, 330.0, 0.0, 0.0, , -0.9737701416015625, 0.189544677734375, -0.0989990234375, 0.0776824951171875, , -0.461090087890625, 0.19049072265625, -0.3336029052734375, 0.79986572265625
34310, 34.609134674072266, 1000.0, 49.0, 235.0, 111.0, 248.0, 139.0, 130.0, 0.0, 0.0, 1000.0, 0.0, 1000.0, 0.0, 1000.0, 907.0, 999.0, 999.0, 999.0, 999.0, 316.0, 330.0, 0.0, 0.0, , -0.9737701416015625, 0.189544677734375, -0.0989990234375, 0.0776824951171875, , -0.4612274169921875, 0.1901702880859375, -0.3331298828125, 0.8000640869140625
34320, 34.61913299560547, 1000.0, 49.0, 235.0, 111.0, 248.0, 139.0, 130.0, 0.0, 0.0, 1000.0, 0.0, 1000.0, 0.0, 1000.0, 907.0, 999.0, 999.0, 999.0, 999.0, 316.0, 330.0, 0.0, 0.0, , -0.9737701416015625, 0.189544677734375, -0.0989990234375, 0.0776824951171875, , -0.4609832763671875, 0.1907806396484375, -0.3329925537109375, 0.8001251220703125
34330, 34.629066467285156, 1000.0, 49.0, 235.0, 111.0, 248.0, 139.0, 130.0, 0.0, 0.0, 1000.0, 0.0, 1000.0, 0.0, 1000.0, 907.0, 999.0, 999.0, 999.0, 999.0, 316.0, 330.0, 0.0, 0.0, , -0.9737701416015625, 0.189544677734375, -0.0989990234375, 0.0776824951171875, , -0.4611358642578125, 0.1903839111328125, -0.332916259765625, 0.8001556396484375
34340, 34.63903045654297, 1000.0, 49.0, 235.0, 111.0, 248.0, 139.0, 130.0, 0.0, 0.0, 1000.0, 0.0, 1000.0, 0.0, 1000.0, 907.0, 999.0, 999.0, 999.0, 999.0, 316.0, 330.0, 0.0, 0.0, , -0.9737701416015625, 0.189544677734375, -0.0989990234375, 0.0776824951171875, , -0.460693359375, 0.19134521484375, -0.3331451416015625, 0.800079345703125
34350, 34.64906311035156, 1000.0, 49.0, 235.0, 111.0, 248.0, 139.0, 130.0, 0.0, 0.0, 1000.0, 0.0, 1000.0, 0.0, 1000.0, 907.0, 999.0, 999.0, 999.0, 999.0, 316.0, 330.0, 0.0, 0.0, , -0.9737701416015625, 0.189544677734375, -0.0989990234375, 0.0776824951171875, , -0.46051025390625, 0.191741943359375, -0.333251953125, 0.800048828125
34360, 34.65913009643555, 1000.0, 49.0, 235.0, 111.0, 248.0, 139.0, 130.0, 0.0, 0.0, 1000.0, 0.0, 1000.0, 0.0, 1000.0, 907.0, 999.0, 999.0, 999.0, 999.0, 316.0, 330.0, 0.0, 0.0, , -0.9737701416015625, 0.189544677734375, -0.0989990234375, 0.0776824951171875, , -0.46038818359375, 0.191986083984375, -0.3338775634765625, 0.7997894287109375
34370, 34.669124603271484, 1000.0, 49.0, 235.0, 111.0, 248.0, 139.0, 130.0, 0.0, 0.0, 1000.0, 0.0, 1000.0, 0.0, 1000.0, 907.0, 999.0, 999.0, 999.0, 999.0, 316.0, 330.0, 0.0, 0.0, , -0.9737701416015625, 0.189544677734375, -0.0989990234375, 0.0776824951171875, , -0.4601898193359375, 0.192413330078125, -0.3329620361328125, 0.800201416015625
34380, 34.67892074584961, 1000.0, 49.0, 235.0, 111.0, 248.0, 139.0, 130.0, 0.0, 0.0, 1000.0, 0.0, 1000.0, 0.0, 1000.0, 907.0, 999.0, 999.0, 999.0, 999.0, 316.0, 330.0, 0.0, 0.0, , -0.9737701416015625, 0.189544677734375, -0.0989990234375, 0.0776824951171875, , -0.46026611328125, 0.1920928955078125, -0.3313446044921875, 0.8008880615234375
34390, 34.689064025878906, 1000.0, 49.0, 235.0, 111.0, 248.0, 139.0, 130.0, 0.0, 0.0, 1000.0, 0.0, 1000.0, 0.0, 1000.0, 907.0, 999.0, 999.0, 999.0, 999.0, 316.0, 330.0, 0.0, 0.0, , -0.9737701416015625, 0.189544677734375, -0.0989990234375, 0.0776824951171875, , -0.4602813720703125, 0.1919708251953125, -0.33026123046875, 0.801361083984375
34400, 34.69906997680664, 1000.0, 49.0, 235.0, 111.0, 248.0, 139.0, 130.0, 0.0, 0.0, 1000.0, 0.0, 1000.0, 0.0, 1000.0, 907.0, 999.0, 999.0, 999.0, 999.0, 316.0, 330.0, 0.0, 0.0, , -0.9737701416015625, 0.189544677734375, -0.0989990234375, 0.0776824951171875, , -0.46038818359375, 0.191650390625, -0.3310699462890625, 0.801055908203125
34410, 34.70912551879883, 1000.0, 49.0, 235.0, 111.0, 248.0, 139.0, 130.0, 0.0, 0.0, 1000.0, 0.0, 1000.0, 0.0, 1000.0, 907.0, 999.0, 999.0, 999.0, 999.0, 316.0, 330.0, 0.0, 0.0, , -0.9737701416015625, 0.189544677734375, -0.0989990234375, 0.0776824951171875, , -0.46099853515625, 0.1900787353515625, -0.3303070068359375, 0.8013763427734375
34420, 34.7191276550293, 1000.0, 49.0, 235.0, 111.0, 248.0, 139.0, 130.0, 0.0, 0.0, 1000.0, 0.0, 1000.0, 0.0, 1000.0, 907.0, 999.0, 999.0, 999.0, 999.0, 316.0, 330.0, 0.0, 0.0, , -0.9737701416015625, 0.189544677734375, -0.0989990234375, 0.0776824951171875, , -0.460693359375, 0.1908416748046875, -0.3317718505859375, 0.80078125
34430, 34.72908020019531, 1000.0, 49.0, 235.0, 111.0, 248.0, 139.0, 130.0, 0.0, 0.0, 1000.0, 0.0, 1000.0, 0.0, 1000.0, 907.0, 999.0, 999.0, 999.0, 999.0, 316.0, 330.0, 0.0, 0.0, , -0.9737701416015625, 0.189544677734375, -0.0989990234375, 0.0776824951171875, , -0.4606475830078125, 0.1909027099609375, -0.3306732177734375, 0.801239013671875
34440, 34.73909378051758, 1000.0, 49.0, 235.0, 111.0, 248.0, 139.0, 130.0, 0.0, 0.0, 1000.0, 0.0, 1000.0, 0.0, 1000.0, 907.0, 999.0, 999.0, 999.0, 999.0, 316.0, 330.0, 0.0, 0.0, , -0.9737701416015625, 0.189544677734375, -0.0989990234375, 0.0776824951171875, , -0.46099853515625, 0.19012451171875, -0.3311309814453125, 0.8010406494140625
34450, 34.74907684326172, 1000.0, 49.0, 235.0, 111.0, 248.0, 139.0, 130.0, 0.0, 0.0, 1000.0, 0.0, 1000.0, 0.0, 1000.0, 907.0, 999.0, 999.0, 999.0, 999.0, 316.0, 330.0, 0.0, 0.0, , -0.9737701416015625, 0.189544677734375, -0.0989990234375, 0.0776824951171875, , -0.4608917236328125, 0.1903076171875, -0.3314208984375, 0.800933837890625
34460, 34.759124755859375, 1000.0, 49.0, 235.0, 111.0, 248.0, 139.0, 130.0, 0.0, 0.0, 1000.0, 0.0, 1000.0, 0.0, 1000.0, 907.0, 999.0, 999.0, 999.0, 999.0, 316.0, 330.0, 0.0, 0.0, , -0.9737701416015625, 0.189544677734375, -0.0989990234375, 0.0776824951171875, , -0.46051025390625, 0.1912994384765625, -0.331695556640625, 0.8007965087890625
34470, 34.76912307739258, 1000.0, 49.0, 235.0, 111.0, 248.0, 139.0, 130.0, 0.0, 0.0, 1000.0, 0.0, 1000.0, 0.0, 1000.0, 907.0, 999.0, 999.0, 999.0, 999.0, 316.0, 330.0, 0.0, 0.0, , -0.9737701416015625, 0.189544677734375, -0.0989990234375, 0.0776824951171875, , -0.4608917236328125, 0.1904144287109375, -0.3317718505859375, 0.8007659912109375
34480, 34.77906799316406, 1000.0, 49.0, 235.0, 111.0, 248.0, 139.0, 130.0, 0.0, 0.0, 1000.0, 0.0, 1000.0, 0.0, 1000.0, 907.0, 999.0, 999.0, 999.0, 999.0, 316.0, 330.0, 0.0, 0.0, , -0.9737701416015625, 0.189544677734375, -0.0989990234375, 0.0776824951171875, , -0.460540771484375, 0.1912078857421875, -0.3323822021484375, 0.8005218505859375
34490, 34.789005279541016, 1000.0, 49.0, 235.0, 111.0, 248.0, 139.0, 130.0, 0.0, 0.0, 1000.0, 0.0, 1000.0, 0.0, 1000.0, 907.0, 999.0, 999.0, 999.0, 999.0, 316.0, 330.0, 0.0, 0.0, , -0.9737701416015625, 0.189544677734375, -0.0989990234375, 0.0776824951171875, , -0.4600982666015625, 0.1922607421875, -0.3343658447265625, 0.7996978759765625
34500, 34.799072265625, 1000.0, 49.0, 235.0, 111.0, 248.0, 139.0, 130.0, 0.0, 0.0, 1000.0, 0.0, 1000.0, 0.0, 1000.0, 907.0, 999.0, 999.0, 999.0, 999.0, 316.0, 330.0, 0.0, 0.0, , -0.9737701416015625, 0.189544677734375, -0.0989990234375, 0.0776824951171875, , -0.4602508544921875, 0.1919403076171875, -0.33233642578125, 0.800537109375
34510, 34.80912780761719, 1000.0, 49.0, 235.0, 111.0, 248.0, 139.0, 130.0, 0.0, 0.0, 1000.0, 0.0, 1000.0, 0.0, 1000.0, 907.0, 999.0, 999.0, 999.0, 999.0, 316.0, 330.0, 0.0, 0.0, , -0.9737701416015625, 0.189544677734375, -0.0989990234375, 0.0776824951171875, , -0.4604034423828125, 0.191619873046875, -0.332183837890625, 0.8005828857421875
34520, 34.81914138793945, 1000.0, 49.0, 235.0, 111.0, 248.0, 139.0, 130.0, 0.0, 0.0, 1000.0, 0.0, 1000.0, 0.0, 1000.0, 907.0, 999.0, 999.0, 999.0, 999.0, 316.0, 330.0, 0.0, 0.0, , -0.9737701416015625, 0.189544677734375, -0.0989990234375, 0.0776824951171875, , -0.4607086181640625, 0.1909027099609375, -0.330535888671875, 0.80126953125
34530, 34.8290901184082, 1000.0, 49.0, 235.0, 111.0, 248.0, 139.0, 130.0, 0.0, 0.0, 1000.0, 0.0, 1000.0, 0.0, 1000.0, 907.0, 999.0, 999.0, 999.0, 999.0, 316.0, 330.0, 0.0, 0.0, , -0.9737701416015625, 0.189544677734375, -0.0989990234375, 0.0776824951171875, , -0.4599151611328125, 0.192840576171875, -0.333282470703125, 0.8001251220703125
34540, 34.84041976928711, 1000.0, 49.0, 235.0, 111.0, 248.0, 139.0, 130.0, 0.0, 0.0, 1000.0, 0.0, 1000.0, 0.0, 1000.0, 907.0, 999.0, 999.0, 999.0, 999.0, 316.0, 330.0, 0.0, 0.0, , -0.9737701416015625, 0.189544677734375, -0.0989990234375, 0.0776824951171875, , -0.460723876953125, 0.190826416015625, -0.3327789306640625, 0.8003387451171875
34550, 34.84912109375, 1000.0, 49.0, 235.0, 111.0, 248.0, 139.0, 130.0, 0.0, 0.0, 1000.0, 0.0, 1000.0, 0.0, 1000.0, 907.0, 999.0, 999.0, 999.0, 999.0, 316.0, 330.0, 0.0, 0.0, , -0.9737701416015625, 0.189544677734375, -0.0989990234375, 0.0776824951171875, , -0.46063232421875, 0.191070556640625, -0.33062744140625, 0.8012237548828125
34560, 34.859283447265625, 1000.0, 49.0, 235.0, 111.0, 248.0, 139.0, 130.0, 0.0, 0.0, 1000.0, 0.0, 1000.0, 0.0, 1000.0, 907.0, 999.0, 999.0, 999.0, 999.0, 316.0, 330.0, 0.0, 0.0, , -0.9737701416015625, 0.189544677734375, -0.0989990234375, 0.0776824951171875, , -0.459930419921875, 0.1927337646484375, -0.3308258056640625, 0.8011474609375
34570, 34.869136810302734, 1000.0, 49.0, 235.0, 111.0, 248.0, 139.0, 130.0, 0.0, 0.0, 1000.0, 0.0, 1000.0, 0.0, 1000.0, 907.0, 999.0, 999.0, 999.0, 999.0, 316.0, 330.0, 0.0, 0.0, , -0.9737701416015625, 0.189544677734375, -0.0989990234375, 0.0776824951171875, , -0.4604949951171875, 0.191375732421875, -0.33221435546875, 0.8005828857421875
34580, 34.87908935546875, 1000.0, 49.0, 235.0, 111.0, 248.0, 139.0, 130.0, 0.0, 0.0, 1000.0, 0.0, 1000.0, 0.0, 1000.0, 907.0, 999.0, 999.0, 999.0, 999.0, 316.0, 330.0, 0.0, 0.0, , -0.9737701416015625, 0.189544677734375, -0.0989990234375, 0.0776824951171875, , -0.4596710205078125, 0.1933746337890625, -0.3331451416015625, 0.8001861572265625
34590, 34.88911437988281, 1000.0, 49.0, 235.0, 111.0, 248.0, 139.0, 130.0, 0.0, 0.0, 1000.0, 0.0, 1000.0, 0.0, 1000.0, 907.0, 999.0, 999.0, 999.0, 999.0, 316.0, 330.0, 0.0, 0.0, , -0.9737701416015625, 0.189544677734375, -0.0989990234375, 0.0776824951171875, , -0.460113525390625, 0.1923828125, -0.334136962890625, 0.79974365234375
34600, 34.89908981323242, 1000.0, 49.0, 235.0, 111.0, 248.0, 139.0, 130.0, 0.0, 0.0, 1000.0, 0.0, 1000.0, 0.0, 1000.0, 907.0, 999.0, 999.0, 999.0, 999.0, 316.0, 330.0, 0.0, 0.0, , -0.9737701416015625, 0.189544677734375, -0.0989990234375, 0.0776824951171875, , -0.4599151611328125, 0.1929473876953125, -0.3329925537109375, 0.800201416015625
34610, 34.90913772583008, 1000.0, 49.0, 235.0, 111.0, 248.0, 139.0, 130.0, 0.0, 0.0, 1000.0, 0.0, 1000.0, 0.0, 1000.0, 907.0, 999.0, 999.0, 999.0, 999.0, 316.0, 330.0, 0.0, 0.0, , -0.9737701416015625, 0.189544677734375, -0.0989990234375, 0.0776824951171875, , -0.4591064453125, 0.1949462890625, -0.3296051025390625, 0.8015899658203125
34620, 34.91908264160156, 1000.0, 49.0, 235.0, 111.0, 248.0, 139.0, 130.0, 0.0, 0.0, 1000.0, 0.0, 1000.0, 0.0, 1000.0, 907.0, 999.0, 999.0, 999.0, 999.0, 316.0, 330.0, 0.0, 0.0, , -0.9737701416015625, 0.189544677734375, -0.0989990234375, 0.0776824951171875, , -0.4599609375, 0.1928558349609375, -0.326202392578125, 0.803009033203125
34630, 34.92908477783203, 1000.0, 49.0, 235.0, 111.0, 248.0, 139.0, 130.0, 0.0, 0.0, 1000.0, 0.0, 1000.0, 0.0, 1000.0, 907.0, 999.0, 999.0, 999.0, 999.0, 316.0, 330.0, 0.0, 0.0, , -0.9737701416015625, 0.189544677734375, -0.0989990234375, 0.0776824951171875, , -0.45977783203125, 0.193359375, -0.32769775390625, 0.8023681640625
34640, 34.93910217285156, 1000.0, 49.0, 235.0, 111.0, 248.0, 139.0, 130.0, 0.0, 0.0, 1000.0, 0.0, 1000.0, 0.0, 1000.0, 907.0, 999.0, 999.0, 999.0, 999.0, 316.0, 330.0, 0.0, 0.0, , -0.9737701416015625, 0.189544677734375, -0.0989990234375, 0.0776824951171875, , -0.4603271484375, 0.191986083984375, -0.3294525146484375, 0.801666259765625
34650, 34.949066162109375, 1000.0, 49.0, 235.0, 111.0, 248.0, 139.0, 130.0, 0.0, 0.0, 1000.0, 0.0, 1000.0, 0.0, 1000.0, 907.0, 999.0, 999.0, 999.0, 999.0, 316.0, 330.0, 0.0, 0.0, , -0.9737701416015625, 0.189544677734375, -0.0989990234375, 0.0776824951171875, , -0.460540771484375, 0.191436767578125, -0.33233642578125, 0.8004913330078125
34660, 34.959136962890625, 1000.0, 49.0, 235.0, 111.0, 248.0, 139.0, 130.0, 0.0, 0.0, 1000.0, 0.0, 1000.0, 0.0, 1000.0, 907.0, 999.0, 999.0, 999.0, 999.0, 316.0, 330.0, 0.0, 0.0, , -0.9737701416015625, 0.189544677734375, -0.0989990234375, 0.0776824951171875, , -0.4614105224609375, 0.1893768310546875, -0.331878662109375, 0.8006591796875
34670, 34.969085693359375, 1000.0, 49.0, 235.0, 111.0, 248.0, 139.0, 130.0, 0.0, 0.0, 1000.0, 0.0, 1000.0, 0.0, 1000.0, 907.0, 999.0, 999.0, 999.0, 999.0, 316.0, 330.0, 0.0, 0.0, , -0.9737701416015625, 0.189544677734375, -0.0989990234375, 0.0776824951171875, , -0.4614410400390625, 0.1893463134765625, -0.3318328857421875, 0.8006744384765625
34680, 34.979087829589844, 1000.0, 49.0, 235.0, 111.0, 248.0, 139.0, 130.0, 0.0, 0.0, 1000.0, 0.0, 1000.0, 0.0, 1000.0, 907.0, 999.0, 999.0, 999.0, 999.0, 316.0, 330.0, 0.0, 0.0, , -0.9737701416015625, 0.189544677734375, -0.0989990234375, 0.0776824951171875, , -0.461456298828125, 0.1893310546875, -0.3316650390625, 0.8007354736328125
34690, 34.98908233642578, 1000.0, 49.0, 235.0, 111.0, 248.0, 139.0, 130.0, 0.0, 0.0, 1000.0, 0.0, 1000.0, 0.0, 1000.0, 907.0, 999.0, 999.0, 999.0, 999.0, 316.0, 330.0, 0.0, 0.0, , -0.9737701416015625, 0.189544677734375, -0.0989990234375, 0.0776824951171875, , -0.4614410400390625, 0.1893310546875, -0.3314361572265625, 0.80084228515625
34700, 35.00279235839844, 1000.0, 49.0, 235.0, 111.0, 248.0, 139.0, 130.0, 0.0, 0.0, 1000.0, 0.0, 1000.0, 0.0, 1000.0, 907.0, 999.0, 999.0, 999.0, 999.0, 316.0, 330.0, 0.0, 0.0, , -0.9737701416015625, 0.189544677734375, -0.0989990234375, 0.0776824951171875, , -0.46142578125, 0.189422607421875, -0.331451416015625, 0.8008270263671875
34710, 35.00923156738281, 1000.0, 49.0, 235.0, 111.0, 248.0, 139.0, 130.0, 0.0, 0.0, 1000.0, 0.0, 1000.0, 0.0, 1000.0, 907.0, 999.0, 999.0, 999.0, 999.0, 316.0, 330.0, 0.0, 0.0, , -0.9737701416015625, 0.189544677734375, -0.0989990234375, 0.0776824951171875, , -0.46136474609375, 0.1895599365234375, -0.3313751220703125, 0.8008575439453125
34720, 35.019073486328125, 1000.0, 49.0, 235.0, 111.0, 248.0, 139.0, 130.0, 0.0, 0.0, 1000.0, 0.0, 1000.0, 0.0, 1000.0, 907.0, 999.0, 999.0, 999.0, 999.0, 316.0, 330.0, 0.0, 0.0, , -0.9737701416015625, 0.189544677734375, -0.0989990234375, 0.0776824951171875, , -0.4612884521484375, 0.1898040771484375, -0.33172607421875, 0.8007049560546875
34730, 35.02903366088867, 1000.0, 49.0, 235.0, 111.0, 248.0, 139.0, 130.0, 0.0, 0.0, 1000.0, 0.0, 1000.0, 0.0, 1000.0, 907.0, 999.0, 999.0, 999.0, 999.0, 316.0, 330.0, 0.0, 0.0, , -0.9737701416015625, 0.189544677734375, -0.0989990234375, 0.0776824951171875, , -0.461151123046875, 0.190093994140625, -0.3320770263671875, 0.8005523681640625
34740, 35.03900909423828, 1000.0, 49.0, 235.0, 111.0, 248.0, 139.0, 130.0, 0.0, 0.0, 1000.0, 0.0, 1000.0, 0.0, 1000.0, 907.0, 999.0, 999.0, 999.0, 999.0, 316.0, 330.0, 0.0, 0.0, , -0.9737701416015625, 0.189544677734375, -0.0989990234375, 0.0776824951171875, , -0.4609832763671875, 0.19049072265625, -0.3322296142578125, 0.800506591796875
34750, 35.04904556274414, 1000.0, 49.0, 235.0, 111.0, 248.0, 139.0, 130.0, 0.0, 0.0, 1000.0, 0.0, 1000.0, 0.0, 1000.0, 907.0, 999.0, 999.0, 999.0, 999.0, 316.0, 330.0, 0.0, 0.0, , -0.9737701416015625, 0.189544677734375, -0.0989990234375, 0.0776824951171875, , -0.4609222412109375, 0.1905670166015625, -0.332366943359375, 0.8004608154296875
34760, 35.059165954589844, 1000.0, 49.0, 235.0, 111.0, 248.0, 139.0, 130.0, 0.0, 0.0, 1000.0, 0.0, 1000.0, 0.0, 1000.0, 907.0, 999.0, 999.0, 999.0, 999.0, 316.0, 330.0, 0.0, 0.0, , -0.9737701416015625, 0.189544677734375, -0.0989990234375, 0.0776824951171875, , -0.460662841796875, 0.191131591796875, -0.3321685791015625, 0.8005523681640625
34770, 35.068992614746094, 1000.0, 49.0, 235.0, 111.0, 248.0, 139.0, 130.0, 0.0, 0.0, 1000.0, 0.0, 1000.0, 0.0, 1000.0, 907.0, 999.0, 999.0, 999.0, 999.0, 316.0, 330.0, 0.0, 0.0, , -0.9737701416015625, 0.189544677734375, -0.0989990234375, 0.0776824951171875, , -0.46075439453125, 0.1909027099609375, -0.331451416015625, 0.8008575439453125
34780, 35.079044342041016, 1000.0, 49.0, 235.0, 111.0, 248.0, 139.0, 130.0, 0.0, 0.0, 1000.0, 0.0, 1000.0, 0.0, 1000.0, 907.0, 999.0, 999.0, 999.0, 999.0, 316.0, 330.0, 0.0, 0.0, , -0.9737701416015625, 0.189544677734375, -0.0989990234375, 0.0776824951171875, , -0.4608306884765625, 0.1906890869140625, -0.3311767578125, 0.8009796142578125
34790, 35.08908462524414, 1000.0, 49.0, 235.0, 111.0, 248.0, 139.0, 130.0, 0.0, 0.0, 1000.0, 0.0, 1000.0, 0.0, 1000.0, 907.0, 999.0, 999.0, 999.0, 999.0, 316.0, 330.0, 0.0, 0.0, , -0.9737701416015625, 0.189544677734375, -0.0989990234375, 0.0776824951171875, , -0.460784912109375, 0.1907806396484375, -0.3310699462890625, 0.801025390625
34800, 35.09902572631836, 1000.0, 49.0, 235.0, 111.0, 248.0, 139.0, 130.0, 0.0, 0.0, 1000.0, 0.0, 1000.0, 0.0, 1000.0, 907.0, 999.0, 999.0, 999.0, 999.0, 316.0, 330.0, 0.0, 0.0, , -0.9737701416015625, 0.189544677734375, -0.0989990234375, 0.0776824951171875, , -0.4608612060546875, 0.1905670166015625, -0.3311767578125, 0.8009796142578125
34810, 35.11178970336914, 1000.0, 49.0, 235.0, 111.0, 248.0, 139.0, 130.0, 0.0, 0.0, 1000.0, 0.0, 1000.0, 0.0, 1000.0, 907.0, 999.0, 999.0, 999.0, 999.0, 316.0, 330.0, 0.0, 0.0, , -0.9737701416015625, 0.189544677734375, -0.0989990234375, 0.0776824951171875, , -0.460845947265625, 0.19061279296875, -0.33026123046875, 0.801361083984375
34820, 35.11910629272461, 1000.0, 49.0, 235.0, 111.0, 248.0, 139.0, 130.0, 0.0, 0.0, 1000.0, 0.0, 1000.0, 0.0, 1000.0, 907.0, 999.0, 999.0, 999.0, 999.0, 316.0, 330.0, 0.0, 0.0, , -0.9737701416015625, 0.189544677734375, -0.0989990234375, 0.0776824951171875, , -0.4607086181640625, 0.19091796875, -0.3306732177734375, 0.8011932373046875
34830, 35.129005432128906, 1000.0, 49.0, 235.0, 111.0, 248.0, 139.0, 130.0, 0.0, 0.0, 1000.0, 0.0, 1000.0, 0.0, 1000.0, 907.0, 999.0, 999.0, 999.0, 999.0, 316.0, 330.0, 0.0, 0.0, , -0.9737701416015625, 0.189544677734375, -0.0989990234375, 0.0776824951171875, , -0.460693359375, 0.19097900390625, -0.3306884765625, 0.801177978515625
34840, 35.13911819458008, 1000.0, 49.0, 235.0, 111.0, 248.0, 139.0, 130.0, 0.0, 0.0, 1000.0, 0.0, 1000.0, 0.0, 1000.0, 907.0, 999.0, 999.0, 999.0, 999.0, 316.0, 330.0, 0.0, 0.0, , -0.9737701416015625, 0.189544677734375, -0.0989990234375, 0.0776824951171875, , -0.46075439453125, 0.1908111572265625, -0.330841064453125, 0.8011322021484375
34850, 35.149070739746094, 1000.0, 49.0, 235.0, 111.0, 248.0, 139.0, 130.0, 0.0, 0.0, 1000.0, 0.0, 1000.0, 0.0, 1000.0, 907.0, 999.0, 999.0, 999.0, 999.0, 316.0, 330.0, 0.0, 0.0, , -0.9737701416015625, 0.189544677734375, -0.0989990234375, 0.0776824951171875, , -0.460723876953125, 0.19085693359375, -0.331817626953125, 0.8007354736328125
34860, 35.159271240234375, 1000.0, 49.0, 235.0, 111.0, 248.0, 139.0, 130.0, 0.0, 0.0, 1000.0, 0.0, 1000.0, 0.0, 1000.0, 907.0, 999.0, 999.0, 999.0, 999.0, 316.0, 330.0, 0.0, 0.0, , -0.9737701416015625, 0.189544677734375, -0.0989990234375, 0.0776824951171875, , -0.4609375, 0.1903533935546875, -0.331756591796875, 0.800750732421875
34870, 35.16912078857422, 1000.0, 49.0, 235.0, 111.0, 248.0, 139.0, 130.0, 0.0, 0.0, 1000.0, 0.0, 1000.0, 0.0, 1000.0, 907.0, 999.0, 999.0, 999.0, 999.0, 316.0, 330.0, 0.0, 0.0, , -0.9737701416015625, 0.189544677734375, -0.0989990234375, 0.0776824951171875, , -0.4608001708984375, 0.190673828125, -0.3311004638671875, 0.801025390625
34880, 35.1790657043457, 1000.0, 49.0, 235.0, 111.0, 248.0, 139.0, 130.0, 0.0, 0.0, 1000.0, 0.0, 1000.0, 0.0, 1000.0, 907.0, 999.0, 999.0, 999.0, 999.0, 316.0, 330.0, 0.0, 0.0, , -0.9737701416015625, 0.189544677734375, -0.0989990234375, 0.0776824951171875, , -0.4608612060546875, 0.1905670166015625, -0.3307342529296875, 0.801177978515625
34890, 35.189144134521484, 1000.0, 49.0, 235.0, 111.0, 248.0, 139.0, 130.0, 0.0, 0.0, 1000.0, 0.0, 1000.0, 0.0, 1000.0, 907.0, 999.0, 999.0, 999.0, 999.0, 316.0, 330.0, 0.0, 0.0, , -0.9737701416015625, 0.189544677734375, -0.0989990234375, 0.0776824951171875, , -0.460540771484375, 0.191375732421875, -0.33074951171875, 0.8011627197265625
34900, 35.1990852355957, 1000.0, 49.0, 235.0, 111.0, 248.0, 139.0, 130.0, 0.0, 0.0, 1000.0, 0.0, 1000.0, 0.0, 1000.0, 907.0, 999.0, 999.0, 999.0, 999.0, 316.0, 330.0, 0.0, 0.0, , -0.9737701416015625, 0.189544677734375, -0.0989990234375, 0.0776824951171875, , -0.4603118896484375, 0.1919403076171875, -0.3304290771484375, 0.8012847900390625
34910, 35.20920944213867, 1000.0, 49.0, 235.0, 111.0, 248.0, 139.0, 130.0, 0.0, 0.0, 1000.0, 0.0, 1000.0, 0.0, 1000.0, 907.0, 999.0, 999.0, 999.0, 999.0, 316.0, 330.0, 0.0, 0.0, , -0.9737701416015625, 0.189544677734375, -0.0989990234375, 0.0776824951171875, , -0.46026611328125, 0.1920928955078125, -0.330474853515625, 0.8012542724609375
34920, 35.21908187866211, 1000.0, 49.0, 235.0, 111.0, 248.0, 139.0, 130.0, 0.0, 0.0, 1000.0, 0.0, 1000.0, 0.0, 1000.0, 907.0, 999.0, 999.0, 999.0, 999.0, 316.0, 330.0, 0.0, 0.0, , -0.9737701416015625, 0.189544677734375, -0.0989990234375, 0.0776824951171875, , -0.46026611328125, 0.1920623779296875, -0.330291748046875, 0.80133056640625
34930, 35.22909927368164, 1000.0, 49.0, 235.0, 111.0, 248.0, 139.0, 130.0, 0.0, 0.0, 1000.0, 0.0, 1000.0, 0.0, 1000.0, 907.0, 999.0, 999.0, 999.0, 999.0, 316.0, 330.0, 0.0, 0.0, , -0.9737701416015625, 0.189544677734375, -0.0989990234375, 0.0776824951171875, , -0.460235595703125, 0.1921844482421875, -0.3319549560546875, 0.8006439208984375
34940, 35.23912048339844, 1000.0, 49.0, 235.0, 111.0, 248.0, 139.0, 130.0, 0.0, 0.0, 1000.0, 0.0, 1000.0, 0.0, 1000.0, 907.0, 999.0, 999.0, 999.0, 999.0, 316.0, 330.0, 0.0, 0.0, , -0.9737701416015625, 0.189544677734375, -0.0989990234375, 0.0776824951171875, , -0.4604949951171875, 0.191497802734375, -0.33135986328125, 0.8009033203125
34950, 35.24906921386719, 1000.0, 49.0, 235.0, 111.0, 248.0, 139.0, 130.0, 0.0, 0.0, 1000.0, 0.0, 1000.0, 0.0, 1000.0, 907.0, 999.0, 999.0, 999.0, 999.0, 316.0, 330.0, 0.0, 0.0, , -0.9737701416015625, 0.189544677734375, -0.0989990234375, 0.0776824951171875, , -0.4604949951171875, 0.1915130615234375, -0.32928466796875, 0.8017578125
34960, 35.25924301147461, 1000.0, 49.0, 235.0, 111.0, 248.0, 139.0, 130.0, 0.0, 0.0, 1000.0, 0.0, 1000.0, 0.0, 1000.0, 907.0, 999.0, 999.0, 999.0, 999.0, 316.0, 330.0, 0.0, 0.0, , -0.9737701416015625, 0.189544677734375, -0.0989990234375, 0.0776824951171875, , -0.460418701171875, 0.1916961669921875, -0.330810546875, 0.8011322021484375
34970, 35.27373123168945, 1000.0, 49.0, 235.0, 111.0, 248.0, 139.0, 130.0, 0.0, 0.0, 1000.0, 0.0, 1000.0, 0.0, 1000.0, 907.0, 999.0, 999.0, 999.0, 999.0, 316.0, 330.0, 0.0, 0.0, , -0.9737701416015625, 0.189544677734375, -0.0989990234375, 0.0776824951171875, , -0.4602813720703125, 0.192047119140625, -0.331939697265625, 0.8006439208984375
34980, 35.27909469604492, 1000.0, 49.0, 235.0, 111.0, 248.0, 139.0, 130.0, 0.0, 0.0, 1000.0, 0.0, 1000.0, 0.0, 1000.0, 907.0, 999.0, 999.0, 999.0, 999.0, 316.0, 330.0, 0.0, 0.0, , -0.9737701416015625, 0.189544677734375, -0.0989990234375, 0.0776824951171875, , -0.46002197265625, 0.19268798828125, -0.332183837890625, 0.8005523681640625
34990, 35.289154052734375, 1000.0, 49.0, 235.0, 111.0, 248.0, 139.0, 130.0, 0.0, 0.0, 1000.0, 0.0, 1000.0, 0.0, 1000.0, 907.0, 999.0, 999.0, 999.0, 999.0, 316.0, 330.0, 0.0, 0.0, , -0.9737701416015625, 0.189544677734375, -0.0989990234375, 0.0776824951171875, , -0.460540771484375, 0.1914825439453125, -0.3318939208984375, 0.8006591796875
35000, 35.299072265625, 1000.0, 49.0, 235.0, 111.0, 248.0, 139.0, 130.0, 0.0, 0.0, 1000.0, 0.0, 1000.0, 0.0, 1000.0, 907.0, 999.0, 999.0, 999.0, 999.0, 316.0, 330.0, 0.0, 0.0, , -0.9737701416015625, 0.189544677734375, -0.0989990234375, 0.0776824951171875, , -0.4608001708984375, 0.19091796875, -0.33013916015625, 0.8013763427734375
35010, 35.3092041015625, 1000.0, 49.0, 235.0, 111.0, 248.0, 139.0, 130.0, 0.0, 0.0, 1000.0, 0.0, 1000.0, 0.0, 1000.0, 907.0, 999.0, 999.0, 999.0, 999.0, 316.0, 330.0, 0.0, 0.0, , -0.9737701416015625, 0.189544677734375, -0.0989990234375, 0.0776824951171875, , -0.4600982666015625, 0.1925506591796875, -0.32977294921875, 0.8015289306640625
35020, 35.31912612915039, 1000.0, 49.0, 235.0, 111.0, 248.0, 139.0, 130.0, 0.0, 0.0, 1000.0, 0.0, 1000.0, 0.0, 1000.0, 907.0, 999.0, 999.0, 999.0, 999.0, 316.0, 330.0, 0.0, 0.0, , -0.9737701416015625, 0.189544677734375, -0.0989990234375, 0.0776824951171875, , -0.4602508544921875, 0.1921539306640625, -0.3292388916015625, 0.8017578125
35030, 35.32908630371094, 1000.0, 49.0, 235.0, 111.0, 248.0, 139.0, 130.0, 0.0, 0.0, 1000.0, 0.0, 1000.0, 0.0, 1000.0, 907.0, 999.0, 999.0, 999.0, 999.0, 316.0, 330.0, 0.0, 0.0, , -0.9737701416015625, 0.189544677734375, -0.0989990234375, 0.0776824951171875, , -0.4604949951171875, 0.1915130615234375, -0.329315185546875, 0.8017425537109375
35040, 35.339141845703125, 1000.0, 49.0, 235.0, 111.0, 248.0, 139.0, 130.0, 0.0, 0.0, 1000.0, 0.0, 1000.0, 0.0, 1000.0, 907.0, 999.0, 999.0, 999.0, 999.0, 316.0, 330.0, 0.0, 0.0, , -0.9737701416015625, 0.189544677734375, -0.0989990234375, 0.0776824951171875, , -0.4599456787109375, 0.1928253173828125, -0.3310089111328125, 0.8010406494140625
35050, 35.349090576171875, 1000.0, 49.0, 235.0, 111.0, 248.0, 139.0, 130.0, 0.0, 0.0, 1000.0, 0.0, 1000.0, 0.0, 1000.0, 907.0, 999.0, 999.0, 999.0, 999.0, 316.0, 330.0, 0.0, 0.0, , -0.9737701416015625, 0.189544677734375, -0.0989990234375, 0.0776824951171875, , -0.460418701171875, 0.1916046142578125, -0.332550048828125, 0.8004302978515625
35060, 35.359291076660156, 1000.0, 49.0, 235.0, 111.0, 248.0, 139.0, 130.0, 0.0, 0.0, 1000.0, 0.0, 1000.0, 0.0, 1000.0, 907.0, 999.0, 999.0, 999.0, 999.0, 316.0, 330.0, 0.0, 0.0, , -0.9737701416015625, 0.189544677734375, -0.0989990234375, 0.0776824951171875, , -0.4603424072265625, 0.1917266845703125, -0.3327178955078125, 0.8003692626953125
35070, 35.36912536621094, 1000.0, 49.0, 235.0, 111.0, 248.0, 139.0, 130.0, 0.0, 0.0, 1000.0, 0.0, 1000.0, 0.0, 1000.0, 907.0, 999.0, 999.0, 999.0, 999.0, 316.0, 330.0, 0.0, 0.0, , -0.9737701416015625, 0.189544677734375, -0.0989990234375, 0.0776824951171875, , -0.459564208984375, 0.19354248046875, -0.33416748046875, 0.799774169921875
35080, 35.38349151611328, 1000.0, 49.0, 235.0, 111.0, 248.0, 139.0, 130.0, 0.0, 0.0, 1000.0, 0.0, 1000.0, 0.0, 1000.0, 907.0, 999.0, 999.0, 999.0, 999.0, 316.0, 330.0, 0.0, 0.0, , -0.9737701416015625, 0.189544677734375, -0.0989990234375, 0.0776824951171875, , -0.4598541259765625, 0.1927947998046875, -0.3333282470703125, 0.800140380859375
35090, 35.3890380859375, 1000.0, 49.0, 235.0, 111.0, 248.0, 139.0, 130.0, 0.0, 0.0, 1000.0, 0.0, 1000.0, 0.0, 1000.0, 907.0, 999.0, 999.0, 999.0, 999.0, 316.0, 330.0, 0.0, 0.0, , -0.9737701416015625, 0.189544677734375, -0.0989990234375, 0.0776824951171875, , -0.459625244140625, 0.1932525634765625, -0.33172607421875, 0.8008270263671875
35100, 35.399078369140625, 1000.0, 49.0, 235.0, 111.0, 248.0, 139.0, 130.0, 0.0, 0.0, 1000.0, 0.0, 1000.0, 0.0, 1000.0, 907.0, 999.0, 999.0, 999.0, 999.0, 316.0, 330.0, 0.0, 0.0, , -0.9737701416015625, 0.189544677734375, -0.0989990234375, 0.0776824951171875, , -0.459625244140625, 0.193206787109375, -0.3298492431640625, 0.8016204833984375
35110, 35.40897750854492, 1000.0, 49.0, 235.0, 111.0, 248.0, 139.0, 130.0, 0.0, 0.0, 1000.0, 0.0, 1000.0, 0.0, 1000.0, 907.0, 999.0, 999.0, 999.0, 999.0, 316.0, 330.0, 0.0, 0.0, , -0.9737701416015625, 0.189544677734375, -0.0989990234375, 0.0776824951171875, , -0.46014404296875, 0.19189453125, -0.329345703125, 0.8018341064453125
35120, 35.41895294189453, 1000.0, 49.0, 235.0, 111.0, 248.0, 139.0, 130.0, 0.0, 0.0, 1000.0, 0.0, 1000.0, 0.0, 1000.0, 907.0, 999.0, 999.0, 999.0, 999.0, 316.0, 330.0, 0.0, 0.0, , -0.9737701416015625, 0.189544677734375, -0.0989990234375, 0.0776824951171875, , -0.4602813720703125, 0.19158935546875, -0.3284912109375, 0.80218505859375
35130, 35.429107666015625, 1000.0, 49.0, 235.0, 111.0, 248.0, 139.0, 130.0, 0.0, 0.0, 1000.0, 0.0, 1000.0, 0.0, 1000.0, 907.0, 999.0, 999.0, 999.0, 999.0, 316.0, 330.0, 0.0, 0.0, , -0.9737701416015625, 0.189544677734375, -0.0989990234375, 0.0776824951171875, , -0.4601287841796875, 0.191925048828125, -0.32916259765625, 0.801910400390625
35140, 35.43911361694336, 1000.0, 49.0, 235.0, 111.0, 248.0, 139.0, 130.0, 0.0, 0.0, 1000.0, 0.0, 1000.0, 0.0, 1000.0, 907.0, 999.0, 999.0, 999.0, 999.0, 316.0, 330.0, 0.0, 0.0, , -0.9737701416015625, 0.189544677734375, -0.0989990234375, 0.0776824951171875, , -0.4609527587890625, 0.1899566650390625, -0.3315582275390625, 0.800933837890625
35150, 35.44900894165039, 1000.0, 49.0, 235.0, 111.0, 248.0, 139.0, 130.0, 0.0, 0.0, 1000.0, 0.0, 1000.0, 0.0, 1000.0, 907.0, 999.0, 999.0, 999.0, 999.0, 316.0, 330.0, 0.0, 0.0, , -0.9737701416015625, 0.189544677734375, -0.0989990234375, 0.0776824951171875, , -0.460723876953125, 0.1905059814453125, -0.3307037353515625, 0.8012847900390625
35160, 35.459259033203125, 1000.0, 49.0, 235.0, 111.0, 248.0, 139.0, 130.0, 0.0, 0.0, 1000.0, 0.0, 1000.0, 0.0, 1000.0, 907.0, 999.0, 999.0, 999.0, 999.0, 316.0, 330.0, 0.0, 0.0, , -0.9737701416015625, 0.189544677734375, -0.0989990234375, 0.0776824951171875, , -0.4601593017578125, 0.1918182373046875, -0.3333282470703125, 0.800201416015625
35170, 35.469112396240234, 1000.0, 49.0, 235.0, 111.0, 248.0, 139.0, 130.0, 0.0, 0.0, 1000.0, 0.0, 1000.0, 0.0, 1000.0, 907.0, 999.0, 999.0, 999.0, 999.0, 316.0, 330.0, 0.0, 0.0, , -0.9737701416015625, 0.189544677734375, -0.0989990234375, 0.0776824951171875, , -0.46014404296875, 0.1917877197265625, -0.3333282470703125, 0.8002166748046875
35180, 35.479034423828125, 1000.0, 49.0, 235.0, 111.0, 248.0, 139.0, 130.0, 0.0, 0.0, 1000.0, 0.0, 1000.0, 0.0, 1000.0, 907.0, 999.0, 999.0, 999.0, 999.0, 316.0, 330.0, 0.0, 0.0, , -0.9737701416015625, 0.189544677734375, -0.0989990234375, 0.0776824951171875, , -0.4601593017578125, 0.1917877197265625, -0.3331298828125, 0.80029296875
35190, 35.489017486572266, 1000.0, 49.0, 235.0, 111.0, 248.0, 139.0, 130.0, 0.0, 0.0, 1000.0, 0.0, 1000.0, 0.0, 1000.0, 907.0, 999.0, 999.0, 999.0, 999.0, 316.0, 330.0, 0.0, 0.0, , -0.9737701416015625, 0.189544677734375, -0.0989990234375, 0.0776824951171875, , -0.460205078125, 0.191680908203125, -0.332977294921875, 0.80035400390625
35200, 35.49905014038086, 1000.0, 49.0, 235.0, 111.0, 248.0, 139.0, 130.0, 0.0, 0.0, 1000.0, 0.0, 1000.0, 0.0, 1000.0, 907.0, 999.0, 999.0, 999.0, 999.0, 316.0, 330.0, 0.0, 0.0, , -0.9737701416015625, 0.189544677734375, -0.0989990234375, 0.0776824951171875, , -0.460205078125, 0.191650390625, -0.3327789306640625, 0.800445556640625
35210, 35.509395599365234, 1000.0, 49.0, 235.0, 111.0, 248.0, 139.0, 130.0, 0.0, 0.0, 1000.0, 0.0, 1000.0, 0.0, 1000.0, 907.0, 999.0, 999.0, 999.0, 999.0, 316.0, 330.0, 0.0, 0.0, , -0.9737701416015625, 0.189544677734375, -0.0989990234375, 0.0776824951171875, , -0.46026611328125, 0.1915435791015625, -0.3321990966796875, 0.8006744384765625
35220, 35.51905822753906, 1000.0, 49.0, 235.0, 111.0, 248.0, 139.0, 130.0, 0.0, 0.0, 1000.0, 0.0, 1000.0, 0.0, 1000.0, 907.0, 999.0, 999.0, 999.0, 999.0, 316.0, 330.0, 0.0, 0.0, , -0.9737701416015625, 0.189544677734375, -0.0989990234375, 0.0776824951171875, , -0.460235595703125, 0.1916351318359375, -0.3318023681640625, 0.80084228515625
35230, 35.529052734375, 1000.0, 49.0, 235.0, 111.0, 248.0, 139.0, 130.0, 0.0, 0.0, 1000.0, 0.0, 1000.0, 0.0, 1000.0, 907.0, 999.0, 999.0, 999.0, 999.0, 316.0, 330.0, 0.0, 0.0, , -0.9737701416015625, 0.189544677734375, -0.0989990234375, 0.0776824951171875, , -0.460235595703125, 0.1916351318359375, -0.331756591796875, 0.8008575439453125
35240, 35.54533004760742, 1000.0, 49.0, 235.0, 111.0, 248.0, 139.0, 130.0, 0.0, 0.0, 1000.0, 0.0, 1000.0, 0.0, 1000.0, 907.0, 999.0, 999.0, 999.0, 999.0, 316.0, 330.0, 0.0, 0.0, , -0.9737701416015625, 0.189544677734375, -0.0989990234375, 0.0776824951171875, , -0.460235595703125, 0.1916656494140625, -0.33172607421875, 0.8008575439453125
35250, 35.54901123046875, 1000.0, 49.0, 235.0, 111.0, 248.0, 139.0, 130.0, 0.0, 0.0, 1000.0, 0.0, 1000.0, 0.0, 1000.0, 907.0, 999.0, 999.0, 999.0, 999.0, 316.0, 330.0, 0.0, 0.0, , -0.9737701416015625, 0.189544677734375, -0.0989990234375, 0.0776824951171875, , -0.4600372314453125, 0.192108154296875, -0.3321685791015625, 0.800689697265625
35260, 35.55949401855469, 1000.0, 49.0, 235.0, 111.0, 248.0, 139.0, 130.0, 0.0, 0.0, 1000.0, 0.0, 1000.0, 0.0, 1000.0, 907.0, 999.0, 999.0, 999.0, 999.0, 316.0, 330.0, 0.0, 0.0, , -0.9737701416015625, 0.189544677734375, -0.0989990234375, 0.0776824951171875, , -0.4599151611328125, 0.1923675537109375, -0.331939697265625, 0.80078125
35270, 35.56913757324219, 1000.0, 49.0, 235.0, 111.0, 248.0, 139.0, 130.0, 0.0, 0.0, 1000.0, 0.0, 1000.0, 0.0, 1000.0, 907.0, 999.0, 999.0, 999.0, 999.0, 316.0, 330.0, 0.0, 0.0, , -0.9737701416015625, 0.189544677734375, -0.0989990234375, 0.0776824951171875, , -0.45989990234375, 0.1924285888671875, -0.3326263427734375, 0.8004913330078125
35280, 35.57907485961914, 1000.0, 49.0, 235.0, 111.0, 248.0, 139.0, 130.0, 0.0, 0.0, 1000.0, 0.0, 1000.0, 0.0, 1000.0, 907.0, 999.0, 999.0, 999.0, 999.0, 316.0, 330.0, 0.0, 0.0, , -0.9737701416015625, 0.189544677734375, -0.0989990234375, 0.0776824951171875, , -0.4598846435546875, 0.1924591064453125, -0.3320770263671875, 0.8007354736328125
35290, 35.58909225463867, 1000.0, 49.0, 235.0, 111.0, 248.0, 139.0, 130.0, 0.0, 0.0, 1000.0, 0.0, 1000.0, 0.0, 1000.0, 907.0, 999.0, 999.0, 999.0, 999.0, 316.0, 330.0, 0.0, 0.0, , -0.9737701416015625, 0.189544677734375, -0.0989990234375, 0.0776824951171875, , -0.4599456787109375, 0.192291259765625, -0.3319854736328125, 0.8007659912109375
35300, 35.59901428222656, 1000.0, 49.0, 235.0, 111.0, 248.0, 139.0, 130.0, 0.0, 0.0, 1000.0, 0.0, 1000.0, 0.0, 1000.0, 907.0, 999.0, 999.0, 999.0, 999.0, 316.0, 330.0, 0.0, 0.0, , -0.9737701416015625, 0.189544677734375, -0.0989990234375, 0.0776824951171875, , -0.460052490234375, 0.1920166015625, -0.3311920166015625, 0.8011016845703125
35310, 35.60932540893555, 1000.0, 49.0, 235.0, 111.0, 248.0, 139.0, 130.0, 0.0, 0.0, 1000.0, 0.0, 1000.0, 0.0, 1000.0, 907.0, 999.0, 999.0, 999.0, 999.0, 316.0, 330.0, 0.0, 0.0, , -0.9737701416015625, 0.189544677734375, -0.0989990234375, 0.0776824951171875, , -0.4601898193359375, 0.1916656494140625, -0.3310546875, 0.8011627197265625
35320, 35.61911392211914, 1000.0, 49.0, 235.0, 111.0, 248.0, 139.0, 130.0, 0.0, 0.0, 1000.0, 0.0, 1000.0, 0.0, 1000.0, 907.0, 999.0, 999.0, 999.0, 999.0, 316.0, 330.0, 0.0, 0.0, , -0.9737701416015625, 0.189544677734375, -0.0989990234375, 0.0776824951171875, , -0.460418701171875, 0.191192626953125, -0.33111572265625, 0.801116943359375
35330, 35.62908172607422, 1000.0, 49.0, 235.0, 111.0, 248.0, 139.0, 130.0, 0.0, 0.0, 1000.0, 0.0, 1000.0, 0.0, 1000.0, 907.0, 999.0, 999.0, 999.0, 999.0, 316.0, 330.0, 0.0, 0.0, , -0.9737701416015625, 0.189544677734375, -0.0989990234375, 0.0776824951171875, , -0.459930419921875, 0.1923828125, -0.33184814453125, 0.800811767578125
35340, 35.639095306396484, 1000.0, 49.0, 235.0, 111.0, 248.0, 139.0, 130.0, 0.0, 0.0, 1000.0, 0.0, 1000.0, 0.0, 1000.0, 907.0, 999.0, 999.0, 999.0, 999.0, 316.0, 330.0, 0.0, 0.0, , -0.9737701416015625, 0.189544677734375, -0.0989990234375, 0.0776824951171875, , -0.4597320556640625, 0.1928863525390625, -0.3313446044921875, 0.8010101318359375
35350, 35.655006408691406, 1000.0, 49.0, 235.0, 111.0, 248.0, 139.0, 130.0, 0.0, 0.0, 1000.0, 0.0, 1000.0, 0.0, 1000.0, 907.0, 999.0, 999.0, 999.0, 999.0, 316.0, 330.0, 0.0, 0.0, , -0.9737701416015625, 0.189544677734375, -0.0989990234375, 0.0776824951171875, , -0.4595184326171875, 0.1934051513671875, -0.331268310546875, 0.8010406494140625
35360, 35.65937805175781, 1000.0, 49.0, 235.0, 111.0, 248.0, 139.0, 130.0, 0.0, 0.0, 1000.0, 0.0, 1000.0, 0.0, 1000.0, 907.0, 999.0, 999.0, 999.0, 999.0, 316.0, 330.0, 0.0, 0.0, , -0.9737701416015625, 0.189544677734375, -0.0989990234375, 0.0776824951171875, , -0.45953369140625, 0.1933746337890625, -0.331878662109375, 0.8007965087890625
35370, 35.66912078857422, 1000.0, 49.0, 235.0, 111.0, 248.0, 139.0, 130.0, 0.0, 0.0, 1000.0, 0.0, 1000.0, 0.0, 1000.0, 907.0, 999.0, 999.0, 999.0, 999.0, 316.0, 330.0, 0.0, 0.0, , -0.9737701416015625, 0.189544677734375, -0.0989990234375, 0.0776824951171875, , -0.45977783203125, 0.1927947998046875, -0.331268310546875, 0.8010406494140625
35380, 35.679168701171875, 1000.0, 49.0, 235.0, 111.0, 248.0, 139.0, 130.0, 0.0, 0.0, 1000.0, 0.0, 1000.0, 0.0, 1000.0, 907.0, 999.0, 999.0, 999.0, 999.0, 316.0, 330.0, 0.0, 0.0, , -0.9737701416015625, 0.189544677734375, -0.0989990234375, 0.0776824951171875, , -0.4597930908203125, 0.192779541015625, -0.3312530517578125, 0.8010406494140625
35390, 35.68910217285156, 1000.0, 49.0, 235.0, 111.0, 248.0, 139.0, 130.0, 0.0, 0.0, 1000.0, 0.0, 1000.0, 0.0, 1000.0, 907.0, 999.0, 999.0, 999.0, 999.0, 316.0, 330.0, 0.0, 0.0, , -0.9737701416015625, 0.189544677734375, -0.0989990234375, 0.0776824951171875, , -0.4601593017578125, 0.1918487548828125, -0.3303375244140625, 0.8014373779296875
35400, 35.69906997680664, 1000.0, 49.0, 235.0, 111.0, 248.0, 139.0, 130.0, 0.0, 0.0, 1000.0, 0.0, 1000.0, 0.0, 1000.0, 907.0, 999.0, 999.0, 999.0, 999.0, 316.0, 330.0, 0.0, 0.0, , -0.9737701416015625, 0.189544677734375, -0.0989990234375, 0.0776824951171875, , -0.460296630859375, 0.191497802734375, -0.3296051025390625, 0.8017425537109375
35410, 35.70930480957031, 1000.0, 49.0, 235.0, 111.0, 248.0, 139.0, 130.0, 0.0, 0.0, 1000.0, 0.0, 1000.0, 0.0, 1000.0, 907.0, 999.0, 999.0, 999.0, 999.0, 316.0, 330.0, 0.0, 0.0, , -0.9737701416015625, 0.189544677734375, -0.0989990234375, 0.0776824951171875, , -0.4601287841796875, 0.19195556640625, -0.3296356201171875, 0.8017120361328125
35420, 35.719051361083984, 1000.0, 49.0, 235.0, 111.0, 248.0, 139.0, 130.0, 0.0, 0.0, 1000.0, 0.0, 1000.0, 0.0, 1000.0, 907.0, 999.0, 999.0, 999.0, 999.0, 316.0, 330.0, 0.0, 0.0, , -0.9737701416015625, 0.189544677734375, -0.0989990234375, 0.0776824951171875, , -0.4594879150390625, 0.193603515625, -0.3306884765625, 0.8012542724609375
35430, 35.72907638549805, 1000.0, 49.0, 235.0, 111.0, 248.0, 139.0, 130.0, 0.0, 0.0, 1000.0, 0.0, 1000.0, 0.0, 1000.0, 907.0, 999.0, 999.0, 999.0, 999.0, 316.0, 330.0, 0.0, 0.0, , -0.9737701416015625, 0.189544677734375, -0.0989990234375, 0.0776824951171875, , -0.4596405029296875, 0.193267822265625, -0.33062744140625, 0.80126953125
35440, 35.73911666870117, 1000.0, 49.0, 235.0, 111.0, 248.0, 139.0, 130.0, 0.0, 0.0, 1000.0, 0.0, 1000.0, 0.0, 1000.0, 907.0, 999.0, 999.0, 999.0, 999.0, 316.0, 330.0, 0.0, 0.0, , -0.9737701416015625, 0.189544677734375, -0.0989990234375, 0.0776824951171875, , -0.46014404296875, 0.1920623779296875, -0.329986572265625, 0.8015289306640625
35450, 35.74906921386719, 1000.0, 49.0, 235.0, 111.0, 248.0, 139.0, 130.0, 0.0, 0.0, 1000.0, 0.0, 1000.0, 0.0, 1000.0, 907.0, 999.0, 999.0, 999.0, 999.0, 316.0, 330.0, 0.0, 0.0, , -0.9737701416015625, 0.189544677734375, -0.0989990234375, 0.0776824951171875, , -0.4600372314453125, 0.1923065185546875, -0.3311004638671875, 0.80108642578125
35460, 35.75953674316406, 1000.0, 49.0, 235.0, 111.0, 248.0, 139.0, 130.0, 0.0, 0.0, 1000.0, 0.0, 1000.0, 0.0, 1000.0, 907.0, 999.0, 999.0, 999.0, 999.0, 316.0, 330.0, 0.0, 0.0, , -0.9737701416015625, 0.189544677734375, -0.0989990234375, 0.0776824951171875, , -0.4600830078125, 0.1921539306640625, -0.3297271728515625, 0.8016510009765625
35470, 35.76911544799805, 1000.0, 49.0, 235.0, 111.0, 248.0, 139.0, 130.0, 0.0, 0.0, 1000.0, 0.0, 1000.0, 0.0, 1000.0, 907.0, 999.0, 999.0, 999.0, 999.0, 316.0, 330.0, 0.0, 0.0, , -0.9737701416015625, 0.189544677734375, -0.0989990234375, 0.0776824951171875, , -0.4597930908203125, 0.1928558349609375, -0.330596923828125, 0.8012847900390625
35480, 35.77903366088867, 1000.0, 49.0, 235.0, 111.0, 248.0, 139.0, 130.0, 0.0, 0.0, 1000.0, 0.0, 1000.0, 0.0, 1000.0, 907.0, 999.0, 999.0, 999.0, 999.0, 316.0, 330.0, 0.0, 0.0, , -0.9737701416015625, 0.189544677734375, -0.0989990234375, 0.0776824951171875, , -0.460205078125, 0.191802978515625, -0.329345703125, 0.8018341064453125
35490, 35.78908920288086, 1000.0, 49.0, 235.0, 111.0, 248.0, 139.0, 130.0, 0.0, 0.0, 1000.0, 0.0, 1000.0, 0.0, 1000.0, 907.0, 999.0, 999.0, 999.0, 999.0, 316.0, 330.0, 0.0, 0.0, , -0.9737701416015625, 0.189544677734375, -0.0989990234375, 0.0776824951171875, , -0.460205078125, 0.1917266845703125, -0.3290252685546875, 0.801971435546875
35500, 35.79901123046875, 1000.0, 49.0, 235.0, 111.0, 248.0, 139.0, 130.0, 0.0, 0.0, 1000.0, 0.0, 1000.0, 0.0, 1000.0, 907.0, 999.0, 999.0, 999.0, 999.0, 316.0, 330.0, 0.0, 0.0, , -0.9737701416015625, 0.189544677734375, -0.0989990234375, 0.0776824951171875, , -0.4598236083984375, 0.1926422119140625, -0.3297882080078125, 0.801666259765625
35510, 35.81658935546875, 1000.0, 49.0, 235.0, 111.0, 248.0, 139.0, 130.0, 0.0, 0.0, 1000.0, 0.0, 1000.0, 0.0, 1000.0, 907.0, 999.0, 999.0, 999.0, 999.0, 316.0, 330.0, 0.0, 0.0, , -0.9737701416015625, 0.189544677734375, -0.0989990234375, 0.0776824951171875, , -0.4597320556640625, 0.1928558349609375, -0.33062744140625, 0.8013153076171875
35520, 35.81901931762695, 1000.0, 49.0, 235.0, 111.0, 248.0, 139.0, 130.0, 0.0, 0.0, 1000.0, 0.0, 1000.0, 0.0, 1000.0, 907.0, 999.0, 999.0, 999.0, 999.0, 316.0, 330.0, 0.0, 0.0, , -0.9737701416015625, 0.189544677734375, -0.0989990234375, 0.0776824951171875, , -0.45941162109375, 0.193603515625, -0.3308258056640625, 0.801239013671875
35530, 35.82911682128906, 1000.0, 49.0, 235.0, 111.0, 248.0, 139.0, 130.0, 0.0, 0.0, 1000.0, 0.0, 1000.0, 0.0, 1000.0, 907.0, 999.0, 999.0, 999.0, 999.0, 316.0, 330.0, 0.0, 0.0, , -0.9737701416015625, 0.189544677734375, -0.0989990234375, 0.0776824951171875, , -0.459014892578125, 0.194488525390625, -0.3293304443359375, 0.8018646240234375
35540, 35.83911895751953, 1000.0, 49.0, 235.0, 111.0, 248.0, 139.0, 130.0, 0.0, 0.0, 1000.0, 0.0, 1000.0, 0.0, 1000.0, 907.0, 999.0, 999.0, 999.0, 999.0, 316.0, 330.0, 0.0, 0.0, , -0.9737701416015625, 0.189544677734375, -0.0989990234375, 0.0776824951171875, , -0.4599151611328125, 0.19232177734375, -0.3290252685546875, 0.802001953125
35550, 35.849063873291016, 1000.0, 49.0, 235.0, 111.0, 248.0, 139.0, 130.0, 0.0, 0.0, 1000.0, 0.0, 1000.0, 0.0, 1000.0, 907.0, 999.0, 999.0, 999.0, 999.0, 316.0, 330.0, 0.0, 0.0, , -0.9737701416015625, 0.189544677734375, -0.0989990234375, 0.0776824951171875, , -0.4607086181640625, 0.190399169921875, -0.3293914794921875, 0.801849365234375
35560, 35.85938262939453, 1000.0, 49.0, 235.0, 111.0, 248.0, 139.0, 130.0, 0.0, 0.0, 1000.0, 0.0, 1000.0, 0.0, 1000.0, 907.0, 999.0, 999.0, 999.0, 999.0, 316.0, 330.0, 0.0, 0.0, , -0.9737701416015625, 0.189544677734375, -0.0989990234375, 0.0776824951171875, , -0.4603118896484375, 0.1913909912109375, -0.3306732177734375, 0.80133056640625
35570, 35.8690299987793, 1000.0, 49.0, 235.0, 111.0, 248.0, 139.0, 130.0, 0.0, 0.0, 1000.0, 0.0, 1000.0, 0.0, 1000.0, 907.0, 999.0, 999.0, 999.0, 999.0, 316.0, 330.0, 0.0, 0.0, , -0.9737701416015625, 0.189544677734375, -0.0989990234375, 0.0776824951171875, , -0.459747314453125, 0.192718505859375, -0.3306732177734375, 0.80133056640625
35580, 35.879024505615234, 1000.0, 49.0, 235.0, 111.0, 248.0, 139.0, 130.0, 0.0, 0.0, 1000.0, 0.0, 1000.0, 0.0, 1000.0, 907.0, 999.0, 999.0, 999.0, 999.0, 316.0, 330.0, 0.0, 0.0, , -0.9737701416015625, 0.189544677734375, -0.0989990234375, 0.0776824951171875, , -0.460052490234375, 0.191925048828125, -0.330322265625, 0.801483154296875
35590, 35.88909912109375, 1000.0, 49.0, 235.0, 111.0, 248.0, 139.0, 130.0, 0.0, 0.0, 1000.0, 0.0, 1000.0, 0.0, 1000.0, 907.0, 999.0, 999.0, 999.0, 999.0, 316.0, 330.0, 0.0, 0.0, , -0.9737701416015625, 0.189544677734375, -0.0989990234375, 0.0776824951171875, , -0.45941162109375, 0.19342041015625, -0.334197998046875, 0.7998809814453125
35600, 35.899044036865234, 1000.0, 49.0, 235.0, 111.0, 248.0, 139.0, 130.0, 0.0, 0.0, 1000.0, 0.0, 1000.0, 0.0, 1000.0, 907.0, 999.0, 999.0, 999.0, 999.0, 316.0, 330.0, 0.0, 0.0, , -0.9737701416015625, 0.189544677734375, -0.0989990234375, 0.0776824951171875, , -0.4595489501953125, 0.193084716796875, -0.33258056640625, 0.8005523681640625
35610, 35.909385681152344, 1000.0, 49.0, 235.0, 111.0, 248.0, 139.0, 130.0, 0.0, 0.0, 1000.0, 0.0, 1000.0, 0.0, 1000.0, 907.0, 999.0, 999.0, 999.0, 999.0, 316.0, 330.0, 0.0, 0.0, , -0.9737701416015625, 0.189544677734375, -0.0989990234375, 0.0776824951171875, , -0.459625244140625, 0.19287109375, -0.3309478759765625, 0.801239013671875
35620, 35.92649841308594, 1000.0, 49.0, 235.0, 111.0, 248.0, 139.0, 130.0, 0.0, 0.0, 1000.0, 0.0, 1000.0, 0.0, 1000.0, 907.0, 999.0, 999.0, 999.0, 999.0, 316.0, 330.0, 0.0, 0.0, , -0.9737701416015625, 0.189544677734375, -0.0989990234375, 0.0776824951171875, , -0.4596405029296875, 0.192840576171875, -0.3284149169921875, 0.8022918701171875
35630, 35.92905044555664, 1000.0, 49.0, 235.0, 111.0, 248.0, 139.0, 130.0, 0.0, 0.0, 1000.0, 0.0, 1000.0, 0.0, 1000.0, 907.0, 999.0, 999.0, 999.0, 999.0, 316.0, 330.0, 0.0, 0.0, , -0.9737701416015625, 0.189544677734375, -0.0989990234375, 0.0776824951171875, , -0.459930419921875, 0.192138671875, -0.32794189453125, 0.8024749755859375
35640, 35.939266204833984, 1000.0, 49.0, 235.0, 111.0, 248.0, 139.0, 130.0, 0.0, 0.0, 1000.0, 0.0, 1000.0, 0.0, 1000.0, 907.0, 999.0, 999.0, 999.0, 999.0, 316.0, 330.0, 0.0, 0.0, , -0.9737701416015625, 0.189544677734375, -0.0989990234375, 0.0776824951171875, , -0.4611053466796875, 0.189239501953125, -0.3292236328125, 0.8019561767578125
35650, 35.94905090332031, 1000.0, 49.0, 235.0, 111.0, 248.0, 139.0, 130.0, 0.0, 0.0, 1000.0, 0.0, 1000.0, 0.0, 1000.0, 907.0, 999.0, 999.0, 999.0, 999.0, 316.0, 330.0, 0.0, 0.0, , -0.9737701416015625, 0.189544677734375, -0.0989990234375, 0.0776824951171875, , -0.46124267578125, 0.1889190673828125, -0.331024169921875, 0.8012237548828125
35660, 35.95936584472656, 1000.0, 49.0, 235.0, 111.0, 248.0, 139.0, 130.0, 0.0, 0.0, 1000.0, 0.0, 1000.0, 0.0, 1000.0, 907.0, 999.0, 999.0, 999.0, 999.0, 316.0, 330.0, 0.0, 0.0, , -0.9737701416015625, 0.189544677734375, -0.0989990234375, 0.0776824951171875, , -0.4602813720703125, 0.191253662109375, -0.3330841064453125, 0.8003692626953125
35670, 35.96910858154297, 1000.0, 49.0, 235.0, 111.0, 248.0, 139.0, 130.0, 0.0, 0.0, 1000.0, 0.0, 1000.0, 0.0, 1000.0, 907.0, 999.0, 999.0, 999.0, 999.0, 316.0, 330.0, 0.0, 0.0, , -0.9737701416015625, 0.189544677734375, -0.0989990234375, 0.0776824951171875, , -0.46026611328125, 0.1913299560546875, -0.33306884765625, 0.8003692626953125
35680, 35.97898483276367, 1000.0, 49.0, 235.0, 111.0, 248.0, 139.0, 130.0, 0.0, 0.0, 1000.0, 0.0, 1000.0, 0.0, 1000.0, 907.0, 999.0, 999.0, 999.0, 999.0, 316.0, 330.0, 0.0, 0.0, , -0.9737701416015625, 0.189544677734375, -0.0989990234375, 0.0776824951171875, , -0.4602203369140625, 0.1914215087890625, -0.333038330078125, 0.800384521484375
35690, 35.98902130126953, 1000.0, 49.0, 235.0, 111.0, 248.0, 139.0, 130.0, 0.0, 0.0, 1000.0, 0.0, 1000.0, 0.0, 1000.0, 907.0, 999.0, 999.0, 999.0, 999.0, 316.0, 330.0, 0.0, 0.0, , -0.9737701416015625, 0.189544677734375, -0.0989990234375, 0.0776824951171875, , -0.46026611328125, 0.1913604736328125, -0.332794189453125, 0.80047607421875
35700, 35.999046325683594, 1000.0, 49.0, 235.0, 111.0, 248.0, 139.0, 130.0, 0.0, 0.0, 1000.0, 0.0, 1000.0, 0.0, 1000.0, 907.0, 999.0, 999.0, 999.0, 999.0, 316.0, 330.0, 0.0, 0.0, , -0.9737701416015625, 0.189544677734375, -0.0989990234375, 0.0776824951171875, , -0.46026611328125, 0.191375732421875, -0.3326873779296875, 0.8005218505859375
35710, 36.009361267089844, 1000.0, 49.0, 235.0, 111.0, 248.0, 139.0, 130.0, 0.0, 0.0, 1000.0, 0.0, 1000.0, 0.0, 1000.0, 907.0, 999.0, 999.0, 999.0, 999.0, 316.0, 330.0, 0.0, 0.0, , -0.9737701416015625, 0.189544677734375, -0.0989990234375, 0.0776824951171875, , -0.4602813720703125, 0.1913299560546875, -0.3324737548828125, 0.8006134033203125
35720, 36.01911163330078, 1000.0, 49.0, 235.0, 111.0, 248.0, 139.0, 130.0, 0.0, 0.0, 1000.0, 0.0, 1000.0, 0.0, 1000.0, 907.0, 999.0, 999.0, 999.0, 999.0, 316.0, 330.0, 0.0, 0.0, , -0.9737701416015625, 0.189544677734375, -0.0989990234375, 0.0776824951171875, , -0.4602203369140625, 0.1914520263671875, -0.3322601318359375, 0.800689697265625
35730, 36.03001022338867, 1000.0, 49.0, 235.0, 111.0, 248.0, 139.0, 130.0, 0.0, 0.0, 1000.0, 0.0, 1000.0, 0.0, 1000.0, 907.0, 999.0, 999.0, 999.0, 999.0, 316.0, 330.0, 0.0, 0.0, , -0.9737701416015625, 0.189544677734375, -0.0989990234375, 0.0776824951171875, , -0.460235595703125, 0.191314697265625, -0.3318328857421875, 0.8008880615234375
35740, 36.03907775878906, 1000.0, 49.0, 235.0, 111.0, 248.0, 139.0, 130.0, 0.0, 0.0, 1000.0, 0.0, 1000.0, 0.0, 1000.0, 907.0, 999.0, 999.0, 999.0, 999.0, 316.0, 330.0, 0.0, 0.0, , -0.9737701416015625, 0.189544677734375, -0.0989990234375, 0.0776824951171875, , -0.4603118896484375, 0.191131591796875, -0.33184814453125, 0.8009033203125
35750, 36.049034118652344, 1000.0, 49.0, 235.0, 111.0, 248.0, 139.0, 130.0, 0.0, 0.0, 1000.0, 0.0, 1000.0, 0.0, 1000.0, 907.0, 999.0, 999.0, 999.0, 999.0, 316.0, 330.0, 0.0, 0.0, , -0.9737701416015625, 0.189544677734375, -0.0989990234375, 0.0776824951171875, , -0.460205078125, 0.19134521484375, -0.33184814453125, 0.8009033203125
35760, 36.05940246582031, 1000.0, 49.0, 235.0, 111.0, 248.0, 139.0, 130.0, 0.0, 0.0, 1000.0, 0.0, 1000.0, 0.0, 1000.0, 907.0, 999.0, 999.0, 999.0, 999.0, 316.0, 330.0, 0.0, 0.0, , -0.9737701416015625, 0.189544677734375, -0.0989990234375, 0.0776824951171875, , -0.46002197265625, 0.1916961669921875, -0.33197021484375, 0.800872802734375
35770, 36.0691032409668, 1000.0, 49.0, 235.0, 111.0, 248.0, 139.0, 130.0, 0.0, 0.0, 1000.0, 0.0, 1000.0, 0.0, 1000.0, 907.0, 999.0, 999.0, 999.0, 999.0, 316.0, 330.0, 0.0, 0.0, , -0.9737701416015625, 0.189544677734375, -0.0989990234375, 0.0776824951171875, , -0.4599151611328125, 0.1919097900390625, -0.3321380615234375, 0.800811767578125
35780, 36.0880126953125, 1000.0, 49.0, 235.0, 111.0, 248.0, 139.0, 130.0, 0.0, 0.0, 1000.0, 0.0, 1000.0, 0.0, 1000.0, 907.0, 999.0, 999.0, 999.0, 999.0, 316.0, 330.0, 0.0, 0.0, , -0.9737701416015625, 0.189544677734375, -0.0989990234375, 0.0776824951171875, , -0.4599151611328125, 0.1919097900390625, -0.33197021484375, 0.8008880615234375
35790, 36.0888786315918, 1000.0, 49.0, 235.0, 111.0, 248.0, 139.0, 130.0, 0.0, 0.0, 1000.0, 0.0, 1000.0, 0.0, 1000.0, 907.0, 999.0, 999.0, 999.0, 999.0, 316.0, 330.0, 0.0, 0.0, , -0.9737701416015625, 0.189544677734375, -0.0989990234375, 0.0776824951171875, , -0.4598541259765625, 0.1920928955078125, -0.3321380615234375, 0.800811767578125
35800, 36.09904861450195, 1000.0, 49.0, 235.0, 111.0, 248.0, 139.0, 130.0, 0.0, 0.0, 1000.0, 0.0, 1000.0, 0.0, 1000.0, 907.0, 999.0, 999.0, 999.0, 999.0, 316.0, 330.0, 0.0, 0.0, , -0.9737701416015625, 0.189544677734375, -0.0989990234375, 0.0776824951171875, , -0.4598541259765625, 0.1920928955078125, -0.3311920166015625, 0.8011932373046875
35810, 36.10932159423828, 1000.0, 49.0, 235.0, 111.0, 248.0, 139.0, 130.0, 0.0, 0.0, 1000.0, 0.0, 1000.0, 0.0, 1000.0, 907.0, 999.0, 999.0, 999.0, 999.0, 316.0, 330.0, 0.0, 0.0, , -0.9737701416015625, 0.189544677734375, -0.0989990234375, 0.0776824951171875, , -0.45989990234375, 0.1920166015625, -0.330657958984375, 0.801422119140625
35820, 36.119102478027344, 1000.0, 49.0, 235.0, 111.0, 248.0, 139.0, 130.0, 0.0, 0.0, 1000.0, 0.0, 1000.0, 0.0, 1000.0, 907.0, 999.0, 999.0, 999.0, 999.0, 316.0, 330.0, 0.0, 0.0, , -0.9737701416015625, 0.189544677734375, -0.0989990234375, 0.0776824951171875, , -0.4599456787109375, 0.1919097900390625, -0.3295745849609375, 0.8018646240234375
35830, 36.12913131713867, 1000.0, 49.0, 235.0, 111.0, 248.0, 139.0, 130.0, 0.0, 0.0, 1000.0, 0.0, 1000.0, 0.0, 1000.0, 907.0, 999.0, 999.0, 999.0, 999.0, 316.0, 330.0, 0.0, 0.0, , -0.9737701416015625, 0.189544677734375, -0.0989990234375, 0.0776824951171875, , -0.459869384765625, 0.192108154296875, -0.3297576904296875, 0.8017730712890625
35840, 36.140567779541016, 1000.0, 49.0, 235.0, 111.0, 248.0, 139.0, 130.0, 0.0, 0.0, 1000.0, 0.0, 1000.0, 0.0, 1000.0, 907.0, 999.0, 999.0, 999.0, 999.0, 316.0, 330.0, 0.0, 0.0, , -0.9737701416015625, 0.189544677734375, -0.0989990234375, 0.0776824951171875, , -0.459686279296875, 0.19256591796875, -0.3303680419921875, 0.8015289306640625
35850, 36.1490592956543, 1000.0, 49.0, 235.0, 111.0, 248.0, 139.0, 130.0, 0.0, 0.0, 1000.0, 0.0, 1000.0, 0.0, 1000.0, 907.0, 999.0, 999.0, 999.0, 999.0, 316.0, 330.0, 0.0, 0.0, , -0.9737701416015625, 0.189544677734375, -0.0989990234375, 0.0776824951171875, , -0.459442138671875, 0.19317626953125, -0.3305511474609375, 0.8014373779296875
35860, 36.15912628173828, 1000.0, 49.0, 235.0, 111.0, 248.0, 139.0, 130.0, 0.0, 0.0, 1000.0, 0.0, 1000.0, 0.0, 1000.0, 907.0, 999.0, 999.0, 999.0, 999.0, 316.0, 330.0, 0.0, 0.0, , -0.9737701416015625, 0.189544677734375, -0.0989990234375, 0.0776824951171875, , -0.4597930908203125, 0.192352294921875, -0.329803466796875, 0.8017425537109375
35870, 36.16910934448242, 1000.0, 49.0, 235.0, 111.0, 248.0, 139.0, 130.0, 0.0, 0.0, 1000.0, 0.0, 1000.0, 0.0, 1000.0, 907.0, 999.0, 999.0, 999.0, 999.0, 316.0, 330.0, 0.0, 0.0, , -0.9737701416015625, 0.189544677734375, -0.0989990234375, 0.0776824951171875, , -0.4599609375, 0.1919097900390625, -0.329681396484375, 0.8018035888671875
35880, 36.179046630859375, 1000.0, 49.0, 235.0, 111.0, 248.0, 139.0, 130.0, 0.0, 0.0, 1000.0, 0.0, 1000.0, 0.0, 1000.0, 907.0, 999.0, 999.0, 999.0, 999.0, 316.0, 330.0, 0.0, 0.0, , -0.9737701416015625, 0.189544677734375, -0.0989990234375, 0.0776824951171875, , -0.4599761962890625, 0.191864013671875, -0.3306427001953125, 0.8014068603515625
35890, 36.192596435546875, 1000.0, 49.0, 235.0, 111.0, 248.0, 139.0, 130.0, 0.0, 0.0, 1000.0, 0.0, 1000.0, 0.0, 1000.0, 907.0, 999.0, 999.0, 999.0, 999.0, 316.0, 330.0, 0.0, 0.0, , -0.9737701416015625, 0.189544677734375, -0.0989990234375, 0.0776824951171875, , -0.4597930908203125, 0.1922760009765625, -0.3303680419921875, 0.8015289306640625
35900, 36.19911575317383, 1000.0, 49.0, 235.0, 111.0, 248.0, 139.0, 130.0, 0.0, 0.0, 1000.0, 0.0, 1000.0, 0.0, 1000.0, 907.0, 999.0, 999.0, 999.0, 999.0, 316.0, 330.0, 0.0, 0.0, , -0.9737701416015625, 0.189544677734375, -0.0989990234375, 0.0776824951171875, , -0.4595947265625, 0.1927337646484375, -0.330169677734375, 0.8016204833984375
35910, 36.20936584472656, 1000.0, 49.0, 235.0, 111.0, 248.0, 139.0, 130.0, 0.0, 0.0, 1000.0, 0.0, 1000.0, 0.0, 1000.0, 907.0, 999.0, 999.0, 999.0, 999.0, 316.0, 330.0, 0.0, 0.0, , -0.9737701416015625, 0.189544677734375, -0.0989990234375, 0.0776824951171875, , -0.4600372314453125, 0.1916656494140625, -0.3295135498046875, 0.8018798828125
35920, 36.2191162109375, 1000.0, 49.0, 235.0, 111.0, 248.0, 139.0, 130.0, 0.0, 0.0, 1000.0, 0.0, 1000.0, 0.0, 1000.0, 907.0, 999.0, 999.0, 999.0, 999.0, 316.0, 330.0, 0.0, 0.0, , -0.9737701416015625, 0.189544677734375, -0.0989990234375, 0.0776824951171875, , -0.45989990234375, 0.192047119140625, -0.3286895751953125, 0.802215576171875
35930, 36.22904968261719, 1000.0, 49.0, 235.0, 111.0, 248.0, 139.0, 130.0, 0.0, 0.0, 1000.0, 0.0, 1000.0, 0.0, 1000.0, 907.0, 999.0, 999.0, 999.0, 999.0, 316.0, 330.0, 0.0, 0.0, , -0.9737701416015625, 0.189544677734375, -0.0989990234375, 0.0776824951171875, , -0.460174560546875, 0.19134521484375, -0.32806396484375, 0.8024749755859375
