94570, 95.27906799316406, 1000.0, 45.0, 229.0, 45.0, 129.0, 0.0, 44.0, 0.0, 0.0, 1000.0, 0.0, 1000.0, 0.0, 1000.0, 895.0, 999.0, 999.0, 999.0, 999.0, 328.0, 270.0, 0.0, 0.0, , -0.3052215576171875, 0.0423736572265625, -0.1952056884765625, 0.93109130859375, , 0.9365234375, -0.2767181396484375, 0.1302490234375, -0.17138671875
94580, 95.28905487060547, 1000.0, 44.0, 229.0, 46.0, 129.0, 0.0, 44.0, 0.0, 0.0, 1000.0, 0.0, 1000.0, 0.0, 1000.0, 895.0, 999.0, 999.0, 999.0, 999.0, 328.0, 271.0, 0.0, 0.0, , -0.305084228515625, 0.0418243408203125, -0.1952667236328125, 0.9311370849609375, , 0.9366912841796875, -0.27557373046875, 0.1315155029296875, -0.171295166015625
94590, 95.2990951538086, 1000.0, 44.0, 229.0, 46.0, 129.0, 0.0, 44.0, 0.0, 0.0, 1000.0, 0.0, 1000.0, 0.0, 1000.0, 897.0, 999.0, 999.0, 999.0, 999.0, 328.0, 270.0, 0.0, 0.0, , -0.3049774169921875, 0.0412750244140625, -0.1951446533203125, 0.9312286376953125, , 0.93682861328125, -0.2745819091796875, 0.132720947265625, -0.17120361328125
94600, 95.30955505371094, 1000.0, 44.0, 229.0, 46.0, 129.0, 0.0, 44.0, 0.0, 0.0, 1000.0, 0.0, 1000.0, 0.0, 1000.0, 897.0, 999.0, 999.0, 999.0, 999.0, 327.0, 271.0, 0.0, 0.0, , -0.30487060546875, 0.0407257080078125, -0.195037841796875, 0.931304931640625, , 0.9369659423828125, -0.273681640625, 0.1337432861328125, -0.1711578369140625
94610, 95.31938171386719, 1000.0, 45.0, 229.0, 46.0, 129.0, 0.0, 44.0, 0.0, 0.0, 1000.0, 0.0, 1000.0, 0.0, 1000.0, 898.0, 999.0, 999.0, 999.0, 999.0, 327.0, 272.0, 0.0, 0.0, , -0.304779052734375, 0.0402679443359375, -0.1949005126953125, 0.9313812255859375, , 0.9381561279296875, -0.26934814453125, 0.1346435546875, -0.1707305908203125
94620, 95.32929992675781, 1000.0, 45.0, 229.0, 46.0, 129.0, 0.0, 44.0, 0.0, 0.0, 1000.0, 0.0, 1000.0, 0.0, 1000.0, 898.0, 999.0, 999.0, 999.0, 999.0, 327.0, 271.0, 0.0, 0.0, , -0.3047027587890625, 0.03961181640625, -0.1949615478515625, 0.931427001953125, , 0.939208984375, -0.2669677734375, 0.1302947998046875, -0.1720428466796875
94630, 95.33930969238281, 1000.0, 45.0, 229.0, 46.0, 129.0, 0.0, 44.0, 0.0, 0.0, 1000.0, 0.0, 1000.0, 0.0, 1000.0, 898.0, 999.0, 999.0, 999.0, 999.0, 326.0, 270.0, 0.0, 0.0, , -0.304656982421875, 0.039031982421875, -0.194854736328125, 0.931488037109375, , 0.9392547607421875, -0.266510009765625, 0.131011962890625, -0.1720123291015625
94640, 95.34930419921875, 1000.0, 44.0, 229.0, 46.0, 129.0, 0.0, 44.0, 0.0, 0.0, 1000.0, 0.0, 1000.0, 0.0, 1000.0, 898.0, 999.0, 999.0, 999.0, 999.0, 327.0, 270.0, 0.0, 0.0, , -0.3046112060546875, 0.0386505126953125, -0.194610595703125, 0.9315643310546875, , 0.93927001953125, -0.266204833984375, 0.1316070556640625, -0.17193603515625
94650, 95.35924530029297, 1000.0, 44.0, 229.0, 46.0, 129.0, 0.0, 43.0, 0.0, 0.0, 1000.0, 0.0, 1000.0, 0.0, 1000.0, 898.0, 999.0, 999.0, 999.0, 999.0, 327.0, 271.0, 0.0, 0.0, , -0.3045806884765625, 0.03826904296875, -0.1942901611328125, 0.9316558837890625, , 0.93927001953125, -0.2660064697265625, 0.1322479248046875, -0.1717376708984375
94660, 95.3691635131836, 1000.0, 44.0, 228.0, 46.0, 129.0, 0.0, 44.0, 0.0, 0.0, 1000.0, 0.0, 1000.0, 0.0, 1000.0, 899.0, 999.0, 999.0, 999.0, 999.0, 326.0, 272.0, 0.0, 0.0, , -0.3045654296875, 0.0379486083984375, -0.19403076171875, 0.931732177734375, , 0.939208984375, -0.26611328125, 0.1323699951171875, -0.1717987060546875
94670, 95.37928771972656, 1000.0, 44.0, 229.0, 46.0, 129.0, 0.0, 44.0, 0.0, 0.0, 1000.0, 0.0, 1000.0, 0.0, 1000.0, 898.0, 999.0, 999.0, 999.0, 999.0, 326.0, 272.0, 0.0, 0.0, , -0.30462646484375, 0.037689208984375, -0.193756103515625, 0.9317779541015625, , 0.939056396484375, -0.266571044921875, 0.13250732421875, -0.17181396484375
94680, 95.38926696777344, 1000.0, 44.0, 229.0, 46.0, 129.0, 0.0, 44.0, 0.0, 0.0, 1000.0, 0.0, 1000.0, 0.0, 1000.0, 896.0, 999.0, 999.0, 999.0, 999.0, 327.0, 272.0, 0.0, 0.0, , -0.3047027587890625, 0.037353515625, -0.1935272216796875, 0.93182373046875, , 0.9388885498046875, -0.267181396484375, 0.13250732421875, -0.171783447265625
94690, 95.39925384521484, 1000.0, 44.0, 229.0, 46.0, 128.0, 0.0, 44.0, 0.0, 0.0, 1000.0, 0.0, 1000.0, 0.0, 1000.0, 895.0, 999.0, 999.0, 999.0, 999.0, 327.0, 271.0, 0.0, 0.0, , -0.3048095703125, 0.03717041015625, -0.19329833984375, 0.9318389892578125, , 0.9385986328125, -0.268157958984375, 0.1326904296875, -0.171722412109375
94700, 95.40938568115234, 1000.0, 44.0, 229.0, 46.0, 129.0, 0.0, 44.0, 0.0, 0.0, 1000.0, 0.0, 1000.0, 0.0, 1000.0, 895.0, 999.0, 999.0, 999.0, 999.0, 327.0, 270.0, 0.0, 0.0, , -0.3048553466796875, 0.0373077392578125, -0.1930694580078125, 0.9318695068359375, , 0.93804931640625, -0.269989013671875, 0.132720947265625, -0.171844482421875
94710, 95.41923522949219, 1000.0, 44.0, 229.0, 46.0, 129.0, 0.0, 43.0, 0.0, 0.0, 1000.0, 0.0, 1000.0, 0.0, 1000.0, 895.0, 999.0, 999.0, 999.0, 999.0, 326.0, 270.0, 0.0, 0.0, , -0.304840087890625, 0.0379486083984375, -0.193145751953125, 0.93182373046875, , 0.937286376953125, -0.2724609375, 0.1327362060546875, -0.1720733642578125
94720, 95.42935180664062, 1000.0, 44.0, 230.0, 46.0, 128.0, 0.0, 44.0, 0.0, 0.0, 1000.0, 0.0, 1000.0, 0.0, 1000.0, 898.0, 999.0, 999.0, 999.0, 999.0, 326.0, 270.0, 0.0, 0.0, , -0.3047637939453125, 0.0387725830078125, -0.19329833984375, 0.931793212890625, , 0.9364013671875, -0.27459716796875, 0.135101318359375, -0.17169189453125
94730, 95.43952178955078, 1000.0, 44.0, 230.0, 46.0, 128.0, 0.0, 43.0, 0.0, 0.0, 1000.0, 0.0, 1000.0, 0.0, 1000.0, 898.0, 999.0, 999.0, 999.0, 999.0, 326.0, 272.0, 0.0, 0.0, , -0.3046875, 0.039703369140625, -0.1936187744140625, 0.93170166015625, , 0.9359130859375, -0.2762451171875, 0.1353912353515625, -0.1715087890625
94740, 95.45169067382812, 1000.0, 44.0, 229.0, 46.0, 128.0, 0.0, 44.0, 0.0, 0.0, 1000.0, 0.0, 1000.0, 0.0, 1000.0, 899.0, 999.0, 999.0, 999.0, 999.0, 326.0, 271.0, 0.0, 0.0, , -0.3045806884765625, 0.0406494140625, -0.19403076171875, 0.931610107421875, , 0.9364776611328125, -0.2751922607421875, 0.1327667236328125, -0.1721343994140625
94750, 95.4592056274414, 1000.0, 44.0, 229.0, 46.0, 128.0, 0.0, 44.0, 0.0, 0.0, 1000.0, 0.0, 1000.0, 0.0, 1000.0, 899.0, 999.0, 999.0, 999.0, 999.0, 326.0, 271.0, 0.0, 0.0, , -0.3045806884765625, 0.0406494140625, -0.19403076171875, 0.931610107421875, , 0.9364776611328125, -0.2752685546875, 0.132354736328125, -0.1723480224609375
94760, 95.46930694580078, 1000.0, 45.0, 229.0, 47.0, 129.0, 0.0, 44.0, 0.0, 0.0, 1000.0, 0.0, 1000.0, 0.0, 1000.0, 898.0, 999.0, 999.0, 999.0, 999.0, 326.0, 271.0, 0.0, 0.0, , -0.30450439453125, 0.0413665771484375, -0.1941375732421875, 0.9315948486328125, , 0.936279296875, -0.2758941650390625, 0.13153076171875, -0.17303466796875
94770, 95.4793472290039, 1000.0, 45.0, 230.0, 46.0, 129.0, 0.0, 44.0, 0.0, 0.0, 1000.0, 0.0, 1000.0, 0.0, 1000.0, 897.0, 999.0, 999.0, 999.0, 999.0, 326.0, 271.0, 0.0, 0.0, , -0.3045654296875, 0.0411529541015625, -0.1938323974609375, 0.931640625, , 0.9359283447265625, -0.2771148681640625, 0.1300048828125, -0.17413330078125
94780, 95.4893569946289, 1000.0, 45.0, 230.0, 46.0, 129.0, 0.0, 44.0, 0.0, 0.0, 1000.0, 0.0, 1000.0, 0.0, 1000.0, 897.0, 999.0, 999.0, 999.0, 999.0, 326.0, 271.0, 0.0, 0.0, , -0.3045654296875, 0.0411529541015625, -0.1938323974609375, 0.931640625, , 0.9355316162109375, -0.2786712646484375, 0.1281280517578125, -0.1751708984375
94790, 95.49940490722656, 1000.0, 44.0, 230.0, 46.0, 128.0, 0.0, 44.0, 0.0, 0.0, 1000.0, 0.0, 1000.0, 0.0, 1000.0, 896.0, 999.0, 999.0, 999.0, 999.0, 325.0, 270.0, 0.0, 0.0, , -0.3043365478515625, 0.0412750244140625, -0.193267822265625, 0.93182373046875, , 0.9349822998046875, -0.2803497314453125, 0.1278076171875, -0.1756744384765625
94800, 95.50933074951172, 1000.0, 45.0, 230.0, 46.0, 128.0, 0.0, 44.0, 0.0, 0.0, 1000.0, 0.0, 1000.0, 0.0, 1000.0, 895.0, 999.0, 999.0, 999.0, 999.0, 325.0, 269.0, 0.0, 0.0, , -0.30413818359375, 0.041473388671875, -0.192962646484375, 0.93194580078125, , 0.933349609375, -0.2847900390625, 0.1293487548828125, -0.1761016845703125
94810, 95.5193862915039, 1000.0, 45.0, 230.0, 46.0, 128.0, 0.0, 44.0, 0.0, 0.0, 1000.0, 0.0, 1000.0, 0.0, 1000.0, 893.0, 999.0, 999.0, 999.0, 999.0, 325.0, 269.0, 0.0, 0.0, , -0.3040771484375, 0.04132080078125, -0.192962646484375, 0.931976318359375, , 0.9336090087890625, -0.28350830078125, 0.1294097900390625, -0.1767578125
94820, 95.52938079833984, 1000.0, 45.0, 230.0, 46.0, 129.0, 0.0, 44.0, 0.0, 0.0, 1000.0, 0.0, 1000.0, 0.0, 1000.0, 894.0, 999.0, 999.0, 999.0, 999.0, 325.0, 271.0, 0.0, 0.0, , -0.3038482666015625, 0.04150390625, -0.1931610107421875, 0.9319915771484375, , 0.9339599609375, -0.281768798828125, 0.1293487548828125, -0.17767333984375
94830, 95.53939056396484, 1000.0, 45.0, 230.0, 46.0, 129.0, 0.0, 43.0, 0.0, 0.0, 1000.0, 0.0, 1000.0, 0.0, 1000.0, 893.0, 999.0, 999.0, 999.0, 999.0, 325.0, 271.0, 0.0, 0.0, , -0.30352783203125, 0.0416259765625, -0.193206787109375, 0.9320831298828125, , 0.9343414306640625, -0.27996826171875, 0.129638671875, -0.1783599853515625
94840, 95.54936981201172, 1000.0, 45.0, 230.0, 46.0, 129.0, 0.0, 43.0, 0.0, 0.0, 1000.0, 0.0, 1000.0, 0.0, 1000.0, 892.0, 999.0, 999.0, 999.0, 999.0, 324.0, 271.0, 0.0, 0.0, , -0.302764892578125, 0.0418548583984375, -0.1924896240234375, 0.9324798583984375, , 0.9346160888671875, -0.2783050537109375, 0.1299896240234375, -0.1791839599609375
94850, 95.56136322021484, 1000.0, 45.0, 230.0, 46.0, 129.0, 0.0, 44.0, 0.0, 0.0, 1000.0, 0.0, 1000.0, 0.0, 1000.0, 891.0, 999.0, 999.0, 999.0, 999.0, 324.0, 269.0, 0.0, 0.0, , -0.302764892578125, 0.041839599609375, -0.1924896240234375, 0.9324798583984375, , 0.934906005859375, -0.2766876220703125, 0.1299896240234375, -0.180206298828125
94860, 95.56934356689453, 1000.0, 45.0, 230.0, 47.0, 129.0, 0.0, 44.0, 0.0, 0.0, 1000.0, 0.0, 1000.0, 0.0, 1000.0, 888.0, 999.0, 999.0, 999.0, 999.0, 324.0, 268.0, 0.0, 0.0, , -0.302398681640625, 0.0418701171875, -0.19207763671875, 0.93267822265625, , 0.9351806640625, -0.2750701904296875, 0.1299896240234375, -0.1812744140625
94870, 95.57919311523438, 1000.0, 45.0, 230.0, 47.0, 128.0, 0.0, 44.0, 0.0, 0.0, 1000.0, 0.0, 1000.0, 0.0, 1000.0, 890.0, 999.0, 999.0, 999.0, 999.0, 324.0, 269.0, 0.0, 0.0, , -0.301177978515625, 0.04180908203125, -0.1916351318359375, 0.93316650390625, , 0.935333251953125, -0.273681640625, 0.130035400390625, -0.182525634765625
94880, 95.58916473388672, 1000.0, 45.0, 230.0, 47.0, 129.0, 0.0, 44.0, 0.0, 0.0, 1000.0, 0.0, 1000.0, 0.0, 1000.0, 890.0, 999.0, 999.0, 999.0, 999.0, 324.0, 271.0, 0.0, 0.0, , -0.3011932373046875, 0.0417327880859375, -0.1916961669921875, 0.9331512451171875, , 0.9354095458984375, -0.2724151611328125, 0.13006591796875, -0.18402099609375
94890, 95.59920501708984, 1000.0, 45.0, 231.0, 47.0, 129.0, 0.0, 44.0, 0.0, 0.0, 1000.0, 0.0, 1000.0, 0.0, 1000.0, 891.0, 999.0, 999.0, 999.0, 999.0, 323.0, 271.0, 0.0, 0.0, , -0.3006439208984375, 0.0416412353515625, -0.1915283203125, 0.9333648681640625, , 0.935516357421875, -0.2710723876953125, 0.12994384765625, -0.1855316162109375
94900, 95.60914611816406, 1000.0, 45.0, 231.0, 47.0, 128.0, 0.0, 43.0, 0.0, 0.0, 1000.0, 0.0, 1000.0, 0.0, 1000.0, 892.0, 999.0, 999.0, 999.0, 999.0, 323.0, 270.0, 0.0, 0.0, , -0.300079345703125, 0.0417327880859375, -0.191253662109375, 0.93359375, , 0.9356536865234375, -0.269683837890625, 0.1297454833984375, -0.18701171875
94910, 95.61933898925781, 1000.0, 45.0, 231.0, 47.0, 129.0, 0.0, 43.0, 0.0, 0.0, 1000.0, 0.0, 1000.0, 0.0, 1000.0, 892.0, 999.0, 999.0, 999.0, 999.0, 323.0, 270.0, 0.0, 0.0, , -0.299652099609375, 0.0417938232421875, -0.1907806396484375, 0.9338226318359375, , 0.9357757568359375, -0.268310546875, 0.1296539306640625, -0.18841552734375
94920, 95.62911987304688, 1000.0, 45.0, 231.0, 47.0, 128.0, 0.0, 43.0, 0.0, 0.0, 1000.0, 0.0, 1000.0, 0.0, 1000.0, 887.0, 999.0, 999.0, 999.0, 999.0, 323.0, 270.0, 0.0, 0.0, , -0.2992706298828125, 0.041900634765625, -0.1901702880859375, 0.9340667724609375, , 0.93585205078125, -0.2669677734375, 0.1297454833984375, -0.18988037109375
94930, 95.63909912109375, 1000.0, 45.0, 230.0, 47.0, 128.0, 0.0, 44.0, 0.0, 0.0, 1000.0, 0.0, 1000.0, 0.0, 1000.0, 888.0, 999.0, 999.0, 999.0, 999.0, 323.0, 269.0, 0.0, 0.0, , -0.2989959716796875, 0.0418701171875, -0.1894378662109375, 0.9343109130859375, , 0.935882568359375, -0.265716552734375, 0.1298675537109375, -0.191375732421875
94940, 95.64916229248047, 1000.0, 45.0, 230.0, 47.0, 128.0, 0.0, 44.0, 0.0, 0.0, 1000.0, 0.0, 1000.0, 0.0, 1000.0, 890.0, 999.0, 999.0, 999.0, 999.0, 323.0, 269.0, 0.0, 0.0, , -0.2987823486328125, 0.0417327880859375, -0.188812255859375, 0.93450927734375, , 0.935943603515625, -0.264404296875, 0.1300048828125, -0.1927947998046875
94950, 95.65918731689453, 1000.0, 45.0, 230.0, 47.0, 128.0, 0.0, 44.0, 0.0, 0.0, 1000.0, 0.0, 1000.0, 0.0, 1000.0, 893.0, 999.0, 999.0, 999.0, 999.0, 322.0, 270.0, 0.0, 0.0, , -0.2984619140625, 0.041748046875, -0.1883544921875, 0.9347076416015625, , 0.936004638671875, -0.2630767822265625, 0.1311187744140625, -0.193603515625
94960, 95.6690444946289, 1000.0, 45.0, 230.0, 47.0, 129.0, 0.0, 44.0, 0.0, 0.0, 1000.0, 0.0, 1000.0, 0.0, 1000.0, 894.0, 999.0, 999.0, 999.0, 999.0, 323.0, 270.0, 0.0, 0.0, , -0.29815673828125, 0.0416717529296875, -0.1880340576171875, 0.93487548828125, , 0.935943603515625, -0.2620391845703125, 0.13238525390625, -0.194427490234375
94970, 95.67915344238281, 1000.0, 45.0, 230.0, 47.0, 129.0, 0.0, 43.0, 0.0, 0.0, 1000.0, 0.0, 1000.0, 0.0, 1000.0, 895.0, 999.0, 999.0, 999.0, 999.0, 322.0, 270.0, 0.0, 0.0, , -0.298004150390625, 0.0413970947265625, -0.1878204345703125, 0.934967041015625, , 0.9358673095703125, -0.26104736328125, 0.133819580078125, -0.1951751708984375
94980, 95.68917083740234, 1000.0, 45.0, 230.0, 47.0, 128.0, 0.0, 43.0, 0.0, 0.0, 1000.0, 0.0, 1000.0, 0.0, 1000.0, 894.0, 999.0, 999.0, 999.0, 999.0, 322.0, 269.0, 0.0, 0.0, , -0.29791259765625, 0.0411834716796875, -0.18756103515625, 0.9350738525390625, , 0.9358062744140625, -0.2601318359375, 0.1351165771484375, -0.1957244873046875
94990, 95.69915771484375, 1000.0, 45.0, 230.0, 47.0, 128.0, 0.0, 43.0, 0.0, 0.0, 1000.0, 0.0, 1000.0, 0.0, 1000.0, 895.0, 999.0, 999.0, 999.0, 999.0, 322.0, 269.0, 0.0, 0.0, , -0.297882080078125, 0.0410919189453125, -0.1871795654296875, 0.9351654052734375, , 0.93572998046875, -0.25933837890625, 0.1366424560546875, -0.1961212158203125
95000, 95.70919799804688, 1000.0, 45.0, 229.0, 47.0, 128.0, 0.0, 44.0, 0.0, 0.0, 1000.0, 0.0, 1000.0, 0.0, 1000.0, 894.0, 999.0, 999.0, 999.0, 999.0, 322.0, 270.0, 0.0, 0.0, , -0.2979278564453125, 0.0407562255859375, -0.187042236328125, 0.9351806640625, , 0.9355621337890625, -0.258758544921875, 0.1382293701171875, -0.1965179443359375
95010, 95.7227783203125, 1000.0, 45.0, 230.0, 47.0, 128.0, 0.0, 44.0, 0.0, 0.0, 1000.0, 0.0, 1000.0, 0.0, 1000.0, 894.0, 999.0, 999.0, 999.0, 999.0, 322.0, 271.0, 0.0, 0.0, , -0.2980804443359375, 0.04034423828125, -0.1869049072265625, 0.9351806640625, , 0.935455322265625, -0.2581329345703125, 0.1398773193359375, -0.196746826171875
95020, 95.72911834716797, 1000.0, 45.0, 230.0, 47.0, 128.0, 0.0, 44.0, 0.0, 0.0, 1000.0, 0.0, 1000.0, 0.0, 1000.0, 894.0, 999.0, 999.0, 999.0, 999.0, 322.0, 271.0, 0.0, 0.0, , -0.2982330322265625, 0.0400848388671875, -0.1868743896484375, 0.935150146484375, , 0.9353485107421875, -0.257476806640625, 0.1414794921875, -0.1969451904296875
95030, 95.73914337158203, 1000.0, 45.0, 230.0, 47.0, 128.0, 0.0, 44.0, 0.0, 0.0, 1000.0, 0.0, 1000.0, 0.0, 1000.0, 894.0, 999.0, 999.0, 999.0, 999.0, 322.0, 271.0, 0.0, 0.0, , -0.2983245849609375, 0.040069580078125, -0.1869964599609375, 0.9351043701171875, , 0.935272216796875, -0.25677490234375, 0.1428985595703125, -0.1972198486328125
95040, 95.74915313720703, 1000.0, 45.0, 230.0, 47.0, 128.0, 0.0, 44.0, 0.0, 0.0, 1000.0, 0.0, 1000.0, 0.0, 1000.0, 895.0, 999.0, 999.0, 999.0, 999.0, 321.0, 270.0, 0.0, 0.0, , -0.2983856201171875, 0.0400848388671875, -0.187042236328125, 0.9350738525390625, , 0.935272216796875, -0.25592041015625, 0.1441802978515625, -0.197357177734375
95050, 95.75919342041016, 1000.0, 45.0, 229.0, 47.0, 129.0, 0.0, 43.0, 0.0, 0.0, 1000.0, 0.0, 1000.0, 0.0, 1000.0, 895.0, 999.0, 999.0, 999.0, 999.0, 320.0, 269.0, 0.0, 0.0, , -0.2984466552734375, 0.0402069091796875, -0.1871490478515625, 0.935028076171875, , 0.9352874755859375, -0.2550201416015625, 0.1457061767578125, -0.1973724365234375
95060, 95.76911926269531, 1000.0, 45.0, 229.0, 47.0, 129.0, 0.0, 43.0, 0.0, 0.0, 1000.0, 0.0, 1000.0, 0.0, 1000.0, 895.0, 999.0, 999.0, 999.0, 999.0, 320.0, 269.0, 0.0, 0.0, , -0.2984466552734375, 0.0402069091796875, -0.1871490478515625, 0.935028076171875, , 0.935272216796875, -0.2541961669921875, 0.1471099853515625, -0.1974334716796875
95070, 95.77912902832031, 1000.0, 45.0, 230.0, 47.0, 129.0, 0.0, 44.0, 0.0, 0.0, 1000.0, 0.0, 1000.0, 0.0, 1000.0, 895.0, 999.0, 999.0, 999.0, 999.0, 320.0, 268.0, 0.0, 0.0, , -0.2984619140625, 0.0406341552734375, -0.18707275390625, 0.9350128173828125, , 0.9353485107421875, -0.253326416015625, 0.148223876953125, -0.1973724365234375
95080, 95.78915405273438, 1000.0, 45.0, 230.0, 47.0, 129.0, 0.0, 44.0, 0.0, 0.0, 1000.0, 0.0, 1000.0, 0.0, 1000.0, 894.0, 999.0, 999.0, 999.0, 999.0, 320.0, 269.0, 0.0, 0.0, , -0.2984161376953125, 0.041259765625, -0.187347412109375, 0.9349517822265625, , 0.9354095458984375, -0.2525177001953125, 0.1494903564453125, -0.197174072265625
95090, 95.79915618896484, 1000.0, 45.0, 230.0, 47.0, 129.0, 0.0, 44.0, 0.0, 0.0, 1000.0, 0.0, 1000.0, 0.0, 1000.0, 892.0, 999.0, 999.0, 999.0, 999.0, 320.0, 270.0, 0.0, 0.0, , -0.29840087890625, 0.0416259765625, -0.187713623046875, 0.9348602294921875, , 0.935394287109375, -0.2519378662109375, 0.15081787109375, -0.196990966796875
95100, 95.80917358398438, 1000.0, 45.0, 230.0, 46.0, 129.0, 0.0, 43.0, 0.0, 0.0, 1000.0, 0.0, 1000.0, 0.0, 1000.0, 893.0, 999.0, 999.0, 999.0, 999.0, 319.0, 270.0, 0.0, 0.0, , -0.2984466552734375, 0.04205322265625, -0.188262939453125, 0.934722900390625, , 0.935455322265625, -0.251373291015625, 0.1519622802734375, -0.196502685546875
95110, 95.81915283203125, 1000.0, 45.0, 230.0, 46.0, 128.0, 0.0, 44.0, 0.0, 0.0, 1000.0, 0.0, 1000.0, 0.0, 1000.0, 893.0, 999.0, 999.0, 999.0, 999.0, 318.0, 270.0, 0.0, 0.0, , -0.298614501953125, 0.042144775390625, -0.188751220703125, 0.9345703125, , 0.9355316162109375, -0.25079345703125, 0.1531524658203125, -0.1959991455078125
95120, 95.82911682128906, 1000.0, 45.0, 229.0, 46.0, 128.0, 0.0, 44.0, 0.0, 0.0, 1000.0, 0.0, 1000.0, 0.0, 1000.0, 893.0, 999.0, 999.0, 999.0, 999.0, 318.0, 270.0, 0.0, 0.0, , -0.298828125, 0.0419769287109375, -0.189453125, 0.934356689453125, , 0.9355621337890625, -0.25030517578125, 0.1545867919921875, -0.1953582763671875
95130, 95.83914947509766, 1000.0, 45.0, 229.0, 46.0, 129.0, 0.0, 44.0, 0.0, 0.0, 1000.0, 0.0, 1000.0, 0.0, 1000.0, 891.0, 999.0, 999.0, 999.0, 999.0, 319.0, 270.0, 0.0, 0.0, , -0.2991180419921875, 0.041534423828125, -0.1898956298828125, 0.9341888427734375, , 0.9355926513671875, -0.249908447265625, 0.156005859375, -0.194580078125
95140, 95.8492202758789, 1000.0, 45.0, 230.0, 47.0, 129.0, 0.0, 43.0, 0.0, 0.0, 1000.0, 0.0, 1000.0, 0.0, 1000.0, 891.0, 999.0, 999.0, 999.0, 999.0, 318.0, 269.0, 0.0, 0.0, , -0.2999725341796875, 0.0402374267578125, -0.189788818359375, 0.9340057373046875, , 0.9356536865234375, -0.249481201171875, 0.157379150390625, -0.193695068359375
95150, 95.85923767089844, 1000.0, 45.0, 230.0, 47.0, 128.0, 0.0, 44.0, 0.0, 0.0, 1000.0, 0.0, 1000.0, 0.0, 1000.0, 890.0, 999.0, 999.0, 999.0, 999.0, 318.0, 270.0, 0.0, 0.0, , -0.3000946044921875, 0.0396881103515625, -0.189056396484375, 0.9341278076171875, , 0.9357757568359375, -0.2490081787109375, 0.158599853515625, -0.1927032470703125
95160, 95.86910247802734, 1000.0, 45.0, 230.0, 47.0, 129.0, 0.0, 44.0, 0.0, 0.0, 1000.0, 0.0, 1000.0, 0.0, 1000.0, 889.0, 999.0, 999.0, 999.0, 999.0, 318.0, 270.0, 0.0, 0.0, , -0.3006134033203125, 0.0390472412109375, -0.188446044921875, 0.934112548828125, , 0.935943603515625, -0.2484893798828125, 0.1598968505859375, -0.1915130615234375
95170, 95.88446807861328, 1000.0, 45.0, 229.0, 47.0, 129.0, 0.0, 43.0, 0.0, 0.0, 1000.0, 0.0, 1000.0, 0.0, 1000.0, 890.0, 999.0, 999.0, 999.0, 999.0, 318.0, 269.0, 0.0, 0.0, , -0.30108642578125, 0.0386810302734375, -0.1880035400390625, 0.9340667724609375, , 0.936065673828125, -0.2479705810546875, 0.1614227294921875, -0.1903076171875
95180, 95.88912200927734, 1000.0, 45.0, 229.0, 47.0, 129.0, 0.0, 43.0, 0.0, 0.0, 1000.0, 0.0, 1000.0, 0.0, 1000.0, 889.0, 999.0, 999.0, 999.0, 999.0, 317.0, 269.0, 0.0, 0.0, , -0.301605224609375, 0.0384368896484375, -0.1876068115234375, 0.933990478515625, , 0.9362030029296875, -0.247528076171875, 0.1627349853515625, -0.1890411376953125
95190, 95.89913940429688, 1000.0, 45.0, 229.0, 47.0, 129.0, 0.0, 43.0, 0.0, 0.0, 1000.0, 0.0, 1000.0, 0.0, 1000.0, 890.0, 999.0, 999.0, 999.0, 999.0, 317.0, 270.0, 0.0, 0.0, , -0.3021392822265625, 0.038238525390625, -0.18719482421875, 0.9339141845703125, , 0.9363861083984375, -0.2470245361328125, 0.164215087890625, -0.18756103515625
95200, 95.90919494628906, 1000.0, 45.0, 229.0, 47.0, 128.0, 0.0, 43.0, 0.0, 0.0, 1000.0, 0.0, 1000.0, 0.0, 1000.0, 889.0, 999.0, 999.0, 999.0, 999.0, 318.0, 269.0, 0.0, 0.0, , -0.3026580810546875, 0.0384368896484375, -0.186920166015625, 0.9337921142578125, , 0.93658447265625, -0.2464752197265625, 0.1654205322265625, -0.186187744140625
95210, 95.91909790039062, 1000.0, 45.0, 229.0, 47.0, 128.0, 0.0, 43.0, 0.0, 0.0, 1000.0, 0.0, 1000.0, 0.0, 1000.0, 892.0, 999.0, 999.0, 999.0, 999.0, 317.0, 270.0, 0.0, 0.0, , -0.3031005859375, 0.039031982421875, -0.186370849609375, 0.9337310791015625, , 0.9368133544921875, -0.245819091796875, 0.166839599609375, -0.184661865234375
95220, 95.9291000366211, 1000.0, 44.0, 229.0, 47.0, 128.0, 0.0, 43.0, 0.0, 0.0, 1000.0, 0.0, 1000.0, 0.0, 1000.0, 892.0, 999.0, 999.0, 999.0, 999.0, 317.0, 269.0, 0.0, 0.0, , -0.3036041259765625, 0.0394439697265625, -0.1861572265625, 0.93359375, , 0.9369964599609375, -0.245208740234375, 0.1684112548828125, -0.18310546875
95230, 95.9391098022461, 1000.0, 44.0, 229.0, 47.0, 128.0, 0.0, 43.0, 0.0, 0.0, 1000.0, 0.0, 1000.0, 0.0, 1000.0, 892.0, 999.0, 999.0, 999.0, 999.0, 317.0, 269.0, 0.0, 0.0, , -0.304229736328125, 0.039642333984375, -0.1858673095703125, 0.933441162109375, , 0.9371185302734375, -0.2447052001953125, 0.1700439453125, -0.1816253662109375
95240, 95.94910430908203, 1000.0, 45.0, 229.0, 47.0, 128.0, 0.0, 43.0, 0.0, 0.0, 1000.0, 0.0, 1000.0, 0.0, 1000.0, 889.0, 999.0, 999.0, 999.0, 999.0, 317.0, 269.0, 0.0, 0.0, , -0.3049163818359375, 0.0397491455078125, -0.185699462890625, 0.9332427978515625, , 0.937225341796875, -0.2442474365234375, 0.17169189453125, -0.180145263671875
95250, 95.95915222167969, 1000.0, 44.0, 228.0, 47.0, 128.0, 0.0, 43.0, 0.0, 0.0, 1000.0, 0.0, 1000.0, 0.0, 1000.0, 888.0, 999.0, 999.0, 999.0, 999.0, 317.0, 269.0, 0.0, 0.0, , -0.305694580078125, 0.0395355224609375, -0.185821533203125, 0.9329681396484375, , 0.93731689453125, -0.2437286376953125, 0.1734619140625, -0.1787109375
95260, 95.96920776367188, 1000.0, 44.0, 228.0, 47.0, 128.0, 0.0, 43.0, 0.0, 0.0, 1000.0, 0.0, 1000.0, 0.0, 1000.0, 887.0, 999.0, 999.0, 999.0, 999.0, 317.0, 269.0, 0.0, 0.0, , -0.3065032958984375, 0.039154052734375, -0.1858673095703125, 0.932708740234375, , 0.937347412109375, -0.2432861328125, 0.1752166748046875, -0.1773529052734375
95270, 95.97909545898438, 1000.0, 44.0, 229.0, 47.0, 128.0, 0.0, 43.0, 0.0, 0.0, 1000.0, 0.0, 1000.0, 0.0, 1000.0, 890.0, 999.0, 999.0, 999.0, 999.0, 317.0, 269.0, 0.0, 0.0, , -0.30731201171875, 0.0386962890625, -0.185882568359375, 0.932464599609375, , 0.9374237060546875, -0.242828369140625, 0.1768035888671875, -0.175994873046875
95280, 95.99394226074219, 1000.0, 44.0, 229.0, 47.0, 128.0, 0.0, 43.0, 0.0, 0.0, 1000.0, 0.0, 1000.0, 0.0, 1000.0, 890.0, 999.0, 999.0, 999.0, 999.0, 317.0, 269.0, 0.0, 0.0, , -0.30804443359375, 0.0384674072265625, -0.18585205078125, 0.9322357177734375, , 0.9375457763671875, -0.242279052734375, 0.178192138671875, -0.1746978759765625
95290, 95.9990005493164, 1000.0, 44.0, 228.0, 47.0, 128.0, 0.0, 43.0, 0.0, 0.0, 1000.0, 0.0, 1000.0, 0.0, 1000.0, 891.0, 999.0, 999.0, 999.0, 999.0, 316.0, 268.0, 0.0, 0.0, , -0.308746337890625, 0.038543701171875, -0.186065673828125, 0.9319610595703125, , 0.937713623046875, -0.2415771484375, 0.1795196533203125, -0.1734771728515625
95300, 96.00919342041016, 1000.0, 44.0, 228.0, 47.0, 128.0, 0.0, 43.0, 0.0, 0.0, 1000.0, 0.0, 1000.0, 0.0, 1000.0, 889.0, 999.0, 999.0, 999.0, 999.0, 317.0, 268.0, 0.0, 0.0, , -0.309326171875, 0.038726806640625, -0.1864013671875, 0.9316864013671875, , 0.9378814697265625, -0.240814208984375, 0.180816650390625, -0.1722412109375
95310, 96.01921844482422, 1000.0, 44.0, 228.0, 46.0, 128.0, 0.0, 43.0, 0.0, 0.0, 1000.0, 0.0, 1000.0, 0.0, 1000.0, 891.0, 999.0, 999.0, 999.0, 999.0, 317.0, 268.0, 0.0, 0.0, , -0.3099365234375, 0.038726806640625, -0.1869049072265625, 0.9313812255859375, , 0.9380340576171875, -0.2400360107421875, 0.1821746826171875, -0.171051025390625
95320, 96.02910614013672, 1000.0, 44.0, 228.0, 46.0, 127.0, 0.0, 43.0, 0.0, 0.0, 1000.0, 0.0, 1000.0, 0.0, 1000.0, 894.0, 999.0, 999.0, 999.0, 999.0, 317.0, 270.0, 0.0, 0.0, , -0.31048583984375, 0.0389862060546875, -0.1873016357421875, 0.9311065673828125, , 0.9382171630859375, -0.2392120361328125, 0.1833953857421875, -0.169891357421875
95330, 96.03912353515625, 1000.0, 44.0, 228.0, 46.0, 127.0, 0.0, 43.0, 0.0, 0.0, 1000.0, 0.0, 1000.0, 0.0, 1000.0, 895.0, 999.0, 999.0, 999.0, 999.0, 317.0, 269.0, 0.0, 0.0, , -0.311065673828125, 0.0394134521484375, -0.1877899169921875, 0.9308013916015625, , 0.938385009765625, -0.238433837890625, 0.1846160888671875, -0.168731689453125
95340, 96.0490493774414, 1000.0, 44.0, 228.0, 46.0, 128.0, 0.0, 43.0, 0.0, 0.0, 1000.0, 0.0, 1000.0, 0.0, 1000.0, 895.0, 999.0, 999.0, 999.0, 999.0, 317.0, 270.0, 0.0, 0.0, , -0.3116912841796875, 0.0397491455078125, -0.1878509521484375, 0.930572509765625, , 0.9385223388671875, -0.2377471923828125, 0.185882568359375, -0.1675262451171875
95350, 96.05921936035156, 1000.0, 44.0, 228.0, 46.0, 128.0, 0.0, 43.0, 0.0, 0.0, 1000.0, 0.0, 1000.0, 0.0, 1000.0, 896.0, 999.0, 999.0, 999.0, 999.0, 317.0, 270.0, 0.0, 0.0, , -0.312408447265625, 0.0397796630859375, -0.1877288818359375, 0.9303436279296875, , 0.9386138916015625, -0.2371826171875, 0.1872406005859375, -0.1663055419921875
95360, 96.06909942626953, 1000.0, 44.0, 228.0, 46.0, 128.0, 0.0, 43.0, 0.0, 0.0, 1000.0, 0.0, 1000.0, 0.0, 1000.0, 896.0, 999.0, 999.0, 999.0, 999.0, 317.0, 270.0, 0.0, 0.0, , -0.312408447265625, 0.0397796630859375, -0.1877288818359375, 0.9303436279296875, , 0.93865966796875, -0.2367401123046875, 0.1885833740234375, -0.1651611328125
95370, 96.0791015625, 1000.0, 44.0, 228.0, 47.0, 127.0, 0.0, 43.0, 0.0, 0.0, 1000.0, 0.0, 1000.0, 0.0, 1000.0, 893.0, 999.0, 999.0, 999.0, 999.0, 317.0, 269.0, 0.0, 0.0, , -0.3140106201171875, 0.0399169921875, -0.1878204345703125, 0.9297943115234375, , 0.9386749267578125, -0.236358642578125, 0.189910888671875, -0.1641082763671875
95380, 96.08912658691406, 1000.0, 44.0, 228.0, 47.0, 127.0, 0.0, 43.0, 0.0, 0.0, 1000.0, 0.0, 1000.0, 0.0, 1000.0, 891.0, 999.0, 999.0, 999.0, 999.0, 317.0, 268.0, 0.0, 0.0, , -0.314788818359375, 0.0400238037109375, -0.1879119873046875, 0.92950439453125, , 0.93865966796875, -0.23602294921875, 0.191162109375, -0.1632232666015625
95390, 96.0990982055664, 1000.0, 44.0, 228.0, 47.0, 127.0, 0.0, 43.0, 0.0, 0.0, 1000.0, 0.0, 1000.0, 0.0, 1000.0, 893.0, 999.0, 999.0, 999.0, 999.0, 317.0, 268.0, 0.0, 0.0, , -0.31549072265625, 0.0401763916015625, -0.18804931640625, 0.929229736328125, , 0.9386444091796875, -0.23565673828125, 0.19232177734375, -0.1624603271484375
95400, 96.10913848876953, 1000.0, 44.0, 228.0, 47.0, 127.0, 0.0, 43.0, 0.0, 0.0, 1000.0, 0.0, 1000.0, 0.0, 1000.0, 896.0, 999.0, 999.0, 999.0, 999.0, 317.0, 267.0, 0.0, 0.0, , -0.31610107421875, 0.0402679443359375, -0.18817138671875, 0.9290008544921875, , 0.936859130859375, -0.2432708740234375, 0.1901702880859375, -0.1640777587890625
95410, 96.11943054199219, 1000.0, 44.0, 228.0, 47.0, 127.0, 0.0, 43.0, 0.0, 0.0, 1000.0, 0.0, 1000.0, 0.0, 1000.0, 897.0, 999.0, 999.0, 999.0, 999.0, 316.0, 267.0, 0.0, 0.0, , -0.31658935546875, 0.040313720703125, -0.1882171630859375, 0.9288177490234375, , 0.935394287109375, -0.249786376953125, 0.1874237060546875, -0.165863037109375
95420, 96.12942504882812, 1000.0, 44.0, 228.0, 47.0, 128.0, 0.0, 43.0, 0.0, 0.0, 1000.0, 0.0, 1000.0, 0.0, 1000.0, 898.0, 999.0, 999.0, 999.0, 999.0, 317.0, 268.0, 0.0, 0.0, , -0.316986083984375, 0.04034423828125, -0.1881256103515625, 0.9286956787109375, , 0.9340667724609375, -0.255096435546875, 0.18560791015625, -0.16729736328125
95430, 96.1391830444336, 1000.0, 44.0, 228.0, 47.0, 127.0, 0.0, 43.0, 0.0, 0.0, 1000.0, 0.0, 1000.0, 0.0, 1000.0, 898.0, 999.0, 999.0, 999.0, 999.0, 316.0, 268.0, 0.0, 0.0, , -0.317291259765625, 0.0403289794921875, -0.18798828125, 0.928619384765625, , 0.9340057373046875, -0.2562255859375, 0.1834869384765625, -0.1682281494140625
95440, 96.15625762939453, 1000.0, 44.0, 228.0, 47.0, 127.0, 0.0, 43.0, 0.0, 0.0, 1000.0, 0.0, 1000.0, 0.0, 1000.0, 898.0, 999.0, 999.0, 999.0, 999.0, 316.0, 268.0, 0.0, 0.0, , -0.3175506591796875, 0.0402679443359375, -0.1878662109375, 0.928558349609375, , 0.9344024658203125, -0.25634765625, 0.180145263671875, -0.1694488525390625
95450, 96.15919494628906, 1000.0, 44.0, 228.0, 46.0, 127.0, 0.0, 43.0, 0.0, 0.0, 1000.0, 0.0, 1000.0, 0.0, 1000.0, 899.0, 999.0, 999.0, 999.0, 999.0, 316.0, 267.0, 0.0, 0.0, , -0.31787109375, 0.040191650390625, -0.187957763671875, 0.928436279296875, , 0.934783935546875, -0.2568359375, 0.175750732421875, -0.1711883544921875
95460, 96.16913604736328, 1000.0, 44.0, 228.0, 46.0, 127.0, 0.0, 43.0, 0.0, 0.0, 1000.0, 0.0, 1000.0, 0.0, 1000.0, 899.0, 999.0, 999.0, 999.0, 999.0, 317.0, 267.0, 0.0, 0.0, , -0.31787109375, 0.04010009765625, -0.188140869140625, 0.92840576171875, , 0.9352569580078125, -0.256439208984375, 0.17254638671875, -0.172454833984375
95470, 96.1791000366211, 1000.0, 44.0, 228.0, 46.0, 127.0, 0.0, 43.0, 0.0, 0.0, 1000.0, 0.0, 1000.0, 0.0, 1000.0, 899.0, 999.0, 999.0, 999.0, 999.0, 317.0, 267.0, 0.0, 0.0, , -0.3180084228515625, 0.040008544921875, -0.188323974609375, 0.9283294677734375, , 0.9356689453125, -0.2562255859375, 0.169281005859375, -0.1737823486328125
95480, 96.18910217285156, 1000.0, 44.0, 228.0, 46.0, 127.0, 0.0, 43.0, 0.0, 0.0, 1000.0, 0.0, 1000.0, 0.0, 1000.0, 897.0, 999.0, 999.0, 999.0, 999.0, 316.0, 267.0, 0.0, 0.0, , -0.318145751953125, 0.03985595703125, -0.188568115234375, 0.9282379150390625, , 0.935699462890625, -0.255401611328125, 0.1704559326171875, -0.1736602783203125
95490, 96.19910430908203, 1000.0, 44.0, 228.0, 46.0, 127.0, 0.0, 43.0, 0.0, 0.0, 1000.0, 0.0, 1000.0, 0.0, 1000.0, 896.0, 999.0, 999.0, 999.0, 999.0, 316.0, 267.0, 0.0, 0.0, , -0.3182830810546875, 0.039764404296875, -0.188720703125, 0.92816162109375, , 0.9356842041015625, -0.2546844482421875, 0.1716156005859375, -0.1736297607421875
95500, 96.20912170410156, 1000.0, 44.0, 228.0, 47.0, 127.0, 0.0, 43.0, 0.0, 0.0, 1000.0, 0.0, 1000.0, 0.0, 1000.0, 895.0, 999.0, 999.0, 999.0, 999.0, 316.0, 267.0, 0.0, 0.0, , -0.3184661865234375, 0.039581298828125, -0.188934326171875, 0.9280548095703125, , 0.9357147216796875, -0.2538909912109375, 0.1727142333984375, -0.1735992431640625
95510, 96.2190933227539, 1000.0, 44.0, 228.0, 47.0, 127.0, 0.0, 43.0, 0.0, 0.0, 1000.0, 0.0, 1000.0, 0.0, 1000.0, 895.0, 999.0, 999.0, 999.0, 999.0, 316.0, 266.0, 0.0, 0.0, , -0.318634033203125, 0.0393829345703125, -0.18896484375, 0.928009033203125, , 0.93572998046875, -0.2530364990234375, 0.1739349365234375, -0.1734619140625
95520, 96.22911071777344, 1000.0, 44.0, 228.0, 46.0, 127.0, 0.0, 42.0, 0.0, 0.0, 1000.0, 0.0, 1000.0, 0.0, 1000.0, 894.0, 999.0, 999.0, 999.0, 999.0, 316.0, 266.0, 0.0, 0.0, , -0.3187713623046875, 0.0392608642578125, -0.188812255859375, 0.9279937744140625, , 0.9357147216796875, -0.25225830078125, 0.175323486328125, -0.1733551025390625
95530, 96.23909759521484, 1000.0, 44.0, 227.0, 46.0, 127.0, 0.0, 42.0, 0.0, 0.0, 1000.0, 0.0, 1000.0, 0.0, 1000.0, 895.0, 999.0, 999.0, 999.0, 999.0, 316.0, 266.0, 0.0, 0.0, , -0.318939208984375, 0.0391693115234375, -0.18865966796875, 0.927978515625, , 0.935638427734375, -0.2515869140625, 0.1767730712890625, -0.1732635498046875
95540, 96.24920654296875, 1000.0, 44.0, 227.0, 46.0, 127.0, 0.0, 43.0, 0.0, 0.0, 1000.0, 0.0, 1000.0, 0.0, 1000.0, 895.0, 999.0, 999.0, 999.0, 999.0, 317.0, 266.0, 0.0, 0.0, , -0.31915283203125, 0.0389556884765625, -0.188507080078125, 0.9279327392578125, , 0.935577392578125, -0.25079345703125, 0.1783294677734375, -0.1731414794921875
95550, 96.26569366455078, 1000.0, 44.0, 227.0, 46.0, 127.0, 0.0, 43.0, 0.0, 0.0, 1000.0, 0.0, 1000.0, 0.0, 1000.0, 896.0, 999.0, 999.0, 999.0, 999.0, 317.0, 266.0, 0.0, 0.0, , -0.3193511962890625, 0.0388946533203125, -0.18817138671875, 0.9279327392578125, , 0.9355621337890625, -0.2498626708984375, 0.17974853515625, -0.1730499267578125
95560, 96.26899719238281, 1000.0, 44.0, 227.0, 46.0, 127.0, 0.0, 42.0, 0.0, 0.0, 1000.0, 0.0, 1000.0, 0.0, 1000.0, 894.0, 999.0, 999.0, 999.0, 999.0, 316.0, 266.0, 0.0, 0.0, , -0.319488525390625, 0.0388946533203125, -0.1880645751953125, 0.92791748046875, , 0.935546875, -0.2489166259765625, 0.1812591552734375, -0.1729736328125
95570, 96.27910614013672, 1000.0, 44.0, 228.0, 47.0, 127.0, 0.0, 43.0, 0.0, 0.0, 1000.0, 0.0, 1000.0, 0.0, 1000.0, 894.0, 999.0, 999.0, 999.0, 999.0, 316.0, 265.0, 0.0, 0.0, , -0.3195953369140625, 0.038818359375, -0.188201904296875, 0.9278564453125, , 0.9355316162109375, -0.248046875, 0.1824188232421875, -0.173065185546875
95580, 96.28909301757812, 1000.0, 44.0, 228.0, 47.0, 127.0, 0.0, 43.0, 0.0, 0.0, 1000.0, 0.0, 1000.0, 0.0, 1000.0, 892.0, 999.0, 999.0, 999.0, 999.0, 316.0, 264.0, 0.0, 0.0, , -0.3197021484375, 0.0386810302734375, -0.188232421875, 0.9278106689453125, , 0.935546875, -0.2471466064453125, 0.1835479736328125, -0.173065185546875
95590, 96.29910278320312, 1000.0, 44.0, 228.0, 46.0, 127.0, 0.0, 43.0, 0.0, 0.0, 1000.0, 0.0, 1000.0, 0.0, 1000.0, 893.0, 999.0, 999.0, 999.0, 999.0, 317.0, 265.0, 0.0, 0.0, , -0.3197479248046875, 0.038604736328125, -0.1883697509765625, 0.9277801513671875, , 0.9355010986328125, -0.2463226318359375, 0.1847381591796875, -0.173248291015625
95600, 96.30921173095703, 1000.0, 44.0, 228.0, 46.0, 127.0, 0.0, 43.0, 0.0, 0.0, 1000.0, 0.0, 1000.0, 0.0, 1000.0, 893.0, 999.0, 999.0, 999.0, 999.0, 317.0, 266.0, 0.0, 0.0, , -0.31976318359375, 0.0385894775390625, -0.188568115234375, 0.927734375, , 0.9356536865234375, -0.2458343505859375, 0.1840362548828125, -0.1738739013671875
95610, 96.31908416748047, 1000.0, 44.0, 228.0, 46.0, 127.0, 0.0, 43.0, 0.0, 0.0, 1000.0, 0.0, 1000.0, 0.0, 1000.0, 893.0, 999.0, 999.0, 999.0, 999.0, 316.0, 267.0, 0.0, 0.0, , -0.31976318359375, 0.0385894775390625, -0.1887359619140625, 0.9276885986328125, , 0.934906005859375, -0.2482757568359375, 0.1836395263671875, -0.1748504638671875
95620, 96.3291015625, 1000.0, 44.0, 228.0, 46.0, 127.0, 0.0, 43.0, 0.0, 0.0, 1000.0, 0.0, 1000.0, 0.0, 1000.0, 891.0, 999.0, 999.0, 999.0, 999.0, 316.0, 267.0, 0.0, 0.0, , -0.319793701171875, 0.03851318359375, -0.188751220703125, 0.9276885986328125, , 0.9359130859375, -0.2463226318359375, 0.179901123046875, -0.17608642578125
95630, 96.33910369873047, 1000.0, 44.0, 228.0, 46.0, 127.0, 0.0, 42.0, 0.0, 0.0, 1000.0, 0.0, 1000.0, 0.0, 666.0, 891.0, 999.0, 999.0, 999.0, 999.0, 316.0, 267.0, 0.0, 0.0, , -0.3198089599609375, 0.038543701171875, -0.1887054443359375, 0.9276885986328125, , 0.93792724609375, -0.2408294677734375, 0.17626953125, -0.1765899658203125
95640, 96.34910583496094, 1000.0, 44.0, 228.0, 46.0, 127.0, 0.0, 42.0, 0.0, 0.0, 1000.0, 0.0, 1000.0, 0.0, 666.0, 891.0, 999.0, 999.0, 999.0, 999.0, 316.0, 267.0, 0.0, 0.0, , -0.319793701171875, 0.0387115478515625, -0.1887359619140625, 0.92767333984375, , 0.9354095458984375, -0.2489471435546875, 0.177490234375, -0.1775360107421875
95650, 96.35942077636719, 1000.0, 44.0, 227.0, 46.0, 127.0, 0.0, 42.0, 0.0, 0.0, 1000.0, 0.0, 1000.0, 0.0, 1000.0, 892.0, 999.0, 999.0, 999.0, 999.0, 316.0, 265.0, 0.0, 0.0, , -0.319854736328125, 0.0385589599609375, -0.1889495849609375, 0.9276275634765625, , 0.93438720703125, -0.25048828125, 0.181427001953125, -0.1767578125
95660, 96.37083435058594, 1000.0, 44.0, 227.0, 47.0, 126.0, 0.0, 43.0, 0.0, 0.0, 1000.0, 0.0, 1000.0, 0.0, 1000.0, 890.0, 999.0, 999.0, 999.0, 999.0, 316.0, 265.0, 0.0, 0.0, , -0.3199005126953125, 0.038330078125, -0.1890716552734375, 0.9275970458984375, , 0.934661865234375, -0.2495269775390625, 0.1812286376953125, -0.1768798828125
95670, 96.3791732788086, 1000.0, 44.0, 227.0, 47.0, 126.0, 0.0, 43.0, 0.0, 0.0, 1000.0, 0.0, 1000.0, 0.0, 1000.0, 890.0, 999.0, 999.0, 999.0, 999.0, 316.0, 265.0, 0.0, 0.0, , -0.3199005126953125, 0.038330078125, -0.1890716552734375, 0.9275970458984375, , 0.9345703125, -0.2494964599609375, 0.181732177734375, -0.1768798828125
95680, 96.38912200927734, 1000.0, 44.0, 228.0, 46.0, 127.0, 0.0, 42.0, 0.0, 0.0, 1000.0, 0.0, 1000.0, 0.0, 1000.0, 890.0, 999.0, 999.0, 999.0, 999.0, 316.0, 265.0, 0.0, 0.0, , -0.3200225830078125, 0.0380401611328125, -0.1888427734375, 0.9275970458984375, , 0.93408203125, -0.2517852783203125, 0.1800689697265625, -0.1779022216796875
95690, 96.39922332763672, 1000.0, 44.0, 228.0, 46.0, 126.0, 0.0, 42.0, 0.0, 0.0, 1000.0, 0.0, 1000.0, 0.0, 1000.0, 892.0, 999.0, 999.0, 999.0, 999.0, 315.0, 265.0, 0.0, 0.0, , -0.3200531005859375, 0.0377044677734375, -0.1886749267578125, 0.927642822265625, , 0.934112548828125, -0.251739501953125, 0.17950439453125, -0.178375244140625
95700, 96.40910339355469, 1000.0, 44.0, 228.0, 46.0, 126.0, 0.0, 43.0, 0.0, 0.0, 1000.0, 0.0, 1000.0, 0.0, 1000.0, 892.0, 999.0, 999.0, 999.0, 999.0, 316.0, 266.0, 0.0, 0.0, , -0.320098876953125, 0.037322998046875, -0.188385009765625, 0.927703857421875, , 0.935272216796875, -0.2500457763671875, 0.173980712890625, -0.180145263671875
95710, 96.4275894165039, 1000.0, 44.0, 228.0, 46.0, 127.0, 0.0, 43.0, 0.0, 0.0, 1000.0, 0.0, 1000.0, 0.0, 1000.0, 892.0, 999.0, 999.0, 999.0, 999.0, 315.0, 266.0, 0.0, 0.0, , -0.3200836181640625, 0.0370941162109375, -0.188079833984375, 0.9277801513671875, , 0.9349365234375, -0.250732421875, 0.17431640625, -0.180572509765625
95720, 96.42904663085938, 1000.0, 44.0, 228.0, 46.0, 127.0, 0.0, 43.0, 0.0, 0.0, 1000.0, 0.0, 1000.0, 0.0, 1000.0, 893.0, 999.0, 999.0, 999.0, 999.0, 315.0, 267.0, 0.0, 0.0, , -0.320037841796875, 0.0369873046875, -0.187591552734375, 0.9279022216796875, , 0.933929443359375, -0.2527618408203125, 0.1766510009765625, -0.180694580078125
95730, 96.43914031982422, 1000.0, 44.0, 228.0, 46.0, 127.0, 0.0, 42.0, 0.0, 0.0, 1000.0, 0.0, 1000.0, 0.0, 1000.0, 895.0, 999.0, 999.0, 999.0, 999.0, 315.0, 266.0, 0.0, 0.0, , -0.3199920654296875, 0.0370330810546875, -0.1870880126953125, 0.928009033203125, , 0.9317169189453125, -0.25897216796875, 0.178375244140625, -0.181671142578125
95740, 96.4490966796875, 1000.0, 44.0, 228.0, 46.0, 126.0, 0.0, 42.0, 0.0, 0.0, 1000.0, 0.0, 1000.0, 0.0, 1000.0, 896.0, 999.0, 999.0, 999.0, 999.0, 315.0, 264.0, 0.0, 0.0, , -0.3199615478515625, 0.0372772216796875, -0.1866607666015625, 0.9281005859375, , 0.928253173828125, -0.26678466796875, 0.1849517822265625, -0.18145751953125
95750, 96.45915222167969, 1000.0, 44.0, 228.0, 46.0, 127.0, 0.0, 42.0, 0.0, 0.0, 1000.0, 0.0, 1000.0, 0.0, 1000.0, 896.0, 999.0, 999.0, 999.0, 999.0, 315.0, 266.0, 0.0, 0.0, , -0.3194122314453125, 0.0377197265625, -0.1866302490234375, 0.92828369140625, , 0.9278564453125, -0.269256591796875, 0.1809539794921875, -0.1838531494140625
95760, 96.4690933227539, 1000.0, 44.0, 228.0, 46.0, 126.0, 0.0, 43.0, 0.0, 0.0, 1000.0, 0.0, 1000.0, 0.0, 1000.0, 896.0, 999.0, 999.0, 999.0, 999.0, 315.0, 267.0, 0.0, 0.0, , -0.3193359375, 0.03802490234375, -0.187042236328125, 0.9282073974609375, , 0.9285125732421875, -0.26739501953125, 0.1791839599609375, -0.1850433349609375
95770, 96.4793701171875, 1000.0, 44.0, 227.0, 46.0, 126.0, 0.0, 43.0, 0.0, 0.0, 1000.0, 0.0, 1000.0, 0.0, 1000.0, 895.0, 999.0, 999.0, 999.0, 999.0, 315.0, 265.0, 0.0, 0.0, , -0.3188629150390625, 0.0389556884765625, -0.187408447265625, 0.928253173828125, , 0.92864990234375, -0.266357421875, 0.1790618896484375, -0.1859588623046875
95780, 96.48912811279297, 1000.0, 44.0, 228.0, 46.0, 127.0, 0.0, 43.0, 0.0, 0.0, 1000.0, 0.0, 1000.0, 0.0, 1000.0, 894.0, 999.0, 999.0, 999.0, 999.0, 315.0, 265.0, 0.0, 0.0, , -0.3184814453125, 0.0396728515625, -0.1875152587890625, 0.9283447265625, , 0.9288177490234375, -0.2652587890625, 0.1787261962890625, -0.186981201171875
95790, 96.49910736083984, 1000.0, 44.0, 228.0, 46.0, 127.0, 0.0, 42.0, 0.0, 0.0, 1000.0, 0.0, 1000.0, 0.0, 1000.0, 896.0, 999.0, 999.0, 999.0, 999.0, 315.0, 264.0, 0.0, 0.0, , -0.318084716796875, 0.0401458740234375, -0.1875, 0.9284515380859375, , 0.92901611328125, -0.2640380859375, 0.178253173828125, -0.18817138671875
95800, 96.5091781616211, 1000.0, 44.0, 228.0, 46.0, 126.0, 0.0, 42.0, 0.0, 0.0, 1000.0, 0.0, 1000.0, 0.0, 1000.0, 895.0, 999.0, 999.0, 999.0, 999.0, 315.0, 264.0, 0.0, 0.0, , -0.3176422119140625, 0.040679931640625, -0.1874237060546875, 0.9286041259765625, , 0.9292449951171875, -0.2626495361328125, 0.17779541015625, -0.1894683837890625
95810, 96.51911163330078, 1000.0, 44.0, 228.0, 46.0, 127.0, 0.0, 42.0, 0.0, 0.0, 1000.0, 0.0, 1000.0, 0.0, 1000.0, 896.0, 999.0, 999.0, 999.0, 999.0, 315.0, 265.0, 0.0, 0.0, , -0.31732177734375, 0.04034423828125, -0.1881866455078125, 0.9285736083984375, , 0.929473876953125, -0.261077880859375, 0.177337646484375, -0.1908721923828125
95820, 96.53787231445312, 1000.0, 44.0, 228.0, 46.0, 127.0, 0.0, 42.0, 0.0, 0.0, 1000.0, 0.0, 1000.0, 0.0, 1000.0, 893.0, 999.0, 999.0, 999.0, 999.0, 314.0, 265.0, 0.0, 0.0, , -0.31689453125, 0.0403900146484375, -0.1890716552734375, 0.92852783203125, , 0.929718017578125, -0.259490966796875, 0.176971435546875, -0.1922454833984375
95830, 96.5390853881836, 1000.0, 44.0, 227.0, 46.0, 127.0, 0.0, 43.0, 0.0, 0.0, 1000.0, 0.0, 1000.0, 0.0, 1000.0, 893.0, 999.0, 999.0, 999.0, 999.0, 315.0, 265.0, 0.0, 0.0, , -0.316436767578125, 0.04022216796875, -0.1899871826171875, 0.9285125732421875, , 0.9299468994140625, -0.2578582763671875, 0.1766815185546875, -0.1935882568359375
95840, 96.54914855957031, 1000.0, 44.0, 227.0, 46.0, 127.0, 0.0, 43.0, 0.0, 0.0, 1000.0, 0.0, 1000.0, 0.0, 1000.0, 894.0, 999.0, 999.0, 999.0, 999.0, 316.0, 265.0, 0.0, 0.0, , -0.3160247802734375, 0.039703369140625, -0.1905517578125, 0.928558349609375, , 0.9300994873046875, -0.256256103515625, 0.1764984130859375, -0.1951141357421875
95850, 96.55912017822266, 1000.0, 44.0, 228.0, 46.0, 127.0, 0.0, 42.0, 0.0, 0.0, 1000.0, 0.0, 1000.0, 0.0, 1000.0, 895.0, 999.0, 999.0, 999.0, 999.0, 316.0, 265.0, 0.0, 0.0, , -0.3155059814453125, 0.03912353515625, -0.190460205078125, 0.92877197265625, , 0.9302520751953125, -0.254547119140625, 0.1764678955078125, -0.196624755859375
95860, 96.56909942626953, 1000.0, 44.0, 228.0, 46.0, 127.0, 0.0, 43.0, 0.0, 0.0, 1000.0, 0.0, 1000.0, 0.0, 1000.0, 892.0, 999.0, 999.0, 999.0, 999.0, 315.0, 264.0, 0.0, 0.0, , -0.314971923828125, 0.039306640625, -0.1898956298828125, 0.9290618896484375, , 0.9303436279296875, -0.2528533935546875, 0.1766510009765625, -0.198211669921875
95870, 96.5791015625, 1000.0, 44.0, 228.0, 46.0, 127.0, 0.0, 43.0, 0.0, 0.0, 1000.0, 0.0, 1000.0, 0.0, 1000.0, 893.0, 999.0, 999.0, 999.0, 999.0, 315.0, 263.0, 0.0, 0.0, , -0.3145599365234375, 0.0395965576171875, -0.1893310546875, 0.9293060302734375, , 0.93035888671875, -0.251251220703125, 0.1770172119140625, -0.1998748779296875
95880, 96.58946228027344, 1000.0, 44.0, 228.0, 46.0, 127.0, 0.0, 43.0, 0.0, 0.0, 1000.0, 0.0, 1000.0, 0.0, 1000.0, 893.0, 999.0, 999.0, 999.0, 999.0, 315.0, 263.0, 0.0, 0.0, , -0.314208984375, 0.0399017333984375, -0.188873291015625, 0.92950439453125, , 0.930328369140625, -0.2496337890625, 0.177459716796875, -0.201629638671875
95890, 96.59918975830078, 1000.0, 44.0, 228.0, 46.0, 127.0, 0.0, 42.0, 0.0, 0.0, 1000.0, 0.0, 1000.0, 0.0, 1000.0, 895.0, 999.0, 999.0, 999.0, 999.0, 315.0, 263.0, 0.0, 0.0, , -0.3137664794921875, 0.0401763916015625, -0.1884613037109375, 0.9297332763671875, , 0.9302825927734375, -0.2480316162109375, 0.1778564453125, -0.2034912109375
95900, 96.60916900634766, 1000.0, 44.0, 227.0, 46.0, 128.0, 0.0, 42.0, 0.0, 0.0, 1000.0, 0.0, 1000.0, 0.0, 1000.0, 895.0, 999.0, 999.0, 999.0, 999.0, 315.0, 264.0, 0.0, 0.0, , -0.3133087158203125, 0.040557861328125, -0.188079833984375, 0.9299468994140625, , 0.9301910400390625, -0.2464447021484375, 0.178314208984375, -0.2053985595703125
95910, 96.61909484863281, 1000.0, 44.0, 227.0, 46.0, 128.0, 0.0, 42.0, 0.0, 0.0, 1000.0, 0.0, 1000.0, 0.0, 1000.0, 895.0, 999.0, 999.0, 999.0, 999.0, 315.0, 264.0, 0.0, 0.0, , -0.3127288818359375, 0.04095458984375, -0.1876373291015625, 0.930206298828125, , 0.9300689697265625, -0.24481201171875, 0.1788787841796875, -0.207427978515625
95920, 96.62910461425781, 1000.0, 44.0, 227.0, 46.0, 127.0, 0.0, 42.0, 0.0, 0.0, 1000.0, 0.0, 1000.0, 0.0, 1000.0, 895.0, 999.0, 999.0, 999.0, 999.0, 315.0, 265.0, 0.0, 0.0, , -0.312103271484375, 0.0412445068359375, -0.1871795654296875, 0.9304962158203125, , 0.929962158203125, -0.2431488037109375, 0.17938232421875, -0.2093963623046875
95930, 96.6412353515625, 1000.0, 44.0, 227.0, 46.0, 127.0, 0.0, 42.0, 0.0, 0.0, 1000.0, 0.0, 1000.0, 0.0, 1000.0, 898.0, 999.0, 999.0, 999.0, 999.0, 314.0, 266.0, 0.0, 0.0, , -0.311370849609375, 0.0416412353515625, -0.1866912841796875, 0.9308319091796875, , 0.929840087890625, -0.241424560546875, 0.179931640625, -0.2114410400390625
95940, 96.64906311035156, 1000.0, 44.0, 227.0, 46.0, 127.0, 0.0, 42.0, 0.0, 0.0, 1000.0, 0.0, 1000.0, 0.0, 1000.0, 898.0, 999.0, 999.0, 999.0, 999.0, 314.0, 266.0, 0.0, 0.0, , -0.311370849609375, 0.0416412353515625, -0.1866912841796875, 0.9308319091796875, , 0.9297637939453125, -0.2396697998046875, 0.18048095703125, -0.2133331298828125
95950, 96.65914916992188, 1000.0, 44.0, 227.0, 46.0, 127.0, 0.0, 43.0, 0.0, 0.0, 1000.0, 0.0, 1000.0, 0.0, 1000.0, 894.0, 999.0, 999.0, 999.0, 999.0, 315.0, 266.0, 0.0, 0.0, , -0.3100433349609375, 0.041778564453125, -0.1865081787109375, 0.931304931640625, , 0.92962646484375, -0.23809814453125, 0.1811981201171875, -0.2150726318359375
95960, 96.66910552978516, 1000.0, 44.0, 227.0, 46.0, 127.0, 0.0, 43.0, 0.0, 0.0, 1000.0, 0.0, 1000.0, 0.0, 1000.0, 890.0, 999.0, 998.0, 999.0, 999.0, 315.0, 265.0, 0.0, 0.0, , -0.3092041015625, 0.042633056640625, -0.1857452392578125, 0.9316864013671875, , 0.92950439453125, -0.236541748046875, 0.181976318359375, -0.2166748046875
95970, 96.67913818359375, 1000.0, 44.0, 227.0, 46.0, 127.0, 0.0, 43.0, 0.0, 0.0, 1000.0, 0.0, 1000.0, 0.0, 1000.0, 890.0, 999.0, 998.0, 999.0, 999.0, 315.0, 265.0, 0.0, 0.0, , -0.3092041015625, 0.042633056640625, -0.1857452392578125, 0.9316864013671875, , 0.92938232421875, -0.235015869140625, 0.182769775390625, -0.2181549072265625
95980, 96.69935607910156, 1000.0, 44.0, 227.0, 46.0, 127.0, 0.0, 42.0, 0.0, 0.0, 1000.0, 0.0, 1000.0, 0.0, 1000.0, 894.0, 999.0, 999.0, 999.0, 999.0, 315.0, 265.0, 0.0, 0.0, , -0.3083038330078125, 0.04315185546875, -0.18536376953125, 0.932037353515625, , 0.929290771484375, -0.2336273193359375, 0.1836700439453125, -0.2192840576171875
95990, 96.70918273925781, 1000.0, 44.0, 227.0, 46.0, 128.0, 0.0, 42.0, 0.0, 0.0, 1000.0, 0.0, 1000.0, 0.0, 1000.0, 901.0, 999.0, 999.0, 999.0, 999.0, 315.0, 264.0, 0.0, 0.0, , -0.307830810546875, 0.04345703125, -0.1852264404296875, 0.9322052001953125, , 0.9291839599609375, -0.232452392578125, 0.1846160888671875, -0.220184326171875
96000, 96.71908569335938, 1000.0, 44.0, 227.0, 46.0, 128.0, 0.0, 42.0, 0.0, 0.0, 1000.0, 0.0, 1000.0, 0.0, 1000.0, 902.0, 999.0, 999.0, 999.0, 999.0, 315.0, 262.0, 0.0, 0.0, , -0.307586669921875, 0.0435638427734375, -0.1851043701171875, 0.93231201171875, , 0.92901611328125, -0.23150634765625, 0.1857452392578125, -0.220947265625
96010, 96.7291030883789, 1000.0, 44.0, 228.0, 46.0, 127.0, 0.0, 42.0, 0.0, 0.0, 1000.0, 0.0, 1000.0, 0.0, 1000.0, 908.0, 999.0, 999.0, 999.0, 999.0, 314.0, 262.0, 0.0, 0.0, , -0.3075714111328125, 0.0432586669921875, -0.185028076171875, 0.932342529296875, , 0.9288177490234375, -0.230712890625, 0.18701171875, -0.2215423583984375
96020, 96.73910522460938, 1000.0, 44.0, 227.0, 46.0, 127.0, 0.0, 42.0, 0.0, 0.0, 1000.0, 0.0, 1000.0, 0.0, 1000.0, 906.0, 999.0, 999.0, 999.0, 999.0, 314.0, 263.0, 0.0, 0.0, , -0.3076324462890625, 0.042938232421875, -0.184661865234375, 0.9324188232421875, , 0.92864990234375, -0.22998046875, 0.1880950927734375, -0.222076416015625
96030, 96.74913024902344, 1000.0, 44.0, 227.0, 46.0, 127.0, 0.0, 43.0, 0.0, 0.0, 1000.0, 0.0, 1000.0, 0.0, 1000.0, 907.0, 999.0, 999.0, 999.0, 999.0, 314.0, 265.0, 0.0, 0.0, , -0.3079376220703125, 0.0419921875, -0.183074951171875, 0.9326629638671875, , 0.9284820556640625, -0.22930908203125, 0.18927001953125, -0.22247314453125
96040, 96.75914001464844, 1000.0, 44.0, 227.0, 46.0, 127.0, 0.0, 43.0, 0.0, 0.0, 1000.0, 0.0, 1000.0, 0.0, 1000.0, 908.0, 999.0, 999.0, 999.0, 999.0, 315.0, 265.0, 0.0, 0.0, , -0.3080596923828125, 0.0413970947265625, -0.1819000244140625, 0.932891845703125, , 0.9297943115234375, -0.2275390625, 0.18194580078125, -0.2249298095703125
96050, 96.76908111572266, 1000.0, 44.0, 227.0, 46.0, 127.0, 0.0, 43.0, 0.0, 0.0, 1000.0, 0.0, 1000.0, 0.0, 1000.0, 908.0, 999.0, 999.0, 999.0, 999.0, 315.0, 266.0, 0.0, 0.0, , -0.308197021484375, 0.0410919189453125, -0.1810455322265625, 0.9330291748046875, , 0.9306488037109375, -0.22589111328125, 0.1776580810546875, -0.2264404296875
96060, 96.77911376953125, 1000.0, 44.0, 226.0, 46.0, 128.0, 0.0, 43.0, 0.0, 0.0, 1000.0, 0.0, 1000.0, 0.0, 1000.0, 909.0, 999.0, 999.0, 999.0, 999.0, 315.0, 266.0, 0.0, 0.0, , -0.308319091796875, 0.0409393310546875, -0.180145263671875, 0.93316650390625, , 0.931427001953125, -0.224578857421875, 0.1732635498046875, -0.227935791015625
96070, 96.78913116455078, 1000.0, 44.0, 227.0, 46.0, 128.0, 0.0, 43.0, 0.0, 0.0, 1000.0, 0.0, 1000.0, 0.0, 1000.0, 908.0, 999.0, 999.0, 999.0, 999.0, 314.0, 266.0, 0.0, 0.0, , -0.3084564208984375, 0.0410308837890625, -0.179656982421875, 0.9332122802734375, , 0.9316558837890625, -0.2248992919921875, 0.1698760986328125, -0.2292327880859375
96080, 96.7992172241211, 1000.0, 44.0, 228.0, 46.0, 127.0, 0.0, 43.0, 0.0, 0.0, 1000.0, 0.0, 1000.0, 0.0, 1000.0, 910.0, 999.0, 999.0, 999.0, 999.0, 314.0, 265.0, 0.0, 0.0, , -0.3085479736328125, 0.0417633056640625, -0.1793365478515625, 0.9332122802734375, , 0.9321441650390625, -0.2245025634765625, 0.1661376953125, -0.23040771484375
96090, 96.80907440185547, 1000.0, 44.0, 228.0, 46.0, 127.0, 0.0, 43.0, 0.0, 0.0, 1000.0, 0.0, 1000.0, 0.0, 1000.0, 909.0, 999.0, 999.0, 999.0, 999.0, 313.0, 265.0, 0.0, 0.0, , -0.3085784912109375, 0.0426788330078125, -0.1791534423828125, 0.933197021484375, , 0.9322509765625, -0.222686767578125, 0.168975830078125, -0.2296295166015625
96100, 96.819091796875, 1000.0, 44.0, 228.0, 46.0, 128.0, 0.0, 42.0, 0.0, 0.0, 1000.0, 0.0, 1000.0, 0.0, 1000.0, 912.0, 999.0, 999.0, 999.0, 999.0, 313.0, 263.0, 0.0, 0.0, , -0.308624267578125, 0.0438079833984375, -0.17913818359375, 0.9331207275390625, , 0.9333953857421875, -0.217559814453125, 0.1707305908203125, -0.228607177734375
96110, 96.8291015625, 1000.0, 44.0, 228.0, 46.0, 129.0, 0.0, 42.0, 0.0, 0.0, 1000.0, 0.0, 1000.0, 0.0, 1000.0, 911.0, 999.0, 999.0, 999.0, 999.0, 313.0, 266.0, 0.0, 0.0, , -0.3087005615234375, 0.0448760986328125, -0.1793365478515625, 0.933013916015625, , 0.9334716796875, -0.217071533203125, 0.1714019775390625, -0.228302001953125
96120, 96.83912658691406, 1000.0, 44.0, 226.0, 46.0, 129.0, 0.0, 42.0, 0.0, 0.0, 1000.0, 0.0, 1000.0, 0.0, 1000.0, 909.0, 999.0, 999.0, 999.0, 999.0, 313.0, 266.0, 0.0, 0.0, , -0.3088226318359375, 0.0456390380859375, -0.179443359375, 0.9329071044921875, , 0.93353271484375, -0.2167205810546875, 0.1720123291015625, -0.2279052734375
96130, 96.84911346435547, 1000.0, 44.0, 226.0, 46.0, 130.0, 0.0, 43.0, 0.0, 0.0, 1000.0, 0.0, 1000.0, 0.0, 1000.0, 909.0, 999.0, 999.0, 999.0, 999.0, 314.0, 265.0, 0.0, 0.0, , -0.308990478515625, 0.0462188720703125, -0.179840087890625, 0.9327545166015625, , 0.93353271484375, -0.2165985107421875, 0.17279052734375, -0.2274017333984375
96140, 96.85919952392578, 1000.0, 44.0, 227.0, 46.0, 129.0, 0.0, 43.0, 0.0, 0.0, 1000.0, 0.0, 1000.0, 0.0, 1000.0, 910.0, 999.0, 999.0, 999.0, 999.0, 313.0, 263.0, 0.0, 0.0, , -0.3092041015625, 0.046478271484375, -0.1801605224609375, 0.9326019287109375, , 0.933563232421875, -0.216583251953125, 0.1733551025390625, -0.22686767578125
96150, 96.86909484863281, 1000.0, 44.0, 228.0, 46.0, 128.0, 0.0, 42.0, 0.0, 0.0, 1000.0, 0.0, 1000.0, 0.0, 1000.0, 911.0, 999.0, 999.0, 999.0, 999.0, 313.0, 265.0, 0.0, 0.0, , -0.309539794921875, 0.0465545654296875, -0.180328369140625, 0.9324493408203125, , 0.9335174560546875, -0.21697998046875, 0.1737213134765625, -0.22637939453125
96160, 96.87909698486328, 1000.0, 44.0, 227.0, 46.0, 128.0, 0.0, 42.0, 0.0, 0.0, 1000.0, 0.0, 1000.0, 0.0, 1000.0, 911.0, 999.0, 999.0, 999.0, 999.0, 312.0, 266.0, 0.0, 0.0, , -0.3099212646484375, 0.046478271484375, -0.18048095703125, 0.9322967529296875, , 0.9333648681640625, -0.217742919921875, 0.1744842529296875, -0.2257537841796875
96170, 96.88912963867188, 1000.0, 44.0, 227.0, 46.0, 129.0, 0.0, 43.0, 0.0, 0.0, 1000.0, 0.0, 1000.0, 0.0, 1000.0, 910.0, 999.0, 999.0, 999.0, 999.0, 312.0, 265.0, 0.0, 0.0, , -0.3104095458984375, 0.04608154296875, -0.1804046630859375, 0.9321746826171875, , 0.9333648681640625, -0.218292236328125, 0.174285888671875, -0.2253265380859375
96180, 96.89910888671875, 1000.0, 44.0, 227.0, 46.0, 129.0, 0.0, 42.0, 0.0, 0.0, 1000.0, 0.0, 1000.0, 0.0, 1000.0, 909.0, 999.0, 999.0, 999.0, 999.0, 312.0, 263.0, 0.0, 0.0, , -0.31097412109375, 0.0454864501953125, -0.18011474609375, 0.93206787109375, , 0.9330902099609375, -0.2192840576171875, 0.175506591796875, -0.2245635986328125
96190, 96.90916442871094, 1000.0, 44.0, 227.0, 46.0, 129.0, 0.0, 42.0, 0.0, 0.0, 1000.0, 0.0, 1000.0, 0.0, 1000.0, 910.0, 999.0, 999.0, 999.0, 999.0, 311.0, 263.0, 0.0, 0.0, , -0.3115386962890625, 0.0451507568359375, -0.1800384521484375, 0.931915283203125, , 0.9326019287109375, -0.2212066650390625, 0.1766815185546875, -0.22381591796875
96200, 96.91912078857422, 1000.0, 44.0, 227.0, 46.0, 129.0, 0.0, 43.0, 0.0, 0.0, 1000.0, 0.0, 1000.0, 0.0, 1000.0, 910.0, 999.0, 999.0, 999.0, 999.0, 311.0, 263.0, 0.0, 0.0, , -0.312103271484375, 0.044921875, -0.179962158203125, 0.9317474365234375, , 0.9327392578125, -0.2208099365234375, 0.1776275634765625, -0.2228851318359375
96210, 96.9291000366211, 1000.0, 44.0, 227.0, 46.0, 129.0, 0.0, 43.0, 0.0, 0.0, 1000.0, 0.0, 1000.0, 0.0, 1000.0, 911.0, 999.0, 999.0, 999.0, 999.0, 311.0, 262.0, 0.0, 0.0, , -0.3124847412109375, 0.044830322265625, -0.180328369140625, 0.9315643310546875, , 0.9326171875, -0.2216949462890625, 0.1777191162109375, -0.222442626953125
96220, 96.93913269042969, 1000.0, 44.0, 227.0, 46.0, 129.0, 0.0, 42.0, 0.0, 0.0, 1000.0, 0.0, 1000.0, 0.0, 1000.0, 908.0, 999.0, 999.0, 999.0, 999.0, 311.0, 266.0, 0.0, 0.0, , -0.312835693359375, 0.0449981689453125, -0.180816650390625, 0.93133544921875, , 0.931976318359375, -0.22381591796875, 0.179168701171875, -0.2218017578125
96230, 96.94911193847656, 1000.0, 44.0, 227.0, 46.0, 129.0, 0.0, 43.0, 0.0, 0.0, 1000.0, 0.0, 1000.0, 0.0, 1000.0, 909.0, 999.0, 999.0, 999.0, 999.0, 310.0, 264.0, 0.0, 0.0, , -0.3131561279296875, 0.0452117919921875, -0.181243896484375, 0.9311370849609375, , 0.931854248046875, -0.224822998046875, 0.17913818359375, -0.2213592529296875
96240, 96.95918273925781, 1000.0, 44.0, 227.0, 46.0, 129.0, 0.0, 43.0, 0.0, 0.0, 1000.0, 0.0, 1000.0, 0.0, 1000.0, 907.0, 999.0, 999.0, 999.0, 999.0, 309.0, 265.0, 0.0, 0.0, , -0.313323974609375, 0.0456085205078125, -0.1818084716796875, 0.9309539794921875, , 0.931915283203125, -0.2249908447265625, 0.17913818359375, -0.220916748046875
96250, 96.9707260131836, 1000.0, 44.0, 227.0, 46.0, 129.0, 0.0, 43.0, 0.0, 0.0, 1000.0, 0.0, 1000.0, 0.0, 1000.0, 907.0, 999.0, 999.0, 999.0, 999.0, 309.0, 265.0, 0.0, 0.0, , -0.313323974609375, 0.0456085205078125, -0.1818084716796875, 0.9309539794921875, , 0.9315032958984375, -0.2269439697265625, 0.179107666015625, -0.22064208984375
96260, 96.9791030883789, 1000.0, 44.0, 228.0, 46.0, 130.0, 0.0, 43.0, 0.0, 0.0, 1000.0, 0.0, 1000.0, 0.0, 1000.0, 907.0, 999.0, 999.0, 999.0, 999.0, 312.0, 265.0, 0.0, 0.0, , -0.3136138916015625, 0.0459442138671875, -0.1824951171875, 0.9307098388671875, , 0.9315185546875, -0.2280426025390625, 0.17767333984375, -0.2206268310546875
96270, 96.98912048339844, 1000.0, 44.0, 228.0, 46.0, 129.0, 0.0, 43.0, 0.0, 0.0, 1000.0, 0.0, 1000.0, 0.0, 1000.0, 903.0, 999.0, 999.0, 999.0, 999.0, 312.0, 264.0, 0.0, 0.0, , -0.31365966796875, 0.04644775390625, -0.1833038330078125, 0.9304962158203125, , 0.93115234375, -0.229278564453125, 0.1786346435546875, -0.220123291015625
96280, 96.99910736083984, 1000.0, 44.0, 228.0, 46.0, 128.0, 0.0, 43.0, 0.0, 0.0, 1000.0, 0.0, 1000.0, 0.0, 1000.0, 896.0, 999.0, 999.0, 999.0, 999.0, 311.0, 265.0, 0.0, 0.0, , -0.313720703125, 0.046661376953125, -0.1839752197265625, 0.9303436279296875, , 0.931793212890625, -0.2284393310546875, 0.1762542724609375, -0.2201995849609375
96290, 97.00916290283203, 1000.0, 44.0, 227.0, 46.0, 129.0, 0.0, 43.0, 0.0, 0.0, 1000.0, 0.0, 1000.0, 0.0, 1000.0, 895.0, 999.0, 999.0, 999.0, 999.0, 310.0, 265.0, 0.0, 0.0, , -0.3137969970703125, 0.0467071533203125, -0.184783935546875, 0.930145263671875, , 0.931884765625, -0.2280120849609375, 0.17730712890625, -0.2194061279296875
96300, 97.01910400390625, 1000.0, 44.0, 227.0, 46.0, 129.0, 0.0, 43.0, 0.0, 0.0, 1000.0, 0.0, 1000.0, 0.0, 1000.0, 895.0, 999.0, 999.0, 999.0, 999.0, 310.0, 264.0, 0.0, 0.0, , -0.313934326171875, 0.04656982421875, -0.18524169921875, 0.930023193359375, , 0.931976318359375, -0.2275543212890625, 0.1783294677734375, -0.21868896484375
96310, 97.02910614013672, 1000.0, 44.0, 228.0, 46.0, 129.0, 0.0, 43.0, 0.0, 0.0, 1000.0, 0.0, 1000.0, 0.0, 1000.0, 894.0, 999.0, 999.0, 999.0, 999.0, 309.0, 265.0, 0.0, 0.0, , -0.3141632080078125, 0.0462646484375, -0.1851043701171875, 0.92999267578125, , 0.932037353515625, -0.22711181640625, 0.1793975830078125, -0.217987060546875
96320, 97.03912353515625, 1000.0, 44.0, 228.0, 46.0, 128.0, 0.0, 43.0, 0.0, 0.0, 1000.0, 0.0, 1000.0, 0.0, 1000.0, 891.0, 999.0, 999.0, 999.0, 999.0, 309.0, 264.0, 0.0, 0.0, , -0.314422607421875, 0.046051025390625, -0.1850433349609375, 0.9299163818359375, , 0.9320831298828125, -0.2266693115234375, 0.18060302734375, -0.217254638671875
96330, 97.04911041259766, 1000.0, 44.0, 226.0, 46.0, 128.0, 0.0, 42.0, 0.0, 0.0, 1000.0, 0.0, 1000.0, 0.0, 1000.0, 889.0, 999.0, 999.0, 999.0, 999.0, 309.0, 263.0, 0.0, 0.0, , -0.314849853515625, 0.0456390380859375, -0.1841583251953125, 0.9299774169921875, , 0.93218994140625, -0.2261505126953125, 0.1817474365234375, -0.2164306640625
96340, 97.05918884277344, 1000.0, 44.0, 226.0, 46.0, 128.0, 0.0, 43.0, 0.0, 0.0, 1000.0, 0.0, 1000.0, 0.0, 1000.0, 893.0, 999.0, 999.0, 999.0, 999.0, 310.0, 264.0, 0.0, 0.0, , -0.3150634765625, 0.0453033447265625, -0.183563232421875, 0.9300384521484375, , 0.9322662353515625, -0.2255706787109375, 0.1830291748046875, -0.215606689453125
96350, 97.0692138671875, 1000.0, 44.0, 226.0, 46.0, 129.0, 0.0, 43.0, 0.0, 0.0, 1000.0, 0.0, 1000.0, 0.0, 1000.0, 893.0, 999.0, 999.0, 999.0, 999.0, 309.0, 265.0, 0.0, 0.0, , -0.3150787353515625, 0.0452423095703125, -0.183380126953125, 0.9300689697265625, , 0.9323577880859375, -0.224945068359375, 0.1842803955078125, -0.2147674560546875
96360, 97.0791015625, 1000.0, 44.0, 227.0, 46.0, 129.0, 0.0, 43.0, 0.0, 0.0, 1000.0, 0.0, 1000.0, 0.0, 1000.0, 894.0, 999.0, 999.0, 999.0, 998.0, 308.0, 264.0, 0.0, 0.0, , -0.3153228759765625, 0.0450439453125, -0.1828155517578125, 0.9300994873046875, , 0.93243408203125, -0.224395751953125, 0.1855010986328125, -0.2139434814453125
96370, 97.08910369873047, 1000.0, 44.0, 227.0, 46.0, 129.0, 0.0, 43.0, 0.0, 0.0, 1000.0, 0.0, 1000.0, 0.0, 1000.0, 892.0, 999.0, 999.0, 999.0, 998.0, 309.0, 263.0, 0.0, 0.0, , -0.315582275390625, 0.0448760986328125, -0.1827850341796875, 0.9300384521484375, , 0.9325408935546875, -0.22381591796875, 0.1866912841796875, -0.2130584716796875
96380, 97.09911346435547, 1000.0, 44.0, 227.0, 46.0, 129.0, 0.0, 43.0, 0.0, 0.0, 1000.0, 0.0, 1000.0, 0.0, 1000.0, 894.0, 999.0, 999.0, 999.0, 999.0, 310.0, 266.0, 0.0, 0.0, , -0.315826416015625, 0.044708251953125, -0.1828155517578125, 0.9299468994140625, , 0.9326019287109375, -0.2232818603515625, 0.1880645751953125, -0.2121429443359375
96390, 97.10922241210938, 1000.0, 44.0, 227.0, 46.0, 129.0, 0.0, 42.0, 0.0, 0.0, 1000.0, 0.0, 1000.0, 0.0, 1000.0, 895.0, 999.0, 999.0, 999.0, 999.0, 308.0, 264.0, 0.0, 0.0, , -0.3160552978515625, 0.044525146484375, -0.182830810546875, 0.9298858642578125, , 0.9326934814453125, -0.2227325439453125, 0.1890869140625, -0.21142578125
96400, 97.11922454833984, 1000.0, 44.0, 226.0, 46.0, 129.0, 0.0, 42.0, 0.0, 0.0, 1000.0, 0.0, 1000.0, 0.0, 1000.0, 896.0, 999.0, 999.0, 999.0, 999.0, 308.0, 263.0, 0.0, 0.0, , -0.3162841796875, 0.0443572998046875, -0.1828460693359375, 0.9298095703125, , 0.932891845703125, -0.2220916748046875, 0.1899261474609375, -0.2104949951171875
96410, 97.13257598876953, 1000.0, 44.0, 226.0, 46.0, 129.0, 0.0, 43.0, 0.0, 0.0, 1000.0, 0.0, 1000.0, 0.0, 1000.0, 892.0, 999.0, 999.0, 999.0, 999.0, 309.0, 265.0, 0.0, 0.0, , -0.3165283203125, 0.0441741943359375, -0.1829071044921875, 0.929718017578125, , 0.9329681396484375, -0.22161865234375, 0.190887451171875, -0.2097320556640625
96420, 97.13908386230469, 1000.0, 44.0, 226.0, 46.0, 127.0, 0.0, 42.0, 0.0, 0.0, 1000.0, 0.0, 1000.0, 0.0, 1000.0, 892.0, 999.0, 999.0, 999.0, 999.0, 309.0, 264.0, 0.0, 0.0, , -0.316802978515625, 0.0440216064453125, -0.1829376220703125, 0.92962646484375, , 0.93304443359375, -0.22113037109375, 0.19189453125, -0.2090301513671875
96430, 97.14910888671875, 1000.0, 44.0, 226.0, 46.0, 127.0, 0.0, 43.0, 0.0, 0.0, 1000.0, 0.0, 1000.0, 0.0, 1000.0, 890.0, 999.0, 999.0, 999.0, 999.0, 309.0, 265.0, 0.0, 0.0, , -0.3170623779296875, 0.043853759765625, -0.183074951171875, 0.9295196533203125, , 0.932373046875, -0.2230682373046875, 0.1934051513671875, -0.208526611328125
96440, 97.15921783447266, 1000.0, 44.0, 226.0, 46.0, 127.0, 0.0, 42.0, 0.0, 0.0, 1000.0, 0.0, 1000.0, 0.0, 1000.0, 892.0, 999.0, 999.0, 999.0, 999.0, 309.0, 264.0, 0.0, 0.0, , -0.3173675537109375, 0.0436553955078125, -0.1832275390625, 0.9293975830078125, , 0.931610107421875, -0.225677490234375, 0.1942138671875, -0.2083740234375
96450, 97.16920471191406, 1000.0, 44.0, 227.0, 46.0, 127.0, 0.0, 42.0, 0.0, 0.0, 1000.0, 0.0, 1000.0, 0.0, 1000.0, 892.0, 999.0, 999.0, 999.0, 999.0, 309.0, 265.0, 0.0, 0.0, , -0.3176422119140625, 0.0435638427734375, -0.183258056640625, 0.9293060302734375, , 0.9324493408203125, -0.2236785888671875, 0.1927490234375, -0.2081298828125
96460, 97.17910766601562, 1000.0, 44.0, 227.0, 46.0, 127.0, 0.0, 42.0, 0.0, 0.0, 1000.0, 0.0, 1000.0, 0.0, 1000.0, 894.0, 999.0, 999.0, 999.0, 999.0, 309.0, 265.0, 0.0, 0.0, , -0.31793212890625, 0.043426513671875, -0.183349609375, 0.9291839599609375, , 0.931671142578125, -0.227264404296875, 0.1920166015625, -0.208465576171875
96470, 97.18915557861328, 1000.0, 44.0, 226.0, 46.0, 127.0, 0.0, 42.0, 0.0, 0.0, 1000.0, 0.0, 1000.0, 0.0, 1000.0, 893.0, 999.0, 999.0, 999.0, 999.0, 308.0, 266.0, 0.0, 0.0, , -0.3182220458984375, 0.0432586669921875, -0.183441162109375, 0.9290771484375, , 0.9314422607421875, -0.22802734375, 0.192718505859375, -0.2079925537109375
96480, 97.19913482666016, 1000.0, 44.0, 226.0, 46.0, 128.0, 0.0, 42.0, 0.0, 0.0, 1000.0, 0.0, 1000.0, 0.0, 1000.0, 895.0, 999.0, 999.0, 999.0, 999.0, 308.0, 265.0, 0.0, 0.0, , -0.3185272216796875, 0.0430908203125, -0.18353271484375, 0.9289703369140625, , 0.932769775390625, -0.2238006591796875, 0.1921539306640625, -0.207122802734375
96490, 97.20919799804688, 1000.0, 43.0, 227.0, 46.0, 128.0, 0.0, 41.0, 0.0, 0.0, 1000.0, 0.0, 1000.0, 0.0, 1000.0, 896.0, 999.0, 999.0, 999.0, 999.0, 309.0, 265.0, 0.0, 0.0, , -0.31884765625, 0.04290771484375, -0.1836700439453125, 0.9288330078125, , 0.9321136474609375, -0.225433349609375, 0.1940155029296875, -0.2065887451171875
96500, 97.2192153930664, 1000.0, 43.0, 227.0, 46.0, 128.0, 0.0, 42.0, 0.0, 0.0, 1000.0, 0.0, 1000.0, 0.0, 1000.0, 897.0, 999.0, 999.0, 999.0, 999.0, 309.0, 263.0, 0.0, 0.0, , -0.31915283203125, 0.042724609375, -0.183746337890625, 0.9287261962890625, , 0.9320831298828125, -0.2233734130859375, 0.198760986328125, -0.2044677734375
96510, 97.2291030883789, 1000.0, 43.0, 227.0, 46.0, 127.0, 0.0, 42.0, 0.0, 0.0, 1000.0, 0.0, 1000.0, 0.0, 1000.0, 900.0, 999.0, 999.0, 999.0, 999.0, 309.0, 263.0, 0.0, 0.0, , -0.3194122314453125, 0.0426025390625, -0.183868408203125, 0.928619384765625, , 0.9336700439453125, -0.2209014892578125, 0.19293212890625, -0.2054443359375
96520, 97.24270629882812, 1000.0, 44.0, 227.0, 46.0, 127.0, 0.0, 43.0, 0.0, 0.0, 1000.0, 0.0, 1000.0, 0.0, 1000.0, 900.0, 999.0, 999.0, 999.0, 999.0, 309.0, 263.0, 0.0, 0.0, , -0.3196868896484375, 0.0424652099609375, -0.1840362548828125, 0.928497314453125, , 0.9312896728515625, -0.22930908203125, 0.193695068359375, -0.206329345703125
96530, 97.24900817871094, 1000.0, 44.0, 226.0, 46.0, 126.0, 0.0, 42.0, 0.0, 0.0, 1000.0, 0.0, 1000.0, 0.0, 1000.0, 899.0, 999.0, 999.0, 999.0, 999.0, 309.0, 263.0, 0.0, 0.0, , -0.3200225830078125, 0.0423431396484375, -0.1842193603515625, 0.9283447265625, , 0.9311370849609375, -0.2307586669921875, 0.1920623779296875, -0.2069549560546875
96540, 97.25922393798828, 1000.0, 44.0, 225.0, 46.0, 127.0, 0.0, 42.0, 0.0, 0.0, 1000.0, 0.0, 1000.0, 0.0, 1000.0, 899.0, 999.0, 999.0, 999.0, 999.0, 310.0, 263.0, 0.0, 0.0, , -0.32037353515625, 0.0422821044921875, -0.1845245361328125, 0.9281768798828125, , 0.9302520751953125, -0.232086181640625, 0.195587158203125, -0.20611572265625
96550, 97.26909637451172, 1000.0, 44.0, 225.0, 46.0, 127.0, 0.0, 42.0, 0.0, 0.0, 1000.0, 0.0, 1000.0, 0.0, 1000.0, 899.0, 999.0, 999.0, 999.0, 999.0, 310.0, 263.0, 0.0, 0.0, , -0.32037353515625, 0.0422821044921875, -0.1845245361328125, 0.9281768798828125, , 0.9296722412109375, -0.233123779296875, 0.1973114013671875, -0.205902099609375
96560, 97.27911376953125, 1000.0, 44.0, 225.0, 46.0, 127.0, 0.0, 42.0, 0.0, 0.0, 1000.0, 0.0, 1000.0, 0.0, 1000.0, 898.0, 999.0, 999.0, 999.0, 999.0, 309.0, 262.0, 0.0, 0.0, , -0.3211669921875, 0.041900634765625, -0.1849822998046875, 0.927825927734375, , 0.9305877685546875, -0.2320404052734375, 0.193359375, -0.206787109375
96570, 97.28912353515625, 1000.0, 43.0, 226.0, 46.0, 127.0, 0.0, 42.0, 0.0, 0.0, 1000.0, 0.0, 1000.0, 0.0, 1000.0, 900.0, 999.0, 999.0, 999.0, 999.0, 309.0, 263.0, 0.0, 0.0, , -0.3215789794921875, 0.0414886474609375, -0.1854248046875, 0.9276123046875, , 0.9304046630859375, -0.2336273193359375, 0.1915283203125, -0.207489013671875
96580, 97.2991943359375, 1000.0, 43.0, 226.0, 46.0, 127.0, 0.0, 41.0, 0.0, 0.0, 1000.0, 0.0, 1000.0, 0.0, 1000.0, 899.0, 999.0, 999.0, 999.0, 999.0, 309.0, 264.0, 0.0, 0.0, , -0.322052001953125, 0.0411224365234375, -0.185760498046875, 0.927398681640625, , 0.93011474609375, -0.23388671875, 0.1932220458984375, -0.20697021484375
96590, 97.30918884277344, 1000.0, 43.0, 227.0, 46.0, 127.0, 0.0, 41.0, 0.0, 0.0, 1000.0, 0.0, 1000.0, 0.0, 1000.0, 902.0, 999.0, 999.0, 999.0, 999.0, 309.0, 264.0, 0.0, 0.0, , -0.322418212890625, 0.0408172607421875, -0.1859588623046875, 0.92724609375, , 0.9312744140625, -0.233062744140625, 0.18658447265625, -0.2087249755859375
96600, 97.31922149658203, 1000.0, 44.0, 226.0, 46.0, 127.0, 0.0, 41.0, 0.0, 0.0, 1000.0, 0.0, 1000.0, 0.0, 1000.0, 902.0, 999.0, 999.0, 999.0, 999.0, 309.0, 265.0, 0.0, 0.0, , -0.322723388671875, 0.0408172607421875, -0.1860809326171875, 0.9271087646484375, , 0.9311370849609375, -0.2322998046875, 0.1892547607421875, -0.207794189453125
96610, 97.3291244506836, 1000.0, 44.0, 227.0, 46.0, 127.0, 0.0, 41.0, 0.0, 0.0, 1000.0, 0.0, 1000.0, 0.0, 1000.0, 902.0, 999.0, 998.0, 999.0, 999.0, 310.0, 265.0, 0.0, 0.0, , -0.3230438232421875, 0.0406646728515625, -0.186065673828125, 0.927001953125, , 0.929107666015625, -0.23663330078125, 0.19488525390625, -0.2067718505859375
96620, 97.33912658691406, 1000.0, 44.0, 227.0, 46.0, 127.0, 0.0, 41.0, 0.0, 0.0, 1000.0, 0.0, 1000.0, 0.0, 1000.0, 900.0, 999.0, 998.0, 999.0, 999.0, 310.0, 266.0, 0.0, 0.0, , -0.323333740234375, 0.04058837890625, -0.18597412109375, 0.9269256591796875, , 0.9304351806640625, -0.2337493896484375, 0.1913604736328125, -0.2073822021484375
96630, 97.34911346435547, 1000.0, 44.0, 227.0, 46.0, 126.0, 0.0, 42.0, 0.0, 0.0, 1000.0, 0.0, 1000.0, 0.0, 1000.0, 901.0, 999.0, 998.0, 999.0, 999.0, 309.0, 265.0, 0.0, 0.0, , -0.3235931396484375, 0.040679931640625, -0.186004638671875, 0.9268341064453125, , 0.92926025390625, -0.2355804443359375, 0.19580078125, -0.2064666748046875
96640, 97.35919189453125, 1000.0, 44.0, 225.0, 46.0, 127.0, 0.0, 42.0, 0.0, 0.0, 1000.0, 0.0, 1000.0, 0.0, 1000.0, 903.0, 999.0, 999.0, 999.0, 999.0, 308.0, 264.0, 0.0, 0.0, , -0.323974609375, 0.04107666015625, -0.186279296875, 0.9266204833984375, , 0.9296112060546875, -0.234649658203125, 0.1951141357421875, -0.2065582275390625
96650, 97.36910247802734, 1000.0, 44.0, 225.0, 46.0, 127.0, 0.0, 42.0, 0.0, 0.0, 1000.0, 0.0, 1000.0, 0.0, 1000.0, 901.0, 999.0, 999.0, 999.0, 999.0, 307.0, 264.0, 0.0, 0.0, , -0.3238983154296875, 0.041473388671875, -0.1866302490234375, 0.9265594482421875, , 0.9305877685546875, -0.232879638671875, 0.1918182373046875, -0.207244873046875
96660, 97.37914276123047, 1000.0, 43.0, 225.0, 46.0, 127.0, 0.0, 42.0, 0.0, 0.0, 1000.0, 0.0, 1000.0, 0.0, 1000.0, 902.0, 999.0, 999.0, 999.0, 999.0, 309.0, 265.0, 0.0, 0.0, , -0.3240966796875, 0.0417633056640625, -0.1867828369140625, 0.92645263671875, , 0.9298553466796875, -0.2362213134765625, 0.19024658203125, -0.2082366943359375
96670, 97.38915252685547, 1000.0, 43.0, 225.0, 46.0, 126.0, 0.0, 42.0, 0.0, 0.0, 1000.0, 0.0, 1000.0, 0.0, 1000.0, 899.0, 999.0, 999.0, 999.0, 999.0, 309.0, 264.0, 0.0, 0.0, , -0.3242950439453125, 0.0418853759765625, -0.186798095703125, 0.9263763427734375, , 0.9300994873046875, -0.235107421875, 0.1905670166015625, -0.2081146240234375
96680, 97.40435791015625, 1000.0, 43.0, 225.0, 46.0, 126.0, 0.0, 41.0, 0.0, 0.0, 1000.0, 0.0, 1000.0, 0.0, 1000.0, 900.0, 999.0, 999.0, 999.0, 999.0, 308.0, 264.0, 0.0, 0.0, , -0.324493408203125, 0.042083740234375, -0.186614990234375, 0.92633056640625, , 0.9299468994140625, -0.233734130859375, 0.1942138671875, -0.2069854736328125
96690, 97.40919494628906, 1000.0, 43.0, 226.0, 46.0, 126.0, 0.0, 41.0, 0.0, 0.0, 1000.0, 0.0, 1000.0, 0.0, 1000.0, 898.0, 999.0, 999.0, 999.0, 999.0, 309.0, 264.0, 0.0, 0.0, , -0.32470703125, 0.0421142578125, -0.1864166259765625, 0.9262847900390625, , 0.9290313720703125, -0.2345428466796875, 0.198699951171875, -0.2058868408203125
96700, 97.41915893554688, 1000.0, 43.0, 226.0, 46.0, 127.0, 0.0, 41.0, 0.0, 0.0, 1000.0, 0.0, 1000.0, 0.0, 1000.0, 899.0, 999.0, 999.0, 999.0, 999.0, 310.0, 265.0, 0.0, 0.0, , -0.3249359130859375, 0.0421600341796875, -0.1862640380859375, 0.926239013671875, , 0.9285430908203125, -0.2365570068359375, 0.197967529296875, -0.2064971923828125
96710, 97.42913055419922, 1000.0, 43.0, 226.0, 46.0, 127.0, 0.0, 41.0, 0.0, 0.0, 1000.0, 0.0, 1000.0, 0.0, 1000.0, 896.0, 999.0, 999.0, 999.0, 999.0, 310.0, 265.0, 0.0, 0.0, , -0.325164794921875, 0.0420379638671875, -0.18603515625, 0.92620849609375, , 0.9283599853515625, -0.237548828125, 0.1970367431640625, -0.207061767578125
96720, 97.43919372558594, 1000.0, 43.0, 226.0, 46.0, 126.0, 0.0, 41.0, 0.0, 0.0, 1000.0, 0.0, 1000.0, 0.0, 1000.0, 897.0, 999.0, 999.0, 999.0, 999.0, 310.0, 265.0, 0.0, 0.0, , -0.3254241943359375, 0.0418243408203125, -0.185760498046875, 0.9261932373046875, , 0.92742919921875, -0.2394866943359375, 0.1993408203125, -0.2067718505859375
96730, 97.44915771484375, 1000.0, 43.0, 226.0, 46.0, 127.0, 0.0, 42.0, 0.0, 0.0, 1000.0, 0.0, 1000.0, 0.0, 1000.0, 896.0, 999.0, 999.0, 999.0, 999.0, 309.0, 263.0, 0.0, 0.0, , -0.32562255859375, 0.0417022705078125, -0.18585205078125, 0.9261016845703125, , 0.9278717041015625, -0.2376556396484375, 0.199737548828125, -0.20654296875
96740, 97.45915985107422, 1000.0, 44.0, 226.0, 46.0, 127.0, 0.0, 41.0, 0.0, 0.0, 1000.0, 0.0, 1000.0, 0.0, 1000.0, 896.0, 999.0, 999.0, 999.0, 999.0, 309.0, 264.0, 0.0, 0.0, , -0.3258209228515625, 0.04156494140625, -0.1859283447265625, 0.926025390625, , 0.9278106689453125, -0.2387542724609375, 0.1977081298828125, -0.2074737548828125
96750, 97.4691162109375, 1000.0, 44.0, 226.0, 46.0, 127.0, 0.0, 41.0, 0.0, 0.0, 1000.0, 0.0, 1000.0, 0.0, 1000.0, 896.0, 999.0, 999.0, 999.0, 999.0, 310.0, 264.0, 0.0, 0.0, , -0.325958251953125, 0.041595458984375, -0.1858367919921875, 0.925994873046875, , 0.92706298828125, -0.240478515625, 0.199005126953125, -0.2075958251953125
96760, 97.47914123535156, 1000.0, 43.0, 226.0, 46.0, 126.0, 0.0, 41.0, 0.0, 0.0, 1000.0, 0.0, 1000.0, 0.0, 1000.0, 897.0, 999.0, 999.0, 999.0, 999.0, 310.0, 264.0, 0.0, 0.0, , -0.3260650634765625, 0.041595458984375, -0.18603515625, 0.9259185791015625, , 0.9271392822265625, -0.2398223876953125, 0.199432373046875, -0.207611083984375
96770, 97.48912048339844, 1000.0, 43.0, 226.0, 46.0, 127.0, 0.0, 41.0, 0.0, 0.0, 1000.0, 0.0, 1000.0, 0.0, 1000.0, 895.0, 999.0, 999.0, 999.0, 999.0, 310.0, 263.0, 0.0, 0.0, , -0.3261260986328125, 0.041778564453125, -0.1865081787109375, 0.9257965087890625, , 0.927215576171875, -0.2391357421875, 0.199859619140625, -0.2076416015625
96780, 97.49921417236328, 1000.0, 43.0, 227.0, 46.0, 127.0, 0.0, 41.0, 0.0, 0.0, 1000.0, 0.0, 1000.0, 0.0, 1000.0, 895.0, 999.0, 999.0, 999.0, 999.0, 310.0, 264.0, 0.0, 0.0, , -0.326202392578125, 0.041839599609375, -0.187255859375, 0.9256134033203125, , 0.9272918701171875, -0.238372802734375, 0.20037841796875, -0.207672119140625
96790, 97.51428985595703, 1000.0, 43.0, 226.0, 46.0, 127.0, 0.0, 41.0, 0.0, 0.0, 1000.0, 0.0, 1000.0, 0.0, 1000.0, 893.0, 999.0, 999.0, 999.0, 999.0, 310.0, 264.0, 0.0, 0.0, , -0.3262786865234375, 0.0417633056640625, -0.1878814697265625, 0.9254608154296875, , 0.92730712890625, -0.2379150390625, 0.20074462890625, -0.207794189453125
96800, 97.5190200805664, 1000.0, 43.0, 226.0, 46.0, 126.0, 0.0, 41.0, 0.0, 0.0, 1000.0, 0.0, 1000.0, 0.0, 1000.0, 896.0, 999.0, 999.0, 999.0, 999.0, 310.0, 262.0, 0.0, 0.0, , -0.3262939453125, 0.0418853759765625, -0.1882476806640625, 0.9253692626953125, , 0.927337646484375, -0.2372894287109375, 0.201202392578125, -0.2079010009765625
96810, 97.52912139892578, 1000.0, 43.0, 225.0, 46.0, 126.0, 0.0, 41.0, 0.0, 0.0, 1000.0, 0.0, 1000.0, 0.0, 1000.0, 896.0, 999.0, 999.0, 999.0, 999.0, 310.0, 263.0, 0.0, 0.0, , -0.3263397216796875, 0.042022705078125, -0.1885528564453125, 0.92529296875, , 0.9273529052734375, -0.2367401123046875, 0.20172119140625, -0.207977294921875
96820, 97.53911590576172, 1000.0, 43.0, 226.0, 46.0, 125.0, 0.0, 41.0, 0.0, 0.0, 1000.0, 0.0, 1000.0, 0.0, 1000.0, 895.0, 999.0, 999.0, 999.0, 999.0, 310.0, 263.0, 0.0, 0.0, , -0.3263702392578125, 0.04217529296875, -0.1886138916015625, 0.925262451171875, , 0.9274139404296875, -0.2361297607421875, 0.2021026611328125, -0.2080535888671875
96830, 97.54920196533203, 1000.0, 43.0, 227.0, 46.0, 125.0, 0.0, 41.0, 0.0, 0.0, 1000.0, 0.0, 1000.0, 0.0, 1000.0, 896.0, 999.0, 999.0, 999.0, 999.0, 309.0, 264.0, 0.0, 0.0, , -0.3264312744140625, 0.04217529296875, -0.18829345703125, 0.9253082275390625, , 0.9274444580078125, -0.2355804443359375, 0.2025299072265625, -0.20806884765625
96840, 97.55915832519531, 1000.0, 43.0, 227.0, 46.0, 126.0, 0.0, 41.0, 0.0, 0.0, 1000.0, 0.0, 1000.0, 0.0, 1000.0, 898.0, 999.0, 999.0, 999.0, 999.0, 309.0, 265.0, 0.0, 0.0, , -0.3265228271484375, 0.0421295166015625, -0.1877593994140625, 0.925384521484375, , 0.9274749755859375, -0.23553466796875, 0.2021636962890625, -0.208343505859375
96850, 97.56903076171875, 1000.0, 43.0, 227.0, 46.0, 126.0, 0.0, 41.0, 0.0, 0.0, 1000.0, 0.0, 1000.0, 0.0, 1000.0, 898.0, 999.0, 999.0, 999.0, 999.0, 309.0, 265.0, 0.0, 0.0, , -0.3265228271484375, 0.0421295166015625, -0.1877593994140625, 0.925384521484375, , 0.9273529052734375, -0.235443115234375, 0.202911376953125, -0.20831298828125
96860, 97.5791244506836, 1000.0, 43.0, 226.0, 46.0, 127.0, 0.0, 41.0, 0.0, 0.0, 1000.0, 0.0, 1000.0, 0.0, 1000.0, 898.0, 999.0, 999.0, 999.0, 999.0, 309.0, 263.0, 0.0, 0.0, , -0.3266143798828125, 0.04180908203125, -0.1876983642578125, 0.9253692626953125, , 0.9272308349609375, -0.2354888916015625, 0.2033843994140625, -0.2082977294921875
96870, 97.58911895751953, 1000.0, 43.0, 225.0, 46.0, 127.0, 0.0, 41.0, 0.0, 0.0, 1000.0, 0.0, 1000.0, 0.0, 1000.0, 898.0, 999.0, 999.0, 999.0, 999.0, 309.0, 263.0, 0.0, 0.0, , -0.326629638671875, 0.0418243408203125, -0.187164306640625, 0.92547607421875, , 0.9272613525390625, -0.2352294921875, 0.203582763671875, -0.208282470703125
96880, 97.5992202758789, 1000.0, 43.0, 226.0, 46.0, 127.0, 0.0, 41.0, 0.0, 0.0, 1000.0, 0.0, 1000.0, 0.0, 1000.0, 897.0, 999.0, 999.0, 999.0, 999.0, 309.0, 262.0, 0.0, 0.0, , -0.326629638671875, 0.04180908203125, -0.1871795654296875, 0.92547607421875, , 0.9271392822265625, -0.2352142333984375, 0.2043609619140625, -0.2080841064453125
96890, 97.6091537475586, 1000.0, 43.0, 227.0, 46.0, 127.0, 0.0, 40.0, 0.0, 0.0, 1000.0, 0.0, 1000.0, 0.0, 1000.0, 898.0, 999.0, 999.0, 999.0, 999.0, 309.0, 264.0, 0.0, 0.0, , -0.3266448974609375, 0.041778564453125, -0.18719482421875, 0.9254608154296875, , 0.9271392822265625, -0.2351226806640625, 0.204498291015625, -0.20806884765625
96900, 97.61901092529297, 1000.0, 43.0, 227.0, 46.0, 127.0, 0.0, 41.0, 0.0, 0.0, 1000.0, 0.0, 1000.0, 0.0, 1000.0, 899.0, 999.0, 999.0, 999.0, 999.0, 310.0, 262.0, 0.0, 0.0, , -0.32666015625, 0.041748046875, -0.1872100830078125, 0.9254608154296875, , 0.927276611328125, -0.234405517578125, 0.2049102783203125, -0.2078704833984375
96910, 97.62911987304688, 1000.0, 43.0, 226.0, 46.0, 126.0, 0.0, 41.0, 0.0, 0.0, 1000.0, 0.0, 1000.0, 0.0, 1000.0, 898.0, 999.0, 999.0, 999.0, 999.0, 309.0, 262.0, 0.0, 0.0, , -0.3266754150390625, 0.041595458984375, -0.1872100830078125, 0.9254608154296875, , 0.9273834228515625, -0.2340545654296875, 0.2048492431640625, -0.207794189453125
96920, 97.63912963867188, 1000.0, 43.0, 225.0, 46.0, 126.0, 0.0, 41.0, 0.0, 0.0, 1000.0, 0.0, 1000.0, 0.0, 1000.0, 899.0, 999.0, 999.0, 999.0, 999.0, 309.0, 262.0, 0.0, 0.0, , -0.32672119140625, 0.0415191650390625, -0.187255859375, 0.925445556640625, , 0.9275054931640625, -0.2338104248046875, 0.204559326171875, -0.207794189453125
96930, 97.64913940429688, 1000.0, 43.0, 226.0, 46.0, 126.0, 0.0, 41.0, 0.0, 0.0, 1000.0, 0.0, 1000.0, 0.0, 1000.0, 898.0, 999.0, 999.0, 999.0, 999.0, 309.0, 263.0, 0.0, 0.0, , -0.3267364501953125, 0.0414581298828125, -0.187347412109375, 0.9254302978515625, , 0.9273529052734375, -0.2343292236328125, 0.204742431640625, -0.207794189453125
96940, 97.65921020507812, 1000.0, 43.0, 226.0, 46.0, 126.0, 0.0, 41.0, 0.0, 0.0, 1000.0, 0.0, 1000.0, 0.0, 1000.0, 896.0, 999.0, 999.0, 999.0, 999.0, 308.0, 263.0, 0.0, 0.0, , -0.3268280029296875, 0.041351318359375, -0.1873321533203125, 0.9253997802734375, , 0.9274444580078125, -0.2341766357421875, 0.204559326171875, -0.207733154296875
96950, 97.67608642578125, 1000.0, 43.0, 226.0, 46.0, 127.0, 0.0, 41.0, 0.0, 0.0, 1000.0, 0.0, 1000.0, 0.0, 1000.0, 896.0, 999.0, 999.0, 999.0, 999.0, 309.0, 262.0, 0.0, 0.0, , -0.3269195556640625, 0.041229248046875, -0.187408447265625, 0.92535400390625, , 0.927764892578125, -0.2333984375, 0.204071044921875, -0.2076568603515625
96960, 97.67903137207031, 1000.0, 43.0, 226.0, 46.0, 127.0, 0.0, 40.0, 0.0, 0.0, 1000.0, 0.0, 1000.0, 0.0, 1000.0, 899.0, 999.0, 999.0, 999.0, 999.0, 309.0, 263.0, 0.0, 0.0, , -0.326934814453125, 0.0411529541015625, -0.18756103515625, 0.925323486328125, , 0.92791748046875, -0.2329864501953125, 0.203948974609375, -0.2075042724609375
