1752150913161 0.13043478260869565 1
1752150913877 0.17391304347826086 2
1752150914594 0.2608695652173913 3
1752150915319 0.2608695652173913 4
1752150916058 0.30434782608695654 5
1752150916787 0.2608695652173913 6
1752150917520 0.30434782608695654 7
1752150918257 0.2608695652173913 8
1752150919004 0.4782608695652174 9
1752150919749 0.5217391304347826 10
1752150920466 0.6521739130434783 11
1752150921209 0.6956521739130435 12
1752150921969 0.782608695652174 13
1752150922711 0.8260869565217391 14
1752150923457 0.7391304347826086 15
1752150924209 0.8260869565217391 16
1752150924989 0.782608695652174 17
1752150925747 0.8260869565217391 18
1752150926505 0.782608695652174 19
1752150927284 0.8260869565217391 20
1752150928080 0.7391304347826086 21
1752150928886 0.8695652173913043 22
1752150929631 0.8695652173913043 23
1752150930378 0.8695652173913043 24
1752150931137 0.9130434782608695 25
1752150931884 0.8260869565217391 26
1752150932643 0.8260869565217391 27
1752150933392 0.782608695652174 28
1752150934141 0.8260869565217391 29
1752150934898 0.8695652173913043 30
1752150935637 0.7391304347826086 31
1752150936394 0.8695652173913043 32
1752150937126 0.8695652173913043 33
1752150937883 0.8695652173913043 34
1752150938637 0.7391304347826086 35
1752150939385 0.8260869565217391 36
1752150940135 0.6956521739130435 37
1752150940870 0.8695652173913043 38
1752150941605 0.8695652173913043 39
1752150942385 0.8695652173913043 40
1752150943142 0.9130434782608695 41
1752150943886 0.8695652173913043 42
1752150944643 0.8695652173913043 43
1752150945391 0.8695652173913043 44
1752150946157 0.8695652173913043 45
1752150946929 0.8695652173913043 46
1752150947695 0.9130434782608695 47
1752150948442 0.8695652173913043 48
1752150949200 0.8695652173913043 49
1752150949978 0.9130434782608695 50
1752150950756 0.9565217391304348 51
1752150951512 0.9130434782608695 52
1752150952264 0.9130434782608695 53
1752150953045 0.9130434782608695 54
1752150953803 0.9130434782608695 55
1752150954535 0.9130434782608695 56
1752150955290 0.9130434782608695 57
1752150956047 0.9130434782608695 58
1752150956796 0.9130434782608695 59
1752150957537 0.8695652173913043 60
1752150958292 0.8695652173913043 61
1752150959059 0.8695652173913043 62
1752150959817 0.9130434782608695 63
1752150960583 0.9130434782608695 64
1752150961321 0.9130434782608695 65
1752150962096 0.9130434782608695 66
1752150962847 0.9130434782608695 67
1752150963603 0.9130434782608695 68
1752150964395 0.9130434782608695 69
1752150965148 0.9130434782608695 70
1752150965882 0.9130434782608695 71
1752150966648 0.9130434782608695 72
1752150967403 0.9130434782608695 73
1752150968138 0.9130434782608695 74
1752150968896 0.9130434782608695 75
1752150969655 0.9130434782608695 76
1752150970412 0.9130434782608695 77
1752150971176 0.9130434782608695 78
1752150971920 0.9130434782608695 79
1752150972673 0.9130434782608695 80
1752150973420 0.9130434782608695 81
1752150974170 0.9130434782608695 82
1752150974920 0.9130434782608695 83
1752150975673 0.9130434782608695 84
1752150976419 0.9130434782608695 85
1752150977181 0.9130434782608695 86
1752150977900 0.9130434782608695 87
1752150978636 0.9130434782608695 88
1752150979396 0.9130434782608695 89
1752150980140 0.9130434782608695 90
1752150980908 0.9130434782608695 91
1752150981683 0.9130434782608695 92
1752150982449 0.9130434782608695 93
1752150983241 0.9130434782608695 94
1752150983995 0.9130434782608695 95
1752150984790 0.9130434782608695 96
1752150985590 0.9130434782608695 97
1752150986385 0.9130434782608695 98
1752150987189 0.9130434782608695 99
