1752150913151 1.4108755588531494 1
1752150913867 1.4133340120315552 2
1752150914584 1.3128329515457153 3
1752150915309 1.3940593004226685 4
1752150916049 1.3503056764602661 5
1752150916778 1.316578984260559 6
1752150917509 1.2409871816635132 7
1752150918247 1.3017778396606445 8
1752150918990 0.9720907807350159 9
1752150919738 1.275416612625122 10
1752150920456 0.8277944326400757 11
1752150921200 0.7935572266578674 12
1752150921955 0.8964495062828064 13
1752150922702 1.0946446657180786 14
1752150923447 0.7953194379806519 15
1752150924197 0.7566435933113098 16
1752150924977 0.7791057229042053 17
1752150925737 0.7806090116500854 18
1752150926495 0.8899443745613098 19
1752150927271 0.7706381678581238 20
1752150928067 0.7616985440254211 21
1752150928876 0.7617342472076416 22
1752150929620 0.7933474183082581 23
1752150930368 0.782608687877655 24
1752150931127 0.7549193501472473 25
1752150931873 0.7797955274581909 26
1752150932633 0.7898477911949158 27
1752150933382 1.6998956203460693 28
1752150934131 0.7544007897377014 29
1752150934884 0.760239839553833 30
1752150935626 0.7828030586242676 31
1752150936384 0.7701653242111206 32
1752150937114 0.7729992270469666 33
1752150937872 0.7720383405685425 34
1752150938625 0.7542881965637207 35
1752150939374 1.1057679653167725 36
1752150940123 0.7482253909111023 37
1752150940859 0.7604445219039917 38
1752150941595 0.7608155608177185 39
1752150942373 0.7541422247886658 40
1752150943132 0.7496755123138428 41
1752150943873 0.7628608345985413 42
1752150944632 0.7502245903015137 43
1752150945376 0.7607942819595337 44
1752150946141 0.749418318271637 45
1752150946918 0.7466377019882202 46
1752150947684 0.7466210126876831 47
1752150948431 0.7472630143165588 48
1752150949189 0.7532151341438293 49
1752150949964 0.7494744062423706 50
1752150950743 0.7535912394523621 51
1752150951502 0.7460878491401672 52
1752150952253 0.7551022171974182 53
1752150953030 0.7478979229927063 54
1752150953791 0.7482097744941711 55
1752150954523 0.7513230443000793 56
1752150955279 0.7454366087913513 57
1752150956036 0.7454962134361267 58
1752150956784 0.7501115202903748 59
1752150957522 0.7456027865409851 60
1752150958279 0.74634850025177 61
1752150959043 0.7726154923439026 62
1752150959804 0.7491222023963928 63
1752150960572 0.7453727722167969 64
1752150961310 0.7444170713424683 65
1752150962084 0.7495477795600891 66
1752150962836 0.7440871000289917 67
1752150963587 0.7449712753295898 68
1752150964380 0.7449287176132202 69
1752150965135 0.7444649934768677 70
1752150965870 0.7483199238777161 71
1752150966632 0.7441380620002747 72
1752150967391 0.7443999648094177 73
1752150968125 0.7478982210159302 74
1752150968880 0.7443707585334778 75
1752150969643 0.7475800514221191 76
1752150970399 0.7443464994430542 77
1752150971164 0.7472792267799377 78
1752150971906 0.7443238496780396 79
1752150972661 0.7446861267089844 80
1752150973407 0.7523938417434692 81
1752150974158 0.7446282505989075 82
1752150974906 0.7439436912536621 83
1752150975661 0.7472625374794006 84
1752150976405 0.7443721294403076 85
1752150977168 0.7439233064651489 86
1752150977887 0.7443642616271973 87
1752150978622 0.7517408728599548 88
1752150979383 0.7442439794540405 89
1752150980123 0.7442169189453125 90
1752150980892 0.7442083358764648 91
1752150981664 0.7439042329788208 92
1752150982433 0.7439702153205872 93
1752150983223 0.7443109750747681 94
1752150983983 0.7441838383674622 95
1752150984773 0.7459337115287781 96
1752150985578 0.7458045482635498 97
1752150986370 0.744389533996582 98
1752150987171 0.7444592118263245 99
