1126540, 1131.26904296875, 1000.0, 163.0, 452.0, 106.0, 213.0, 182.0, 142.0, 196.0, 25.0, 1000.0, 147.0, 750.0, 0.0, 666.0, 856.0, 999.0, 999.0, 999.0, 999.0, 518.0, 695.0, 0.0, 194.0, -17.819345474243164, -2.2680234909057617, -136.18589782714844, -0.3656768798828125, 0.0759124755859375, -0.1363677978515625, 0.91754150390625, -27.977251052856445, 15.559645652770996, -86.73750305175781, 0.7213592529296875, -0.0839080810546875, 0.25994873046875, -0.6363983154296875
1126600, 1131.3294677734375, 1000.0, 163.0, 452.0, 106.0, 212.0, 181.0, 141.0, 195.0, 24.0, 1000.0, 146.0, 750.0, 0.0, 666.0, 854.0, 999.0, 999.0, 999.0, 999.0, 518.0, 694.0, 0.0, 193.0, -17.824199676513672, -2.4089651107788086, -136.0805206298828, -0.3663330078125, 0.077178955078125, -0.1358795166015625, 0.9172515869140625, -28.46539878845215, 15.241013526916504, -86.92476654052734, 0.719757080078125, -0.0884552001953125, 0.26092529296875, -0.63720703125
1126650, 1131.3797607421875, 1000.0, 163.0, 453.0, 106.0, 211.0, 180.0, 140.0, 194.0, 24.0, 1000.0, 145.0, 750.0, 0.0, 1000.0, 855.0, 999.0, 999.0, 999.0, 999.0, 518.0, 694.0, 0.0, 191.0, -17.775564193725586, -2.466318368911743, -136.05221557617188, -0.36651611328125, 0.0775146484375, -0.135284423828125, 0.917236328125, -27.89341926574707, 15.396677017211914, -86.81289672851562, 0.7209014892578125, -0.0841827392578125, 0.258575439453125, -0.6374359130859375
1126710, 1131.4398193359375, 1000.0, 162.0, 451.0, 105.0, 210.0, 179.0, 139.0, 193.0, 24.0, 1000.0, 144.0, 750.0, 0.0, 1000.0, 858.0, 999.0, 999.0, 999.0, 999.0, 518.0, 694.0, 0.0, 190.0, -17.74128532409668, -2.529966115951538, -136.04104614257812, -0.366546630859375, 0.0779266357421875, -0.134796142578125, 0.917266845703125, -27.75009536743164, 15.238130569458008, -86.764892578125, 0.7211761474609375, -0.0843353271484375, 0.256805419921875, -0.6378173828125
1126760, 1131.4896240234375, 1000.0, 162.0, 450.0, 105.0, 209.0, 178.0, 138.0, 191.0, 23.0, 1000.0, 143.0, 750.0, 0.0, 1000.0, 860.0, 999.0, 999.0, 999.0, 999.0, 519.0, 693.0, 0.0, 189.0, -17.594879150390625, -2.5257248878479004, -136.01609802246094, -0.366851806640625, 0.07745361328125, -0.1336212158203125, 0.9173583984375, -27.815847396850586, 15.002511024475098, -86.76727294921875, 0.720977783203125, -0.086151123046875, 0.2557830810546875, -0.6382293701171875
1126810, 1131.5394287109375, 1000.0, 162.0, 449.0, 104.0, 208.0, 177.0, 137.0, 190.0, 23.0, 1000.0, 142.0, 750.0, 0.0, 666.0, 858.0, 999.0, 999.0, 999.0, 999.0, 519.0, 691.0, 0.0, 188.0, -17.519250869750977, -2.504161834716797, -135.97413635253906, -0.3672637939453125, 0.07708740234375, -0.133056640625, 0.91729736328125, -27.125839233398438, 14.846858978271484, -86.55290985107422, 0.7225799560546875, -0.0832061767578125, 0.2508544921875, -0.6387481689453125
1126870, 1131.5994873046875, 1000.0, 162.0, 448.0, 104.0, 207.0, 177.0, 136.0, 190.0, 23.0, 1000.0, 141.0, 750.0, 0.0, 666.0, 857.0, 999.0, 999.0, 999.0, 999.0, 519.0, 691.0, 0.0, 187.0, -17.42098045349121, -2.5567831993103027, -135.85426330566406, -0.36822509765625, 0.07733154296875, -0.13201904296875, 0.91705322265625, -27.619918823242188, 14.615666389465332, -86.60404205322266, 0.7217864990234375, -0.08758544921875, 0.2522735595703125, -0.6385040283203125
1126920, 1131.6494140625, 1000.0, 162.0, 447.0, 104.0, 207.0, 176.0, 135.0, 189.0, 22.0, 1000.0, 141.0, 750.0, 0.0, 1000.0, 849.0, 999.0, 999.0, 999.0, 999.0, 519.0, 690.0, 0.0, 186.0, -17.39982032775879, -2.6958885192871094, -135.76443481445312, -0.3687744140625, 0.0784759521484375, -0.1313323974609375, 0.9168243408203125, -26.744611740112305, 14.402460098266602, -86.36091613769531, 0.723663330078125, -0.0838623046875, 0.245941162109375, -0.63934326171875
1126970, 1131.699462890625, 1000.0, 162.0, 447.0, 103.0, 206.0, 175.0, 134.0, 188.0, 22.0, 1000.0, 140.0, 750.0, 0.0, 666.0, 851.0, 999.0, 999.0, 999.0, 999.0, 519.0, 690.0, 0.0, 185.0, -17.274887084960938, -2.7063844203948975, -135.64598083496094, -0.3697967529296875, 0.0782928466796875, -0.130218505859375, 0.916595458984375, -27.60378646850586, 14.006150245666504, -86.54962921142578, 0.721710205078125, -0.0912322998046875, 0.2485198974609375, -0.639556884765625
1127030, 1131.7596435546875, 1000.0, 161.0, 445.0, 103.0, 205.0, 174.0, 133.0, 187.0, 22.0, 1000.0, 139.0, 1000.0, 0.0, 666.0, 854.0, 999.0, 999.0, 999.0, 999.0, 519.0, 689.0, 0.0, 183.0, -17.256244659423828, -2.698942184448242, -135.47280883789062, -0.3712005615234375, 0.078369140625, -0.129974365234375, 0.916046142578125, -26.989213943481445, 14.31559944152832, -86.4747085571289, 0.7227935791015625, -0.0856781005859375, 0.2468719482421875, -0.6397247314453125
1127080, 1131.809326171875, 1000.0, 161.0, 446.0, 102.0, 205.0, 173.0, 133.0, 185.0, 22.0, 1000.0, 137.0, 750.0, 0.0, 1000.0, 856.0, 999.0, 999.0, 999.0, 999.0, 519.0, 689.0, 0.0, 182.0, -17.559284210205078, -2.7905523777008057, -135.2105712890625, -0.3729705810546875, 0.08038330078125, -0.1319122314453125, 0.914886474609375, -27.860567092895508, 13.875473022460938, -86.68223571777344, 0.720672607421875, -0.0933380126953125, 0.2492828369140625, -0.6401214599609375
1127140, 1131.869384765625, 1000.0, 160.0, 444.0, 102.0, 204.0, 171.0, 131.0, 184.0, 21.0, 1000.0, 137.0, 750.0, 0.0, 666.0, 863.0, 999.0, 999.0, 999.0, 999.0, 521.0, 688.0, 0.0, 180.0, -17.74674415588379, -2.9370007514953613, -134.95135498046875, -0.3747100830078125, 0.08245849609375, -0.1327362060546875, 0.9138641357421875, -23.82903480529785, 13.522614479064941, -85.47389221191406, 0.7301483154296875, -0.0724029541015625, 0.2237396240234375, -0.64154052734375
1127190, 1131.9193115234375, 1000.0, 160.0, 442.0, 101.0, 203.0, 170.0, 130.0, 182.0, 21.0, 1000.0, 135.0, 750.0, 0.0, 1000.0, 862.0, 999.0, 999.0, 999.0, 999.0, 523.0, 687.0, 0.0, 178.0, -17.221210479736328, -3.010829210281372, -134.690185546875, -0.3770751953125, 0.0816192626953125, -0.12811279296875, 0.91363525390625, -24.272489547729492, 13.240593910217285, -85.33576202392578, 0.7304840087890625, -0.0771636962890625, 0.2244110107421875, -0.640350341796875
1127210, 1131.969482421875, 1000.0, 160.0, 442.0, 101.0, 203.0, 169.0, 130.0, 182.0, 21.0, 1000.0, 135.0, 750.0, 0.0, 666.0, 863.0, 999.0, 999.0, 999.0, 999.0, 523.0, 688.0, 0.0, 177.0, -16.9155216217041, -3.215322256088257, -134.55804443359375, -0.378082275390625, 0.0823822021484375, -0.1248931884765625, 0.9135894775390625, -24.542709350585938, 13.032068252563477, -85.27694702148438, 0.7305145263671875, -0.080230712890625, 0.224609375, -0.639862060546875
1127240, 1131.9793701171875, 1000.0, 160.0, 442.0, 101.0, 202.0, 168.0, 129.0, 181.0, 21.0, 1000.0, 133.0, 750.0, 0.0, 666.0, 872.0, 999.0, 999.0, 999.0, 999.0, 524.0, 686.0, 0.0, 176.0, -16.48954963684082, -3.540601968765259, -134.31561279296875, -0.379913330078125, 0.0838165283203125, -0.1202239990234375, 0.913330078125, -24.902135848999023, 12.777867317199707, -85.17047119140625, 0.730712890625, -0.084228515625, 0.2249908447265625, -0.6389923095703125
1127300, 1132.0294189453125, 1000.0, 160.0, 440.0, 100.0, 201.0, 167.0, 128.0, 180.0, 21.0, 1000.0, 130.0, 750.0, 0.0, 1000.0, 876.0, 999.0, 999.0, 999.0, 999.0, 527.0, 686.0, 0.0, 175.0, -16.452054977416992, -3.934690475463867, -133.85617065429688, -0.3831024169921875, 0.0872955322265625, -0.1182403564453125, 0.91192626953125, -26.102344512939453, 12.147829055786133, -85.0083999633789, 0.73028564453125, -0.0959014892578125, 0.2277069091796875, -0.636871337890625
1127350, 1132.08984375, 1000.0, 160.0, 439.0, 100.0, 200.0, 165.0, 127.0, 179.0, 21.0, 1000.0, 127.0, 750.0, 0.0, 666.0, 870.0, 999.0, 999.0, 999.0, 999.0, 528.0, 686.0, 0.0, 173.0, -16.428939819335938, -3.786320209503174, -133.6481170654297, -0.3849639892578125, 0.0862579345703125, -0.118408203125, 0.911224365234375, -25.714929580688477, 11.035089492797852, -84.7027816772461, 0.7315673828125, -0.1005401611328125, 0.2184906005859375, -0.6379241943359375
1127410, 1132.139404296875, 1000.0, 159.0, 438.0, 99.0, 199.0, 164.0, 125.0, 177.0, 21.0, 1000.0, 125.0, 750.0, 0.0, 666.0, 868.0, 999.0, 999.0, 999.0, 999.0, 526.0, 685.0, 0.0, 171.0, -16.112699508666992, -3.2437565326690674, -133.49269104003906, -0.3871002197265625, 0.0810546875, -0.117645263671875, 0.910888671875, -26.786670684814453, 10.362822532653809, -84.6630630493164, 0.73028564453125, -0.1113739013671875, 0.2202911376953125, -0.6369476318359375
1127460, 1132.189453125, 1000.0, 159.0, 437.0, 99.0, 199.0, 163.0, 125.0, 176.0, 21.0, 1000.0, 126.0, 750.0, 0.0, 1000.0, 861.0, 999.0, 999.0, 999.0, 999.0, 526.0, 685.0, 0.0, 169.0, -15.989084243774414, -4.190718173980713, -133.34019470214844, -0.387237548828125, 0.088287353515625, -0.11328125, 0.91070556640625, -26.225234985351562, 9.593975067138672, -84.26101684570312, 0.7324676513671875, -0.1130218505859375, 0.2120513916015625, -0.636962890625
1127510, 1132.24951171875, 1000.0, 159.0, 436.0, 98.0, 198.0, 162.0, 124.0, 175.0, 20.0, 1000.0, 125.0, 750.0, 0.0, 666.0, 861.0, 999.0, 999.0, 999.0, 999.0, 528.0, 684.0, 0.0, 166.0, -15.783196449279785, -5.711498737335205, -133.30203247070312, -0.38580322265625, 0.0996551513671875, -0.1063385009765625, 0.910980224609375, -26.690441131591797, 8.477910041809082, -83.80427551269531, 0.7335968017578125, -0.123291015625, 0.2072601318359375, -0.635345458984375
1127570, 1132.2994384765625, 1000.0, 159.0, 432.0, 98.0, 193.0, 162.0, 122.0, 174.0, 19.0, 1000.0, 123.0, 750.0, 0.0, 666.0, 874.0, 999.0, 999.0, 999.0, 999.0, 532.0, 682.0, 0.0, 163.0, -13.412522315979004, -4.6402506828308105, -133.3565216064453, -0.388519287109375, 0.0831146240234375, -0.0912322998046875, 0.9131317138671875, -26.954160690307617, 7.0985894203186035, -83.23546600341797, 0.7351837158203125, -0.1339111328125, 0.199493408203125, -0.6338348388671875
1127580, 1132.3494873046875, 1000.0, 159.0, 431.0, 98.0, 192.0, 162.0, 121.0, 174.0, 19.0, 1000.0, 122.0, 750.0, 0.0, 666.0, 878.0, 999.0, 999.0, 999.0, 999.0, 532.0, 682.0, 0.0, 163.0, -13.50570297241211, -4.730114936828613, -133.24905395507812, -0.3892059326171875, 0.084228515625, -0.091583251953125, 0.912689208984375, -27.19129753112793, 6.918750286102295, -83.19245910644531, 0.7349700927734375, -0.13653564453125, 0.1996307373046875, -0.63348388671875
1127620, 1132.359375, 1000.0, 159.0, 429.0, 98.0, 188.0, 164.0, 120.0, 173.0, 19.0, 1000.0, 119.0, 750.0, 0.0, 666.0, 885.0, 999.0, 999.0, 999.0, 999.0, 529.0, 681.0, 0.0, 162.0, -13.427824020385742, -3.0651350021362305, -133.0800323486328, -0.392364501953125, 0.070892333984375, -0.0966339111328125, 0.911956787109375, -28.4073429107666, 6.3479323387146, -83.13880920410156, 0.7331695556640625, -0.147674560546875, 0.2027130126953125, -0.632080078125
1127680, 1132.409423828125, 1000.0, 158.0, 432.0, 101.0, 185.0, 175.0, 117.0, 173.0, 23.0, 1000.0, 117.0, 750.0, 0.0, 1000.0, 898.0, 999.0, 999.0, 999.0, 999.0, 527.0, 684.0, 0.0, 165.0, -10.42121696472168, 0.5740393996238708, -133.92929077148438, -0.3900909423828125, 0.03094482421875, -0.0855255126953125, 0.916259765625, -27.065725326538086, 8.272701263427734, -82.9437255859375, 0.7377471923828125, -0.1284332275390625, 0.2071075439453125, -0.6295318603515625
1127730, 1132.45947265625, 1000.0, 158.0, 456.0, 110.0, 188.0, 211.0, 114.0, 172.0, 32.0, 1000.0, 116.0, 750.0, 0.0, 1000.0, 896.0, 999.0, 999.0, 999.0, 999.0, 518.0, 684.0, 0.0, 164.0, -12.310084342956543, 5.615938663482666, -135.2192840576172, -0.38311767578125, -0.004241943359375, -0.1175689697265625, 0.916168212890625, -26.129131317138672, 10.39885425567627, -83.29264068603516, 0.738525390625, -0.10955810546875, 0.2155609130859375, -0.6293487548828125
1127780, 1132.5196533203125, 1000.0, 158.0, 515.0, 131.0, 202.0, 335.0, 132.0, 171.0, 43.0, 1000.0, 116.0, 750.0, 0.0, 1000.0, 889.0, 999.0, 999.0, 999.0, 999.0, 511.0, 688.0, 0.0, 173.0, -12.032341003417969, 9.303191184997559, -136.70301818847656, -0.373565673828125, -0.0364227294921875, -0.1268463134765625, 0.91815185546875, -24.087665557861328, 13.235589981079102, -83.22117614746094, 0.7423095703125, -0.0801239013671875, 0.2219085693359375, -0.62713623046875
1127840, 1132.5794677734375, 1000.0, 157.0, 598.0, 154.0, 257.0, 381.0, 268.0, 178.0, 69.0, 1000.0, 115.0, 750.0, 0.0, 666.0, 876.0, 999.0, 999.0, 999.0, 999.0, 505.0, 689.0, 0.0, 184.0, -8.009490013122559, 11.597302436828613, -138.077880859375, -0.3616180419921875, -0.0692596435546875, -0.1009368896484375, 0.9242401123046875, -19.192110061645508, 16.487852096557617, -82.05812072753906, 0.7518157958984375, -0.031646728515625, 0.2149505615234375, -0.622528076171875
1127890, 1132.6295166015625, 1000.0, 155.0, 623.0, 162.0, 294.0, 358.0, 473.0, 183.0, 120.0, 1000.0, 113.0, 750.0, 0.0, 1000.0, 865.0, 999.0, 999.0, 999.0, 999.0, 497.0, 694.0, 0.0, 191.0, -5.8207855224609375, 10.27068042755127, -139.7628631591797, -0.346405029296875, -0.0665435791015625, -0.0782318115234375, 0.93243408203125, -17.257734298706055, 19.010169982910156, -81.54891967773438, 0.754608154296875, -0.00543212890625, 0.22027587890625, -0.6180572509765625
1127950, 1132.679443359375, 1000.0, 154.0, 632.0, 165.0, 342.0, 355.0, 641.0, 195.0, 222.0, 1000.0, 110.0, 750.0, 0.0, 666.0, 871.0, 999.0, 999.0, 999.0, 999.0, 496.0, 701.0, 0.0, 203.0, -3.5789432525634766, 8.77702808380127, -142.22914123535156, -0.3248291015625, -0.062286376953125, -0.0542144775390625, 0.9421539306640625, -13.202133178710938, 21.270267486572266, -80.33757781982422, 0.7597198486328125, 0.03192138671875, 0.2129669189453125, -0.6135406494140625
1128000, 1132.739501953125, 1000.0, 154.0, 594.0, 157.0, 406.0, 334.0, 689.0, 210.0, 290.0, 1000.0, 106.0, 750.0, 0.0, 666.0, 896.0, 999.0, 999.0, 999.0, 999.0, 502.0, 695.0, 0.0, 213.0, -2.1300525665283203, 4.835318565368652, -146.14907836914062, -0.29156494140625, -0.034942626953125, -0.0300445556640625, 0.9554290771484375, -11.21013355255127, 22.583110809326172, -80.354248046875, 0.7580108642578125, 0.0525360107421875, 0.2106781005859375, -0.615020751953125
1128050, 1132.7894287109375, 1000.0, 153.0, 564.0, 151.0, 413.0, 311.0, 651.0, 215.0, 289.0, 1000.0, 98.0, 750.0, 0.0, 666.0, 905.0, 999.0, 999.0, 999.0, 999.0, 509.0, 687.0, 0.0, 219.0, 1.8458789587020874, -4.059593677520752, -151.08384704589844, -0.250030517578125, 0.0302734375, 0.0244293212890625, 0.967437744140625, -8.72643756866455, 22.73444366455078, -80.55376434326172, 0.7554779052734375, 0.0701446533203125, 0.198150634765625, -0.620513916015625
1128060, 1132.8397216796875, 1000.0, 153.0, 557.0, 149.0, 417.0, 305.0, 649.0, 217.0, 291.0, 1000.0, 96.0, 750.0, 0.0, 666.0, 904.0, 999.0, 999.0, 999.0, 999.0, 510.0, 687.0, 0.0, 218.0, 2.3719725608825684, -5.5789794921875, -152.04225158691406, -0.2422027587890625, 0.0422210693359375, 0.0318145751953125, 0.968780517578125, -8.523758888244629, 22.645198822021484, -80.68948364257812, 0.75469970703125, 0.0712127685546875, 0.1963958740234375, -0.6219024658203125
1128110, 1132.849365234375, 1000.0, 151.0, 532.0, 147.0, 417.0, 299.0, 604.0, 246.0, 282.0, 1000.0, 90.0, 750.0, 0.0, 666.0, 913.0, 999.0, 999.0, 999.0, 999.0, 504.0, 685.0, 0.0, 227.0, 6.234607696533203, -12.165270805358887, -156.56800842285156, -0.2072601318359375, 0.092620849609375, 0.074432373046875, 0.971038818359375, -6.821957588195801, 21.803699493408203, -81.03984832763672, 0.75244140625, 0.0782470703125, 0.1814727783203125, -0.6282958984375
1128160, 1132.8995361328125, 1000.0, 149.0, 513.0, 147.0, 516.0, 301.0, 565.0, 318.0, 242.0, 1000.0, 86.0, 750.0, 0.0, 666.0, 915.0, 999.0, 999.0, 999.0, 999.0, 497.0, 684.0, 0.0, 324.0, 9.118907928466797, -14.079645156860352, -159.55810546875, -0.1851348876953125, 0.106231689453125, 0.0993194580078125, 0.9718780517578125, -3.7573323249816895, 18.366775512695312, -80.51830291748047, 0.756317138671875, 0.0783843994140625, 0.14263916015625, -0.6336212158203125
1128210, 1132.949462890625, 1000.0, 148.0, 500.0, 147.0, 511.0, 325.0, 502.0, 392.0, 197.0, 1000.0, 84.0, 750.0, 0.0, 666.0, 903.0, 999.0, 999.0, 999.0, 999.0, 490.0, 689.0, 0.0, 482.0, 10.230727195739746, -17.393856048583984, -162.55563354492188, -0.162628173828125, 0.135498046875, 0.109954833984375, 0.97113037109375, -4.240444660186768, 19.32994270324707, -81.7271728515625, 0.74908447265625, 0.082183837890625, 0.1507415771484375, -0.63983154296875
1128270, 1133.009521484375, 1000.0, 146.0, 480.0, 148.0, 441.0, 379.0, 376.0, 513.0, 146.0, 1000.0, 92.0, 750.0, 0.0, 666.0, 729.0, 999.0, 999.0, 999.0, 999.0, 474.0, 709.0, 0.0, 666.0, 10.241399765014648, -22.108598709106445, -166.14889526367188, -0.134857177734375, 0.17901611328125, 0.1099853515625, 0.96832275390625, -5.6709465980529785, 20.609689712524414, -83.36139678955078, 0.7397918701171875, 0.08245849609375, 0.165802001953125, -0.6468353271484375
1128320, 1133.0595703125, 1000.0, 146.0, 466.0, 147.0, 383.0, 439.0, 300.0, 622.0, 114.0, 1000.0, 169.0, 750.0, 0.0, 666.0, 381.0, 999.0, 999.0, 999.0, 999.0, 465.0, 737.0, 0.0, 771.0, 13.46461296081543, -30.16029167175293, -169.15573120117188, -0.1209716796875, 0.24652099609375, 0.1371002197265625, 0.95172119140625, -6.87894868850708, 19.525447845458984, -84.30754852294922, 0.736114501953125, 0.06976318359375, 0.1651611328125, -0.6526641845703125
1128380, 1133.1195068359375, 1000.0, 147.0, 450.0, 148.0, 464.0, 420.0, 301.0, 618.0, 94.0, 1000.0, 259.0, 750.0, 0.0, 666.0, 265.0, 999.0, 672.0, 999.0, 999.0, 456.0, 785.0, 0.0, 771.0, 12.911030769348145, -31.950082778930664, -171.0396270751953, -0.10546875, 0.264190673828125, 0.129119873046875, 0.9499359130859375, -8.88617992401123, 19.69015884399414, -87.25112915039062, 0.720184326171875, 0.0623626708984375, 0.176055908203125, -0.6681365966796875
1128430, 1133.1697998046875, 1000.0, 146.0, 450.0, 143.0, 651.0, 384.0, 456.0, 575.0, 83.0, 1000.0, 285.0, 1000.0, 0.0, 666.0, 214.0, 999.0, 514.0, 999.0, 999.0, 446.0, 814.0, 0.0, 762.0, 10.85268783569336, -33.870697021484375, -172.8876953125, -0.0865631103515625, 0.2838134765625, 0.1082763671875, 0.94879150390625, -11.835537910461426, 20.140474319458008, -91.29877471923828, 0.6974945068359375, 0.05340576171875, 0.1941680908203125, -0.6876983642578125
1128480, 1133.2197265625, 1000.0, 144.0, 463.0, 140.0, 833.0, 336.0, 729.0, 500.0, 77.0, 1000.0, 269.0, 750.0, 0.0, 1000.0, 157.0, 999.0, 422.0, 999.0, 999.0, 436.0, 840.0, 0.0, 721.0, 8.728178024291992, -36.20687484741211, -174.15554809570312, -0.071929931640625, 0.3057403564453125, 0.0880279541015625, 0.9452972412109375, -14.946371078491211, 20.08832359313965, -94.97394561767578, 0.6764678955078125, 0.040924072265625, 0.2112579345703125, -0.7043304443359375
1128540, 1133.2794189453125, 1000.0, 141.0, 627.0, 131.0, 937.0, 256.0, 921.0, 393.0, 72.0, 1000.0, 222.0, 750.0, 0.0, 666.0, 120.0, 999.0, 537.0, 999.0, 999.0, 426.0, 854.0, 0.0, 620.0, 5.859405994415283, -39.07710266113281, -174.92861938476562, -0.0587158203125, 0.33154296875, 0.062896728515625, 0.9394989013671875, -18.609493255615234, 19.473037719726562, -98.58629608154297, 0.655059814453125, 0.0225830078125, 0.229644775390625, -0.7194671630859375
1128590, 1133.329345703125, 1000.0, 139.0, 843.0, 117.0, 989.0, 195.0, 969.0, 329.0, 75.0, 1000.0, 196.0, 750.0, 0.0, 1000.0, 114.0, 999.0, 869.0, 999.0, 999.0, 419.0, 853.0, 0.0, 532.0, 3.7148430347442627, -40.737518310546875, -174.6356658935547, -0.05511474609375, 0.3460693359375, 0.046630859375, 0.9354095458984375, -24.010311126708984, 16.894624710083008, -100.84941864013672, 0.6399383544921875, -0.02032470703125, 0.2501220703125, -0.7262725830078125
1128650, 1133.389892578125, 1000.0, 136.0, 951.0, 104.0, 1000.0, 169.0, 1000.0, 270.0, 703.0, 1000.0, 163.0, 750.0, 0.0, 1000.0, 209.0, 999.0, 891.0, 999.0, 999.0, 409.0, 857.0, 0.0, 537.0, 1.604921817779541, -43.745460510253906, -172.48382568359375, -0.0660247802734375, 0.370849609375, 0.037384033203125, 0.925567626953125, -27.783763885498047, 16.256885528564453, -100.55325317382812, 0.6402587890625, -0.04632568359375, 0.2705230712890625, -0.717437744140625
1128700, 1133.439697265625, 1000.0, 134.0, 993.0, 103.0, 1000.0, 181.0, 1000.0, 275.0, 939.0, 1000.0, 154.0, 750.0, 0.0, 666.0, 289.0, 999.0, 969.0, 999.0, 999.0, 397.0, 855.0, 0.0, 655.0, -2.24263072013855, -38.65504837036133, -168.60853576660156, -0.087188720703125, 0.3311004638671875, 0.01446533203125, 0.9394378662109375, -27.480125427246094, 17.62724494934082, -98.038330078125, 0.656982421875, -0.04156494140625, 0.2747955322265625, -0.7007904052734375
1128750, 1133.489501953125, 1000.0, 138.0, 1000.0, 106.0, 1000.0, 198.0, 998.0, 520.0, 925.0, 1000.0, 285.0, 750.0, 0.0, 1000.0, 556.0, 999.0, 999.0, 999.0, 999.0, 386.0, 848.0, 0.0, 721.0, -4.053709983825684, -32.22673034667969, -166.36952209472656, -0.10418701171875, 0.2794342041015625, -0.000823974609375, 0.9544830322265625, -26.73685646057129, 19.50575065612793, -96.78105163574219, 0.6660003662109375, -0.0280914306640625, 0.279815673828125, -0.6909027099609375
1128810, 1133.549560546875, 1000.0, 154.0, 1000.0, 110.0, 987.0, 337.0, 950.0, 859.0, 583.0, 1000.0, 772.0, 750.0, 0.0, 666.0, 547.0, 999.0, 999.0, 999.0, 999.0, 378.0, 822.0, 0.0, 822.0, -11.37889289855957, -28.036502838134766, -162.09176635742188, -0.1265411376953125, 0.2530670166015625, -0.0574951171875, 0.9573974609375, -30.347007751464844, 21.175464630126953, -97.08743286132812, 0.66412353515625, -0.0374298095703125, 0.3102264404296875, -0.679168701171875
1128860, 1133.599609375, 1000.0, 158.0, 1000.0, 109.0, 898.0, 577.0, 792.0, 940.0, 462.0, 1000.0, 894.0, 750.0, 0.0, 1000.0, 456.0, 999.0, 999.0, 999.0, 999.0, 374.0, 796.0, 0.0, 883.0, -17.082361221313477, -29.007455825805664, -159.38577270507812, -0.13470458984375, 0.2693939208984375, -0.0971527099609375, 0.9485931396484375, -36.803165435791016, 22.37459373474121, -99.44425201416016, 0.64849853515625, -0.05975341796875, 0.3552703857421875, -0.6705474853515625
1128920, 1133.659912109375, 1000.0, 162.0, 1000.0, 112.0, 757.0, 740.0, 472.0, 975.0, 232.0, 1000.0, 936.0, 750.0, 0.0, 1000.0, 271.0, 999.0, 999.0, 999.0, 999.0, 380.0, 763.0, 0.0, 902.0, -14.242216110229492, -22.739229202270508, -160.30593872070312, -0.1422882080078125, 0.2135162353515625, -0.0862884521484375, 0.962646484375, -48.621337890625, 22.41797637939453, -103.93054962158203, 0.6138153076171875, -0.109283447265625, 0.427215576171875, -0.65478515625
1128970, 1133.709716796875, 1000.0, 164.0, 996.0, 114.0, 719.0, 751.0, 404.0, 972.0, 174.0, 1000.0, 945.0, 1000.0, 0.0, 666.0, 173.0, 999.0, 999.0, 999.0, 999.0, 386.0, 756.0, 0.0, 898.0, -25.79468536376953, -26.30683708190918, -155.77731323242188, -0.1494903564453125, 0.262481689453125, -0.1659698486328125, 0.938720703125, -61.697635650634766, 21.05657386779785, -109.04973602294922, 0.5661468505859375, -0.164825439453125, 0.5015869140625, -0.63299560546875
1129020, 1133.759521484375, 1000.0, 166.0, 986.0, 115.0, 708.0, 740.0, 365.0, 961.0, 144.0, 1000.0, 950.0, 750.0, 0.0, 666.0, 140.0, 999.0, 883.0, 999.0, 999.0, 390.0, 754.0, 0.0, 884.0, -39.58335494995117, -29.02631950378418, -150.3937225341797, -0.15069580078125, 0.3117218017578125, -0.2566680908203125, 0.90234375, -74.46617889404297, 18.899335861206055, -113.65974426269531, 0.512847900390625, -0.217132568359375, 0.57110595703125, -0.6030426025390625
1129080, 1133.81982421875, 1000.0, 167.0, 981.0, 115.0, 691.0, 710.0, 336.0, 949.0, 124.0, 1000.0, 956.0, 750.0, 0.0, 1000.0, 130.0, 999.0, 741.0, 999.0, 999.0, 393.0, 754.0, 0.0, 869.0, -56.02346420288086, -28.714595794677734, -143.1431121826172, -0.159881591796875, 0.3515167236328125, -0.3624420166015625, 0.8482208251953125, -87.41587829589844, 16.917034149169922, -117.84445190429688, 0.4561309814453125, -0.2617340087890625, 0.6402435302734375, -0.559906005859375
1129130, 1133.8692626953125, 1000.0, 168.0, 977.0, 114.0, 687.0, 695.0, 321.0, 940.0, 105.0, 1000.0, 958.0, 750.0, 0.0, 1000.0, 125.0, 999.0, 747.0, 996.0, 999.0, 395.0, 751.0, 0.0, 865.0, -72.48503875732422, -31.41423225402832, -135.5523681640625, -0.1454925537109375, 0.4173736572265625, -0.4442596435546875, 0.7792510986328125, -97.47303771972656, 15.773214340209961, -120.67276763916016, 0.412933349609375, -0.28985595703125, 0.6917724609375, -0.5166168212890625
1129190, 1133.9295654296875, 1000.0, 170.0, 963.0, 114.0, 631.0, 681.0, 298.0, 915.0, 86.0, 1000.0, 960.0, 1000.0, 0.0, 1000.0, 199.0, 999.0, 999.0, 999.0, 999.0, 396.0, 732.0, 0.0, 855.0, -89.70067596435547, -23.634389877319336, -129.34263610839844, -0.16632080078125, 0.426544189453125, -0.56182861328125, 0.688995361328125, -106.806396484375, 15.429115295410156, -122.65650939941406, 0.3780059814453125, -0.311492919921875, 0.736419677734375, -0.4666290283203125
1129240, 1133.9794921875, 1000.0, 171.0, 957.0, 112.0, 621.0, 655.0, 284.0, 902.0, 78.0, 1000.0, 955.0, 750.0, 0.0, 666.0, 212.0, 999.0, 999.0, 999.0, 999.0, 395.0, 721.0, 0.0, 842.0, -94.42915344238281, -20.015483856201172, -128.1378173828125, -0.1778106689453125, 0.4221954345703125, -0.5983428955078125, 0.6573333740234375, -111.80233001708984, 16.07239532470703, -123.60845184326172, 0.3643035888671875, -0.318328857421875, 0.7596588134765625, -0.434539794921875
1129290, 1134.0296630859375, 1000.0, 172.0, 954.0, 112.0, 616.0, 642.0, 275.0, 884.0, 72.0, 1000.0, 947.0, 750.0, 0.0, 666.0, 227.0, 999.0, 999.0, 999.0, 999.0, 395.0, 715.0, 0.0, 831.0, -96.9388198852539, -15.347885131835938, -127.7845687866211, -0.1993865966796875, 0.405975341796875, -0.627227783203125, 0.6340179443359375, -114.41693878173828, 17.44746208190918, -123.999755859375, 0.3638916015625, -0.31756591796875, 0.772216796875, -0.4127960205078125
1129350, 1134.0897216796875, 1000.0, 173.0, 950.0, 114.0, 594.0, 635.0, 267.0, 873.0, 68.0, 1000.0, 936.0, 750.0, 0.0, 666.0, 219.0, 999.0, 890.0, 999.0, 999.0, 392.0, 708.0, 0.0, 816.0, -96.55010223388672, -9.30137825012207, -128.1969451904297, -0.2353363037109375, 0.3734893798828125, -0.6455841064453125, 0.6231536865234375, -114.55316925048828, 19.580026626586914, -123.87158966064453, 0.3768463134765625, -0.3089141845703125, 0.7747955322265625, -0.40277099609375
1129400, 1134.1395263671875, 1000.0, 173.0, 942.0, 117.0, 590.0, 618.0, 297.0, 875.0, 63.0, 1000.0, 927.0, 750.0, 0.0, 1000.0, 207.0, 999.0, 745.0, 999.0, 999.0, 391.0, 701.0, 0.0, 800.0, -94.60543060302734, -4.367406845092773, -128.1745147705078, -0.27093505859375, 0.34417724609375, -0.6492767333984375, 0.621734619140625, -113.57032775878906, 21.78765106201172, -124.0901870727539, 0.391815185546875, -0.293670654296875, 0.774200439453125, -0.4010162353515625
1129450, 1134.189453125, 1000.0, 173.0, 937.0, 120.0, 585.0, 614.0, 351.0, 895.0, 60.0, 1000.0, 925.0, 750.0, 0.0, 666.0, 198.0, 999.0, 686.0, 999.0, 999.0, 389.0, 698.0, 0.0, 791.0, -94.0988540649414, -0.8665579557418823, -127.45970916748047, -0.296600341796875, 0.3285675048828125, -0.6540374755859375, 0.6134185791015625, -113.22293853759766, 23.898853302001953, -124.15828704833984, 0.40484619140625, -0.2818145751953125, 0.775115966796875, -0.3947601318359375
1129510, 1134.249755859375, 1000.0, 173.0, 924.0, 123.0, 580.0, 595.0, 356.0, 887.0, 58.0, 1000.0, 917.0, 750.0, 0.0, 1000.0, 196.0, 999.0, 652.0, 999.0, 999.0, 386.0, 695.0, 0.0, 772.0, -90.59102630615234, 5.015256404876709, -126.85537719726562, -0.3421783447265625, 0.29010009765625, -0.6488189697265625, 0.6146240234375, -110.90106201171875, 26.45594596862793, -123.69821166992188, 0.4266357421875, -0.26385498046875, 0.768157958984375, -0.3978424072265625
1129560, 1134.2996826171875, 1000.0, 174.0, 918.0, 125.0, 577.0, 585.0, 329.0, 871.0, 54.0, 1000.0, 914.0, 1000.0, 0.0, 1000.0, 176.0, 999.0, 619.0, 999.0, 999.0, 385.0, 686.0, 0.0, 755.0, -89.82992553710938, 6.999960899353027, -126.25399017333984, -0.357940673828125, 0.2799835205078125, -0.648162841796875, 0.6110076904296875, -110.32701110839844, 27.896177291870117, -123.66068267822266, 0.436126708984375, -0.254669189453125, 0.7672271728515625, -0.39532470703125
1129620, 1134.3597412109375, 1000.0, 174.0, 909.0, 126.0, 572.0, 575.0, 263.0, 837.0, 53.0, 1000.0, 911.0, 1000.0, 0.0, 666.0, 187.0, 999.0, 575.0, 999.0, 999.0, 384.0, 683.0, 0.0, 745.0, -89.29597473144531, 9.290688514709473, -125.98219299316406, -0.3727264404296875, 0.266754150390625, -0.65020751953125, 0.6059112548828125, -110.32339477539062, 31.49645233154297, -123.87718963623047, 0.4552154541015625, -0.2347869873046875, 0.77001953125, -0.3803863525390625
1129670, 1134.4093017578125, 1000.0, 174.0, 907.0, 126.0, 572.0, 562.0, 258.0, 826.0, 52.0, 1000.0, 907.0, 750.0, 0.0, 1000.0, 182.0, 999.0, 581.0, 999.0, 999.0, 383.0, 679.0, 0.0, 732.0, -88.98927307128906, 10.30788516998291, -125.67940521240234, -0.38031005859375, 0.2616119384765625, -0.6502838134765625, 0.6033477783203125, -111.00565338134766, 33.74403762817383, -124.34481048583984, 0.46453857421875, -0.2227935791015625, 0.774200439453125, -0.367645263671875
1129680, 1134.4595947265625, 1000.0, 174.0, 906.0, 126.0, 571.0, 561.0, 258.0, 825.0, 52.0, 1000.0, 907.0, 750.0, 0.0, 1000.0, 181.0, 999.0, 584.0, 999.0, 999.0, 383.0, 678.0, 0.0, 730.0, -89.10820007324219, 10.486908912658691, -125.62360382080078, -0.381256103515625, 0.26129150390625, -0.6511993408203125, 0.601898193359375, -111.54878234863281, 33.67294692993164, -124.65104675292969, 0.4621124267578125, -0.2232818603515625, 0.7765045166015625, -0.3655242919921875
1129720, 1134.4693603515625, 1000.0, 174.0, 906.0, 126.0, 569.0, 558.0, 256.0, 823.0, 51.0, 1000.0, 906.0, 750.0, 0.0, 666.0, 178.0, 999.0, 596.0, 999.0, 999.0, 382.0, 673.0, 0.0, 723.0, -89.32174682617188, 11.212279319763184, -125.94322967529297, -0.382843017578125, 0.2559967041015625, -0.6547088623046875, 0.5993499755859375, -109.40636444091797, 34.6003532409668, -123.63214874267578, 0.4744873046875, -0.216583251953125, 0.76800537109375, -0.3716278076171875
1129780, 1134.51953125, 1000.0, 175.0, 905.0, 126.0, 568.0, 551.0, 254.0, 820.0, 49.0, 1000.0, 903.0, 750.0, 0.0, 666.0, 177.0, 999.0, 577.0, 999.0, 999.0, 381.0, 669.0, 0.0, 716.0, -90.21382141113281, 12.149800300598145, -126.37106323242188, -0.3834991455078125, 0.2511138916015625, -0.662384033203125, 0.592529296875, -107.58513641357422, 35.9130973815918, -122.75240325927734, 0.487548828125, -0.207855224609375, 0.7610015869140625, -0.37408447265625
1129800, 1134.5697021484375, 1000.0, 175.0, 903.0, 126.0, 568.0, 550.0, 254.0, 819.0, 49.0, 1000.0, 902.0, 750.0, 0.0, 666.0, 175.0, 999.0, 579.0, 999.0, 999.0, 380.0, 668.0, 0.0, 715.0, -90.6929702758789, 12.472879409790039, -126.39550018310547, -0.384002685546875, 0.2507171630859375, -0.6656036376953125, 0.5887451171875, -109.51513671875, 33.38247299194336, -123.88431549072266, 0.46697998046875, -0.221710205078125, 0.768310546875, -0.3774261474609375
1129830, 1134.579345703125, 1000.0, 175.0, 901.0, 127.0, 568.0, 548.0, 253.0, 818.0, 48.0, 1000.0, 901.0, 750.0, 0.0, 666.0, 173.0, 999.0, 570.0, 999.0, 999.0, 380.0, 668.0, 0.0, 713.0, -91.24970245361328, 12.610273361206055, -126.63523864746094, -0.3822784423828125, 0.250396728515625, -0.669281005859375, 0.585845947265625, -108.52639770507812, 32.949398040771484, -123.43307495117188, 0.4680938720703125, -0.22296142578125, 0.7639312744140625, -0.3841400146484375
1129890, 1134.629638671875, 1000.0, 177.0, 900.0, 128.0, 566.0, 546.0, 251.0, 817.0, 47.0, 1000.0, 900.0, 1000.0, 0.0, 666.0, 171.0, 999.0, 552.0, 999.0, 999.0, 379.0, 667.0, 0.0, 709.0, -91.94923400878906, 11.607339859008789, -126.77120208740234, -0.3747406005859375, 0.25762939453125, -0.6710205078125, 0.5855712890625, -107.28546142578125, 32.52406692504883, -122.78746795654297, 0.470458984375, -0.2244110107421875, 0.758209228515625, -0.3916473388671875
1129930, 1134.6798095703125, 1000.0, 177.0, 899.0, 128.0, 565.0, 545.0, 251.0, 817.0, 47.0, 1000.0, 898.0, 750.0, 0.0, 666.0, 170.0, 999.0, 541.0, 999.0, 999.0, 378.0, 666.0, 0.0, 706.0, -91.55760192871094, 11.457052230834961, -126.7632827758789, -0.3748626708984375, 0.2572479248046875, -0.668670654296875, 0.5883331298828125, -107.08692932128906, 32.406410217285156, -122.77008056640625, 0.4702911376953125, -0.224334716796875, 0.757415771484375, -0.3934173583984375
1129940, 1134.689453125, 1000.0, 177.0, 899.0, 128.0, 565.0, 545.0, 251.0, 816.0, 47.0, 1000.0, 897.0, 750.0, 0.0, 666.0, 170.0, 999.0, 533.0, 999.0, 999.0, 378.0, 666.0, 0.0, 706.0, -91.4583969116211, 11.472280502319336, -126.72183990478516, -0.3753814697265625, 0.257080078125, -0.6681060791015625, 0.5887298583984375, -107.02174377441406, 32.40998458862305, -122.73863983154297, 0.470550537109375, -0.2242584228515625, 0.75714111328125, -0.393707275390625
1129990, 1134.739501953125, 1000.0, 177.0, 900.0, 128.0, 564.0, 539.0, 251.0, 814.0, 46.0, 1000.0, 894.0, 750.0, 0.0, 666.0, 170.0, 999.0, 506.0, 999.0, 999.0, 378.0, 665.0, 0.0, 698.0, -91.25053405761719, 11.639089584350586, -126.31311798095703, -0.3788299560546875, 0.2578277587890625, -0.6664886474609375, 0.588043212890625, -107.81732940673828, 31.93097686767578, -123.21977233886719, 0.464813232421875, -0.2268524169921875, 0.760498046875, -0.392547607421875
