1752162237983 0.08695652173913043 1
1752162238511 0.2608695652173913 2
1752162239012 0.2608695652173913 3
1752162239528 0.34782608695652173 4
1752162240033 0.34782608695652173 5
1752162240553 0.43478260869565216 6
1752162241066 0.34782608695652173 7
1752162241564 0.6956521739130435 8
1752162242067 0.782608695652174 9
1752162242572 0.8260869565217391 10
1752162243100 0.6956521739130435 11
1752162243637 0.782608695652174 12
1752162244153 0.6086956521739131 13
1752162244682 0.6086956521739131 14
1752162245214 0.6086956521739131 15
1752162245735 0.6521739130434783 16
1752162246250 0.6956521739130435 17
1752162246768 0.6956521739130435 18
1752162247266 0.6086956521739131 19
1752162247768 0.7391304347826086 20
1752162248273 0.7391304347826086 21
1752162248782 0.7391304347826086 22
1752162249300 0.782608695652174 23
1752162249802 0.7391304347826086 24
1752162250321 0.7391304347826086 25
1752162250840 0.7391304347826086 26
1752162251366 0.7391304347826086 27
1752162251883 0.6521739130434783 28
1752162252416 0.6956521739130435 29
1752162252924 0.391304347826087 30
1752162253443 0.391304347826087 31
1752162253970 0.391304347826087 32
1752162254476 0.391304347826087 33
1752162254989 0.391304347826087 34
1752162255486 0.391304347826087 35
1752162255975 0.391304347826087 36
1752162256488 0.391304347826087 37
1752162257004 0.391304347826087 38
1752162257506 0.391304347826087 39
1752162258017 0.391304347826087 40
1752162258512 0.7391304347826086 41
1752162259018 0.6956521739130435 42
1752162259513 0.6956521739130435 43
1752162260017 0.7391304347826086 44
1752162260522 0.5217391304347826 45
1752162261031 0.7391304347826086 46
1752162261534 0.7391304347826086 47
1752162262053 0.7391304347826086 48
1752162262566 0.7391304347826086 49
1752162263060 0.7391304347826086 50
1752162263578 0.7391304347826086 51
1752162264093 0.7391304347826086 52
1752162264591 0.7391304347826086 53
1752162265094 0.7391304347826086 54
1752162265604 0.7391304347826086 55
1752162266095 0.7391304347826086 56
1752162266597 0.6956521739130435 57
1752162267102 0.6956521739130435 58
1752162267612 0.6956521739130435 59
1752162268145 0.6086956521739131 60
1752162268677 0.6521739130434783 61
1752162269213 0.782608695652174 62
1752162269751 0.782608695652174 63
1752162270272 0.782608695652174 64
1752162270786 0.782608695652174 65
1752162271315 0.782608695652174 66
1752162271811 0.782608695652174 67
1752162272320 0.782608695652174 68
1752162272841 0.782608695652174 69
1752162273361 0.782608695652174 70
1752162273880 0.782608695652174 71
1752162274401 0.782608695652174 72
1752162274963 0.782608695652174 73
1752162275475 0.782608695652174 74
1752162275998 0.782608695652174 75
1752162276551 0.782608695652174 76
1752162277069 0.782608695652174 77
1752162277580 0.782608695652174 78
1752162278074 0.782608695652174 79
1752162278585 0.782608695652174 80
1752162279094 0.782608695652174 81
1752162279595 0.782608695652174 82
1752162280114 0.782608695652174 83
1752162280646 0.782608695652174 84
1752162281143 0.782608695652174 85
1752162281648 0.782608695652174 86
1752162282152 0.782608695652174 87
1752162282682 0.782608695652174 88
1752162283192 0.782608695652174 89
1752162283689 0.782608695652174 90
1752162284199 0.7391304347826086 91
1752162284708 0.6956521739130435 92
1752162285219 0.7391304347826086 93
1752162285729 0.391304347826087 94
1752162286221 0.7391304347826086 95
1752162286728 0.7391304347826086 96
1752162287227 0.6956521739130435 97
1752162287740 0.391304347826087 98
1752162288252 0.7391304347826086 99
1752162288766 0.782608695652174 100
1752162289275 0.782608695652174 101
1752162289771 0.782608695652174 102
1752162290285 0.782608695652174 103
1752162290799 0.782608695652174 104
1752162291299 0.782608695652174 105
1752162291803 0.782608695652174 106
1752162292313 0.782608695652174 107
1752162292816 0.782608695652174 108
1752162293311 0.782608695652174 109
1752162293820 0.782608695652174 110
1752162294337 0.782608695652174 111
1752162294847 0.782608695652174 112
1752162295368 0.782608695652174 113
1752162295870 0.782608695652174 114
1752162296368 0.782608695652174 115
1752162296865 0.9565217391304348 116
1752162297367 0.9565217391304348 117
1752162297876 0.9565217391304348 118
1752162298405 0.9565217391304348 119
1752162298921 0.9130434782608695 120
1752162299440 0.9565217391304348 121
1752162299946 0.9565217391304348 122
1752162300463 0.9130434782608695 123
1752162301001 0.9130434782608695 124
1752162301515 0.9130434782608695 125
1752162302018 0.9130434782608695 126
1752162302519 0.9130434782608695 127
1752162303040 0.9130434782608695 128
1752162303552 0.9130434782608695 129
1752162304059 0.8695652173913043 130
1752162304588 0.9130434782608695 131
1752162305102 0.9565217391304348 132
1752162305610 0.9565217391304348 133
1752162306133 0.9565217391304348 134
1752162306640 0.9565217391304348 135
1752162307158 0.9565217391304348 136
1752162307688 0.9565217391304348 137
1752162308206 0.9565217391304348 138
1752162308726 0.9565217391304348 139
1752162309290 0.9565217391304348 140
1752162309803 0.9565217391304348 141
1752162310329 0.9565217391304348 142
1752162310848 0.9565217391304348 143
1752162311377 0.9565217391304348 144
1752162311888 0.9565217391304348 145
1752162312414 0.9565217391304348 146
1752162312924 0.9565217391304348 147
1752162313426 0.9565217391304348 148
1752162313933 0.9565217391304348 149
1752162314430 0.9565217391304348 150
1752162314936 0.9565217391304348 151
1752162315460 0.9565217391304348 152
1752162316005 0.9565217391304348 153
1752162316528 0.9565217391304348 154
1752162317052 0.9565217391304348 155
1752162317575 0.9565217391304348 156
1752162318089 0.9565217391304348 157
1752162318595 0.9565217391304348 158
1752162319127 0.9565217391304348 159
1752162319637 0.9565217391304348 160
1752162320170 0.9565217391304348 161
1752162320693 0.9565217391304348 162
1752162321208 0.9565217391304348 163
1752162321740 0.9565217391304348 164
1752162322256 0.9565217391304348 165
1752162322770 0.9565217391304348 166
1752162323271 0.9565217391304348 167
1752162323770 0.9565217391304348 168
1752162324280 0.9565217391304348 169
1752162324799 0.9565217391304348 170
1752162325303 0.9565217391304348 171
1752162325833 0.9565217391304348 172
1752162326339 0.9565217391304348 173
1752162326855 0.9565217391304348 174
1752162327383 0.9565217391304348 175
1752162327897 0.9565217391304348 176
1752162328415 0.9565217391304348 177
1752162328936 0.9565217391304348 178
1752162329439 0.9565217391304348 179
1752162329936 0.9565217391304348 180
1752162330458 0.9565217391304348 181
1752162330980 0.9565217391304348 182
1752162331489 0.9565217391304348 183
1752162331993 0.9565217391304348 184
1752162332509 0.9565217391304348 185
1752162333011 0.9565217391304348 186
1752162333510 0.9565217391304348 187
1752162334041 0.9565217391304348 188
1752162334548 0.9565217391304348 189
1752162335058 0.9565217391304348 190
1752162335572 0.9565217391304348 191
1752162336091 0.9565217391304348 192
1752162336598 0.9565217391304348 193
1752162337113 0.9565217391304348 194
1752162337618 0.9565217391304348 195
1752162338123 0.9565217391304348 196
1752162338641 0.9565217391304348 197
1752162339144 0.9565217391304348 198
1752162339662 0.9565217391304348 199
1752162340173 0.9565217391304348 200
1752162340691 0.9565217391304348 201
1752162341193 0.9565217391304348 202
1752162341709 0.9565217391304348 203
1752162342225 0.9565217391304348 204
1752162342734 0.9565217391304348 205
1752162343229 0.9565217391304348 206
1752162343738 0.9565217391304348 207
1752162344253 0.9565217391304348 208
1752162344761 0.9565217391304348 209
1752162345282 0.9565217391304348 210
1752162345791 0.9565217391304348 211
1752162346304 0.9565217391304348 212
1752162346823 0.9565217391304348 213
1752162347356 0.9565217391304348 214
1752162347872 0.9565217391304348 215
1752162348383 0.9565217391304348 216
1752162348888 0.9565217391304348 217
1752162349389 0.9565217391304348 218
1752162349902 0.9565217391304348 219
1752162350442 0.9565217391304348 220
1752162350957 0.9565217391304348 221
1752162351480 0.9565217391304348 222
1752162351986 0.9565217391304348 223
1752162352498 0.9565217391304348 224
1752162353011 0.9565217391304348 225
1752162353537 0.9565217391304348 226
1752162354073 0.9565217391304348 227
1752162354606 0.9565217391304348 228
1752162355103 0.9565217391304348 229
1752162355620 0.9565217391304348 230
1752162356133 0.9565217391304348 231
1752162356646 0.9565217391304348 232
1752162357170 0.9565217391304348 233
1752162357691 0.9565217391304348 234
1752162358216 0.9565217391304348 235
1752162358744 0.9565217391304348 236
1752162359266 0.9565217391304348 237
1752162359800 0.9565217391304348 238
1752162360326 0.9565217391304348 239
1752162360841 0.9565217391304348 240
1752162361362 0.9565217391304348 241
1752162361879 0.9565217391304348 242
1752162362398 0.9565217391304348 243
1752162362951 0.9565217391304348 244
1752162363489 0.9565217391304348 245
1752162364027 0.9565217391304348 246
1752162364542 0.9565217391304348 247
1752162365057 0.9565217391304348 248
1752162365584 0.9565217391304348 249
1752162366120 0.9565217391304348 250
1752162366655 0.9565217391304348 251
1752162367184 0.9565217391304348 252
1752162367718 0.9565217391304348 253
1752162368230 0.9565217391304348 254
1752162368752 0.9565217391304348 255
1752162369293 0.9565217391304348 256
1752162369828 0.9565217391304348 257
1752162370346 0.9565217391304348 258
1752162370870 0.9565217391304348 259
1752162371402 0.9565217391304348 260
1752162371919 0.9565217391304348 261
1752162372434 0.9565217391304348 262
1752162372962 0.9565217391304348 263
1752162373476 0.9565217391304348 264
1752162373993 0.9565217391304348 265
1752162374517 0.9565217391304348 266
1752162375033 0.9565217391304348 267
1752162375561 0.9565217391304348 268
1752162376061 0.9565217391304348 269
1752162376575 0.9565217391304348 270
1752162377112 0.9565217391304348 271
1752162377642 0.9565217391304348 272
1752162378163 0.9565217391304348 273
1752162378677 0.9565217391304348 274
1752162379199 0.9565217391304348 275
1752162379722 0.9565217391304348 276
1752162380241 0.9565217391304348 277
1752162380768 0.9565217391304348 278
1752162381285 0.9565217391304348 279
1752162381810 0.9565217391304348 280
1752162382321 0.9565217391304348 281
1752162382851 0.9565217391304348 282
1752162383383 0.9565217391304348 283
1752162383894 0.9565217391304348 284
1752162384403 0.9565217391304348 285
1752162384915 0.9565217391304348 286
1752162385423 0.9565217391304348 287
1752162385945 0.9565217391304348 288
1752162386471 0.9565217391304348 289
1752162386977 0.9565217391304348 290
1752162387501 0.9565217391304348 291
1752162388015 0.9565217391304348 292
1752162388527 0.9565217391304348 293
1752162389056 0.9565217391304348 294
1752162389578 0.9565217391304348 295
1752162390080 0.9565217391304348 296
1752162390604 0.9565217391304348 297
1752162391112 0.9565217391304348 298
1752162391628 0.9565217391304348 299
1752162392143 0.9565217391304348 300
