1752162237977 1.3926405906677246 1
1752162238502 1.3781987428665161 2
1752162239003 1.3910636901855469 3
1752162239522 1.279224157333374 4
1752162240026 1.3566112518310547 5
1752162240545 1.3830052614212036 6
1752162241059 1.362613320350647 7
1752162241555 1.2874771356582642 8
1752162242060 1.2732614278793335 9
1752162242563 1.0647326707839966 10
1752162243093 1.0377217531204224 11
1752162243631 1.468013882637024 12
1752162244147 1.2709132432937622 13
1752162244672 1.1819701194763184 14
1752162245204 1.2140182256698608 15
1752162245728 1.1386849880218506 16
1752162246241 1.1187337636947632 17
1752162246761 0.9843576550483704 18
1752162247259 1.0849500894546509 19
1752162247761 0.9879478216171265 20
1752162248266 0.9705567359924316 21
1752162248775 0.8680098652839661 22
1752162249293 0.8067004084587097 23
1752162249794 0.7584165334701538 24
1752162250315 0.7596734166145325 25
1752162250833 0.8114219903945923 26
1752162251356 0.9511592984199524 27
1752162251873 0.7783482670783997 28
1752162252406 1.5047800540924072 29
1752162252917 1.0040159225463867 30
1752162253435 0.9685890078544617 31
1752162253963 1.3368794918060303 32
1752162254468 0.9644144773483276 33
1752162254981 1.3411848545074463 34
1752162255480 1.5332012176513672 35
1752162255968 1.340972900390625 36
1752162256479 0.7691938281059265 37
1752162256996 0.9575940370559692 38
1752162257499 1.332111120223999 39
1752162258010 0.8142250776290894 40
1752162258505 0.7559605836868286 41
1752162259011 1.1442639827728271 42
1752162259506 0.755055844783783 43
1752162260009 1.48153555393219 44
1752162260515 0.9390441179275513 45
1752162261023 0.9434524774551392 46
1752162261526 0.7577102780342102 47
1752162262044 0.7563163042068481 48
1752162262559 0.7515499591827393 49
1752162263053 0.7500587701797485 50
1752162263570 0.9323514699935913 51
1752162264085 1.1211344003677368 52
1752162264584 0.7485405802726746 53
1752162265086 0.9471071362495422 54
1752162265596 0.9483304023742676 55
1752162266087 0.7510599493980408 56
1752162266590 0.7504416108131409 57
1752162267095 0.7479149103164673 58
1752162267604 1.1425378322601318 59
1752162268137 0.9390934705734253 60
1752162268668 0.9464383125305176 61
1752162269203 0.9467744827270508 62
1752162269744 1.140928864479065 63
1752162270263 0.7498122453689575 64
1752162270775 0.9456680417060852 65
1752162271307 0.7494029998779297 66
1752162271800 0.940869927406311 67
1752162272308 0.9406870603561401 68
1752162272828 0.9431424140930176 69
1752162273353 0.751253068447113 70
1752162273872 0.9415831565856934 71
1752162274393 1.1396971940994263 72
1752162274955 0.9466434717178345 73
1752162275467 0.9435609579086304 74
1752162275990 0.9426923990249634 75
1752162276539 0.9426107406616211 76
1752162277058 1.1412614583969116 77
1752162277572 1.1375166177749634 78
1752162278066 0.9451114535331726 79
1752162278576 0.9426077604293823 80
1752162279085 0.9414175748825073 81
1752162279587 0.9438086748123169 82
1752162280106 0.9417774081230164 83
1752162280637 0.9451324343681335 84
1752162281135 0.9408462643623352 85
1752162281639 0.7500025629997253 86
1752162282139 0.744503378868103 87
1752162282671 1.1349194049835205 88
1752162283184 0.7463251948356628 89
1752162283680 0.9020069241523743 90
1752162284191 1.3328747749328613 91
1752162284699 0.7493492364883423 92
1752162285211 0.963600754737854 93
1752162285721 0.7484842538833618 94
1752162286213 0.7784903645515442 95
1752162286718 0.9491263628005981 96
1752162287217 1.0608789920806885 97
1752162287731 0.787079930305481 98
1752162288243 0.8122571110725403 99
1752162288757 0.946083664894104 100
1752162289266 1.1377694606781006 101
1752162289763 0.9432695508003235 102
1752162290275 1.3240993022918701 103
1752162290790 1.139475703239441 104
1752162291290 0.7495025396347046 105
1752162291794 0.751150369644165 106
1752162292304 1.3217198848724365 107
1752162292806 0.7527379989624023 108
1752162293299 0.7624404430389404 109
1752162293811 0.7496087551116943 110
1752162294327 0.9458631277084351 111
1752162294838 0.9607776403427124 112
1752162295359 1.1046028137207031 113
1752162295861 0.8743842244148254 114
1752162296358 0.9032274484634399 115
1752162296856 0.8278972506523132 116
1752162297357 0.7950960397720337 117
1752162297866 0.7456244230270386 118
1752162298396 0.7681863903999329 119
1752162298911 0.7542659044265747 120
1752162299430 0.7645950317382812 121
1752162299937 0.9405709505081177 122
1752162300454 0.7599068880081177 123
1752162300992 0.7581848502159119 124
1752162301506 0.7641838788986206 125
1752162302008 0.7511258125305176 126
1752162302510 0.7468070983886719 127
1752162303031 0.7572308778762817 128
1752162303543 0.7524269223213196 129
1752162304049 0.7497390508651733 130
1752162304579 0.9409294128417969 131
1752162305093 0.7522855401039124 132
1752162305600 0.7514286041259766 133
1752162306123 0.7490683794021606 134
1752162306630 0.7483132481575012 135
1752162307149 0.7493705749511719 136
1752162307678 0.748736560344696 137
1752162308196 0.7511740922927856 138
1752162308716 0.7466049790382385 139
1752162309274 0.7481300830841064 140
1752162309793 0.7500050067901611 141
1752162310319 0.7457439303398132 142
1752162310834 0.7472269535064697 143
1752162311367 0.7472648024559021 144
1752162311878 0.7450615167617798 145
1752162312404 0.7469004392623901 146
1752162312914 0.7467883825302124 147
1752162313415 0.7452563047409058 148
1752162313923 0.744970440864563 149
1752162314420 0.7475625872612 150
1752162314925 0.7465671300888062 151
1752162315450 0.7460273504257202 152
1752162315995 0.7455922365188599 153
1752162316518 0.7461990714073181 154
1752162317041 0.7470467686653137 155
1752162317564 0.7445299625396729 156
1752162318078 0.7453785538673401 157
1752162318584 0.7467231750488281 158
1752162319118 0.7450787425041199 159
1752162319627 0.745620846748352 160
1752162320160 0.7459647059440613 161
1752162320681 0.7455156445503235 162
1752162321198 0.7462154626846313 163
1752162321730 0.746346116065979 164
1752162322245 0.7450668215751648 165
1752162322759 0.7443561553955078 166
1752162323261 0.7446786165237427 167
1752162323759 0.7445752024650574 168
1752162324270 0.7447836399078369 169
1752162324789 0.7451815009117126 170
1752162325293 0.744728147983551 171
1752162325822 0.7451109886169434 172
1752162326328 0.7452154159545898 173
1752162326845 0.7440784573554993 174
1752162327372 0.7445342540740967 175
1752162327886 0.7441466450691223 176
1752162328405 0.7442411184310913 177
1752162328925 0.7444005012512207 178
1752162329428 0.7451874613761902 179
1752162329926 0.7449716329574585 180
1752162330447 0.7447363138198853 181
1752162330970 0.7443384528160095 182
1752162331478 0.7444066405296326 183
1752162331982 0.7446035146713257 184
1752162332498 0.7447523474693298 185
1752162333000 0.7444795370101929 186
1752162333499 0.744613766670227 187
1752162334029 0.7442106008529663 188
1752162334537 0.7452525496482849 189
1752162335047 0.7444344758987427 190
1752162335561 0.7446209192276001 191
1752162336080 0.7441729307174683 192
1752162336587 0.7447457313537598 193
1752162337101 0.7442407011985779 194
1752162337606 0.7445272207260132 195
1752162338112 0.7447120547294617 196
1752162338629 0.7441446781158447 197
1752162339133 0.744735598564148 198
1752162339651 0.7442339062690735 199
1752162340162 0.744606077671051 200
1752162340679 0.7445570230484009 201
1752162341182 0.7446488738059998 202
1752162341698 0.7440924644470215 203
1752162342213 0.7445164918899536 204
1752162342722 0.7440762519836426 205
1752162343218 0.7442922592163086 206
1752162343726 0.7439802885055542 207
1752162344241 0.7448748350143433 208
1752162344749 0.7440738081932068 209
1752162345270 0.7440175414085388 210
1752162345779 0.7441763877868652 211
1752162346292 0.7446447014808655 212
1752162346811 0.744093120098114 213
1752162347344 0.7441250681877136 214
1752162347860 0.7445647716522217 215
1752162348368 0.7445741891860962 216
1752162348876 0.7439482808113098 217
1752162349377 0.7440708875656128 218
1752162349890 0.7444819211959839 219
1752162350431 0.7442682981491089 220
1752162350946 0.7442158460617065 221
1752162351465 0.7439772486686707 222
1752162351974 0.7440101504325867 223
1752162352486 0.743933379650116 224
1752162352999 0.7442083358764648 225
1752162353523 0.744165301322937 226
1752162354062 0.7439528107643127 227
1752162354594 0.743949294090271 228
1752162355091 0.7443270683288574 229
1752162355607 0.7439655661582947 230
1752162356121 0.7443472146987915 231
1752162356633 0.744136393070221 232
1752162357158 0.7439969778060913 233
1752162357677 0.7441571950912476 234
1752162358203 0.7441614270210266 235
1752162358731 0.7441716194152832 236
1752162359250 0.7442831993103027 237
1752162359784 0.7441433668136597 238
1752162360313 0.7442535758018494 239
1752162360827 0.7441863417625427 240
1752162361349 0.7440645694732666 241
1752162361867 0.7440311908721924 242
1752162362382 0.743923008441925 243
1752162362936 0.7439443469047546 244
1752162363476 0.7440896034240723 245
1752162364015 0.7441983819007874 246
1752162364530 0.7440215945243835 247
1752162365044 0.7438735961914062 248
1752162365570 0.7440292239189148 249
1752162366108 0.7438670992851257 250
1752162366642 0.743902325630188 251
1752162367169 0.7441819906234741 252
1752162367703 0.7438642382621765 253
1752162368217 0.7441418766975403 254
1752162368738 0.7440296411514282 255
1752162369271 0.7440417408943176 256
1752162369815 0.7440156936645508 257
1752162370333 0.7438973784446716 258
1752162370856 0.7440511584281921 259
1752162371389 0.7439769506454468 260
1752162371906 0.7439466118812561 261
1752162372419 0.7438979148864746 262
1752162372949 0.7440160512924194 263
1752162373464 0.7439302206039429 264
1752162373978 0.74379962682724 265
1752162374503 0.7439624071121216 266
1752162375016 0.7439035177230835 267
1752162375547 0.7440580725669861 268
1752162376047 0.74394291639328 269
1752162376561 0.7439642548561096 270
1752162377099 0.7440564036369324 271
1752162377629 0.7439711689949036 272
1752162378148 0.7438288927078247 273
1752162378663 0.7439202070236206 274
1752162379184 0.7438738942146301 275
1752162379708 0.7439223527908325 276
1752162380226 0.7438469529151917 277
1752162380754 0.7439799308776855 278
1752162381270 0.7438962459564209 279
1752162381797 0.7438395619392395 280
1752162382307 0.7439146041870117 281
1752162382837 0.7438497543334961 282
1752162383366 0.7438615560531616 283
1752162383880 0.7439106106758118 284
1752162384390 0.7438257932662964 285
1752162384901 0.7438725233078003 286
1752162385410 0.743904709815979 287
1752162385930 0.7438002824783325 288
1752162386456 0.7438775897026062 289
1752162386963 0.7438980937004089 290
1752162387487 0.7438081502914429 291
1752162388001 0.7438538074493408 292
1752162388513 0.7439090013504028 293
1752162389042 0.7438124418258667 294
1752162389564 0.7438977360725403 295
1752162390066 0.7438710331916809 296
1752162390590 0.7438033223152161 297
1752162391099 0.744013786315918 298
1752162391613 0.7437998056411743 299
1752162392128 0.7440043687820435 300
