22640, 22.860380172729492, [1000.0, 49.0, 235.0, 111.0, 248.0, 139.0, 130.0, 0.0, 0.0, 1000.0, 0.0, 1000.0, 0.0, 1000.0, 907.0, 999.0, 999.0, 999.0, 999.0, 316.0, 330.0, 0.0, 0.0], [], [-0.9737701416015625, 0.189544677734375, -0.0989990234375, 0.0776824951171875], [], [-0.634765625, 0.13629150390625, -0.2206268310546875, 0.727874755859375]
22650, 22.868989944458008, [1000.0, 49.0, 235.0, 111.0, 248.0, 139.0, 130.0, 0.0, 0.0, 1000.0, 0.0, 1000.0, 0.0, 1000.0, 907.0, 999.0, 999.0, 999.0, 999.0, 316.0, 330.0, 0.0, 0.0], [], [-0.9737701416015625, 0.189544677734375, -0.0989990234375, 0.0776824951171875], [], [-0.6356353759765625, 0.1338043212890625, -0.2191314697265625, 0.72802734375]
22660, 22.879030227661133, [1000.0, 49.0, 235.0, 111.0, 248.0, 139.0, 130.0, 0.0, 0.0, 1000.0, 0.0, 1000.0, 0.0, 1000.0, 907.0, 999.0, 999.0, 999.0, 999.0, 316.0, 330.0, 0.0, 0.0], [], [-0.9737701416015625, 0.189544677734375, -0.0989990234375, 0.0776824951171875], [], [-0.6366729736328125, 0.1307373046875, -0.217681884765625, 0.7281036376953125]
22670, 22.889028549194336, [1000.0, 49.0, 235.0, 111.0, 248.0, 139.0, 130.0, 0.0, 0.0, 1000.0, 0.0, 1000.0, 0.0, 1000.0, 907.0, 999.0, 999.0, 999.0, 999.0, 316.0, 330.0, 0.0, 0.0], [], [-0.9737701416015625, 0.189544677734375, -0.0989990234375, 0.0776824951171875], [], [-0.6376495361328125, 0.127899169921875, -0.2169189453125, 0.727996826171875]
22680, 22.902555465698242, [1000.0, 49.0, 235.0, 111.0, 248.0, 139.0, 130.0, 0.0, 0.0, 1000.0, 0.0, 1000.0, 0.0, 1000.0, 907.0, 999.0, 999.0, 999.0, 999.0, 316.0, 330.0, 0.0, 0.0], [], [-0.9737701416015625, 0.189544677734375, -0.0989990234375, 0.0776824951171875], [], [-0.638641357421875, 0.1251068115234375, -0.215911865234375, 0.7279052734375]
22690, 22.909183502197266, [1000.0, 49.0, 235.0, 111.0, 248.0, 139.0, 130.0, 0.0, 0.0, 1000.0, 0.0, 1000.0, 0.0, 1000.0, 907.0, 999.0, 999.0, 999.0, 999.0, 316.0, 330.0, 0.0, 0.0], [], [-0.9737701416015625, 0.189544677734375, -0.0989990234375, 0.0776824951171875], [], [-0.6395263671875, 0.1228485107421875, -0.2154388427734375, 0.7276458740234375]
22700, 22.919116973876953, [1000.0, 49.0, 235.0, 111.0, 248.0, 139.0, 130.0, 0.0, 0.0, 1000.0, 0.0, 1000.0, 0.0, 1000.0, 907.0, 999.0, 999.0, 999.0, 999.0, 316.0, 330.0, 0.0, 0.0], [], [-0.9737701416015625, 0.189544677734375, -0.0989990234375, 0.0776824951171875], [], [-0.6407318115234375, 0.1192169189453125, -0.2159271240234375, 0.72705078125]
22710, 22.929035186767578, [1000.0, 49.0, 235.0, 111.0, 248.0, 139.0, 130.0, 0.0, 0.0, 1000.0, 0.0, 1000.0, 0.0, 1000.0, 907.0, 999.0, 999.0, 999.0, 999.0, 316.0, 330.0, 0.0, 0.0], [], [-0.9737701416015625, 0.189544677734375, -0.0989990234375, 0.0776824951171875], [], [-0.641510009765625, 0.1181793212890625, -0.2169036865234375, 0.7262420654296875]
22720, 22.93902015686035, [1000.0, 49.0, 235.0, 111.0, 248.0, 139.0, 130.0, 0.0, 0.0, 1000.0, 0.0, 1000.0, 0.0, 1000.0, 907.0, 999.0, 999.0, 999.0, 999.0, 316.0, 330.0, 0.0, 0.0], [], [-0.9737701416015625, 0.189544677734375, -0.0989990234375, 0.0776824951171875], [], [-0.6414642333984375, 0.1201171875, -0.2202606201171875, 0.7249603271484375]
22730, 22.949064254760742, [1000.0, 49.0, 235.0, 111.0, 248.0, 139.0, 130.0, 0.0, 0.0, 1000.0, 0.0, 1000.0, 0.0, 1000.0, 907.0, 999.0, 999.0, 999.0, 999.0, 316.0, 330.0, 0.0, 0.0], [], [-0.9737701416015625, 0.189544677734375, -0.0989990234375, 0.0776824951171875], [], [-0.642181396484375, 0.11956787109375, -0.221343994140625, 0.7240753173828125]
22740, 22.95918083190918, [1000.0, 49.0, 235.0, 111.0, 248.0, 139.0, 130.0, 0.0, 0.0, 1000.0, 0.0, 1000.0, 0.0, 1000.0, 907.0, 999.0, 999.0, 999.0, 999.0, 316.0, 330.0, 0.0, 0.0], [], [-0.9737701416015625, 0.189544677734375, -0.0989990234375, 0.0776824951171875], [], [-0.6433563232421875, 0.1177978515625, -0.21990966796875, 0.7237548828125]
22750, 22.969112396240234, [1000.0, 49.0, 235.0, 111.0, 248.0, 139.0, 130.0, 0.0, 0.0, 1000.0, 0.0, 1000.0, 0.0, 1000.0, 907.0, 999.0, 999.0, 999.0, 999.0, 316.0, 330.0, 0.0, 0.0], [], [-0.9737701416015625, 0.189544677734375, -0.0989990234375, 0.0776824951171875], [], [-0.641876220703125, 0.124908447265625, -0.2281341552734375, 0.7213287353515625]
22760, 22.979036331176758, [1000.0, 49.0, 235.0, 111.0, 248.0, 139.0, 130.0, 0.0, 0.0, 1000.0, 0.0, 1000.0, 0.0, 1000.0, 907.0, 999.0, 999.0, 999.0, 999.0, 316.0, 330.0, 0.0, 0.0], [], [-0.9737701416015625, 0.189544677734375, -0.0989990234375, 0.0776824951171875], [], [-0.6414794921875, 0.130035400390625, -0.223358154296875, 0.7222747802734375]
22770, 22.989160537719727, [1000.0, 49.0, 235.0, 111.0, 248.0, 139.0, 130.0, 0.0, 0.0, 1000.0, 0.0, 1000.0, 0.0, 1000.0, 907.0, 999.0, 999.0, 999.0, 999.0, 316.0, 330.0, 0.0, 0.0], [], [-0.9737701416015625, 0.189544677734375, -0.0989990234375, 0.0776824951171875], [], [-0.6400604248046875, 0.1389923095703125, -0.213714599609375, 0.7247772216796875]
22780, 22.99903106689453, [1000.0, 49.0, 235.0, 111.0, 248.0, 139.0, 130.0, 0.0, 0.0, 1000.0, 0.0, 1000.0, 0.0, 1000.0, 907.0, 999.0, 999.0, 999.0, 999.0, 316.0, 330.0, 0.0, 0.0], [], [-0.9737701416015625, 0.189544677734375, -0.0989990234375, 0.0776824951171875], [], [-0.640625, 0.1401824951171875, -0.1930389404296875, 0.729827880859375]
22790, 23.00916862487793, [1000.0, 49.0, 235.0, 111.0, 248.0, 139.0, 130.0, 0.0, 0.0, 1000.0, 0.0, 1000.0, 0.0, 1000.0, 907.0, 999.0, 999.0, 999.0, 999.0, 316.0, 330.0, 0.0, 0.0], [], [-0.9737701416015625, 0.189544677734375, -0.0989990234375, 0.0776824951171875], [], [-0.6384124755859375, 0.1508941650390625, -0.1823272705078125, 0.7323760986328125]
22800, 23.01911163330078, [1000.0, 49.0, 235.0, 111.0, 248.0, 139.0, 130.0, 0.0, 0.0, 1000.0, 0.0, 1000.0, 0.0, 1000.0, 907.0, 999.0, 999.0, 999.0, 999.0, 316.0, 330.0, 0.0, 0.0], [], [-0.9737701416015625, 0.189544677734375, -0.0989990234375, 0.0776824951171875], [], [-0.6383514404296875, 0.151031494140625, -0.1837158203125, 0.7320556640625]
22810, 23.029033660888672, [1000.0, 49.0, 235.0, 111.0, 248.0, 139.0, 130.0, 0.0, 0.0, 1000.0, 0.0, 1000.0, 0.0, 1000.0, 907.0, 999.0, 999.0, 999.0, 999.0, 316.0, 330.0, 0.0, 0.0], [], [-0.9737701416015625, 0.189544677734375, -0.0989990234375, 0.0776824951171875], [], [-0.6349639892578125, 0.165252685546875, -0.1867218017578125, 0.7311859130859375]
22820, 23.039121627807617, [1000.0, 49.0, 235.0, 111.0, 248.0, 139.0, 130.0, 0.0, 0.0, 1000.0, 0.0, 1000.0, 0.0, 1000.0, 907.0, 999.0, 999.0, 999.0, 999.0, 316.0, 330.0, 0.0, 0.0], [], [-0.9737701416015625, 0.189544677734375, -0.0989990234375, 0.0776824951171875], [], [-0.6346588134765625, 0.166015625, -0.2014617919921875, 0.72735595703125]
22830, 23.049102783203125, [1000.0, 49.0, 235.0, 111.0, 248.0, 139.0, 130.0, 0.0, 0.0, 1000.0, 0.0, 1000.0, 0.0, 1000.0, 907.0, 999.0, 999.0, 999.0, 999.0, 316.0, 330.0, 0.0, 0.0], [], [-0.9737701416015625, 0.189544677734375, -0.0989990234375, 0.0776824951171875], [], [-0.6364593505859375, 0.1592559814453125, -0.2110137939453125, 0.7245635986328125]
22840, 23.064369201660156, [1000.0, 49.0, 235.0, 111.0, 248.0, 139.0, 130.0, 0.0, 0.0, 1000.0, 0.0, 1000.0, 0.0, 1000.0, 907.0, 999.0, 999.0, 999.0, 999.0, 316.0, 330.0, 0.0, 0.0], [], [-0.9737701416015625, 0.189544677734375, -0.0989990234375, 0.0776824951171875], [], [-0.6356658935546875, 0.161773681640625, -0.212432861328125, 0.7242889404296875]
22850, 23.069013595581055, [1000.0, 49.0, 235.0, 111.0, 248.0, 139.0, 130.0, 0.0, 0.0, 1000.0, 0.0, 1000.0, 0.0, 1000.0, 907.0, 999.0, 999.0, 999.0, 999.0, 316.0, 330.0, 0.0, 0.0], [], [-0.9737701416015625, 0.189544677734375, -0.0989990234375, 0.0776824951171875], [], [-0.63916015625, 0.1483001708984375, -0.212188720703125, 0.72418212890625]
22860, 23.07903289794922, [1000.0, 49.0, 235.0, 111.0, 248.0, 139.0, 130.0, 0.0, 0.0, 1000.0, 0.0, 1000.0, 0.0, 1000.0, 907.0, 999.0, 999.0, 999.0, 999.0, 316.0, 330.0, 0.0, 0.0], [], [-0.9737701416015625, 0.189544677734375, -0.0989990234375, 0.0776824951171875], [], [-0.6431427001953125, 0.13214111328125, -0.214141845703125, 0.7231903076171875]
22870, 23.08914566040039, [1000.0, 49.0, 235.0, 111.0, 248.0, 139.0, 130.0, 0.0, 0.0, 1000.0, 0.0, 1000.0, 0.0, 1000.0, 907.0, 999.0, 999.0, 999.0, 999.0, 316.0, 330.0, 0.0, 0.0], [], [-0.9737701416015625, 0.189544677734375, -0.0989990234375, 0.0776824951171875], [], [-0.6435394287109375, 0.12921142578125, -0.219940185546875, 0.7216339111328125]
22880, 23.09911346435547, [1000.0, 49.0, 235.0, 111.0, 248.0, 139.0, 130.0, 0.0, 0.0, 1000.0, 0.0, 1000.0, 0.0, 1000.0, 907.0, 999.0, 999.0, 999.0, 999.0, 316.0, 330.0, 0.0, 0.0], [], [-0.9737701416015625, 0.189544677734375, -0.0989990234375, 0.0776824951171875], [], [-0.64404296875, 0.1261444091796875, -0.22442626953125, 0.7203521728515625]
22890, 23.109235763549805, [1000.0, 49.0, 235.0, 111.0, 248.0, 139.0, 130.0, 0.0, 0.0, 1000.0, 0.0, 1000.0, 0.0, 1000.0, 907.0, 999.0, 999.0, 999.0, 999.0, 316.0, 330.0, 0.0, 0.0], [], [-0.9737701416015625, 0.189544677734375, -0.0989990234375, 0.0776824951171875], [], [-0.6458740234375, 0.11846923828125, -0.227691650390625, 0.718994140625]
22900, 23.119033813476562, [1000.0, 49.0, 235.0, 111.0, 248.0, 139.0, 130.0, 0.0, 0.0, 1000.0, 0.0, 1000.0, 0.0, 1000.0, 907.0, 999.0, 999.0, 999.0, 999.0, 316.0, 330.0, 0.0, 0.0], [], [-0.9737701416015625, 0.189544677734375, -0.0989990234375, 0.0776824951171875], [], [-0.6459503173828125, 0.116119384765625, -0.2379150390625, 0.7159881591796875]
22910, 23.12903594970703, [1000.0, 49.0, 235.0, 111.0, 248.0, 139.0, 130.0, 0.0, 0.0, 1000.0, 0.0, 1000.0, 0.0, 1000.0, 907.0, 999.0, 999.0, 999.0, 999.0, 316.0, 330.0, 0.0, 0.0], [], [-0.9737701416015625, 0.189544677734375, -0.0989990234375, 0.0776824951171875], [], [-0.643035888671875, 0.12432861328125, -0.2509307861328125, 0.7127838134765625]
22920, 23.139123916625977, [1000.0, 49.0, 235.0, 111.0, 248.0, 139.0, 130.0, 0.0, 0.0, 1000.0, 0.0, 1000.0, 0.0, 1000.0, 907.0, 999.0, 999.0, 999.0, 999.0, 316.0, 330.0, 0.0, 0.0], [], [-0.9737701416015625, 0.189544677734375, -0.0989990234375, 0.0776824951171875], [], [-0.639129638671875, 0.1371307373046875, -0.258544921875, 0.7112274169921875]
22930, 23.14911651611328, [1000.0, 49.0, 235.0, 111.0, 248.0, 139.0, 130.0, 0.0, 0.0, 1000.0, 0.0, 1000.0, 0.0, 1000.0, 907.0, 999.0, 999.0, 999.0, 999.0, 316.0, 330.0, 0.0, 0.0], [], [-0.9737701416015625, 0.189544677734375, -0.0989990234375, 0.0776824951171875], [], [-0.63629150390625, 0.1482696533203125, -0.255706787109375, 0.712554931640625]
22940, 23.159215927124023, [1000.0, 49.0, 235.0, 111.0, 248.0, 139.0, 130.0, 0.0, 0.0, 1000.0, 0.0, 1000.0, 0.0, 1000.0, 907.0, 999.0, 999.0, 999.0, 999.0, 316.0, 330.0, 0.0, 0.0], [], [-0.9737701416015625, 0.189544677734375, -0.0989990234375, 0.0776824951171875], [], [-0.6345977783203125, 0.1573638916015625, -0.2412567138671875, 0.7171478271484375]
22950, 23.174354553222656, [1000.0, 49.0, 235.0, 111.0, 248.0, 139.0, 130.0, 0.0, 0.0, 1000.0, 0.0, 1000.0, 0.0, 1000.0, 907.0, 999.0, 999.0, 999.0, 999.0, 316.0, 330.0, 0.0, 0.0], [], [-0.9737701416015625, 0.189544677734375, -0.0989990234375, 0.0776824951171875], [], [-0.6349334716796875, 0.1571044921875, -0.239990234375, 0.7173309326171875]
22960, 23.179115295410156, [1000.0, 49.0, 235.0, 111.0, 248.0, 139.0, 130.0, 0.0, 0.0, 1000.0, 0.0, 1000.0, 0.0, 1000.0, 907.0, 999.0, 999.0, 999.0, 999.0, 316.0, 330.0, 0.0, 0.0], [], [-0.9737701416015625, 0.189544677734375, -0.0989990234375, 0.0776824951171875], [], [-0.6360931396484375, 0.15679931640625, -0.2081451416015625, 0.72625732421875]
22970, 23.189037322998047, [1000.0, 49.0, 235.0, 111.0, 248.0, 139.0, 130.0, 0.0, 0.0, 1000.0, 0.0, 1000.0, 0.0, 1000.0, 907.0, 999.0, 999.0, 999.0, 999.0, 316.0, 330.0, 0.0, 0.0], [], [-0.9737701416015625, 0.189544677734375, -0.0989990234375, 0.0776824951171875], [], [-0.6377716064453125, 0.1514434814453125, -0.183868408203125, 0.7324371337890625]
22980, 23.19904899597168, [1000.0, 49.0, 235.0, 111.0, 248.0, 139.0, 130.0, 0.0, 0.0, 1000.0, 0.0, 1000.0, 0.0, 1000.0, 907.0, 999.0, 999.0, 999.0, 999.0, 316.0, 330.0, 0.0, 0.0], [], [-0.9737701416015625, 0.189544677734375, -0.0989990234375, 0.0776824951171875], [], [-0.6370391845703125, 0.1541900634765625, -0.178466796875, 0.733856201171875]
22990, 23.209218978881836, [1000.0, 49.0, 235.0, 111.0, 248.0, 139.0, 130.0, 0.0, 0.0, 1000.0, 0.0, 1000.0, 0.0, 1000.0, 907.0, 999.0, 999.0, 999.0, 999.0, 316.0, 330.0, 0.0, 0.0], [], [-0.9737701416015625, 0.189544677734375, -0.0989990234375, 0.0776824951171875], [], [-0.6338653564453125, 0.1659393310546875, -0.183929443359375, 0.7326812744140625]
23000, 23.219114303588867, [1000.0, 49.0, 235.0, 111.0, 248.0, 139.0, 130.0, 0.0, 0.0, 1000.0, 0.0, 1000.0, 0.0, 1000.0, 907.0, 999.0, 999.0, 999.0, 999.0, 316.0, 330.0, 0.0, 0.0], [], [-0.9737701416015625, 0.189544677734375, -0.0989990234375, 0.0776824951171875], [], [-0.632904052734375, 0.168426513671875, -0.1916961669921875, 0.73095703125]
23010, 23.229034423828125, [1000.0, 49.0, 235.0, 111.0, 248.0, 139.0, 130.0, 0.0, 0.0, 1000.0, 0.0, 1000.0, 0.0, 1000.0, 907.0, 999.0, 999.0, 999.0, 999.0, 316.0, 330.0, 0.0, 0.0], [], [-0.9737701416015625, 0.189544677734375, -0.0989990234375, 0.0776824951171875], [], [-0.631683349609375, 0.1714324951171875, -0.2040557861328125, 0.72796630859375]
23020, 23.239084243774414, [1000.0, 49.0, 235.0, 111.0, 248.0, 139.0, 130.0, 0.0, 0.0, 1000.0, 0.0, 1000.0, 0.0, 1000.0, 907.0, 999.0, 999.0, 999.0, 999.0, 316.0, 330.0, 0.0, 0.0], [], [-0.9737701416015625, 0.189544677734375, -0.0989990234375, 0.0776824951171875], [], [-0.6334686279296875, 0.1627960205078125, -0.2121734619140625, 0.7260589599609375]
23030, 23.249113082885742, [1000.0, 49.0, 235.0, 111.0, 248.0, 139.0, 130.0, 0.0, 0.0, 1000.0, 0.0, 1000.0, 0.0, 1000.0, 907.0, 999.0, 999.0, 999.0, 999.0, 316.0, 330.0, 0.0, 0.0], [], [-0.9737701416015625, 0.189544677734375, -0.0989990234375, 0.0776824951171875], [], [-0.6377410888671875, 0.1443939208984375, -0.2201385498046875, 0.723846435546875]
23040, 23.259204864501953, [1000.0, 49.0, 235.0, 111.0, 248.0, 139.0, 130.0, 0.0, 0.0, 1000.0, 0.0, 1000.0, 0.0, 1000.0, 907.0, 999.0, 999.0, 999.0, 999.0, 316.0, 330.0, 0.0, 0.0], [], [-0.9737701416015625, 0.189544677734375, -0.0989990234375, 0.0776824951171875], [], [-0.63909912109375, 0.13751220703125, -0.2196044921875, 0.724151611328125]
23050, 23.26911163330078, [1000.0, 49.0, 235.0, 111.0, 248.0, 139.0, 130.0, 0.0, 0.0, 1000.0, 0.0, 1000.0, 0.0, 1000.0, 907.0, 999.0, 999.0, 999.0, 999.0, 316.0, 330.0, 0.0, 0.0], [], [-0.9737701416015625, 0.189544677734375, -0.0989990234375, 0.0776824951171875], [], [-0.639892578125, 0.132232666015625, -0.2217864990234375, 0.7237701416015625]
23060, 23.278955459594727, [1000.0, 49.0, 235.0, 111.0, 248.0, 139.0, 130.0, 0.0, 0.0, 1000.0, 0.0, 1000.0, 0.0, 1000.0, 907.0, 999.0, 999.0, 999.0, 999.0, 316.0, 330.0, 0.0, 0.0], [], [-0.9737701416015625, 0.189544677734375, -0.0989990234375, 0.0776824951171875], [], [-0.641265869140625, 0.1245574951171875, -0.225067138671875, 0.722900390625]
23070, 23.289091110229492, [1000.0, 49.0, 235.0, 111.0, 248.0, 139.0, 130.0, 0.0, 0.0, 1000.0, 0.0, 1000.0, 0.0, 1000.0, 907.0, 999.0, 999.0, 999.0, 999.0, 316.0, 330.0, 0.0, 0.0], [], [-0.9737701416015625, 0.189544677734375, -0.0989990234375, 0.0776824951171875], [], [-0.6434478759765625, 0.1136016845703125, -0.2281036376953125, 0.7218017578125]
23080, 23.29911994934082, [1000.0, 49.0, 235.0, 111.0, 248.0, 139.0, 130.0, 0.0, 0.0, 1000.0, 0.0, 1000.0, 0.0, 1000.0, 907.0, 999.0, 999.0, 999.0, 999.0, 316.0, 330.0, 0.0, 0.0], [], [-0.9737701416015625, 0.189544677734375, -0.0989990234375, 0.0776824951171875], [], [-0.6443328857421875, 0.108001708984375, -0.2303314208984375, 0.7211761474609375]
23090, 23.309206008911133, [1000.0, 49.0, 235.0, 111.0, 248.0, 139.0, 130.0, 0.0, 0.0, 1000.0, 0.0, 1000.0, 0.0, 1000.0, 907.0, 999.0, 999.0, 999.0, 999.0, 316.0, 330.0, 0.0, 0.0], [], [-0.9737701416015625, 0.189544677734375, -0.0989990234375, 0.0776824951171875], [], [-0.6443328857421875, 0.10693359375, -0.2299346923828125, 0.7214508056640625]
23100, 23.319120407104492, [1000.0, 49.0, 235.0, 111.0, 248.0, 139.0, 130.0, 0.0, 0.0, 1000.0, 0.0, 1000.0, 0.0, 1000.0, 907.0, 999.0, 999.0, 999.0, 999.0, 316.0, 330.0, 0.0, 0.0], [], [-0.9737701416015625, 0.189544677734375, -0.0989990234375, 0.0776824951171875], [], [-0.6441650390625, 0.1068115234375, -0.2296600341796875, 0.7217254638671875]
23110, 23.33602523803711, [1000.0, 49.0, 235.0, 111.0, 248.0, 139.0, 130.0, 0.0, 0.0, 1000.0, 0.0, 1000.0, 0.0, 1000.0, 907.0, 999.0, 999.0, 999.0, 999.0, 316.0, 330.0, 0.0, 0.0], [], [-0.9737701416015625, 0.189544677734375, -0.0989990234375, 0.0776824951171875], [], [-0.64398193359375, 0.10711669921875, -0.2293548583984375, 0.721923828125]
23120, 23.339126586914062, [1000.0, 49.0, 235.0, 111.0, 248.0, 139.0, 130.0, 0.0, 0.0, 1000.0, 0.0, 1000.0, 0.0, 1000.0, 907.0, 999.0, 999.0, 999.0, 999.0, 316.0, 330.0, 0.0, 0.0], [], [-0.9737701416015625, 0.189544677734375, -0.0989990234375, 0.0776824951171875], [], [-0.643798828125, 0.107666015625, -0.2290191650390625, 0.7221221923828125]
23130, 23.34906005859375, [1000.0, 49.0, 235.0, 111.0, 248.0, 139.0, 130.0, 0.0, 0.0, 1000.0, 0.0, 1000.0, 0.0, 1000.0, 907.0, 999.0, 999.0, 999.0, 999.0, 316.0, 330.0, 0.0, 0.0], [], [-0.9737701416015625, 0.189544677734375, -0.0989990234375, 0.0776824951171875], [], [-0.6436004638671875, 0.108612060546875, -0.22821044921875, 0.7223968505859375]
23140, 23.359224319458008, [1000.0, 49.0, 235.0, 111.0, 248.0, 139.0, 130.0, 0.0, 0.0, 1000.0, 0.0, 1000.0, 0.0, 1000.0, 907.0, 999.0, 999.0, 999.0, 999.0, 316.0, 330.0, 0.0, 0.0], [], [-0.9737701416015625, 0.189544677734375, -0.0989990234375, 0.0776824951171875], [], [-0.643341064453125, 0.1100311279296875, -0.227264404296875, 0.72271728515625]
23150, 23.369108200073242, [1000.0, 49.0, 235.0, 111.0, 248.0, 139.0, 130.0, 0.0, 0.0, 1000.0, 0.0, 1000.0, 0.0, 1000.0, 907.0, 999.0, 999.0, 999.0, 999.0, 316.0, 330.0, 0.0, 0.0], [], [-0.9737701416015625, 0.189544677734375, -0.0989990234375, 0.0776824951171875], [], [-0.6429901123046875, 0.111785888671875, -0.2265167236328125, 0.7230072021484375]
23160, 23.379060745239258, [1000.0, 49.0, 235.0, 111.0, 248.0, 139.0, 130.0, 0.0, 0.0, 1000.0, 0.0, 1000.0, 0.0, 1000.0, 907.0, 999.0, 999.0, 999.0, 999.0, 316.0, 330.0, 0.0, 0.0], [], [-0.9737701416015625, 0.189544677734375, -0.0989990234375, 0.0776824951171875], [], [-0.64263916015625, 0.1138916015625, -0.225067138671875, 0.7234344482421875]
23170, 23.389026641845703, [1000.0, 49.0, 235.0, 111.0, 248.0, 139.0, 130.0, 0.0, 0.0, 1000.0, 0.0, 1000.0, 0.0, 1000.0, 907.0, 999.0, 999.0, 999.0, 999.0, 316.0, 330.0, 0.0, 0.0], [], [-0.9737701416015625, 0.189544677734375, -0.0989990234375, 0.0776824951171875], [], [-0.642242431640625, 0.1162567138671875, -0.2236175537109375, 0.7238616943359375]
23180, 23.399066925048828, [1000.0, 49.0, 235.0, 111.0, 248.0, 139.0, 130.0, 0.0, 0.0, 1000.0, 0.0, 1000.0, 0.0, 1000.0, 907.0, 999.0, 999.0, 999.0, 999.0, 316.0, 330.0, 0.0, 0.0], [], [-0.9737701416015625, 0.189544677734375, -0.0989990234375, 0.0776824951171875], [], [-0.64202880859375, 0.118072509765625, -0.2218170166015625, 0.7243194580078125]
23190, 23.40924835205078, [1000.0, 49.0, 235.0, 111.0, 248.0, 139.0, 130.0, 0.0, 0.0, 1000.0, 0.0, 1000.0, 0.0, 1000.0, 907.0, 999.0, 999.0, 999.0, 999.0, 316.0, 330.0, 0.0, 0.0], [], [-0.9737701416015625, 0.189544677734375, -0.0989990234375, 0.0776824951171875], [], [-0.6417999267578125, 0.1197509765625, -0.2204437255859375, 0.7246551513671875]
23200, 23.419048309326172, [1000.0, 49.0, 235.0, 111.0, 248.0, 139.0, 130.0, 0.0, 0.0, 1000.0, 0.0, 1000.0, 0.0, 1000.0, 907.0, 999.0, 999.0, 999.0, 999.0, 316.0, 330.0, 0.0, 0.0], [], [-0.9737701416015625, 0.189544677734375, -0.0989990234375, 0.0776824951171875], [], [-0.641693115234375, 0.12103271484375, -0.2183380126953125, 0.7251739501953125]
23210, 23.429073333740234, [1000.0, 49.0, 235.0, 111.0, 248.0, 139.0, 130.0, 0.0, 0.0, 1000.0, 0.0, 1000.0, 0.0, 1000.0, 907.0, 999.0, 999.0, 999.0, 999.0, 316.0, 330.0, 0.0, 0.0], [], [-0.9737701416015625, 0.189544677734375, -0.0989990234375, 0.0776824951171875], [], [-0.641326904296875, 0.123016357421875, -0.2171478271484375, 0.72552490234375]
23220, 23.446088790893555, [1000.0, 49.0, 235.0, 111.0, 248.0, 139.0, 130.0, 0.0, 0.0, 1000.0, 0.0, 1000.0, 0.0, 1000.0, 907.0, 999.0, 999.0, 999.0, 999.0, 316.0, 330.0, 0.0, 0.0], [], [-0.9737701416015625, 0.189544677734375, -0.0989990234375, 0.0776824951171875], [], [-0.640960693359375, 0.1248626708984375, -0.2157745361328125, 0.7259521484375]
23230, 23.44898796081543, [1000.0, 49.0, 235.0, 111.0, 248.0, 139.0, 130.0, 0.0, 0.0, 1000.0, 0.0, 1000.0, 0.0, 1000.0, 907.0, 999.0, 999.0, 999.0, 999.0, 316.0, 330.0, 0.0, 0.0], [], [-0.9737701416015625, 0.189544677734375, -0.0989990234375, 0.0776824951171875], [], [-0.640594482421875, 0.12646484375, -0.214813232421875, 0.7262725830078125]
23240, 23.459125518798828, [1000.0, 49.0, 235.0, 111.0, 248.0, 139.0, 130.0, 0.0, 0.0, 1000.0, 0.0, 1000.0, 0.0, 1000.0, 907.0, 999.0, 999.0, 999.0, 999.0, 316.0, 330.0, 0.0, 0.0], [], [-0.9737701416015625, 0.189544677734375, -0.0989990234375, 0.0776824951171875], [], [-0.6400909423828125, 0.12860107421875, -0.213836669921875, 0.72662353515625]
23250, 23.469030380249023, [1000.0, 49.0, 235.0, 111.0, 248.0, 139.0, 130.0, 0.0, 0.0, 1000.0, 0.0, 1000.0, 0.0, 1000.0, 907.0, 999.0, 999.0, 999.0, 999.0, 316.0, 330.0, 0.0, 0.0], [], [-0.9737701416015625, 0.189544677734375, -0.0989990234375, 0.0776824951171875], [], [-0.639373779296875, 0.1311492919921875, -0.2149200439453125, 0.7264862060546875]
23260, 23.479063034057617, [1000.0, 49.0, 235.0, 111.0, 248.0, 139.0, 130.0, 0.0, 0.0, 1000.0, 0.0, 1000.0, 0.0, 1000.0, 907.0, 999.0, 999.0, 999.0, 999.0, 316.0, 330.0, 0.0, 0.0], [], [-0.9737701416015625, 0.189544677734375, -0.0989990234375, 0.0776824951171875], [], [-0.63873291015625, 0.1332855224609375, -0.216400146484375, 0.726226806640625]
23270, 23.4891300201416, [1000.0, 49.0, 235.0, 111.0, 248.0, 139.0, 130.0, 0.0, 0.0, 1000.0, 0.0, 1000.0, 0.0, 1000.0, 907.0, 999.0, 999.0, 999.0, 999.0, 316.0, 330.0, 0.0, 0.0], [], [-0.9737701416015625, 0.189544677734375, -0.0989990234375, 0.0776824951171875], [], [-0.6385345458984375, 0.133758544921875, -0.2176971435546875, 0.725921630859375]
23280, 23.498966217041016, [1000.0, 49.0, 235.0, 111.0, 248.0, 139.0, 130.0, 0.0, 0.0, 1000.0, 0.0, 1000.0, 0.0, 1000.0, 907.0, 999.0, 999.0, 999.0, 999.0, 316.0, 330.0, 0.0, 0.0], [], [-0.9737701416015625, 0.189544677734375, -0.0989990234375, 0.0776824951171875], [], [-0.6383514404296875, 0.1344146728515625, -0.218048095703125, 0.725860595703125]
23290, 23.50916862487793, [1000.0, 49.0, 235.0, 111.0, 248.0, 139.0, 130.0, 0.0, 0.0, 1000.0, 0.0, 1000.0, 0.0, 1000.0, 907.0, 999.0, 999.0, 999.0, 999.0, 316.0, 330.0, 0.0, 0.0], [], [-0.9737701416015625, 0.189544677734375, -0.0989990234375, 0.0776824951171875], [], [-0.6383209228515625, 0.13458251953125, -0.2173614501953125, 0.7260589599609375]
23300, 23.51911163330078, [1000.0, 49.0, 235.0, 111.0, 248.0, 139.0, 130.0, 0.0, 0.0, 1000.0, 0.0, 1000.0, 0.0, 1000.0, 907.0, 999.0, 999.0, 999.0, 999.0, 316.0, 330.0, 0.0, 0.0], [], [-0.9737701416015625, 0.189544677734375, -0.0989990234375, 0.0776824951171875], [], [-0.6384124755859375, 0.1346893310546875, -0.2149810791015625, 0.7266693115234375]
23310, 23.52899742126465, [1000.0, 49.0, 235.0, 111.0, 248.0, 139.0, 130.0, 0.0, 0.0, 1000.0, 0.0, 1000.0, 0.0, 1000.0, 907.0, 999.0, 999.0, 999.0, 999.0, 316.0, 330.0, 0.0, 0.0], [], [-0.9737701416015625, 0.189544677734375, -0.0989990234375, 0.0776824951171875], [], [-0.6386260986328125, 0.134063720703125, -0.2139892578125, 0.7268829345703125]
23320, 23.539108276367188, [1000.0, 49.0, 235.0, 111.0, 248.0, 139.0, 130.0, 0.0, 0.0, 1000.0, 0.0, 1000.0, 0.0, 1000.0, 907.0, 999.0, 999.0, 999.0, 999.0, 316.0, 330.0, 0.0, 0.0], [], [-0.9737701416015625, 0.189544677734375, -0.0989990234375, 0.0776824951171875], [], [-0.6389312744140625, 0.1331634521484375, -0.2130279541015625, 0.7270660400390625]
23330, 23.549510955810547, [1000.0, 49.0, 235.0, 111.0, 248.0, 139.0, 130.0, 0.0, 0.0, 1000.0, 0.0, 1000.0, 0.0, 1000.0, 907.0, 999.0, 999.0, 999.0, 999.0, 316.0, 330.0, 0.0, 0.0], [], [-0.9737701416015625, 0.189544677734375, -0.0989990234375, 0.0776824951171875], [], [-0.638763427734375, 0.13385009765625, -0.214080810546875, 0.726776123046875]
23340, 23.559223175048828, [1000.0, 49.0, 235.0, 111.0, 248.0, 139.0, 130.0, 0.0, 0.0, 1000.0, 0.0, 1000.0, 0.0, 1000.0, 907.0, 999.0, 999.0, 999.0, 999.0, 316.0, 330.0, 0.0, 0.0], [], [-0.9737701416015625, 0.189544677734375, -0.0989990234375, 0.0776824951171875], [], [-0.638427734375, 0.1348876953125, -0.2173004150390625, 0.7259368896484375]
23350, 23.569040298461914, [1000.0, 49.0, 235.0, 111.0, 248.0, 139.0, 130.0, 0.0, 0.0, 1000.0, 0.0, 1000.0, 0.0, 1000.0, 907.0, 999.0, 999.0, 999.0, 999.0, 316.0, 330.0, 0.0, 0.0], [], [-0.9737701416015625, 0.189544677734375, -0.0989990234375, 0.0776824951171875], [], [-0.6382598876953125, 0.1352386474609375, -0.220458984375, 0.7250518798828125]
23360, 23.57903289794922, [1000.0, 49.0, 235.0, 111.0, 248.0, 139.0, 130.0, 0.0, 0.0, 1000.0, 0.0, 1000.0, 0.0, 1000.0, 907.0, 999.0, 999.0, 999.0, 999.0, 316.0, 330.0, 0.0, 0.0], [], [-0.9737701416015625, 0.189544677734375, -0.0989990234375, 0.0776824951171875], [], [-0.6379852294921875, 0.136077880859375, -0.22247314453125, 0.724517822265625]
23370, 23.589061737060547, [1000.0, 49.0, 235.0, 111.0, 248.0, 139.0, 130.0, 0.0, 0.0, 1000.0, 0.0, 1000.0, 0.0, 1000.0, 907.0, 999.0, 999.0, 999.0, 999.0, 316.0, 330.0, 0.0, 0.0], [], [-0.9737701416015625, 0.189544677734375, -0.0989990234375, 0.0776824951171875], [], [-0.6375274658203125, 0.1378631591796875, -0.222808837890625, 0.7244873046875]
23380, 23.607839584350586, [1000.0, 49.0, 235.0, 111.0, 248.0, 139.0, 130.0, 0.0, 0.0, 1000.0, 0.0, 1000.0, 0.0, 1000.0, 907.0, 999.0, 999.0, 999.0, 999.0, 316.0, 330.0, 0.0, 0.0], [], [-0.9737701416015625, 0.189544677734375, -0.0989990234375, 0.0776824951171875], [], [-0.636749267578125, 0.140716552734375, -0.224151611328125, 0.724212646484375]
23390, 23.609272003173828, [1000.0, 49.0, 235.0, 111.0, 248.0, 139.0, 130.0, 0.0, 0.0, 1000.0, 0.0, 1000.0, 0.0, 1000.0, 907.0, 999.0, 999.0, 999.0, 999.0, 316.0, 330.0, 0.0, 0.0], [], [-0.9737701416015625, 0.189544677734375, -0.0989990234375, 0.0776824951171875], [], [-0.6363983154296875, 0.1419219970703125, -0.225860595703125, 0.7237548828125]
23400, 23.619115829467773, [1000.0, 49.0, 235.0, 111.0, 248.0, 139.0, 130.0, 0.0, 0.0, 1000.0, 0.0, 1000.0, 0.0, 1000.0, 907.0, 999.0, 999.0, 999.0, 999.0, 316.0, 330.0, 0.0, 0.0], [], [-0.9737701416015625, 0.189544677734375, -0.0989990234375, 0.0776824951171875], [], [-0.6360626220703125, 0.1429290771484375, -0.2277374267578125, 0.7232666015625]
23410, 23.62908363342285, [1000.0, 49.0, 235.0, 111.0, 248.0, 139.0, 130.0, 0.0, 0.0, 1000.0, 0.0, 1000.0, 0.0, 1000.0, 907.0, 999.0, 999.0, 999.0, 999.0, 316.0, 330.0, 0.0, 0.0], [], [-0.9737701416015625, 0.189544677734375, -0.0989990234375, 0.0776824951171875], [], [-0.636444091796875, 0.14208984375, -0.2248077392578125, 0.7239990234375]
23420, 23.639137268066406, [1000.0, 49.0, 235.0, 111.0, 248.0, 139.0, 130.0, 0.0, 0.0, 1000.0, 0.0, 1000.0, 0.0, 1000.0, 907.0, 999.0, 999.0, 999.0, 999.0, 316.0, 330.0, 0.0, 0.0], [], [-0.9737701416015625, 0.189544677734375, -0.0989990234375, 0.0776824951171875], [], [-0.636627197265625, 0.1415252685546875, -0.224365234375, 0.724090576171875]
23430, 23.64909553527832, [1000.0, 49.0, 235.0, 111.0, 248.0, 139.0, 130.0, 0.0, 0.0, 1000.0, 0.0, 1000.0, 0.0, 1000.0, 907.0, 999.0, 999.0, 999.0, 999.0, 316.0, 330.0, 0.0, 0.0], [], [-0.9737701416015625, 0.189544677734375, -0.0989990234375, 0.0776824951171875], [], [-0.6364288330078125, 0.1425933837890625, -0.2228851318359375, 0.724517822265625]
23440, 23.660263061523438, [1000.0, 49.0, 235.0, 111.0, 248.0, 139.0, 130.0, 0.0, 0.0, 1000.0, 0.0, 1000.0, 0.0, 1000.0, 907.0, 999.0, 999.0, 999.0, 999.0, 316.0, 330.0, 0.0, 0.0], [], [-0.9737701416015625, 0.189544677734375, -0.0989990234375, 0.0776824951171875], [], [-0.6363067626953125, 0.14312744140625, -0.2216949462890625, 0.7248687744140625]
23450, 23.669111251831055, [1000.0, 49.0, 235.0, 111.0, 248.0, 139.0, 130.0, 0.0, 0.0, 1000.0, 0.0, 1000.0, 0.0, 1000.0, 907.0, 999.0, 999.0, 999.0, 999.0, 316.0, 330.0, 0.0, 0.0], [], [-0.9737701416015625, 0.189544677734375, -0.0989990234375, 0.0776824951171875], [], [-0.635986328125, 0.144134521484375, -0.2222442626953125, 0.72479248046875]
23460, 23.679039001464844, [1000.0, 49.0, 235.0, 111.0, 248.0, 139.0, 130.0, 0.0, 0.0, 1000.0, 0.0, 1000.0, 0.0, 1000.0, 907.0, 999.0, 999.0, 999.0, 999.0, 316.0, 330.0, 0.0, 0.0], [], [-0.9737701416015625, 0.189544677734375, -0.0989990234375, 0.0776824951171875], [], [-0.6364593505859375, 0.141845703125, -0.2241058349609375, 0.7242584228515625]
23470, 23.68900489807129, [1000.0, 49.0, 235.0, 111.0, 248.0, 139.0, 130.0, 0.0, 0.0, 1000.0, 0.0, 1000.0, 0.0, 1000.0, 907.0, 999.0, 999.0, 999.0, 999.0, 316.0, 330.0, 0.0, 0.0], [], [-0.9737701416015625, 0.189544677734375, -0.0989990234375, 0.0776824951171875], [], [-0.6360931396484375, 0.1423492431640625, -0.227508544921875, 0.723419189453125]
23480, 23.699098587036133, [1000.0, 49.0, 235.0, 111.0, 248.0, 139.0, 130.0, 0.0, 0.0, 1000.0, 0.0, 1000.0, 0.0, 1000.0, 907.0, 999.0, 999.0, 999.0, 999.0, 316.0, 330.0, 0.0, 0.0], [], [-0.9737701416015625, 0.189544677734375, -0.0989990234375, 0.0776824951171875], [], [-0.6361846923828125, 0.14166259765625, -0.2279205322265625, 0.7233428955078125]
23490, 23.71152687072754, [1000.0, 49.0, 235.0, 111.0, 248.0, 139.0, 130.0, 0.0, 0.0, 1000.0, 0.0, 1000.0, 0.0, 1000.0, 907.0, 999.0, 999.0, 999.0, 999.0, 316.0, 330.0, 0.0, 0.0], [], [-0.9737701416015625, 0.189544677734375, -0.0989990234375, 0.0776824951171875], [], [-0.6361236572265625, 0.1415863037109375, -0.228546142578125, 0.7232208251953125]
23500, 23.7191104888916, [1000.0, 49.0, 235.0, 111.0, 248.0, 139.0, 130.0, 0.0, 0.0, 1000.0, 0.0, 1000.0, 0.0, 1000.0, 907.0, 999.0, 999.0, 999.0, 999.0, 316.0, 330.0, 0.0, 0.0], [], [-0.9737701416015625, 0.189544677734375, -0.0989990234375, 0.0776824951171875], [], [-0.6363372802734375, 0.1403350830078125, -0.22979736328125, 0.722869873046875]
23510, 23.72903823852539, [1000.0, 49.0, 235.0, 111.0, 248.0, 139.0, 130.0, 0.0, 0.0, 1000.0, 0.0, 1000.0, 0.0, 1000.0, 907.0, 999.0, 999.0, 999.0, 999.0, 316.0, 330.0, 0.0, 0.0], [], [-0.9737701416015625, 0.189544677734375, -0.0989990234375, 0.0776824951171875], [], [-0.6374359130859375, 0.13629150390625, -0.229095458984375, 0.722900390625]
23520, 23.73908805847168, [1000.0, 49.0, 235.0, 111.0, 248.0, 139.0, 130.0, 0.0, 0.0, 1000.0, 0.0, 1000.0, 0.0, 1000.0, 907.0, 999.0, 999.0, 999.0, 999.0, 316.0, 330.0, 0.0, 0.0], [], [-0.9737701416015625, 0.189544677734375, -0.0989990234375, 0.0776824951171875], [], [-0.637969970703125, 0.1347198486328125, -0.2260284423828125, 0.72369384765625]
23530, 23.749114990234375, [1000.0, 49.0, 235.0, 111.0, 248.0, 139.0, 130.0, 0.0, 0.0, 1000.0, 0.0, 1000.0, 0.0, 1000.0, 907.0, 999.0, 999.0, 999.0, 999.0, 316.0, 330.0, 0.0, 0.0], [], [-0.9737701416015625, 0.189544677734375, -0.0989990234375, 0.0776824951171875], [], [-0.6381378173828125, 0.1343536376953125, -0.2246856689453125, 0.724029541015625]
23540, 23.76947784423828, [1000.0, 49.0, 235.0, 111.0, 248.0, 139.0, 130.0, 0.0, 0.0, 1000.0, 0.0, 1000.0, 0.0, 1000.0, 907.0, 999.0, 999.0, 999.0, 999.0, 316.0, 330.0, 0.0, 0.0], [], [-0.9737701416015625, 0.189544677734375, -0.0989990234375, 0.0776824951171875], [], [-0.6382904052734375, 0.1340484619140625, -0.22369384765625, 0.7242584228515625]
23550, 23.77903938293457, [1000.0, 49.0, 235.0, 111.0, 248.0, 139.0, 130.0, 0.0, 0.0, 1000.0, 0.0, 1000.0, 0.0, 1000.0, 907.0, 999.0, 999.0, 999.0, 999.0, 316.0, 330.0, 0.0, 0.0], [], [-0.9737701416015625, 0.189544677734375, -0.0989990234375, 0.0776824951171875], [], [-0.638092041015625, 0.134918212890625, -0.223388671875, 0.724365234375]
23560, 23.78911018371582, [1000.0, 49.0, 235.0, 111.0, 248.0, 139.0, 130.0, 0.0, 0.0, 1000.0, 0.0, 1000.0, 0.0, 1000.0, 907.0, 999.0, 999.0, 999.0, 999.0, 316.0, 330.0, 0.0, 0.0], [], [-0.9737701416015625, 0.189544677734375, -0.0989990234375, 0.0776824951171875], [], [-0.6381072998046875, 0.1350250244140625, -0.2239837646484375, 0.724151611328125]
23570, 23.799121856689453, [1000.0, 49.0, 235.0, 111.0, 248.0, 139.0, 130.0, 0.0, 0.0, 1000.0, 0.0, 1000.0, 0.0, 1000.0, 907.0, 999.0, 999.0, 999.0, 999.0, 316.0, 330.0, 0.0, 0.0], [], [-0.9737701416015625, 0.189544677734375, -0.0989990234375, 0.0776824951171875], [], [-0.6385345458984375, 0.1337890625, -0.222869873046875, 0.7243499755859375]
23580, 23.809213638305664, [1000.0, 49.0, 235.0, 111.0, 248.0, 139.0, 130.0, 0.0, 0.0, 1000.0, 0.0, 1000.0, 0.0, 1000.0, 907.0, 999.0, 999.0, 999.0, 999.0, 316.0, 330.0, 0.0, 0.0], [], [-0.9737701416015625, 0.189544677734375, -0.0989990234375, 0.0776824951171875], [], [-0.638397216796875, 0.134521484375, -0.2222747802734375, 0.7245025634765625]
23590, 23.819110870361328, [1000.0, 49.0, 235.0, 111.0, 248.0, 139.0, 130.0, 0.0, 0.0, 1000.0, 0.0, 1000.0, 0.0, 1000.0, 907.0, 999.0, 999.0, 999.0, 999.0, 316.0, 330.0, 0.0, 0.0], [], [-0.9737701416015625, 0.189544677734375, -0.0989990234375, 0.0776824951171875], [], [-0.637786865234375, 0.136810302734375, -0.2229461669921875, 0.7244110107421875]
23600, 23.82903480529785, [1000.0, 49.0, 235.0, 111.0, 248.0, 139.0, 130.0, 0.0, 0.0, 1000.0, 0.0, 1000.0, 0.0, 1000.0, 907.0, 999.0, 999.0, 999.0, 999.0, 316.0, 330.0, 0.0, 0.0], [], [-0.9737701416015625, 0.189544677734375, -0.0989990234375, 0.0776824951171875], [], [-0.6377716064453125, 0.136810302734375, -0.222930908203125, 0.72442626953125]
23610, 23.839128494262695, [1000.0, 49.0, 235.0, 111.0, 248.0, 139.0, 130.0, 0.0, 0.0, 1000.0, 0.0, 1000.0, 0.0, 1000.0, 907.0, 999.0, 999.0, 999.0, 999.0, 316.0, 330.0, 0.0, 0.0], [], [-0.9737701416015625, 0.189544677734375, -0.0989990234375, 0.0776824951171875], [], [-0.63775634765625, 0.136932373046875, -0.222869873046875, 0.7244415283203125]
23620, 23.848995208740234, [1000.0, 49.0, 235.0, 111.0, 248.0, 139.0, 130.0, 0.0, 0.0, 1000.0, 0.0, 1000.0, 0.0, 1000.0, 907.0, 999.0, 999.0, 999.0, 999.0, 316.0, 330.0, 0.0, 0.0], [], [-0.9737701416015625, 0.189544677734375, -0.0989990234375, 0.0776824951171875], [], [-0.637725830078125, 0.137054443359375, -0.222930908203125, 0.72442626953125]
23630, 23.859228134155273, [1000.0, 49.0, 235.0, 111.0, 248.0, 139.0, 130.0, 0.0, 0.0, 1000.0, 0.0, 1000.0, 0.0, 1000.0, 907.0, 999.0, 999.0, 999.0, 999.0, 316.0, 330.0, 0.0, 0.0], [], [-0.9737701416015625, 0.189544677734375, -0.0989990234375, 0.0776824951171875], [], [-0.637664794921875, 0.13720703125, -0.222930908203125, 0.724456787109375]
23640, 23.869110107421875, [1000.0, 49.0, 235.0, 111.0, 248.0, 139.0, 130.0, 0.0, 0.0, 1000.0, 0.0, 1000.0, 0.0, 1000.0, 907.0, 999.0, 999.0, 999.0, 999.0, 316.0, 330.0, 0.0, 0.0], [], [-0.9737701416015625, 0.189544677734375, -0.0989990234375, 0.0776824951171875], [], [-0.637664794921875, 0.13720703125, -0.2229461669921875, 0.724456787109375]
23650, 23.8791446685791, [1000.0, 49.0, 235.0, 111.0, 248.0, 139.0, 130.0, 0.0, 0.0, 1000.0, 0.0, 1000.0, 0.0, 1000.0, 907.0, 999.0, 999.0, 999.0, 999.0, 316.0, 330.0, 0.0, 0.0], [], [-0.9737701416015625, 0.189544677734375, -0.0989990234375, 0.0776824951171875], [], [-0.6375732421875, 0.13739013671875, -0.2232513427734375, 0.7244110107421875]
23660, 23.88913917541504, [1000.0, 49.0, 235.0, 111.0, 248.0, 139.0, 130.0, 0.0, 0.0, 1000.0, 0.0, 1000.0, 0.0, 1000.0, 907.0, 999.0, 999.0, 999.0, 999.0, 316.0, 330.0, 0.0, 0.0], [], [-0.9737701416015625, 0.189544677734375, -0.0989990234375, 0.0776824951171875], [], [-0.63751220703125, 0.137420654296875, -0.2237548828125, 0.7242889404296875]
23670, 23.899030685424805, [1000.0, 49.0, 235.0, 111.0, 248.0, 139.0, 130.0, 0.0, 0.0, 1000.0, 0.0, 1000.0, 0.0, 1000.0, 907.0, 999.0, 999.0, 999.0, 999.0, 316.0, 330.0, 0.0, 0.0], [], [-0.9737701416015625, 0.189544677734375, -0.0989990234375, 0.0776824951171875], [], [-0.637420654296875, 0.137359619140625, -0.224334716796875, 0.724212646484375]
23680, 23.909183502197266, [1000.0, 49.0, 235.0, 111.0, 248.0, 139.0, 130.0, 0.0, 0.0, 1000.0, 0.0, 1000.0, 0.0, 1000.0, 907.0, 999.0, 999.0, 999.0, 999.0, 316.0, 330.0, 0.0, 0.0], [], [-0.9737701416015625, 0.189544677734375, -0.0989990234375, 0.0776824951171875], [], [-0.6374359130859375, 0.1370849609375, -0.2237548828125, 0.72442626953125]
23690, 23.919113159179688, [1000.0, 49.0, 235.0, 111.0, 248.0, 139.0, 130.0, 0.0, 0.0, 1000.0, 0.0, 1000.0, 0.0, 1000.0, 907.0, 999.0, 999.0, 999.0, 999.0, 316.0, 330.0, 0.0, 0.0], [], [-0.9737701416015625, 0.189544677734375, -0.0989990234375, 0.0776824951171875], [], [-0.6376495361328125, 0.1361541748046875, -0.221710205078125, 0.72503662109375]
23700, 23.92903709411621, [1000.0, 49.0, 235.0, 111.0, 248.0, 139.0, 130.0, 0.0, 0.0, 1000.0, 0.0, 1000.0, 0.0, 1000.0, 907.0, 999.0, 999.0, 999.0, 999.0, 316.0, 330.0, 0.0, 0.0], [], [-0.9737701416015625, 0.189544677734375, -0.0989990234375, 0.0776824951171875], [], [-0.637420654296875, 0.1368255615234375, -0.2199554443359375, 0.72564697265625]
23710, 23.939048767089844, [1000.0, 49.0, 235.0, 111.0, 248.0, 139.0, 130.0, 0.0, 0.0, 1000.0, 0.0, 1000.0, 0.0, 1000.0, 907.0, 999.0, 999.0, 999.0, 999.0, 316.0, 330.0, 0.0, 0.0], [], [-0.9737701416015625, 0.189544677734375, -0.0989990234375, 0.0776824951171875], [], [-0.63714599609375, 0.1376495361328125, -0.21917724609375, 0.7259674072265625]
23720, 23.949113845825195, [1000.0, 49.0, 235.0, 111.0, 248.0, 139.0, 130.0, 0.0, 0.0, 1000.0, 0.0, 1000.0, 0.0, 1000.0, 907.0, 999.0, 999.0, 999.0, 999.0, 316.0, 330.0, 0.0, 0.0], [], [-0.9737701416015625, 0.189544677734375, -0.0989990234375, 0.0776824951171875], [], [-0.6367034912109375, 0.139129638671875, -0.22064208984375, 0.7256317138671875]
23730, 23.95918083190918, [1000.0, 49.0, 235.0, 111.0, 248.0, 139.0, 130.0, 0.0, 0.0, 1000.0, 0.0, 1000.0, 0.0, 1000.0, 907.0, 999.0, 999.0, 999.0, 999.0, 316.0, 330.0, 0.0, 0.0], [], [-0.9737701416015625, 0.189544677734375, -0.0989990234375, 0.0776824951171875], [], [-0.6370086669921875, 0.13763427734375, -0.2236175537109375, 0.7247314453125]
23740, 23.969112396240234, [1000.0, 49.0, 235.0, 111.0, 248.0, 139.0, 130.0, 0.0, 0.0, 1000.0, 0.0, 1000.0, 0.0, 1000.0, 907.0, 999.0, 999.0, 999.0, 999.0, 316.0, 330.0, 0.0, 0.0], [], [-0.9737701416015625, 0.189544677734375, -0.0989990234375, 0.0776824951171875], [], [-0.6394500732421875, 0.1279296875, -0.2250213623046875, 0.72393798828125]
23750, 23.979036331176758, [1000.0, 49.0, 235.0, 111.0, 248.0, 139.0, 130.0, 0.0, 0.0, 1000.0, 0.0, 1000.0, 0.0, 1000.0, 907.0, 999.0, 999.0, 999.0, 999.0, 316.0, 330.0, 0.0, 0.0], [], [-0.9737701416015625, 0.189544677734375, -0.0989990234375, 0.0776824951171875], [], [-0.6402740478515625, 0.1251983642578125, -0.227447509765625, 0.722930908203125]
23760, 23.98902702331543, [1000.0, 49.0, 235.0, 111.0, 248.0, 139.0, 130.0, 0.0, 0.0, 1000.0, 0.0, 1000.0, 0.0, 1000.0, 907.0, 999.0, 999.0, 999.0, 999.0, 316.0, 330.0, 0.0, 0.0], [], [-0.9737701416015625, 0.189544677734375, -0.0989990234375, 0.0776824951171875], [], [-0.639892578125, 0.127532958984375, -0.2300262451171875, 0.7220306396484375]
23770, 23.999027252197266, [1000.0, 49.0, 235.0, 111.0, 248.0, 139.0, 130.0, 0.0, 0.0, 1000.0, 0.0, 1000.0, 0.0, 1000.0, 907.0, 999.0, 999.0, 999.0, 999.0, 316.0, 330.0, 0.0, 0.0], [], [-0.9737701416015625, 0.189544677734375, -0.0989990234375, 0.0776824951171875], [], [-0.6392974853515625, 0.13037109375, -0.235595703125, 0.7202606201171875]
23780, 24.00922203063965, [1000.0, 49.0, 235.0, 111.0, 248.0, 139.0, 130.0, 0.0, 0.0, 1000.0, 0.0, 1000.0, 0.0, 1000.0, 907.0, 999.0, 999.0, 999.0, 999.0, 316.0, 330.0, 0.0, 0.0], [], [-0.9737701416015625, 0.189544677734375, -0.0989990234375, 0.0776824951171875], [], [-0.6400299072265625, 0.1289825439453125, -0.233917236328125, 0.7204132080078125]
23790, 24.019113540649414, [1000.0, 49.0, 235.0, 111.0, 248.0, 139.0, 130.0, 0.0, 0.0, 1000.0, 0.0, 1000.0, 0.0, 1000.0, 907.0, 999.0, 999.0, 999.0, 999.0, 316.0, 330.0, 0.0, 0.0], [], [-0.9737701416015625, 0.189544677734375, -0.0989990234375, 0.0776824951171875], [], [-0.640594482421875, 0.1298675537109375, -0.2261810302734375, 0.7222137451171875]
23800, 24.029035568237305, [1000.0, 49.0, 235.0, 111.0, 248.0, 139.0, 130.0, 0.0, 0.0, 1000.0, 0.0, 1000.0, 0.0, 1000.0, 907.0, 999.0, 999.0, 999.0, 999.0, 316.0, 330.0, 0.0, 0.0], [], [-0.9737701416015625, 0.189544677734375, -0.0989990234375, 0.0776824951171875], [], [-0.6413421630859375, 0.1305084228515625, -0.2147979736328125, 0.72491455078125]
23810, 24.041011810302734, [1000.0, 49.0, 235.0, 111.0, 248.0, 139.0, 130.0, 0.0, 0.0, 1000.0, 0.0, 1000.0, 0.0, 1000.0, 907.0, 999.0, 999.0, 999.0, 999.0, 316.0, 330.0, 0.0, 0.0], [], [-0.9737701416015625, 0.189544677734375, -0.0989990234375, 0.0776824951171875], [], [-0.641082763671875, 0.134552001953125, -0.2057647705078125, 0.7270050048828125]
23820, 24.049121856689453, [1000.0, 49.0, 235.0, 111.0, 248.0, 139.0, 130.0, 0.0, 0.0, 1000.0, 0.0, 1000.0, 0.0, 1000.0, 907.0, 999.0, 999.0, 999.0, 999.0, 316.0, 330.0, 0.0, 0.0], [], [-0.9737701416015625, 0.189544677734375, -0.0989990234375, 0.0776824951171875], [], [-0.6402740478515625, 0.14056396484375, -0.193878173828125, 0.7298431396484375]
23830, 24.059608459472656, [1000.0, 49.0, 235.0, 111.0, 248.0, 139.0, 130.0, 0.0, 0.0, 1000.0, 0.0, 1000.0, 0.0, 1000.0, 907.0, 999.0, 999.0, 999.0, 999.0, 316.0, 330.0, 0.0, 0.0], [], [-0.9737701416015625, 0.189544677734375, -0.0989990234375, 0.0776824951171875], [], [-0.639984130859375, 0.1435089111328125, -0.1857147216796875, 0.7316436767578125]
23840, 24.06912612915039, [1000.0, 49.0, 235.0, 111.0, 248.0, 139.0, 130.0, 0.0, 0.0, 1000.0, 0.0, 1000.0, 0.0, 1000.0, 907.0, 999.0, 999.0, 999.0, 999.0, 316.0, 330.0, 0.0, 0.0], [], [-0.9737701416015625, 0.189544677734375, -0.0989990234375, 0.0776824951171875], [], [-0.6387786865234375, 0.1494293212890625, -0.18658447265625, 0.731292724609375]
23850, 24.07904052734375, [1000.0, 49.0, 235.0, 111.0, 248.0, 139.0, 130.0, 0.0, 0.0, 1000.0, 0.0, 1000.0, 0.0, 1000.0, 907.0, 999.0, 999.0, 999.0, 999.0, 316.0, 330.0, 0.0, 0.0], [], [-0.9737701416015625, 0.189544677734375, -0.0989990234375, 0.0776824951171875], [], [-0.6373291015625, 0.155792236328125, -0.1914215087890625, 0.72998046875]
23860, 24.089204788208008, [1000.0, 49.0, 235.0, 111.0, 248.0, 139.0, 130.0, 0.0, 0.0, 1000.0, 0.0, 1000.0, 0.0, 1000.0, 907.0, 999.0, 999.0, 999.0, 999.0, 316.0, 330.0, 0.0, 0.0], [], [-0.9737701416015625, 0.189544677734375, -0.0989990234375, 0.0776824951171875], [], [-0.6371612548828125, 0.156829833984375, -0.1977691650390625, 0.72821044921875]
23870, 24.099048614501953, [1000.0, 49.0, 235.0, 111.0, 248.0, 139.0, 130.0, 0.0, 0.0, 1000.0, 0.0, 1000.0, 0.0, 1000.0, 907.0, 999.0, 999.0, 999.0, 999.0, 316.0, 330.0, 0.0, 0.0], [], [-0.9737701416015625, 0.189544677734375, -0.0989990234375, 0.0776824951171875], [], [-0.636016845703125, 0.16168212890625, -0.2022857666015625, 0.7269134521484375]
23880, 24.109294891357422, [1000.0, 49.0, 235.0, 111.0, 248.0, 139.0, 130.0, 0.0, 0.0, 1000.0, 0.0, 1000.0, 0.0, 1000.0, 907.0, 999.0, 999.0, 999.0, 999.0, 316.0, 330.0, 0.0, 0.0], [], [-0.9737701416015625, 0.189544677734375, -0.0989990234375, 0.0776824951171875], [], [-0.6362152099609375, 0.1610107421875, -0.208343505859375, 0.72515869140625]
23890, 24.119117736816406, [1000.0, 49.0, 235.0, 111.0, 248.0, 139.0, 130.0, 0.0, 0.0, 1000.0, 0.0, 1000.0, 0.0, 1000.0, 907.0, 999.0, 999.0, 999.0, 999.0, 316.0, 330.0, 0.0, 0.0], [], [-0.9737701416015625, 0.189544677734375, -0.0989990234375, 0.0776824951171875], [], [-0.637969970703125, 0.15447998046875, -0.21343994140625, 0.7235565185546875]
23900, 24.12903594970703, [1000.0, 49.0, 235.0, 111.0, 248.0, 139.0, 130.0, 0.0, 0.0, 1000.0, 0.0, 1000.0, 0.0, 1000.0, 907.0, 999.0, 999.0, 999.0, 999.0, 316.0, 330.0, 0.0, 0.0], [], [-0.9737701416015625, 0.189544677734375, -0.0989990234375, 0.0776824951171875], [], [-0.638824462890625, 0.1515960693359375, -0.2141265869140625, 0.7232208251953125]
23910, 24.139095306396484, [1000.0, 49.0, 235.0, 111.0, 248.0, 139.0, 130.0, 0.0, 0.0, 1000.0, 0.0, 1000.0, 0.0, 1000.0, 907.0, 999.0, 999.0, 999.0, 999.0, 316.0, 330.0, 0.0, 0.0], [], [-0.9737701416015625, 0.189544677734375, -0.0989990234375, 0.0776824951171875], [], [-0.64056396484375, 0.145172119140625, -0.21490478515625, 0.7227783203125]
23920, 24.150848388671875, [1000.0, 49.0, 235.0, 111.0, 248.0, 139.0, 130.0, 0.0, 0.0, 1000.0, 0.0, 1000.0, 0.0, 1000.0, 907.0, 999.0, 999.0, 999.0, 999.0, 316.0, 330.0, 0.0, 0.0], [], [-0.9737701416015625, 0.189544677734375, -0.0989990234375, 0.0776824951171875], [], [-0.641998291015625, 0.139801025390625, -0.2153472900390625, 0.722412109375]
23930, 24.15924644470215, [1000.0, 49.0, 235.0, 111.0, 248.0, 139.0, 130.0, 0.0, 0.0, 1000.0, 0.0, 1000.0, 0.0, 1000.0, 907.0, 999.0, 999.0, 999.0, 999.0, 316.0, 330.0, 0.0, 0.0], [], [-0.9737701416015625, 0.189544677734375, -0.0989990234375, 0.0776824951171875], [], [-0.64227294921875, 0.138458251953125, -0.2181549072265625, 0.721588134765625]
23940, 24.169143676757812, [1000.0, 49.0, 235.0, 111.0, 248.0, 139.0, 130.0, 0.0, 0.0, 1000.0, 0.0, 1000.0, 0.0, 1000.0, 907.0, 999.0, 999.0, 999.0, 999.0, 316.0, 330.0, 0.0, 0.0], [], [-0.9737701416015625, 0.189544677734375, -0.0989990234375, 0.0776824951171875], [], [-0.6430206298828125, 0.1351776123046875, -0.221099853515625, 0.72064208984375]
23950, 24.179035186767578, [1000.0, 49.0, 235.0, 111.0, 248.0, 139.0, 130.0, 0.0, 0.0, 1000.0, 0.0, 1000.0, 0.0, 1000.0, 907.0, 999.0, 999.0, 999.0, 999.0, 316.0, 330.0, 0.0, 0.0], [], [-0.9737701416015625, 0.189544677734375, -0.0989990234375, 0.0776824951171875], [], [-0.6436004638671875, 0.133514404296875, -0.2192230224609375, 0.7210235595703125]
23960, 24.189090728759766, [1000.0, 49.0, 235.0, 111.0, 248.0, 139.0, 130.0, 0.0, 0.0, 1000.0, 0.0, 1000.0, 0.0, 1000.0, 907.0, 999.0, 999.0, 999.0, 999.0, 316.0, 330.0, 0.0, 0.0], [], [-0.9737701416015625, 0.189544677734375, -0.0989990234375, 0.0776824951171875], [], [-0.64312744140625, 0.135833740234375, -0.218109130859375, 0.721343994140625]
23970, 24.19904899597168, [1000.0, 49.0, 235.0, 111.0, 248.0, 139.0, 130.0, 0.0, 0.0, 1000.0, 0.0, 1000.0, 0.0, 1000.0, 907.0, 999.0, 999.0, 999.0, 999.0, 316.0, 330.0, 0.0, 0.0], [], [-0.9737701416015625, 0.189544677734375, -0.0989990234375, 0.0776824951171875], [], [-0.6417236328125, 0.1418914794921875, -0.21636962890625, 0.721954345703125]
23980, 24.209224700927734, [1000.0, 49.0, 235.0, 111.0, 248.0, 139.0, 130.0, 0.0, 0.0, 1000.0, 0.0, 1000.0, 0.0, 1000.0, 907.0, 999.0, 999.0, 999.0, 999.0, 316.0, 330.0, 0.0, 0.0], [], [-0.9737701416015625, 0.189544677734375, -0.0989990234375, 0.0776824951171875], [], [-0.64056396484375, 0.1470794677734375, -0.2133026123046875, 0.722869873046875]
23990, 24.219118118286133, [1000.0, 49.0, 235.0, 111.0, 248.0, 139.0, 130.0, 0.0, 0.0, 1000.0, 0.0, 1000.0, 0.0, 1000.0, 907.0, 999.0, 999.0, 999.0, 999.0, 316.0, 330.0, 0.0, 0.0], [], [-0.9737701416015625, 0.189544677734375, -0.0989990234375, 0.0776824951171875], [], [-0.639007568359375, 0.1537933349609375, -0.2080841064453125, 0.7243499755859375]
24000, 24.229034423828125, [1000.0, 49.0, 235.0, 111.0, 248.0, 139.0, 130.0, 0.0, 0.0, 1000.0, 0.0, 1000.0, 0.0, 1000.0, 907.0, 999.0, 999.0, 999.0, 999.0, 316.0, 330.0, 0.0, 0.0], [], [-0.9737701416015625, 0.189544677734375, -0.0989990234375, 0.0776824951171875], [], [-0.638580322265625, 0.1560821533203125, -0.20355224609375, 0.72552490234375]
24010, 24.23910140991211, [1000.0, 49.0, 235.0, 111.0, 248.0, 139.0, 130.0, 0.0, 0.0, 1000.0, 0.0, 1000.0, 0.0, 1000.0, 907.0, 999.0, 999.0, 999.0, 999.0, 316.0, 330.0, 0.0, 0.0], [], [-0.9737701416015625, 0.189544677734375, -0.0989990234375, 0.0776824951171875], [], [-0.6382904052734375, 0.1578216552734375, -0.198455810546875, 0.7268218994140625]
24020, 24.249048233032227, [1000.0, 49.0, 235.0, 111.0, 248.0, 139.0, 130.0, 0.0, 0.0, 1000.0, 0.0, 1000.0, 0.0, 1000.0, 907.0, 999.0, 999.0, 999.0, 999.0, 316.0, 330.0, 0.0, 0.0], [], [-0.9737701416015625, 0.189544677734375, -0.0989990234375, 0.0776824951171875], [], [-0.6373291015625, 0.1619415283203125, -0.1921844482421875, 0.7284393310546875]
24030, 24.259241104125977, [1000.0, 49.0, 235.0, 111.0, 248.0, 139.0, 130.0, 0.0, 0.0, 1000.0, 0.0, 1000.0, 0.0, 1000.0, 907.0, 999.0, 999.0, 999.0, 999.0, 316.0, 330.0, 0.0, 0.0], [], [-0.9737701416015625, 0.189544677734375, -0.0989990234375, 0.0776824951171875], [], [-0.63677978515625, 0.163970947265625, -0.1903533935546875, 0.7289581298828125]
24040, 24.269119262695312, [1000.0, 49.0, 235.0, 111.0, 248.0, 139.0, 130.0, 0.0, 0.0, 1000.0, 0.0, 1000.0, 0.0, 1000.0, 907.0, 999.0, 999.0, 999.0, 999.0, 316.0, 330.0, 0.0, 0.0], [], [-0.9737701416015625, 0.189544677734375, -0.0989990234375, 0.0776824951171875], [], [-0.6381683349609375, 0.158111572265625, -0.18853759765625, 0.7295074462890625]
24050, 24.27903175354004, [1000.0, 49.0, 235.0, 111.0, 248.0, 139.0, 130.0, 0.0, 0.0, 1000.0, 0.0, 1000.0, 0.0, 1000.0, 907.0, 999.0, 999.0, 999.0, 999.0, 316.0, 330.0, 0.0, 0.0], [], [-0.9737701416015625, 0.189544677734375, -0.0989990234375, 0.0776824951171875], [], [-0.6384124755859375, 0.1564788818359375, -0.1905059814453125, 0.7291259765625]
24060, 24.289093017578125, [1000.0, 49.0, 235.0, 111.0, 248.0, 139.0, 130.0, 0.0, 0.0, 1000.0, 0.0, 1000.0, 0.0, 1000.0, 907.0, 999.0, 999.0, 999.0, 999.0, 316.0, 330.0, 0.0, 0.0], [], [-0.9737701416015625, 0.189544677734375, -0.0989990234375, 0.0776824951171875], [], [-0.6385955810546875, 0.154815673828125, -0.1951904296875, 0.7280731201171875]
24070, 24.299053192138672, [1000.0, 49.0, 235.0, 111.0, 248.0, 139.0, 130.0, 0.0, 0.0, 1000.0, 0.0, 1000.0, 0.0, 1000.0, 907.0, 999.0, 999.0, 999.0, 999.0, 316.0, 330.0, 0.0, 0.0], [], [-0.9737701416015625, 0.189544677734375, -0.0989990234375, 0.0776824951171875], [], [-0.638641357421875, 0.15350341796875, -0.2007598876953125, 0.726806640625]
24080, 24.312604904174805, [1000.0, 49.0, 235.0, 111.0, 248.0, 139.0, 130.0, 0.0, 0.0, 1000.0, 0.0, 1000.0, 0.0, 1000.0, 907.0, 999.0, 999.0, 999.0, 999.0, 316.0, 330.0, 0.0, 0.0], [], [-0.9737701416015625, 0.189544677734375, -0.0989990234375, 0.0776824951171875], [], [-0.637359619140625, 0.1571807861328125, -0.206024169921875, 0.7256622314453125]
24090, 24.31911849975586, [1000.0, 49.0, 235.0, 111.0, 248.0, 139.0, 130.0, 0.0, 0.0, 1000.0, 0.0, 1000.0, 0.0, 1000.0, 907.0, 999.0, 999.0, 999.0, 999.0, 316.0, 330.0, 0.0, 0.0], [], [-0.9737701416015625, 0.189544677734375, -0.0989990234375, 0.0776824951171875], [], [-0.6372833251953125, 0.156280517578125, -0.210052490234375, 0.7247772216796875]
24100, 24.329036712646484, [1000.0, 49.0, 235.0, 111.0, 248.0, 139.0, 130.0, 0.0, 0.0, 1000.0, 0.0, 1000.0, 0.0, 1000.0, 907.0, 999.0, 999.0, 999.0, 999.0, 316.0, 330.0, 0.0, 0.0], [], [-0.9737701416015625, 0.189544677734375, -0.0989990234375, 0.0776824951171875], [], [-0.6368255615234375, 0.156951904296875, -0.209930419921875, 0.725067138671875]
24110, 24.339099884033203, [1000.0, 49.0, 235.0, 111.0, 248.0, 139.0, 130.0, 0.0, 0.0, 1000.0, 0.0, 1000.0, 0.0, 1000.0, 907.0, 999.0, 999.0, 999.0, 999.0, 316.0, 330.0, 0.0, 0.0], [], [-0.9737701416015625, 0.189544677734375, -0.0989990234375, 0.0776824951171875], [], [-0.6363067626953125, 0.157257080078125, -0.20941162109375, 0.725616455078125]
24120, 24.349048614501953, [1000.0, 49.0, 235.0, 111.0, 248.0, 139.0, 130.0, 0.0, 0.0, 1000.0, 0.0, 1000.0, 0.0, 1000.0, 907.0, 999.0, 999.0, 999.0, 999.0, 316.0, 330.0, 0.0, 0.0], [], [-0.9737701416015625, 0.189544677734375, -0.0989990234375, 0.0776824951171875], [], [-0.63568115234375, 0.1579742431640625, -0.2087554931640625, 0.7261810302734375]
24130, 24.359228134155273, [1000.0, 49.0, 235.0, 111.0, 248.0, 139.0, 130.0, 0.0, 0.0, 1000.0, 0.0, 1000.0, 0.0, 1000.0, 907.0, 999.0, 999.0, 999.0, 999.0, 316.0, 330.0, 0.0, 0.0], [], [-0.9737701416015625, 0.189544677734375, -0.0989990234375, 0.0776824951171875], [], [-0.6347503662109375, 0.15966796875, -0.2075347900390625, 0.72698974609375]
24140, 24.36906623840332, [1000.0, 49.0, 235.0, 111.0, 248.0, 139.0, 130.0, 0.0, 0.0, 1000.0, 0.0, 1000.0, 0.0, 1000.0, 907.0, 999.0, 999.0, 999.0, 999.0, 316.0, 330.0, 0.0, 0.0], [], [-0.9737701416015625, 0.189544677734375, -0.0989990234375, 0.0776824951171875], [], [-0.6338348388671875, 0.1610870361328125, -0.206390380859375, 0.727783203125]
24150, 24.379032135009766, [1000.0, 49.0, 235.0, 111.0, 248.0, 139.0, 130.0, 0.0, 0.0, 1000.0, 0.0, 1000.0, 0.0, 1000.0, 907.0, 999.0, 999.0, 999.0, 999.0, 316.0, 330.0, 0.0, 0.0], [], [-0.9737701416015625, 0.189544677734375, -0.0989990234375, 0.0776824951171875], [], [-0.632843017578125, 0.1627197265625, -0.2053680419921875, 0.7285919189453125]
24160, 24.38910675048828, [1000.0, 49.0, 235.0, 111.0, 248.0, 139.0, 130.0, 0.0, 0.0, 1000.0, 0.0, 1000.0, 0.0, 1000.0, 907.0, 999.0, 999.0, 999.0, 999.0, 316.0, 330.0, 0.0, 0.0], [], [-0.9737701416015625, 0.189544677734375, -0.0989990234375, 0.0776824951171875], [], [-0.6320953369140625, 0.1634063720703125, -0.2040863037109375, 0.7294464111328125]
24170, 24.399032592773438, [1000.0, 49.0, 235.0, 111.0, 248.0, 139.0, 130.0, 0.0, 0.0, 1000.0, 0.0, 1000.0, 0.0, 1000.0, 907.0, 999.0, 999.0, 999.0, 999.0, 316.0, 330.0, 0.0, 0.0], [], [-0.9737701416015625, 0.189544677734375, -0.0989990234375, 0.0776824951171875], [], [-0.6313629150390625, 0.1640625, -0.20391845703125, 0.7299652099609375]
24180, 24.408964157104492, [1000.0, 49.0, 235.0, 111.0, 248.0, 139.0, 130.0, 0.0, 0.0, 1000.0, 0.0, 1000.0, 0.0, 1000.0, 907.0, 999.0, 999.0, 999.0, 999.0, 316.0, 330.0, 0.0, 0.0], [], [-0.9737701416015625, 0.189544677734375, -0.0989990234375, 0.0776824951171875], [], [-0.6304779052734375, 0.1653900146484375, -0.204498291015625, 0.7302703857421875]
24190, 24.422258377075195, [1000.0, 49.0, 235.0, 111.0, 248.0, 139.0, 130.0, 0.0, 0.0, 1000.0, 0.0, 1000.0, 0.0, 1000.0, 907.0, 999.0, 999.0, 999.0, 999.0, 316.0, 330.0, 0.0, 0.0], [], [-0.9737701416015625, 0.189544677734375, -0.0989990234375, 0.0776824951171875], [], [-0.629791259765625, 0.1659088134765625, -0.206939697265625, 0.7300567626953125]
24200, 24.428936004638672, [1000.0, 49.0, 235.0, 111.0, 248.0, 139.0, 130.0, 0.0, 0.0, 1000.0, 0.0, 1000.0, 0.0, 1000.0, 907.0, 999.0, 999.0, 999.0, 999.0, 316.0, 330.0, 0.0, 0.0], [], [-0.9737701416015625, 0.189544677734375, -0.0989990234375, 0.0776824951171875], [], [-0.629547119140625, 0.16473388671875, -0.209716796875, 0.729736328125]
24210, 24.439037322998047, [1000.0, 49.0, 235.0, 111.0, 248.0, 139.0, 130.0, 0.0, 0.0, 1000.0, 0.0, 1000.0, 0.0, 1000.0, 907.0, 999.0, 999.0, 999.0, 999.0, 316.0, 330.0, 0.0, 0.0], [], [-0.9737701416015625, 0.189544677734375, -0.0989990234375, 0.0776824951171875], [], [-0.6295623779296875, 0.1627044677734375, -0.212890625, 0.7292633056640625]
24220, 24.44904136657715, [1000.0, 49.0, 235.0, 111.0, 248.0, 139.0, 130.0, 0.0, 0.0, 1000.0, 0.0, 1000.0, 0.0, 1000.0, 907.0, 999.0, 999.0, 999.0, 999.0, 316.0, 330.0, 0.0, 0.0], [], [-0.9737701416015625, 0.189544677734375, -0.0989990234375, 0.0776824951171875], [], [-0.6298980712890625, 0.1594696044921875, -0.21612548828125, 0.7287445068359375]
24230, 24.459083557128906, [1000.0, 49.0, 235.0, 111.0, 248.0, 139.0, 130.0, 0.0, 0.0, 1000.0, 0.0, 1000.0, 0.0, 1000.0, 907.0, 999.0, 999.0, 999.0, 999.0, 316.0, 330.0, 0.0, 0.0], [], [-0.9737701416015625, 0.189544677734375, -0.0989990234375, 0.0776824951171875], [], [-0.6303558349609375, 0.15618896484375, -0.2188873291015625, 0.7282257080078125]
24240, 24.469051361083984, [1000.0, 49.0, 235.0, 111.0, 248.0, 139.0, 130.0, 0.0, 0.0, 1000.0, 0.0, 1000.0, 0.0, 1000.0, 907.0, 999.0, 999.0, 999.0, 999.0, 316.0, 330.0, 0.0, 0.0], [], [-0.9737701416015625, 0.189544677734375, -0.0989990234375, 0.0776824951171875], [], [-0.631103515625, 0.1519622802734375, -0.2218017578125, 0.72760009765625]
24250, 24.479034423828125, [1000.0, 49.0, 235.0, 111.0, 248.0, 139.0, 130.0, 0.0, 0.0, 1000.0, 0.0, 1000.0, 0.0, 1000.0, 907.0, 999.0, 999.0, 999.0, 999.0, 316.0, 330.0, 0.0, 0.0], [], [-0.9737701416015625, 0.189544677734375, -0.0989990234375, 0.0776824951171875], [], [-0.632171630859375, 0.1471710205078125, -0.2226104736328125, 0.7274017333984375]
24260, 24.48910140991211, [1000.0, 49.0, 235.0, 111.0, 248.0, 139.0, 130.0, 0.0, 0.0, 1000.0, 0.0, 1000.0, 0.0, 1000.0, 907.0, 999.0, 999.0, 999.0, 999.0, 316.0, 330.0, 0.0, 0.0], [], [-0.9737701416015625, 0.189544677734375, -0.0989990234375, 0.0776824951171875], [], [-0.632904052734375, 0.1439056396484375, -0.223663330078125, 0.7270965576171875]
24270, 24.499046325683594, [1000.0, 49.0, 235.0, 111.0, 248.0, 139.0, 130.0, 0.0, 0.0, 1000.0, 0.0, 1000.0, 0.0, 1000.0, 907.0, 999.0, 999.0, 999.0, 999.0, 316.0, 330.0, 0.0, 0.0], [], [-0.9737701416015625, 0.189544677734375, -0.0989990234375, 0.0776824951171875], [], [-0.633819580078125, 0.1405181884765625, -0.223114013671875, 0.7271270751953125]
24280, 24.50923728942871, [1000.0, 49.0, 235.0, 111.0, 248.0, 139.0, 130.0, 0.0, 0.0, 1000.0, 0.0, 1000.0, 0.0, 1000.0, 907.0, 999.0, 999.0, 999.0, 999.0, 316.0, 330.0, 0.0, 0.0], [], [-0.9737701416015625, 0.189544677734375, -0.0989990234375, 0.0776824951171875], [], [-0.6341705322265625, 0.1397857666015625, -0.22088623046875, 0.7276458740234375]
24290, 24.5190486907959, [1000.0, 49.0, 235.0, 111.0, 248.0, 139.0, 130.0, 0.0, 0.0, 1000.0, 0.0, 1000.0, 0.0, 1000.0, 907.0, 999.0, 999.0, 999.0, 999.0, 316.0, 330.0, 0.0, 0.0], [], [-0.9737701416015625, 0.189544677734375, -0.0989990234375, 0.0776824951171875], [], [-0.634033203125, 0.1415252685546875, -0.2173919677734375, 0.728485107421875]
24300, 24.52903938293457, [1000.0, 49.0, 235.0, 111.0, 248.0, 139.0, 130.0, 0.0, 0.0, 1000.0, 0.0, 1000.0, 0.0, 1000.0, 907.0, 999.0, 999.0, 999.0, 999.0, 316.0, 330.0, 0.0, 0.0], [], [-0.9737701416015625, 0.189544677734375, -0.0989990234375, 0.0776824951171875], [], [-0.6332855224609375, 0.1457366943359375, -0.213165283203125, 0.72955322265625]
24310, 24.539108276367188, [1000.0, 49.0, 235.0, 111.0, 248.0, 139.0, 130.0, 0.0, 0.0, 1000.0, 0.0, 1000.0, 0.0, 1000.0, 907.0, 999.0, 999.0, 999.0, 999.0, 316.0, 330.0, 0.0, 0.0], [], [-0.9737701416015625, 0.189544677734375, -0.0989990234375, 0.0776824951171875], [], [-0.632080078125, 0.1516571044921875, -0.2074737548828125, 0.7310333251953125]
24320, 24.549057006835938, [1000.0, 49.0, 235.0, 111.0, 248.0, 139.0, 130.0, 0.0, 0.0, 1000.0, 0.0, 1000.0, 0.0, 1000.0, 907.0, 999.0, 999.0, 999.0, 999.0, 316.0, 330.0, 0.0, 0.0], [], [-0.9737701416015625, 0.189544677734375, -0.0989990234375, 0.0776824951171875], [], [-0.630523681640625, 0.158538818359375, -0.2008056640625, 0.7327728271484375]
24330, 24.559242248535156, [1000.0, 49.0, 235.0, 111.0, 248.0, 139.0, 130.0, 0.0, 0.0, 1000.0, 0.0, 1000.0, 0.0, 1000.0, 907.0, 999.0, 999.0, 999.0, 999.0, 316.0, 330.0, 0.0, 0.0], [], [-0.9737701416015625, 0.189544677734375, -0.0989990234375, 0.0776824951171875], [], [-0.629730224609375, 0.1621551513671875, -0.1959075927734375, 0.7339935302734375]
24340, 24.569103240966797, [1000.0, 49.0, 235.0, 111.0, 248.0, 139.0, 130.0, 0.0, 0.0, 1000.0, 0.0, 1000.0, 0.0, 1000.0, 907.0, 999.0, 999.0, 999.0, 999.0, 316.0, 330.0, 0.0, 0.0], [], [-0.9737701416015625, 0.189544677734375, -0.0989990234375, 0.0776824951171875], [], [-0.6292572021484375, 0.1641845703125, -0.1911468505859375, 0.735198974609375]
24350, 24.584165573120117, [1000.0, 49.0, 235.0, 111.0, 248.0, 139.0, 130.0, 0.0, 0.0, 1000.0, 0.0, 1000.0, 0.0, 1000.0, 907.0, 999.0, 999.0, 999.0, 999.0, 316.0, 330.0, 0.0, 0.0], [], [-0.9737701416015625, 0.189544677734375, -0.0989990234375, 0.0776824951171875], [], [-0.62835693359375, 0.167877197265625, -0.1983795166015625, 0.73321533203125]
24360, 24.58901596069336, [1000.0, 49.0, 235.0, 111.0, 248.0, 139.0, 130.0, 0.0, 0.0, 1000.0, 0.0, 1000.0, 0.0, 1000.0, 907.0, 999.0, 999.0, 999.0, 999.0, 316.0, 330.0, 0.0, 0.0], [], [-0.9737701416015625, 0.189544677734375, -0.0989990234375, 0.0776824951171875], [], [-0.62701416015625, 0.1726531982421875, -0.2030029296875, 0.7319793701171875]
24370, 24.59904670715332, [1000.0, 49.0, 235.0, 111.0, 248.0, 139.0, 130.0, 0.0, 0.0, 1000.0, 0.0, 1000.0, 0.0, 1000.0, 907.0, 999.0, 999.0, 999.0, 999.0, 316.0, 330.0, 0.0, 0.0], [], [-0.9737701416015625, 0.189544677734375, -0.0989990234375, 0.0776824951171875], [], [-0.62799072265625, 0.16864013671875, -0.205413818359375, 0.731414794921875]
24380, 24.60923957824707, [1000.0, 49.0, 235.0, 111.0, 248.0, 139.0, 130.0, 0.0, 0.0, 1000.0, 0.0, 1000.0, 0.0, 1000.0, 907.0, 999.0, 999.0, 999.0, 999.0, 316.0, 330.0, 0.0, 0.0], [], [-0.9737701416015625, 0.189544677734375, -0.0989990234375, 0.0776824951171875], [], [-0.6285552978515625, 0.1660308837890625, -0.210052490234375, 0.7302093505859375]
24390, 24.619110107421875, [1000.0, 49.0, 235.0, 111.0, 248.0, 139.0, 130.0, 0.0, 0.0, 1000.0, 0.0, 1000.0, 0.0, 1000.0, 907.0, 999.0, 999.0, 999.0, 999.0, 316.0, 330.0, 0.0, 0.0], [], [-0.9737701416015625, 0.189544677734375, -0.0989990234375, 0.0776824951171875], [], [-0.6300811767578125, 0.1595458984375, -0.2132568359375, 0.7294158935546875]
24400, 24.62903594970703, [1000.0, 49.0, 235.0, 111.0, 248.0, 139.0, 130.0, 0.0, 0.0, 1000.0, 0.0, 1000.0, 0.0, 1000.0, 907.0, 999.0, 999.0, 999.0, 999.0, 316.0, 330.0, 0.0, 0.0], [], [-0.9737701416015625, 0.189544677734375, -0.0989990234375, 0.0776824951171875], [], [-0.6313018798828125, 0.153900146484375, -0.21881103515625, 0.7279205322265625]
24410, 24.639026641845703, [1000.0, 49.0, 235.0, 111.0, 248.0, 139.0, 130.0, 0.0, 0.0, 1000.0, 0.0, 1000.0, 0.0, 1000.0, 907.0, 999.0, 999.0, 999.0, 999.0, 316.0, 330.0, 0.0, 0.0], [], [-0.9737701416015625, 0.189544677734375, -0.0989990234375, 0.0776824951171875], [], [-0.6321563720703125, 0.1495819091796875, -0.2215576171875, 0.7272491455078125]
24420, 24.649051666259766, [1000.0, 49.0, 235.0, 111.0, 248.0, 139.0, 130.0, 0.0, 0.0, 1000.0, 0.0, 1000.0, 0.0, 1000.0, 907.0, 999.0, 999.0, 999.0, 999.0, 316.0, 330.0, 0.0, 0.0], [], [-0.9737701416015625, 0.189544677734375, -0.0989990234375, 0.0776824951171875], [], [-0.6323394775390625, 0.1478118896484375, -0.223602294921875, 0.7268218994140625]
24430, 24.65923309326172, [1000.0, 49.0, 235.0, 111.0, 248.0, 139.0, 130.0, 0.0, 0.0, 1000.0, 0.0, 1000.0, 0.0, 1000.0, 907.0, 999.0, 999.0, 999.0, 999.0, 316.0, 330.0, 0.0, 0.0], [], [-0.9737701416015625, 0.189544677734375, -0.0989990234375, 0.0776824951171875], [], [-0.6332855224609375, 0.143463134765625, -0.2246551513671875, 0.7265472412109375]
24440, 24.669116973876953, [1000.0, 49.0, 235.0, 111.0, 248.0, 139.0, 130.0, 0.0, 0.0, 1000.0, 0.0, 1000.0, 0.0, 1000.0, 907.0, 999.0, 999.0, 999.0, 999.0, 316.0, 330.0, 0.0, 0.0], [], [-0.9737701416015625, 0.189544677734375, -0.0989990234375, 0.0776824951171875], [], [-0.6336212158203125, 0.1415863037109375, -0.224273681640625, 0.72674560546875]
24450, 24.679033279418945, [1000.0, 49.0, 235.0, 111.0, 248.0, 139.0, 130.0, 0.0, 0.0, 1000.0, 0.0, 1000.0, 0.0, 1000.0, 907.0, 999.0, 999.0, 999.0, 999.0, 316.0, 330.0, 0.0, 0.0], [], [-0.9737701416015625, 0.189544677734375, -0.0989990234375, 0.0776824951171875], [], [-0.6339874267578125, 0.1399383544921875, -0.2224273681640625, 0.7273101806640625]
24460, 24.69396209716797, [1000.0, 49.0, 235.0, 111.0, 248.0, 139.0, 130.0, 0.0, 0.0, 1000.0, 0.0, 1000.0, 0.0, 1000.0, 907.0, 999.0, 999.0, 999.0, 999.0, 316.0, 330.0, 0.0, 0.0], [], [-0.9737701416015625, 0.189544677734375, -0.0989990234375, 0.0776824951171875], [], [-0.6345367431640625, 0.137908935546875, -0.220001220703125, 0.7279510498046875]
24470, 24.699037551879883, [1000.0, 49.0, 235.0, 111.0, 248.0, 139.0, 130.0, 0.0, 0.0, 1000.0, 0.0, 1000.0, 0.0, 1000.0, 907.0, 999.0, 999.0, 999.0, 999.0, 316.0, 330.0, 0.0, 0.0], [], [-0.9737701416015625, 0.189544677734375, -0.0989990234375, 0.0776824951171875], [], [-0.6345367431640625, 0.1386260986328125, -0.21392822265625, 0.7296295166015625]
24480, 24.709659576416016, [1000.0, 49.0, 235.0, 111.0, 248.0, 139.0, 130.0, 0.0, 0.0, 1000.0, 0.0, 1000.0, 0.0, 1000.0, 907.0, 999.0, 999.0, 999.0, 999.0, 316.0, 330.0, 0.0, 0.0], [], [-0.9737701416015625, 0.189544677734375, -0.0989990234375, 0.0776824951171875], [], [-0.634033203125, 0.1409149169921875, -0.2101287841796875, 0.730743408203125]
24490, 24.7191104888916, [1000.0, 49.0, 235.0, 111.0, 248.0, 139.0, 130.0, 0.0, 0.0, 1000.0, 0.0, 1000.0, 0.0, 1000.0, 907.0, 999.0, 999.0, 999.0, 999.0, 316.0, 330.0, 0.0, 0.0], [], [-0.9737701416015625, 0.189544677734375, -0.0989990234375, 0.0776824951171875], [], [-0.6337738037109375, 0.142486572265625, -0.203857421875, 0.732421875]
24500, 24.729034423828125, [1000.0, 49.0, 235.0, 111.0, 248.0, 139.0, 130.0, 0.0, 0.0, 1000.0, 0.0, 1000.0, 0.0, 1000.0, 907.0, 999.0, 999.0, 999.0, 999.0, 316.0, 330.0, 0.0, 0.0], [], [-0.9737701416015625, 0.189544677734375, -0.0989990234375, 0.0776824951171875], [], [-0.633575439453125, 0.14337158203125, -0.2021484375, 0.7328948974609375]
24510, 24.73897361755371, [1000.0, 49.0, 235.0, 111.0, 248.0, 139.0, 130.0, 0.0, 0.0, 1000.0, 0.0, 1000.0, 0.0, 1000.0, 907.0, 999.0, 999.0, 999.0, 999.0, 316.0, 330.0, 0.0, 0.0], [], [-0.9737701416015625, 0.189544677734375, -0.0989990234375, 0.0776824951171875], [], [-0.6327972412109375, 0.146453857421875, -0.200408935546875, 0.733428955078125]
24520, 24.74904441833496, [1000.0, 49.0, 235.0, 111.0, 248.0, 139.0, 130.0, 0.0, 0.0, 1000.0, 0.0, 1000.0, 0.0, 1000.0, 907.0, 999.0, 999.0, 999.0, 999.0, 316.0, 330.0, 0.0, 0.0], [], [-0.9737701416015625, 0.189544677734375, -0.0989990234375, 0.0776824951171875], [], [-0.63226318359375, 0.14874267578125, -0.1988525390625, 0.733856201171875]
24530, 24.75922966003418, [1000.0, 49.0, 235.0, 111.0, 248.0, 139.0, 130.0, 0.0, 0.0, 1000.0, 0.0, 1000.0, 0.0, 1000.0, 907.0, 999.0, 999.0, 999.0, 999.0, 316.0, 330.0, 0.0, 0.0], [], [-0.9737701416015625, 0.189544677734375, -0.0989990234375, 0.0776824951171875], [], [-0.6309814453125, 0.1536407470703125, -0.2003936767578125, 0.7335357666015625]
24540, 24.769115447998047, [1000.0, 49.0, 235.0, 111.0, 248.0, 139.0, 130.0, 0.0, 0.0, 1000.0, 0.0, 1000.0, 0.0, 1000.0, 907.0, 999.0, 999.0, 999.0, 999.0, 316.0, 330.0, 0.0, 0.0], [], [-0.9737701416015625, 0.189544677734375, -0.0989990234375, 0.0776824951171875], [], [-0.6301727294921875, 0.1564178466796875, -0.2062530517578125, 0.7320098876953125]
24550, 24.779033660888672, [1000.0, 49.0, 235.0, 111.0, 248.0, 139.0, 130.0, 0.0, 0.0, 1000.0, 0.0, 1000.0, 0.0, 1000.0, 907.0, 999.0, 999.0, 999.0, 999.0, 316.0, 330.0, 0.0, 0.0], [], [-0.9737701416015625, 0.189544677734375, -0.0989990234375, 0.0776824951171875], [], [-0.62933349609375, 0.15924072265625, -0.2121734619140625, 0.730438232421875]
24560, 24.789085388183594, [1000.0, 49.0, 235.0, 111.0, 248.0, 139.0, 130.0, 0.0, 0.0, 1000.0, 0.0, 1000.0, 0.0, 1000.0, 907.0, 999.0, 999.0, 999.0, 999.0, 316.0, 330.0, 0.0, 0.0], [], [-0.9737701416015625, 0.189544677734375, -0.0989990234375, 0.0776824951171875], [], [-0.629486083984375, 0.158447265625, -0.216339111328125, 0.729248046875]
24570, 24.798978805541992, [1000.0, 49.0, 235.0, 111.0, 248.0, 139.0, 130.0, 0.0, 0.0, 1000.0, 0.0, 1000.0, 0.0, 1000.0, 907.0, 999.0, 999.0, 999.0, 999.0, 316.0, 330.0, 0.0, 0.0], [], [-0.9737701416015625, 0.189544677734375, -0.0989990234375, 0.0776824951171875], [], [-0.6298370361328125, 0.1570892333984375, -0.218109130859375, 0.7287139892578125]
24580, 24.809219360351562, [1000.0, 49.0, 235.0, 111.0, 248.0, 139.0, 130.0, 0.0, 0.0, 1000.0, 0.0, 1000.0, 0.0, 1000.0, 907.0, 999.0, 999.0, 999.0, 999.0, 316.0, 330.0, 0.0, 0.0], [], [-0.9737701416015625, 0.189544677734375, -0.0989990234375, 0.0776824951171875], [], [-0.6305084228515625, 0.1547088623046875, -0.2165679931640625, 0.7291107177734375]
24590, 24.81911849975586, [1000.0, 49.0, 235.0, 111.0, 248.0, 139.0, 130.0, 0.0, 0.0, 1000.0, 0.0, 1000.0, 0.0, 1000.0, 907.0, 999.0, 999.0, 999.0, 999.0, 316.0, 330.0, 0.0, 0.0], [], [-0.9737701416015625, 0.189544677734375, -0.0989990234375, 0.0776824951171875], [], [-0.6309356689453125, 0.1530609130859375, -0.2164459228515625, 0.7291259765625]
24600, 24.829038619995117, [1000.0, 49.0, 235.0, 111.0, 248.0, 139.0, 130.0, 0.0, 0.0, 1000.0, 0.0, 1000.0, 0.0, 1000.0, 907.0, 999.0, 999.0, 999.0, 999.0, 316.0, 330.0, 0.0, 0.0], [], [-0.9737701416015625, 0.189544677734375, -0.0989990234375, 0.0776824951171875], [], [-0.6308746337890625, 0.1530914306640625, -0.216705322265625, 0.729095458984375]
24610, 24.839210510253906, [1000.0, 49.0, 235.0, 111.0, 248.0, 139.0, 130.0, 0.0, 0.0, 1000.0, 0.0, 1000.0, 0.0, 1000.0, 907.0, 999.0, 999.0, 999.0, 999.0, 316.0, 330.0, 0.0, 0.0], [], [-0.9737701416015625, 0.189544677734375, -0.0989990234375, 0.0776824951171875], [], [-0.6308441162109375, 0.1530914306640625, -0.2169189453125, 0.7290496826171875]
24620, 24.85578155517578, [1000.0, 49.0, 235.0, 111.0, 248.0, 139.0, 130.0, 0.0, 0.0, 1000.0, 0.0, 1000.0, 0.0, 1000.0, 907.0, 999.0, 999.0, 999.0, 999.0, 316.0, 330.0, 0.0, 0.0], [], [-0.9737701416015625, 0.189544677734375, -0.0989990234375, 0.0776824951171875], [], [-0.6308135986328125, 0.1530609130859375, -0.21722412109375, 0.72900390625]
24630, 24.85916519165039, [1000.0, 49.0, 235.0, 111.0, 248.0, 139.0, 130.0, 0.0, 0.0, 1000.0, 0.0, 1000.0, 0.0, 1000.0, 907.0, 999.0, 999.0, 999.0, 999.0, 316.0, 330.0, 0.0, 0.0], [], [-0.9737701416015625, 0.189544677734375, -0.0989990234375, 0.0776824951171875], [], [-0.6307220458984375, 0.1531524658203125, -0.2178955078125, 0.728851318359375]
24640, 24.86911392211914, [1000.0, 49.0, 235.0, 111.0, 248.0, 139.0, 130.0, 0.0, 0.0, 1000.0, 0.0, 1000.0, 0.0, 1000.0, 907.0, 999.0, 999.0, 999.0, 999.0, 316.0, 330.0, 0.0, 0.0], [], [-0.9737701416015625, 0.189544677734375, -0.0989990234375, 0.0776824951171875], [], [-0.6307373046875, 0.153045654296875, -0.2183074951171875, 0.7287445068359375]
24650, 24.87903594970703, [1000.0, 49.0, 235.0, 111.0, 248.0, 139.0, 130.0, 0.0, 0.0, 1000.0, 0.0, 1000.0, 0.0, 1000.0, 907.0, 999.0, 999.0, 999.0, 999.0, 316.0, 330.0, 0.0, 0.0], [], [-0.9737701416015625, 0.189544677734375, -0.0989990234375, 0.0776824951171875], [], [-0.630706787109375, 0.153167724609375, -0.2187347412109375, 0.7286224365234375]
24660, 24.88911247253418, [1000.0, 49.0, 235.0, 111.0, 248.0, 139.0, 130.0, 0.0, 0.0, 1000.0, 0.0, 1000.0, 0.0, 1000.0, 907.0, 999.0, 999.0, 999.0, 999.0, 316.0, 330.0, 0.0, 0.0], [], [-0.9737701416015625, 0.189544677734375, -0.0989990234375, 0.0776824951171875], [], [-0.630767822265625, 0.1529693603515625, -0.2189788818359375, 0.728515625]
24670, 24.899044036865234, [1000.0, 49.0, 235.0, 111.0, 248.0, 139.0, 130.0, 0.0, 0.0, 1000.0, 0.0, 1000.0, 0.0, 1000.0, 907.0, 999.0, 999.0, 999.0, 999.0, 316.0, 330.0, 0.0, 0.0], [], [-0.9737701416015625, 0.189544677734375, -0.0989990234375, 0.0776824951171875], [], [-0.6310272216796875, 0.1522369384765625, -0.218505859375, 0.7285919189453125]
24680, 24.9090633392334, [1000.0, 49.0, 235.0, 111.0, 248.0, 139.0, 130.0, 0.0, 0.0, 1000.0, 0.0, 1000.0, 0.0, 1000.0, 907.0, 999.0, 999.0, 999.0, 999.0, 316.0, 330.0, 0.0, 0.0], [], [-0.9737701416015625, 0.189544677734375, -0.0989990234375, 0.0776824951171875], [], [-0.6310577392578125, 0.152374267578125, -0.2181396484375, 0.7286529541015625]
24690, 24.919124603271484, [1000.0, 49.0, 235.0, 111.0, 248.0, 139.0, 130.0, 0.0, 0.0, 1000.0, 0.0, 1000.0, 0.0, 1000.0, 907.0, 999.0, 999.0, 999.0, 999.0, 316.0, 330.0, 0.0, 0.0], [], [-0.9737701416015625, 0.189544677734375, -0.0989990234375, 0.0776824951171875], [], [-0.631103515625, 0.1525115966796875, -0.2171783447265625, 0.7288818359375]
24700, 24.929027557373047, [1000.0, 49.0, 235.0, 111.0, 248.0, 139.0, 130.0, 0.0, 0.0, 1000.0, 0.0, 1000.0, 0.0, 1000.0, 907.0, 999.0, 999.0, 999.0, 999.0, 316.0, 330.0, 0.0, 0.0], [], [-0.9737701416015625, 0.189544677734375, -0.0989990234375, 0.0776824951171875], [], [-0.6312408447265625, 0.1523895263671875, -0.21575927734375, 0.7292022705078125]
24710, 24.939090728759766, [1000.0, 49.0, 235.0, 111.0, 248.0, 139.0, 130.0, 0.0, 0.0, 1000.0, 0.0, 1000.0, 0.0, 1000.0, 907.0, 999.0, 999.0, 999.0, 999.0, 316.0, 330.0, 0.0, 0.0], [], [-0.9737701416015625, 0.189544677734375, -0.0989990234375, 0.0776824951171875], [], [-0.6312713623046875, 0.1525421142578125, -0.21502685546875, 0.7293548583984375]
24720, 24.949047088623047, [1000.0, 49.0, 235.0, 111.0, 248.0, 139.0, 130.0, 0.0, 0.0, 1000.0, 0.0, 1000.0, 0.0, 1000.0, 907.0, 999.0, 999.0, 999.0, 999.0, 316.0, 330.0, 0.0, 0.0], [], [-0.9737701416015625, 0.189544677734375, -0.0989990234375, 0.0776824951171875], [], [-0.6312103271484375, 0.1530914306640625, -0.2145233154296875, 0.7294464111328125]
24730, 24.95958709716797, [1000.0, 49.0, 235.0, 111.0, 248.0, 139.0, 130.0, 0.0, 0.0, 1000.0, 0.0, 1000.0, 0.0, 1000.0, 907.0, 999.0, 999.0, 999.0, 999.0, 316.0, 330.0, 0.0, 0.0], [], [-0.9737701416015625, 0.189544677734375, -0.0989990234375, 0.0776824951171875], [], [-0.63116455078125, 0.153350830078125, -0.215057373046875, 0.7292633056640625]
24740, 24.9691219329834, [1000.0, 49.0, 235.0, 111.0, 248.0, 139.0, 130.0, 0.0, 0.0, 1000.0, 0.0, 1000.0, 0.0, 1000.0, 907.0, 999.0, 999.0, 999.0, 999.0, 316.0, 330.0, 0.0, 0.0], [], [-0.9737701416015625, 0.189544677734375, -0.0989990234375, 0.0776824951171875], [], [-0.6309661865234375, 0.1541290283203125, -0.215606689453125, 0.7291107177734375]
24750, 24.979047775268555, [1000.0, 49.0, 235.0, 111.0, 248.0, 139.0, 130.0, 0.0, 0.0, 1000.0, 0.0, 1000.0, 0.0, 1000.0, 907.0, 999.0, 999.0, 999.0, 999.0, 316.0, 330.0, 0.0, 0.0], [], [-0.9737701416015625, 0.189544677734375, -0.0989990234375, 0.0776824951171875], [], [-0.6309967041015625, 0.1540679931640625, -0.21600341796875, 0.7289886474609375]
24760, 24.989110946655273, [1000.0, 49.0, 235.0, 111.0, 248.0, 139.0, 130.0, 0.0, 0.0, 1000.0, 0.0, 1000.0, 0.0, 1000.0, 907.0, 999.0, 999.0, 999.0, 999.0, 316.0, 330.0, 0.0, 0.0], [], [-0.9737701416015625, 0.189544677734375, -0.0989990234375, 0.0776824951171875], [], [-0.630889892578125, 0.1544342041015625, -0.21685791015625, 0.7287445068359375]
24770, 24.999103546142578, [1000.0, 49.0, 235.0, 111.0, 248.0, 139.0, 130.0, 0.0, 0.0, 1000.0, 0.0, 1000.0, 0.0, 1000.0, 907.0, 999.0, 999.0, 999.0, 999.0, 316.0, 330.0, 0.0, 0.0], [], [-0.9737701416015625, 0.189544677734375, -0.0989990234375, 0.0776824951171875], [], [-0.6309051513671875, 0.1541595458984375, -0.2182159423828125, 0.7283782958984375]
24780, 25.017822265625, [1000.0, 49.0, 235.0, 111.0, 248.0, 139.0, 130.0, 0.0, 0.0, 1000.0, 0.0, 1000.0, 0.0, 1000.0, 907.0, 999.0, 999.0, 999.0, 999.0, 316.0, 330.0, 0.0, 0.0], [], [-0.9737701416015625, 0.189544677734375, -0.0989990234375, 0.0776824951171875], [], [-0.6304931640625, 0.1554412841796875, -0.220062255859375, 0.7279205322265625]
24790, 25.019046783447266, [1000.0, 49.0, 235.0, 111.0, 248.0, 139.0, 130.0, 0.0, 0.0, 1000.0, 0.0, 1000.0, 0.0, 1000.0, 907.0, 999.0, 999.0, 999.0, 999.0, 316.0, 330.0, 0.0, 0.0], [], [-0.9737701416015625, 0.189544677734375, -0.0989990234375, 0.0776824951171875], [], [-0.6305389404296875, 0.155029296875, -0.2206573486328125, 0.727783203125]
24800, 25.029117584228516, [1000.0, 49.0, 235.0, 111.0, 248.0, 139.0, 130.0, 0.0, 0.0, 1000.0, 0.0, 1000.0, 0.0, 1000.0, 907.0, 999.0, 999.0, 999.0, 999.0, 316.0, 330.0, 0.0, 0.0], [], [-0.9737701416015625, 0.189544677734375, -0.0989990234375, 0.0776824951171875], [], [-0.630401611328125, 0.1551513671875, -0.22216796875, 0.7274169921875]
24810, 25.03920555114746, [1000.0, 49.0, 235.0, 111.0, 248.0, 139.0, 130.0, 0.0, 0.0, 1000.0, 0.0, 1000.0, 0.0, 1000.0, 907.0, 999.0, 999.0, 999.0, 999.0, 316.0, 330.0, 0.0, 0.0], [], [-0.9737701416015625, 0.189544677734375, -0.0989990234375, 0.0776824951171875], [], [-0.6303558349609375, 0.1550445556640625, -0.2222137451171875, 0.7274627685546875]
24820, 25.049121856689453, [1000.0, 49.0, 235.0, 111.0, 248.0, 139.0, 130.0, 0.0, 0.0, 1000.0, 0.0, 1000.0, 0.0, 1000.0, 907.0, 999.0, 999.0, 999.0, 999.0, 316.0, 330.0, 0.0, 0.0], [], [-0.9737701416015625, 0.189544677734375, -0.0989990234375, 0.0776824951171875], [], [-0.63018798828125, 0.1554107666015625, -0.22088623046875, 0.727935791015625]
24830, 25.059141159057617, [1000.0, 49.0, 235.0, 111.0, 248.0, 139.0, 130.0, 0.0, 0.0, 1000.0, 0.0, 1000.0, 0.0, 1000.0, 907.0, 999.0, 999.0, 999.0, 999.0, 316.0, 330.0, 0.0, 0.0], [], [-0.9737701416015625, 0.189544677734375, -0.0989990234375, 0.0776824951171875], [], [-0.629974365234375, 0.155792236328125, -0.2203826904296875, 0.7281951904296875]
24840, 25.0696964263916, [1000.0, 49.0, 235.0, 111.0, 248.0, 139.0, 130.0, 0.0, 0.0, 1000.0, 0.0, 1000.0, 0.0, 1000.0, 907.0, 999.0, 999.0, 999.0, 999.0, 316.0, 330.0, 0.0, 0.0], [], [-0.9737701416015625, 0.189544677734375, -0.0989990234375, 0.0776824951171875], [], [-0.629974365234375, 0.1552886962890625, -0.221588134765625, 0.727935791015625]
24850, 25.079133987426758, [1000.0, 49.0, 235.0, 111.0, 248.0, 139.0, 130.0, 0.0, 0.0, 1000.0, 0.0, 1000.0, 0.0, 1000.0, 907.0, 999.0, 999.0, 999.0, 999.0, 316.0, 330.0, 0.0, 0.0], [], [-0.9737701416015625, 0.189544677734375, -0.0989990234375, 0.0776824951171875], [], [-0.6300201416015625, 0.1547698974609375, -0.2208404541015625, 0.7282257080078125]
24860, 25.08915901184082, [1000.0, 49.0, 235.0, 111.0, 248.0, 139.0, 130.0, 0.0, 0.0, 1000.0, 0.0, 1000.0, 0.0, 1000.0, 907.0, 999.0, 999.0, 999.0, 999.0, 316.0, 330.0, 0.0, 0.0], [], [-0.9737701416015625, 0.189544677734375, -0.0989990234375, 0.0776824951171875], [], [-0.63043212890625, 0.152740478515625, -0.22186279296875, 0.727996826171875]
24870, 25.09912109375, [1000.0, 49.0, 235.0, 111.0, 248.0, 139.0, 130.0, 0.0, 0.0, 1000.0, 0.0, 1000.0, 0.0, 1000.0, 907.0, 999.0, 999.0, 999.0, 999.0, 316.0, 330.0, 0.0, 0.0], [], [-0.9737701416015625, 0.189544677734375, -0.0989990234375, 0.0776824951171875], [], [-0.6302337646484375, 0.153106689453125, -0.2207183837890625, 0.7284393310546875]
24880, 25.109119415283203, [1000.0, 49.0, 235.0, 111.0, 248.0, 139.0, 130.0, 0.0, 0.0, 1000.0, 0.0, 1000.0, 0.0, 1000.0, 907.0, 999.0, 999.0, 999.0, 999.0, 316.0, 330.0, 0.0, 0.0], [], [-0.9737701416015625, 0.189544677734375, -0.0989990234375, 0.0776824951171875], [], [-0.630828857421875, 0.1506805419921875, -0.2184295654296875, 0.7291107177734375]
