44440, 44.798927307128906, [1000.0, 49.0, 235.0, 111.0, 248.0, 139.0, 130.0, 0.0, 0.0, 1000.0, 0.0, 1000.0, 0.0, 1000.0, 907.0, 999.0, 999.0, 999.0, 999.0, 316.0, 330.0, 0.0, 0.0], [], [-0.9737701416015625, 0.189544677734375, -0.0989990234375, 0.0776824951171875], [], [-0.5424652099609375, 0.2301177978515625, -0.36895751953125, 0.7187652587890625]
44450, 44.80903244018555, [1000.0, 49.0, 235.0, 111.0, 248.0, 139.0, 130.0, 0.0, 0.0, 1000.0, 0.0, 1000.0, 0.0, 1000.0, 907.0, 999.0, 999.0, 999.0, 999.0, 316.0, 330.0, 0.0, 0.0], [], [-0.9737701416015625, 0.189544677734375, -0.0989990234375, 0.0776824951171875], [], [-0.542083740234375, 0.23089599609375, -0.3679962158203125, 0.7192840576171875]
44460, 44.8237419128418, [1000.0, 49.0, 235.0, 111.0, 248.0, 139.0, 130.0, 0.0, 0.0, 1000.0, 0.0, 1000.0, 0.0, 1000.0, 907.0, 999.0, 999.0, 999.0, 999.0, 316.0, 330.0, 0.0, 0.0], [], [-0.9737701416015625, 0.189544677734375, -0.0989990234375, 0.0776824951171875], [], [-0.543060302734375, 0.2284698486328125, -0.3694000244140625, 0.7186126708984375]
44470, 44.82902908325195, [1000.0, 49.0, 235.0, 111.0, 248.0, 139.0, 130.0, 0.0, 0.0, 1000.0, 0.0, 1000.0, 0.0, 1000.0, 907.0, 999.0, 999.0, 999.0, 999.0, 316.0, 330.0, 0.0, 0.0], [], [-0.9737701416015625, 0.189544677734375, -0.0989990234375, 0.0776824951171875], [], [-0.5431060791015625, 0.2280731201171875, -0.3683319091796875, 0.7192535400390625]
44480, 44.839271545410156, [1000.0, 49.0, 235.0, 111.0, 248.0, 139.0, 130.0, 0.0, 0.0, 1000.0, 0.0, 1000.0, 0.0, 1000.0, 907.0, 999.0, 999.0, 999.0, 999.0, 316.0, 330.0, 0.0, 0.0], [], [-0.9737701416015625, 0.189544677734375, -0.0989990234375, 0.0776824951171875], [], [-0.5431671142578125, 0.2276763916015625, -0.3669891357421875, 0.7200164794921875]
44490, 44.849117279052734, [1000.0, 49.0, 235.0, 111.0, 248.0, 139.0, 130.0, 0.0, 0.0, 1000.0, 0.0, 1000.0, 0.0, 1000.0, 907.0, 999.0, 999.0, 999.0, 999.0, 316.0, 330.0, 0.0, 0.0], [], [-0.9737701416015625, 0.189544677734375, -0.0989990234375, 0.0776824951171875], [], [-0.5435791015625, 0.226318359375, -0.366851806640625, 0.7201995849609375]
44500, 44.85903549194336, [1000.0, 49.0, 235.0, 111.0, 248.0, 139.0, 130.0, 0.0, 0.0, 1000.0, 0.0, 1000.0, 0.0, 1000.0, 907.0, 999.0, 999.0, 999.0, 999.0, 316.0, 330.0, 0.0, 0.0], [], [-0.9737701416015625, 0.189544677734375, -0.0989990234375, 0.0776824951171875], [], [-0.543487548828125, 0.226043701171875, -0.366607666015625, 0.7204742431640625]
44510, 44.86908721923828, [1000.0, 49.0, 235.0, 111.0, 248.0, 139.0, 130.0, 0.0, 0.0, 1000.0, 0.0, 1000.0, 0.0, 1000.0, 907.0, 999.0, 999.0, 999.0, 999.0, 316.0, 330.0, 0.0, 0.0], [], [-0.9737701416015625, 0.189544677734375, -0.0989990234375, 0.0776824951171875], [], [-0.5431671142578125, 0.2261199951171875, -0.3670196533203125, 0.720489501953125]
44520, 44.87903594970703, [1000.0, 49.0, 235.0, 111.0, 248.0, 139.0, 130.0, 0.0, 0.0, 1000.0, 0.0, 1000.0, 0.0, 1000.0, 907.0, 999.0, 999.0, 999.0, 999.0, 316.0, 330.0, 0.0, 0.0], [], [-0.9737701416015625, 0.189544677734375, -0.0989990234375, 0.0776824951171875], [], [-0.54296875, 0.226043701171875, -0.3664093017578125, 0.7209625244140625]
44530, 44.8891716003418, [1000.0, 49.0, 235.0, 111.0, 248.0, 139.0, 130.0, 0.0, 0.0, 1000.0, 0.0, 1000.0, 0.0, 1000.0, 907.0, 999.0, 999.0, 999.0, 999.0, 316.0, 330.0, 0.0, 0.0], [], [-0.9737701416015625, 0.189544677734375, -0.0989990234375, 0.0776824951171875], [], [-0.54248046875, 0.226409912109375, -0.366424560546875, 0.7212066650390625]
44540, 44.89912414550781, [1000.0, 49.0, 235.0, 111.0, 248.0, 139.0, 130.0, 0.0, 0.0, 1000.0, 0.0, 1000.0, 0.0, 1000.0, 907.0, 999.0, 999.0, 999.0, 999.0, 316.0, 330.0, 0.0, 0.0], [], [-0.9737701416015625, 0.189544677734375, -0.0989990234375, 0.0776824951171875], [], [-0.5422210693359375, 0.2261505126953125, -0.367828369140625, 0.7207794189453125]
44550, 44.90937423706055, [1000.0, 49.0, 235.0, 111.0, 248.0, 139.0, 130.0, 0.0, 0.0, 1000.0, 0.0, 1000.0, 0.0, 1000.0, 907.0, 999.0, 999.0, 999.0, 999.0, 316.0, 330.0, 0.0, 0.0], [], [-0.9737701416015625, 0.189544677734375, -0.0989990234375, 0.0776824951171875], [], [-0.5418243408203125, 0.2262725830078125, -0.3681640625, 0.7208709716796875]
44560, 44.91927719116211, [1000.0, 49.0, 235.0, 111.0, 248.0, 139.0, 130.0, 0.0, 0.0, 1000.0, 0.0, 1000.0, 0.0, 1000.0, 907.0, 999.0, 999.0, 999.0, 999.0, 316.0, 330.0, 0.0, 0.0], [], [-0.9737701416015625, 0.189544677734375, -0.0989990234375, 0.0776824951171875], [], [-0.541656494140625, 0.2259521484375, -0.3685455322265625, 0.7209014892578125]
44570, 44.929134368896484, [1000.0, 49.0, 235.0, 111.0, 248.0, 139.0, 130.0, 0.0, 0.0, 1000.0, 0.0, 1000.0, 0.0, 1000.0, 907.0, 999.0, 999.0, 999.0, 999.0, 316.0, 330.0, 0.0, 0.0], [], [-0.9737701416015625, 0.189544677734375, -0.0989990234375, 0.0776824951171875], [], [-0.5411529541015625, 0.226287841796875, -0.3688812255859375, 0.72100830078125]
44580, 44.93949890136719, [1000.0, 49.0, 235.0, 111.0, 248.0, 139.0, 130.0, 0.0, 0.0, 1000.0, 0.0, 1000.0, 0.0, 1000.0, 907.0, 999.0, 999.0, 999.0, 999.0, 316.0, 330.0, 0.0, 0.0], [], [-0.9737701416015625, 0.189544677734375, -0.0989990234375, 0.0776824951171875], [], [-0.5401153564453125, 0.2276458740234375, -0.36981201171875, 0.7208709716796875]
44590, 44.949119567871094, [1000.0, 49.0, 235.0, 111.0, 248.0, 139.0, 130.0, 0.0, 0.0, 1000.0, 0.0, 1000.0, 0.0, 1000.0, 907.0, 999.0, 999.0, 999.0, 999.0, 316.0, 330.0, 0.0, 0.0], [], [-0.9737701416015625, 0.189544677734375, -0.0989990234375, 0.0776824951171875], [], [-0.539459228515625, 0.228302001953125, -0.370086669921875, 0.7210235595703125]
44600, 44.95915222167969, [1000.0, 49.0, 235.0, 111.0, 248.0, 139.0, 130.0, 0.0, 0.0, 1000.0, 0.0, 1000.0, 0.0, 1000.0, 907.0, 999.0, 999.0, 999.0, 999.0, 316.0, 330.0, 0.0, 0.0], [], [-0.9737701416015625, 0.189544677734375, -0.0989990234375, 0.0776824951171875], [], [-0.5390777587890625, 0.228485107421875, -0.370269775390625, 0.7211456298828125]
44610, 44.96916198730469, [1000.0, 49.0, 235.0, 111.0, 248.0, 139.0, 130.0, 0.0, 0.0, 1000.0, 0.0, 1000.0, 0.0, 1000.0, 907.0, 999.0, 999.0, 999.0, 999.0, 316.0, 330.0, 0.0, 0.0], [], [-0.9737701416015625, 0.189544677734375, -0.0989990234375, 0.0776824951171875], [], [-0.53973388671875, 0.226593017578125, -0.3701019287109375, 0.721343994140625]
44620, 44.9859504699707, [1000.0, 49.0, 235.0, 111.0, 248.0, 139.0, 130.0, 0.0, 0.0, 1000.0, 0.0, 1000.0, 0.0, 1000.0, 907.0, 999.0, 999.0, 999.0, 999.0, 316.0, 330.0, 0.0, 0.0], [], [-0.9737701416015625, 0.189544677734375, -0.0989990234375, 0.0776824951171875], [], [-0.5388336181640625, 0.2278594970703125, -0.3716888427734375, 0.720794677734375]
44630, 44.9891357421875, [1000.0, 49.0, 235.0, 111.0, 248.0, 139.0, 130.0, 0.0, 0.0, 1000.0, 0.0, 1000.0, 0.0, 1000.0, 907.0, 999.0, 999.0, 999.0, 999.0, 316.0, 330.0, 0.0, 0.0], [], [-0.9737701416015625, 0.189544677734375, -0.0989990234375, 0.0776824951171875], [], [-0.5387725830078125, 0.2277679443359375, -0.3711090087890625, 0.7211761474609375]
44640, 44.99912643432617, [1000.0, 49.0, 235.0, 111.0, 248.0, 139.0, 130.0, 0.0, 0.0, 1000.0, 0.0, 1000.0, 0.0, 1000.0, 907.0, 999.0, 999.0, 999.0, 999.0, 316.0, 330.0, 0.0, 0.0], [], [-0.9737701416015625, 0.189544677734375, -0.0989990234375, 0.0776824951171875], [], [-0.53887939453125, 0.2273712158203125, -0.370452880859375, 0.7215576171875]
44650, 45.00913619995117, [1000.0, 49.0, 235.0, 111.0, 248.0, 139.0, 130.0, 0.0, 0.0, 1000.0, 0.0, 1000.0, 0.0, 1000.0, 907.0, 999.0, 999.0, 999.0, 999.0, 316.0, 330.0, 0.0, 0.0], [], [-0.9737701416015625, 0.189544677734375, -0.0989990234375, 0.0776824951171875], [], [-0.538330078125, 0.2283935546875, -0.369873046875, 0.7219390869140625]
44660, 45.019134521484375, [1000.0, 49.0, 235.0, 111.0, 248.0, 139.0, 130.0, 0.0, 0.0, 1000.0, 0.0, 1000.0, 0.0, 1000.0, 907.0, 999.0, 999.0, 999.0, 999.0, 316.0, 330.0, 0.0, 0.0], [], [-0.9737701416015625, 0.189544677734375, -0.0989990234375, 0.0776824951171875], [], [-0.53924560546875, 0.2264862060546875, -0.3692779541015625, 0.72216796875]
44670, 45.029090881347656, [1000.0, 49.0, 235.0, 111.0, 248.0, 139.0, 130.0, 0.0, 0.0, 1000.0, 0.0, 1000.0, 0.0, 1000.0, 907.0, 999.0, 999.0, 999.0, 999.0, 316.0, 330.0, 0.0, 0.0], [], [-0.9737701416015625, 0.189544677734375, -0.0989990234375, 0.0776824951171875], [], [-0.539093017578125, 0.2270660400390625, -0.3668060302734375, 0.723358154296875]
44680, 45.03920364379883, [1000.0, 49.0, 235.0, 111.0, 248.0, 139.0, 130.0, 0.0, 0.0, 1000.0, 0.0, 1000.0, 0.0, 1000.0, 907.0, 999.0, 999.0, 999.0, 999.0, 316.0, 330.0, 0.0, 0.0], [], [-0.9737701416015625, 0.189544677734375, -0.0989990234375, 0.0776824951171875], [], [-0.5391082763671875, 0.2271728515625, -0.3661651611328125, 0.7236480712890625]
44690, 45.04912185668945, [1000.0, 49.0, 235.0, 111.0, 248.0, 139.0, 130.0, 0.0, 0.0, 1000.0, 0.0, 1000.0, 0.0, 1000.0, 907.0, 999.0, 999.0, 999.0, 999.0, 316.0, 330.0, 0.0, 0.0], [], [-0.9737701416015625, 0.189544677734375, -0.0989990234375, 0.0776824951171875], [], [-0.5395660400390625, 0.2262115478515625, -0.367340087890625, 0.7230072021484375]
44700, 45.059059143066406, [1000.0, 49.0, 235.0, 111.0, 248.0, 139.0, 130.0, 0.0, 0.0, 1000.0, 0.0, 1000.0, 0.0, 1000.0, 907.0, 999.0, 999.0, 999.0, 999.0, 316.0, 330.0, 0.0, 0.0], [], [-0.9737701416015625, 0.189544677734375, -0.0989990234375, 0.0776824951171875], [], [-0.539581298828125, 0.22601318359375, -0.37054443359375, 0.7214202880859375]
44710, 45.06909942626953, [1000.0, 49.0, 235.0, 111.0, 248.0, 139.0, 130.0, 0.0, 0.0, 1000.0, 0.0, 1000.0, 0.0, 1000.0, 907.0, 999.0, 999.0, 999.0, 999.0, 316.0, 330.0, 0.0, 0.0], [], [-0.9737701416015625, 0.189544677734375, -0.0989990234375, 0.0776824951171875], [], [-0.539794921875, 0.2257080078125, -0.3697052001953125, 0.7217864990234375]
44720, 45.07904052734375, [1000.0, 49.0, 235.0, 111.0, 248.0, 139.0, 130.0, 0.0, 0.0, 1000.0, 0.0, 1000.0, 0.0, 1000.0, 907.0, 999.0, 999.0, 999.0, 999.0, 316.0, 330.0, 0.0, 0.0], [], [-0.9737701416015625, 0.189544677734375, -0.0989990234375, 0.0776824951171875], [], [-0.539398193359375, 0.2265472412109375, -0.37078857421875, 0.72125244140625]
44730, 45.09521484375, [1000.0, 49.0, 235.0, 111.0, 248.0, 139.0, 130.0, 0.0, 0.0, 1000.0, 0.0, 1000.0, 0.0, 1000.0, 907.0, 999.0, 999.0, 999.0, 999.0, 316.0, 330.0, 0.0, 0.0], [], [-0.9737701416015625, 0.189544677734375, -0.0989990234375, 0.0776824951171875], [], [-0.5393524169921875, 0.2266845703125, -0.37017822265625, 0.7215576171875]
44740, 45.09901428222656, [1000.0, 49.0, 235.0, 111.0, 248.0, 139.0, 130.0, 0.0, 0.0, 1000.0, 0.0, 1000.0, 0.0, 1000.0, 907.0, 999.0, 999.0, 999.0, 999.0, 316.0, 330.0, 0.0, 0.0], [], [-0.9737701416015625, 0.189544677734375, -0.0989990234375, 0.0776824951171875], [], [-0.539093017578125, 0.227203369140625, -0.370513916015625, 0.721405029296875]
44750, 45.10911560058594, [1000.0, 49.0, 235.0, 111.0, 248.0, 139.0, 130.0, 0.0, 0.0, 1000.0, 0.0, 1000.0, 0.0, 1000.0, 907.0, 999.0, 999.0, 999.0, 999.0, 316.0, 330.0, 0.0, 0.0], [], [-0.9737701416015625, 0.189544677734375, -0.0989990234375, 0.0776824951171875], [], [-0.5391845703125, 0.226959228515625, -0.3701019287109375, 0.7216339111328125]
44760, 45.11911392211914, [1000.0, 49.0, 235.0, 111.0, 248.0, 139.0, 130.0, 0.0, 0.0, 1000.0, 0.0, 1000.0, 0.0, 1000.0, 907.0, 999.0, 999.0, 999.0, 999.0, 316.0, 330.0, 0.0, 0.0], [], [-0.9737701416015625, 0.189544677734375, -0.0989990234375, 0.0776824951171875], [], [-0.5392303466796875, 0.2268218994140625, -0.3695220947265625, 0.7219390869140625]
44770, 45.12903594970703, [1000.0, 49.0, 235.0, 111.0, 248.0, 139.0, 130.0, 0.0, 0.0, 1000.0, 0.0, 1000.0, 0.0, 1000.0, 907.0, 999.0, 999.0, 999.0, 999.0, 316.0, 330.0, 0.0, 0.0], [], [-0.9737701416015625, 0.189544677734375, -0.0989990234375, 0.0776824951171875], [], [-0.5391387939453125, 0.2269134521484375, -0.36981201171875, 0.721832275390625]
44780, 45.1390380859375, [1000.0, 49.0, 235.0, 111.0, 248.0, 139.0, 130.0, 0.0, 0.0, 1000.0, 0.0, 1000.0, 0.0, 1000.0, 907.0, 999.0, 999.0, 999.0, 999.0, 316.0, 330.0, 0.0, 0.0], [], [-0.9737701416015625, 0.189544677734375, -0.0989990234375, 0.0776824951171875], [], [-0.5391387939453125, 0.2267303466796875, -0.3712310791015625, 0.721160888671875]
44790, 45.149024963378906, [1000.0, 49.0, 235.0, 111.0, 248.0, 139.0, 130.0, 0.0, 0.0, 1000.0, 0.0, 1000.0, 0.0, 1000.0, 907.0, 999.0, 999.0, 999.0, 999.0, 316.0, 330.0, 0.0, 0.0], [], [-0.9737701416015625, 0.189544677734375, -0.0989990234375, 0.0776824951171875], [], [-0.53955078125, 0.22607421875, -0.368560791015625, 0.7224273681640625]
44800, 45.159088134765625, [1000.0, 49.0, 235.0, 111.0, 248.0, 139.0, 130.0, 0.0, 0.0, 1000.0, 0.0, 1000.0, 0.0, 1000.0, 907.0, 999.0, 999.0, 999.0, 999.0, 316.0, 330.0, 0.0, 0.0], [], [-0.9737701416015625, 0.189544677734375, -0.0989990234375, 0.0776824951171875], [], [-0.5386505126953125, 0.227935791015625, -0.3683929443359375, 0.72259521484375]
44810, 45.16911315917969, [1000.0, 49.0, 235.0, 111.0, 248.0, 139.0, 130.0, 0.0, 0.0, 1000.0, 0.0, 1000.0, 0.0, 1000.0, 907.0, 999.0, 999.0, 999.0, 999.0, 316.0, 330.0, 0.0, 0.0], [], [-0.9737701416015625, 0.189544677734375, -0.0989990234375, 0.0776824951171875], [], [-0.5387725830078125, 0.2275848388671875, -0.3695068359375, 0.7220611572265625]
44820, 45.17903518676758, [1000.0, 49.0, 235.0, 111.0, 248.0, 139.0, 130.0, 0.0, 0.0, 1000.0, 0.0, 1000.0, 0.0, 1000.0, 907.0, 999.0, 999.0, 999.0, 999.0, 316.0, 330.0, 0.0, 0.0], [], [-0.9737701416015625, 0.189544677734375, -0.0989990234375, 0.0776824951171875], [], [-0.538482666015625, 0.2280731201171875, -0.371063232421875, 0.7213134765625]
44830, 45.18903732299805, [1000.0, 49.0, 235.0, 111.0, 248.0, 139.0, 130.0, 0.0, 0.0, 1000.0, 0.0, 1000.0, 0.0, 1000.0, 907.0, 999.0, 999.0, 999.0, 999.0, 316.0, 330.0, 0.0, 0.0], [], [-0.9737701416015625, 0.189544677734375, -0.0989990234375, 0.0776824951171875], [], [-0.5377655029296875, 0.229736328125, -0.3692626953125, 0.722259521484375]
44840, 45.19917297363281, [1000.0, 49.0, 235.0, 111.0, 248.0, 139.0, 130.0, 0.0, 0.0, 1000.0, 0.0, 1000.0, 0.0, 1000.0, 907.0, 999.0, 999.0, 999.0, 999.0, 316.0, 330.0, 0.0, 0.0], [], [-0.9737701416015625, 0.189544677734375, -0.0989990234375, 0.0776824951171875], [], [-0.5378265380859375, 0.229705810546875, -0.3692474365234375, 0.72222900390625]
44850, 45.2090950012207, [1000.0, 49.0, 235.0, 111.0, 248.0, 139.0, 130.0, 0.0, 0.0, 1000.0, 0.0, 1000.0, 0.0, 1000.0, 907.0, 999.0, 999.0, 999.0, 999.0, 316.0, 330.0, 0.0, 0.0], [], [-0.9737701416015625, 0.189544677734375, -0.0989990234375, 0.0776824951171875], [], [-0.53790283203125, 0.229583740234375, -0.3692169189453125, 0.72222900390625]
44860, 45.21912384033203, [1000.0, 49.0, 235.0, 111.0, 248.0, 139.0, 130.0, 0.0, 0.0, 1000.0, 0.0, 1000.0, 0.0, 1000.0, 907.0, 999.0, 999.0, 999.0, 999.0, 316.0, 330.0, 0.0, 0.0], [], [-0.9737701416015625, 0.189544677734375, -0.0989990234375, 0.0776824951171875], [], [-0.5379638671875, 0.229461669921875, -0.3692779541015625, 0.7221832275390625]
44870, 45.22909164428711, [1000.0, 49.0, 235.0, 111.0, 248.0, 139.0, 130.0, 0.0, 0.0, 1000.0, 0.0, 1000.0, 0.0, 1000.0, 907.0, 999.0, 999.0, 999.0, 999.0, 316.0, 330.0, 0.0, 0.0], [], [-0.9737701416015625, 0.189544677734375, -0.0989990234375, 0.0776824951171875], [], [-0.538055419921875, 0.2292938232421875, -0.369354248046875, 0.722137451171875]
44880, 45.239112854003906, [1000.0, 49.0, 235.0, 111.0, 248.0, 139.0, 130.0, 0.0, 0.0, 1000.0, 0.0, 1000.0, 0.0, 1000.0, 907.0, 999.0, 999.0, 999.0, 999.0, 316.0, 330.0, 0.0, 0.0], [], [-0.9737701416015625, 0.189544677734375, -0.0989990234375, 0.0776824951171875], [], [-0.5380859375, 0.2292022705078125, -0.369659423828125, 0.72198486328125]
44890, 45.25761413574219, [1000.0, 49.0, 235.0, 111.0, 248.0, 139.0, 130.0, 0.0, 0.0, 1000.0, 0.0, 1000.0, 0.0, 1000.0, 907.0, 999.0, 999.0, 999.0, 999.0, 316.0, 330.0, 0.0, 0.0], [], [-0.9737701416015625, 0.189544677734375, -0.0989990234375, 0.0776824951171875], [], [-0.5381011962890625, 0.2291412353515625, -0.3698577880859375, 0.7218780517578125]
44900, 45.258949279785156, [1000.0, 49.0, 235.0, 111.0, 248.0, 139.0, 130.0, 0.0, 0.0, 1000.0, 0.0, 1000.0, 0.0, 1000.0, 907.0, 999.0, 999.0, 999.0, 999.0, 316.0, 330.0, 0.0, 0.0], [], [-0.9737701416015625, 0.189544677734375, -0.0989990234375, 0.0776824951171875], [], [-0.5381927490234375, 0.228973388671875, -0.369781494140625, 0.7219085693359375]
44910, 45.269065856933594, [1000.0, 49.0, 235.0, 111.0, 248.0, 139.0, 130.0, 0.0, 0.0, 1000.0, 0.0, 1000.0, 0.0, 1000.0, 907.0, 999.0, 999.0, 999.0, 999.0, 316.0, 330.0, 0.0, 0.0], [], [-0.9737701416015625, 0.189544677734375, -0.0989990234375, 0.0776824951171875], [], [-0.5382232666015625, 0.2288818359375, -0.3697509765625, 0.721923828125]
44920, 45.27908706665039, [1000.0, 49.0, 235.0, 111.0, 248.0, 139.0, 130.0, 0.0, 0.0, 1000.0, 0.0, 1000.0, 0.0, 1000.0, 907.0, 999.0, 999.0, 999.0, 999.0, 316.0, 330.0, 0.0, 0.0], [], [-0.9737701416015625, 0.189544677734375, -0.0989990234375, 0.0776824951171875], [], [-0.5384063720703125, 0.228515625, -0.36944580078125, 0.7220611572265625]
44930, 45.289100646972656, [1000.0, 49.0, 235.0, 111.0, 248.0, 139.0, 130.0, 0.0, 0.0, 1000.0, 0.0, 1000.0, 0.0, 1000.0, 907.0, 999.0, 999.0, 999.0, 999.0, 316.0, 330.0, 0.0, 0.0], [], [-0.9737701416015625, 0.189544677734375, -0.0989990234375, 0.0776824951171875], [], [-0.5385589599609375, 0.22821044921875, -0.3690948486328125, 0.72222900390625]
44940, 45.29910659790039, [1000.0, 49.0, 235.0, 111.0, 248.0, 139.0, 130.0, 0.0, 0.0, 1000.0, 0.0, 1000.0, 0.0, 1000.0, 907.0, 999.0, 999.0, 999.0, 999.0, 316.0, 330.0, 0.0, 0.0], [], [-0.9737701416015625, 0.189544677734375, -0.0989990234375, 0.0776824951171875], [], [-0.5386962890625, 0.2279815673828125, -0.3685455322265625, 0.72247314453125]
44950, 45.30931091308594, [1000.0, 49.0, 235.0, 111.0, 248.0, 139.0, 130.0, 0.0, 0.0, 1000.0, 0.0, 1000.0, 0.0, 1000.0, 907.0, 999.0, 999.0, 999.0, 999.0, 316.0, 330.0, 0.0, 0.0], [], [-0.9737701416015625, 0.189544677734375, -0.0989990234375, 0.0776824951171875], [], [-0.538848876953125, 0.227691650390625, -0.36859130859375, 0.722442626953125]
44960, 45.31912612915039, [1000.0, 49.0, 235.0, 111.0, 248.0, 139.0, 130.0, 0.0, 0.0, 1000.0, 0.0, 1000.0, 0.0, 1000.0, 907.0, 999.0, 999.0, 999.0, 999.0, 316.0, 330.0, 0.0, 0.0], [], [-0.9737701416015625, 0.189544677734375, -0.0989990234375, 0.0776824951171875], [], [-0.5391387939453125, 0.22711181640625, -0.368804931640625, 0.7222900390625]
44970, 45.32905197143555, [1000.0, 49.0, 235.0, 111.0, 248.0, 139.0, 130.0, 0.0, 0.0, 1000.0, 0.0, 1000.0, 0.0, 1000.0, 907.0, 999.0, 999.0, 999.0, 999.0, 316.0, 330.0, 0.0, 0.0], [], [-0.9737701416015625, 0.189544677734375, -0.0989990234375, 0.0776824951171875], [], [-0.53912353515625, 0.227142333984375, -0.3694610595703125, 0.7219696044921875]
44980, 45.33900451660156, [1000.0, 49.0, 235.0, 111.0, 248.0, 139.0, 130.0, 0.0, 0.0, 1000.0, 0.0, 1000.0, 0.0, 1000.0, 907.0, 999.0, 999.0, 999.0, 999.0, 316.0, 330.0, 0.0, 0.0], [], [-0.9737701416015625, 0.189544677734375, -0.0989990234375, 0.0776824951171875], [], [-0.5392303466796875, 0.22698974609375, -0.3690338134765625, 0.7221527099609375]
44990, 45.349124908447266, [1000.0, 49.0, 235.0, 111.0, 248.0, 139.0, 130.0, 0.0, 0.0, 1000.0, 0.0, 1000.0, 0.0, 1000.0, 907.0, 999.0, 999.0, 999.0, 999.0, 316.0, 330.0, 0.0, 0.0], [], [-0.9737701416015625, 0.189544677734375, -0.0989990234375, 0.0776824951171875], [], [-0.5390625, 0.227325439453125, -0.3696441650390625, 0.7218475341796875]
45000, 45.36682891845703, [1000.0, 49.0, 235.0, 111.0, 248.0, 139.0, 130.0, 0.0, 0.0, 1000.0, 0.0, 1000.0, 0.0, 1000.0, 907.0, 999.0, 999.0, 999.0, 999.0, 316.0, 330.0, 0.0, 0.0], [], [-0.9737701416015625, 0.189544677734375, -0.0989990234375, 0.0776824951171875], [], [-0.539093017578125, 0.227325439453125, -0.369110107421875, 0.72210693359375]
45010, 45.3690071105957, [1000.0, 49.0, 235.0, 111.0, 248.0, 139.0, 130.0, 0.0, 0.0, 1000.0, 0.0, 1000.0, 0.0, 1000.0, 907.0, 999.0, 999.0, 999.0, 999.0, 316.0, 330.0, 0.0, 0.0], [], [-0.9737701416015625, 0.189544677734375, -0.0989990234375, 0.0776824951171875], [], [-0.5390777587890625, 0.2272796630859375, -0.3693084716796875, 0.7220306396484375]
45020, 45.3790397644043, [1000.0, 49.0, 235.0, 111.0, 248.0, 139.0, 130.0, 0.0, 0.0, 1000.0, 0.0, 1000.0, 0.0, 1000.0, 907.0, 999.0, 999.0, 999.0, 999.0, 316.0, 330.0, 0.0, 0.0], [], [-0.9737701416015625, 0.189544677734375, -0.0989990234375, 0.0776824951171875], [], [-0.539306640625, 0.226806640625, -0.369293212890625, 0.722015380859375]
45030, 45.38901138305664, [1000.0, 49.0, 235.0, 111.0, 248.0, 139.0, 130.0, 0.0, 0.0, 1000.0, 0.0, 1000.0, 0.0, 1000.0, 907.0, 999.0, 999.0, 999.0, 999.0, 316.0, 330.0, 0.0, 0.0], [], [-0.9737701416015625, 0.189544677734375, -0.0989990234375, 0.0776824951171875], [], [-0.539459228515625, 0.2264556884765625, -0.3692779541015625, 0.722015380859375]
45040, 45.399105072021484, [1000.0, 49.0, 235.0, 111.0, 248.0, 139.0, 130.0, 0.0, 0.0, 1000.0, 0.0, 1000.0, 0.0, 1000.0, 907.0, 999.0, 999.0, 999.0, 999.0, 316.0, 330.0, 0.0, 0.0], [], [-0.9737701416015625, 0.189544677734375, -0.0989990234375, 0.0776824951171875], [], [-0.539581298828125, 0.2261810302734375, -0.3690338134765625, 0.722137451171875]
45050, 45.40911102294922, [1000.0, 49.0, 235.0, 111.0, 248.0, 139.0, 130.0, 0.0, 0.0, 1000.0, 0.0, 1000.0, 0.0, 1000.0, 907.0, 999.0, 999.0, 999.0, 999.0, 316.0, 330.0, 0.0, 0.0], [], [-0.9737701416015625, 0.189544677734375, -0.0989990234375, 0.0776824951171875], [], [-0.539337158203125, 0.22674560546875, -0.3685302734375, 0.7223968505859375]
45060, 45.41889190673828, [1000.0, 49.0, 235.0, 111.0, 248.0, 139.0, 130.0, 0.0, 0.0, 1000.0, 0.0, 1000.0, 0.0, 1000.0, 907.0, 999.0, 999.0, 999.0, 999.0, 316.0, 330.0, 0.0, 0.0], [], [-0.9737701416015625, 0.189544677734375, -0.0989990234375, 0.0776824951171875], [], [-0.538909912109375, 0.2275238037109375, -0.3694000244140625, 0.7220306396484375]
45070, 45.42902755737305, [1000.0, 49.0, 235.0, 111.0, 248.0, 139.0, 130.0, 0.0, 0.0, 1000.0, 0.0, 1000.0, 0.0, 1000.0, 907.0, 999.0, 999.0, 999.0, 999.0, 316.0, 330.0, 0.0, 0.0], [], [-0.9737701416015625, 0.189544677734375, -0.0989990234375, 0.0776824951171875], [], [-0.539337158203125, 0.2266082763671875, -0.369140625, 0.7221221923828125]
45080, 45.439022064208984, [1000.0, 49.0, 235.0, 111.0, 248.0, 139.0, 130.0, 0.0, 0.0, 1000.0, 0.0, 1000.0, 0.0, 1000.0, 907.0, 999.0, 999.0, 999.0, 999.0, 316.0, 330.0, 0.0, 0.0], [], [-0.9737701416015625, 0.189544677734375, -0.0989990234375, 0.0776824951171875], [], [-0.53985595703125, 0.225616455078125, -0.36865234375, 0.7223052978515625]
45090, 45.449127197265625, [1000.0, 49.0, 235.0, 111.0, 248.0, 139.0, 130.0, 0.0, 0.0, 1000.0, 0.0, 1000.0, 0.0, 1000.0, 907.0, 999.0, 999.0, 999.0, 999.0, 316.0, 330.0, 0.0, 0.0], [], [-0.9737701416015625, 0.189544677734375, -0.0989990234375, 0.0776824951171875], [], [-0.53936767578125, 0.2266998291015625, -0.3680572509765625, 0.7226409912109375]
45100, 45.45909881591797, [1000.0, 49.0, 235.0, 111.0, 248.0, 139.0, 130.0, 0.0, 0.0, 1000.0, 0.0, 1000.0, 0.0, 1000.0, 907.0, 999.0, 999.0, 999.0, 999.0, 316.0, 330.0, 0.0, 0.0], [], [-0.9737701416015625, 0.189544677734375, -0.0989990234375, 0.0776824951171875], [], [-0.540252685546875, 0.224761962890625, -0.36883544921875, 0.7221832275390625]
45110, 45.470462799072266, [1000.0, 49.0, 235.0, 111.0, 248.0, 139.0, 130.0, 0.0, 0.0, 1000.0, 0.0, 1000.0, 0.0, 1000.0, 907.0, 999.0, 999.0, 999.0, 999.0, 316.0, 330.0, 0.0, 0.0], [], [-0.9737701416015625, 0.189544677734375, -0.0989990234375, 0.0776824951171875], [], [-0.5399017333984375, 0.22540283203125, -0.369873046875, 0.721710205078125]
45120, 45.479034423828125, [1000.0, 49.0, 235.0, 111.0, 248.0, 139.0, 130.0, 0.0, 0.0, 1000.0, 0.0, 1000.0, 0.0, 1000.0, 907.0, 999.0, 999.0, 999.0, 999.0, 316.0, 330.0, 0.0, 0.0], [], [-0.9737701416015625, 0.189544677734375, -0.0989990234375, 0.0776824951171875], [], [-0.5395965576171875, 0.2259674072265625, -0.3702850341796875, 0.7215576171875]
45130, 45.48905563354492, [1000.0, 49.0, 235.0, 111.0, 248.0, 139.0, 130.0, 0.0, 0.0, 1000.0, 0.0, 1000.0, 0.0, 1000.0, 907.0, 999.0, 999.0, 999.0, 999.0, 316.0, 330.0, 0.0, 0.0], [], [-0.9737701416015625, 0.189544677734375, -0.0989990234375, 0.0776824951171875], [], [-0.539276123046875, 0.226531982421875, -0.3712005615234375, 0.7211456298828125]
45140, 45.499114990234375, [1000.0, 49.0, 235.0, 111.0, 248.0, 139.0, 130.0, 0.0, 0.0, 1000.0, 0.0, 1000.0, 0.0, 1000.0, 907.0, 999.0, 999.0, 999.0, 999.0, 316.0, 330.0, 0.0, 0.0], [], [-0.9737701416015625, 0.189544677734375, -0.0989990234375, 0.0776824951171875], [], [-0.539306640625, 0.2264862060546875, -0.370819091796875, 0.7213287353515625]
45150, 45.50910186767578, [1000.0, 49.0, 235.0, 111.0, 248.0, 139.0, 130.0, 0.0, 0.0, 1000.0, 0.0, 1000.0, 0.0, 1000.0, 907.0, 999.0, 999.0, 999.0, 999.0, 316.0, 330.0, 0.0, 0.0], [], [-0.9737701416015625, 0.189544677734375, -0.0989990234375, 0.0776824951171875], [], [-0.5400238037109375, 0.225006103515625, -0.370147705078125, 0.7216033935546875]
45160, 45.5286865234375, [1000.0, 49.0, 235.0, 111.0, 248.0, 139.0, 130.0, 0.0, 0.0, 1000.0, 0.0, 1000.0, 0.0, 1000.0, 907.0, 999.0, 999.0, 999.0, 999.0, 316.0, 330.0, 0.0, 0.0], [], [-0.9737701416015625, 0.189544677734375, -0.0989990234375, 0.0776824951171875], [], [-0.5405731201171875, 0.22393798828125, -0.3688812255859375, 0.72216796875]
45170, 45.52962875366211, [1000.0, 49.0, 235.0, 111.0, 248.0, 139.0, 130.0, 0.0, 0.0, 1000.0, 0.0, 1000.0, 0.0, 1000.0, 907.0, 999.0, 999.0, 999.0, 999.0, 316.0, 330.0, 0.0, 0.0], [], [-0.9737701416015625, 0.189544677734375, -0.0989990234375, 0.0776824951171875], [], [-0.54083251953125, 0.223388671875, -0.3687591552734375, 0.7222137451171875]
45180, 45.5490837097168, [1000.0, 49.0, 235.0, 111.0, 248.0, 139.0, 130.0, 0.0, 0.0, 1000.0, 0.0, 1000.0, 0.0, 1000.0, 907.0, 999.0, 999.0, 999.0, 999.0, 316.0, 330.0, 0.0, 0.0], [], [-0.9737701416015625, 0.189544677734375, -0.0989990234375, 0.0776824951171875], [], [-0.540802001953125, 0.2235107421875, -0.3679656982421875, 0.7226104736328125]
45190, 45.559078216552734, [1000.0, 49.0, 235.0, 111.0, 248.0, 139.0, 130.0, 0.0, 0.0, 1000.0, 0.0, 1000.0, 0.0, 1000.0, 907.0, 999.0, 999.0, 999.0, 999.0, 316.0, 330.0, 0.0, 0.0], [], [-0.9737701416015625, 0.189544677734375, -0.0989990234375, 0.0776824951171875], [], [-0.5405731201171875, 0.2241363525390625, -0.3664093017578125, 0.723358154296875]
45200, 45.56911849975586, [1000.0, 49.0, 235.0, 111.0, 248.0, 139.0, 130.0, 0.0, 0.0, 1000.0, 0.0, 1000.0, 0.0, 1000.0, 907.0, 999.0, 999.0, 999.0, 999.0, 316.0, 330.0, 0.0, 0.0], [], [-0.9737701416015625, 0.189544677734375, -0.0989990234375, 0.0776824951171875], [], [-0.5404815673828125, 0.2242889404296875, -0.366790771484375, 0.7231903076171875]
45210, 45.579063415527344, [1000.0, 49.0, 235.0, 111.0, 248.0, 139.0, 130.0, 0.0, 0.0, 1000.0, 0.0, 1000.0, 0.0, 1000.0, 907.0, 999.0, 999.0, 999.0, 999.0, 316.0, 330.0, 0.0, 0.0], [], [-0.9737701416015625, 0.189544677734375, -0.0989990234375, 0.0776824951171875], [], [-0.5408172607421875, 0.223419189453125, -0.36859130859375, 0.7223052978515625]
45220, 45.58904266357422, [1000.0, 49.0, 235.0, 111.0, 248.0, 139.0, 130.0, 0.0, 0.0, 1000.0, 0.0, 1000.0, 0.0, 1000.0, 907.0, 999.0, 999.0, 999.0, 999.0, 316.0, 330.0, 0.0, 0.0], [], [-0.9737701416015625, 0.189544677734375, -0.0989990234375, 0.0776824951171875], [], [-0.5401611328125, 0.2248992919921875, -0.368072509765625, 0.72259521484375]
45230, 45.59907913208008, [1000.0, 49.0, 235.0, 111.0, 248.0, 139.0, 130.0, 0.0, 0.0, 1000.0, 0.0, 1000.0, 0.0, 1000.0, 907.0, 999.0, 999.0, 999.0, 999.0, 316.0, 330.0, 0.0, 0.0], [], [-0.9737701416015625, 0.189544677734375, -0.0989990234375, 0.0776824951171875], [], [-0.540191650390625, 0.2248687744140625, -0.367340087890625, 0.7229461669921875]
45240, 45.609134674072266, [1000.0, 49.0, 235.0, 111.0, 248.0, 139.0, 130.0, 0.0, 0.0, 1000.0, 0.0, 1000.0, 0.0, 1000.0, 907.0, 999.0, 999.0, 999.0, 999.0, 316.0, 330.0, 0.0, 0.0], [], [-0.9737701416015625, 0.189544677734375, -0.0989990234375, 0.0776824951171875], [], [-0.540771484375, 0.2238311767578125, -0.36517333984375, 0.72393798828125]
45250, 45.619117736816406, [1000.0, 49.0, 235.0, 111.0, 248.0, 139.0, 130.0, 0.0, 0.0, 1000.0, 0.0, 1000.0, 0.0, 1000.0, 907.0, 999.0, 999.0, 999.0, 999.0, 316.0, 330.0, 0.0, 0.0], [], [-0.9737701416015625, 0.189544677734375, -0.0989990234375, 0.0776824951171875], [], [-0.54046630859375, 0.224151611328125, -0.3672943115234375, 0.722991943359375]
45260, 45.62907028198242, [1000.0, 49.0, 235.0, 111.0, 248.0, 139.0, 130.0, 0.0, 0.0, 1000.0, 0.0, 1000.0, 0.0, 1000.0, 907.0, 999.0, 999.0, 999.0, 999.0, 316.0, 330.0, 0.0, 0.0], [], [-0.9737701416015625, 0.189544677734375, -0.0989990234375, 0.0776824951171875], [], [-0.5402374267578125, 0.22454833984375, -0.3679656982421875, 0.7227020263671875]
45270, 45.63901901245117, [1000.0, 49.0, 235.0, 111.0, 248.0, 139.0, 130.0, 0.0, 0.0, 1000.0, 0.0, 1000.0, 0.0, 1000.0, 907.0, 999.0, 999.0, 999.0, 999.0, 316.0, 330.0, 0.0, 0.0], [], [-0.9737701416015625, 0.189544677734375, -0.0989990234375, 0.0776824951171875], [], [-0.5395050048828125, 0.2259674072265625, -0.3681182861328125, 0.7227325439453125]
45280, 45.649078369140625, [1000.0, 49.0, 235.0, 111.0, 248.0, 139.0, 130.0, 0.0, 0.0, 1000.0, 0.0, 1000.0, 0.0, 1000.0, 907.0, 999.0, 999.0, 999.0, 999.0, 316.0, 330.0, 0.0, 0.0], [], [-0.9737701416015625, 0.189544677734375, -0.0989990234375, 0.0776824951171875], [], [-0.5384368896484375, 0.2281341552734375, -0.3684539794921875, 0.7226715087890625]
45290, 45.65914535522461, [1000.0, 49.0, 235.0, 111.0, 248.0, 139.0, 130.0, 0.0, 0.0, 1000.0, 0.0, 1000.0, 0.0, 1000.0, 907.0, 999.0, 999.0, 999.0, 999.0, 316.0, 330.0, 0.0, 0.0], [], [-0.9737701416015625, 0.189544677734375, -0.0989990234375, 0.0776824951171875], [], [-0.5389404296875, 0.2270660400390625, -0.367523193359375, 0.723114013671875]
45300, 45.66913604736328, [1000.0, 49.0, 235.0, 111.0, 248.0, 139.0, 130.0, 0.0, 0.0, 1000.0, 0.0, 1000.0, 0.0, 1000.0, 907.0, 999.0, 999.0, 999.0, 999.0, 316.0, 330.0, 0.0, 0.0], [], [-0.9737701416015625, 0.189544677734375, -0.0989990234375, 0.0776824951171875], [], [-0.5391998291015625, 0.226470947265625, -0.3683013916015625, 0.72271728515625]
45310, 45.6790657043457, [1000.0, 49.0, 235.0, 111.0, 248.0, 139.0, 130.0, 0.0, 0.0, 1000.0, 0.0, 1000.0, 0.0, 1000.0, 907.0, 999.0, 999.0, 999.0, 999.0, 316.0, 330.0, 0.0, 0.0], [], [-0.9737701416015625, 0.189544677734375, -0.0989990234375, 0.0776824951171875], [], [-0.53936767578125, 0.2260894775390625, -0.36834716796875, 0.7226715087890625]
45320, 45.68910217285156, [1000.0, 49.0, 235.0, 111.0, 248.0, 139.0, 130.0, 0.0, 0.0, 1000.0, 0.0, 1000.0, 0.0, 1000.0, 907.0, 999.0, 999.0, 999.0, 999.0, 316.0, 330.0, 0.0, 0.0], [], [-0.9737701416015625, 0.189544677734375, -0.0989990234375, 0.0776824951171875], [], [-0.538787841796875, 0.2273712158203125, -0.3673095703125, 0.723236083984375]
45330, 45.699092864990234, [1000.0, 49.0, 235.0, 111.0, 248.0, 139.0, 130.0, 0.0, 0.0, 1000.0, 0.0, 1000.0, 0.0, 1000.0, 907.0, 999.0, 999.0, 999.0, 999.0, 316.0, 330.0, 0.0, 0.0], [], [-0.9737701416015625, 0.189544677734375, -0.0989990234375, 0.0776824951171875], [], [-0.5394134521484375, 0.2259368896484375, -0.3684234619140625, 0.7226409912109375]
45340, 45.709144592285156, [1000.0, 49.0, 235.0, 111.0, 248.0, 139.0, 130.0, 0.0, 0.0, 1000.0, 0.0, 1000.0, 0.0, 1000.0, 907.0, 999.0, 999.0, 999.0, 999.0, 316.0, 330.0, 0.0, 0.0], [], [-0.9737701416015625, 0.189544677734375, -0.0989990234375, 0.0776824951171875], [], [-0.5394287109375, 0.2259063720703125, -0.3683929443359375, 0.72265625]
45350, 45.71913146972656, [1000.0, 49.0, 235.0, 111.0, 248.0, 139.0, 130.0, 0.0, 0.0, 1000.0, 0.0, 1000.0, 0.0, 1000.0, 907.0, 999.0, 999.0, 999.0, 999.0, 316.0, 330.0, 0.0, 0.0], [], [-0.9737701416015625, 0.189544677734375, -0.0989990234375, 0.0776824951171875], [], [-0.539398193359375, 0.2259674072265625, -0.368255615234375, 0.7227325439453125]
45360, 45.729068756103516, [1000.0, 49.0, 235.0, 111.0, 248.0, 139.0, 130.0, 0.0, 0.0, 1000.0, 0.0, 1000.0, 0.0, 1000.0, 907.0, 999.0, 999.0, 999.0, 999.0, 316.0, 330.0, 0.0, 0.0], [], [-0.9737701416015625, 0.189544677734375, -0.0989990234375, 0.0776824951171875], [], [-0.5394287109375, 0.2259368896484375, -0.3681793212890625, 0.7227630615234375]
45370, 45.739097595214844, [1000.0, 49.0, 235.0, 111.0, 248.0, 139.0, 130.0, 0.0, 0.0, 1000.0, 0.0, 1000.0, 0.0, 1000.0, 907.0, 999.0, 999.0, 999.0, 999.0, 316.0, 330.0, 0.0, 0.0], [], [-0.9737701416015625, 0.189544677734375, -0.0989990234375, 0.0776824951171875], [], [-0.5394287109375, 0.2259521484375, -0.368255615234375, 0.72271728515625]
45380, 45.749088287353516, [1000.0, 49.0, 235.0, 111.0, 248.0, 139.0, 130.0, 0.0, 0.0, 1000.0, 0.0, 1000.0, 0.0, 1000.0, 907.0, 999.0, 999.0, 999.0, 999.0, 316.0, 330.0, 0.0, 0.0], [], [-0.9737701416015625, 0.189544677734375, -0.0989990234375, 0.0776824951171875], [], [-0.5394744873046875, 0.2259368896484375, -0.368133544921875, 0.722747802734375]
45390, 45.759185791015625, [1000.0, 49.0, 235.0, 111.0, 248.0, 139.0, 130.0, 0.0, 0.0, 1000.0, 0.0, 1000.0, 0.0, 1000.0, 907.0, 999.0, 999.0, 999.0, 999.0, 316.0, 330.0, 0.0, 0.0], [], [-0.9737701416015625, 0.189544677734375, -0.0989990234375, 0.0776824951171875], [], [-0.5395050048828125, 0.2259063720703125, -0.3678436279296875, 0.7228851318359375]
45400, 45.76913833618164, [1000.0, 49.0, 235.0, 111.0, 248.0, 139.0, 130.0, 0.0, 0.0, 1000.0, 0.0, 1000.0, 0.0, 1000.0, 907.0, 999.0, 999.0, 999.0, 999.0, 316.0, 330.0, 0.0, 0.0], [], [-0.9737701416015625, 0.189544677734375, -0.0989990234375, 0.0776824951171875], [], [-0.5395660400390625, 0.225830078125, -0.368011474609375, 0.7227783203125]
45410, 45.779075622558594, [1000.0, 49.0, 235.0, 111.0, 248.0, 139.0, 130.0, 0.0, 0.0, 1000.0, 0.0, 1000.0, 0.0, 1000.0, 907.0, 999.0, 999.0, 999.0, 999.0, 316.0, 330.0, 0.0, 0.0], [], [-0.9737701416015625, 0.189544677734375, -0.0989990234375, 0.0776824951171875], [], [-0.5394744873046875, 0.22607421875, -0.3679351806640625, 0.722808837890625]
45420, 45.78910446166992, [1000.0, 49.0, 235.0, 111.0, 248.0, 139.0, 130.0, 0.0, 0.0, 1000.0, 0.0, 1000.0, 0.0, 1000.0, 907.0, 999.0, 999.0, 999.0, 999.0, 316.0, 330.0, 0.0, 0.0], [], [-0.9737701416015625, 0.189544677734375, -0.0989990234375, 0.0776824951171875], [], [-0.5396575927734375, 0.2257537841796875, -0.36810302734375, 0.722686767578125]
45430, 45.80031967163086, [1000.0, 49.0, 235.0, 111.0, 248.0, 139.0, 130.0, 0.0, 0.0, 1000.0, 0.0, 1000.0, 0.0, 1000.0, 907.0, 999.0, 999.0, 999.0, 999.0, 316.0, 330.0, 0.0, 0.0], [], [-0.9737701416015625, 0.189544677734375, -0.0989990234375, 0.0776824951171875], [], [-0.53973388671875, 0.2256622314453125, -0.3680572509765625, 0.722686767578125]
45440, 45.809146881103516, [1000.0, 49.0, 235.0, 111.0, 248.0, 139.0, 130.0, 0.0, 0.0, 1000.0, 0.0, 1000.0, 0.0, 1000.0, 907.0, 999.0, 999.0, 999.0, 999.0, 316.0, 330.0, 0.0, 0.0], [], [-0.9737701416015625, 0.189544677734375, -0.0989990234375, 0.0776824951171875], [], [-0.5396881103515625, 0.2258148193359375, -0.3680572509765625, 0.72265625]
45450, 45.81941223144531, [1000.0, 49.0, 235.0, 111.0, 248.0, 139.0, 130.0, 0.0, 0.0, 1000.0, 0.0, 1000.0, 0.0, 1000.0, 907.0, 999.0, 999.0, 999.0, 999.0, 316.0, 330.0, 0.0, 0.0], [], [-0.9737701416015625, 0.189544677734375, -0.0989990234375, 0.0776824951171875], [], [-0.539764404296875, 0.2256927490234375, -0.3677978515625, 0.7227783203125]
45460, 45.829654693603516, [1000.0, 49.0, 235.0, 111.0, 248.0, 139.0, 130.0, 0.0, 0.0, 1000.0, 0.0, 1000.0, 0.0, 1000.0, 907.0, 999.0, 999.0, 999.0, 999.0, 316.0, 330.0, 0.0, 0.0], [], [-0.9737701416015625, 0.189544677734375, -0.0989990234375, 0.0776824951171875], [], [-0.5398406982421875, 0.225555419921875, -0.367889404296875, 0.72271728515625]
45470, 45.83909225463867, [1000.0, 49.0, 235.0, 111.0, 248.0, 139.0, 130.0, 0.0, 0.0, 1000.0, 0.0, 1000.0, 0.0, 1000.0, 907.0, 999.0, 999.0, 999.0, 999.0, 316.0, 330.0, 0.0, 0.0], [], [-0.9737701416015625, 0.189544677734375, -0.0989990234375, 0.0776824951171875], [], [-0.539886474609375, 0.2255096435546875, -0.3674774169921875, 0.7229156494140625]
45480, 45.84911346435547, [1000.0, 49.0, 235.0, 111.0, 248.0, 139.0, 130.0, 0.0, 0.0, 1000.0, 0.0, 1000.0, 0.0, 1000.0, 907.0, 999.0, 999.0, 999.0, 999.0, 316.0, 330.0, 0.0, 0.0], [], [-0.9737701416015625, 0.189544677734375, -0.0989990234375, 0.0776824951171875], [], [-0.5397796630859375, 0.2258148193359375, -0.367218017578125, 0.7230377197265625]
45490, 45.859405517578125, [1000.0, 49.0, 235.0, 111.0, 248.0, 139.0, 130.0, 0.0, 0.0, 1000.0, 0.0, 1000.0, 0.0, 1000.0, 907.0, 999.0, 999.0, 999.0, 999.0, 316.0, 330.0, 0.0, 0.0], [], [-0.9737701416015625, 0.189544677734375, -0.0989990234375, 0.0776824951171875], [], [-0.5397796630859375, 0.225860595703125, -0.3666534423828125, 0.723297119140625]
45500, 45.869140625, [1000.0, 49.0, 235.0, 111.0, 248.0, 139.0, 130.0, 0.0, 0.0, 1000.0, 0.0, 1000.0, 0.0, 1000.0, 907.0, 999.0, 999.0, 999.0, 999.0, 316.0, 330.0, 0.0, 0.0], [], [-0.9737701416015625, 0.189544677734375, -0.0989990234375, 0.0776824951171875], [], [-0.5398712158203125, 0.22564697265625, -0.367340087890625, 0.7229461669921875]
45510, 45.87924575805664, [1000.0, 49.0, 235.0, 111.0, 248.0, 139.0, 130.0, 0.0, 0.0, 1000.0, 0.0, 1000.0, 0.0, 1000.0, 907.0, 999.0, 999.0, 999.0, 999.0, 316.0, 330.0, 0.0, 0.0], [], [-0.9737701416015625, 0.189544677734375, -0.0989990234375, 0.0776824951171875], [], [-0.539794921875, 0.225738525390625, -0.3681488037109375, 0.722564697265625]
45520, 45.889259338378906, [1000.0, 49.0, 235.0, 111.0, 248.0, 139.0, 130.0, 0.0, 0.0, 1000.0, 0.0, 1000.0, 0.0, 1000.0, 907.0, 999.0, 999.0, 999.0, 999.0, 316.0, 330.0, 0.0, 0.0], [], [-0.9737701416015625, 0.189544677734375, -0.0989990234375, 0.0776824951171875], [], [-0.5397491455078125, 0.22576904296875, -0.369293212890625, 0.7220001220703125]
45530, 45.899166107177734, [1000.0, 49.0, 235.0, 111.0, 248.0, 139.0, 130.0, 0.0, 0.0, 1000.0, 0.0, 1000.0, 0.0, 1000.0, 907.0, 999.0, 999.0, 999.0, 999.0, 316.0, 330.0, 0.0, 0.0], [], [-0.9737701416015625, 0.189544677734375, -0.0989990234375, 0.0776824951171875], [], [-0.540130615234375, 0.2248992919921875, -0.369384765625, 0.7219390869140625]
45540, 45.91088104248047, [1000.0, 49.0, 235.0, 111.0, 248.0, 139.0, 130.0, 0.0, 0.0, 1000.0, 0.0, 1000.0, 0.0, 1000.0, 907.0, 999.0, 999.0, 999.0, 999.0, 316.0, 330.0, 0.0, 0.0], [], [-0.9737701416015625, 0.189544677734375, -0.0989990234375, 0.0776824951171875], [], [-0.5403900146484375, 0.2243194580078125, -0.368865966796875, 0.722198486328125]
45550, 45.919124603271484, [1000.0, 49.0, 235.0, 111.0, 248.0, 139.0, 130.0, 0.0, 0.0, 1000.0, 0.0, 1000.0, 0.0, 1000.0, 907.0, 999.0, 999.0, 999.0, 999.0, 316.0, 330.0, 0.0, 0.0], [], [-0.9737701416015625, 0.189544677734375, -0.0989990234375, 0.0776824951171875], [], [-0.540557861328125, 0.2238922119140625, -0.3684539794921875, 0.7224273681640625]
45560, 45.92902374267578, [1000.0, 49.0, 235.0, 111.0, 248.0, 139.0, 130.0, 0.0, 0.0, 1000.0, 0.0, 1000.0, 0.0, 1000.0, 907.0, 999.0, 999.0, 999.0, 999.0, 316.0, 330.0, 0.0, 0.0], [], [-0.9737701416015625, 0.189544677734375, -0.0989990234375, 0.0776824951171875], [], [-0.5404205322265625, 0.224151611328125, -0.367584228515625, 0.7228851318359375]
45570, 45.9390983581543, [1000.0, 49.0, 235.0, 111.0, 248.0, 139.0, 130.0, 0.0, 0.0, 1000.0, 0.0, 1000.0, 0.0, 1000.0, 907.0, 999.0, 999.0, 999.0, 999.0, 316.0, 330.0, 0.0, 0.0], [], [-0.9737701416015625, 0.189544677734375, -0.0989990234375, 0.0776824951171875], [], [-0.540069580078125, 0.2246551513671875, -0.36822509765625, 0.72265625]
45580, 45.949066162109375, [1000.0, 49.0, 235.0, 111.0, 248.0, 139.0, 130.0, 0.0, 0.0, 1000.0, 0.0, 1000.0, 0.0, 1000.0, 907.0, 999.0, 999.0, 999.0, 999.0, 316.0, 330.0, 0.0, 0.0], [], [-0.9737701416015625, 0.189544677734375, -0.0989990234375, 0.0776824951171875], [], [-0.5400238037109375, 0.224517822265625, -0.3683319091796875, 0.722686767578125]
45590, 45.959136962890625, [1000.0, 49.0, 235.0, 111.0, 248.0, 139.0, 130.0, 0.0, 0.0, 1000.0, 0.0, 1000.0, 0.0, 1000.0, 907.0, 999.0, 999.0, 999.0, 999.0, 316.0, 330.0, 0.0, 0.0], [], [-0.9737701416015625, 0.189544677734375, -0.0989990234375, 0.0776824951171875], [], [-0.53985595703125, 0.2248077392578125, -0.36761474609375, 0.72308349609375]
45600, 45.96912384033203, [1000.0, 49.0, 235.0, 111.0, 248.0, 139.0, 130.0, 0.0, 0.0, 1000.0, 0.0, 1000.0, 0.0, 1000.0, 907.0, 999.0, 999.0, 999.0, 999.0, 316.0, 330.0, 0.0, 0.0], [], [-0.9737701416015625, 0.189544677734375, -0.0989990234375, 0.0776824951171875], [], [-0.5391845703125, 0.226165771484375, -0.367034912109375, 0.72344970703125]
45610, 45.979061126708984, [1000.0, 49.0, 235.0, 111.0, 248.0, 139.0, 130.0, 0.0, 0.0, 1000.0, 0.0, 1000.0, 0.0, 1000.0, 907.0, 999.0, 999.0, 999.0, 999.0, 316.0, 330.0, 0.0, 0.0], [], [-0.9737701416015625, 0.189544677734375, -0.0989990234375, 0.0776824951171875], [], [-0.5393524169921875, 0.2257080078125, -0.367767333984375, 0.7230987548828125]
45620, 45.989097595214844, [1000.0, 49.0, 235.0, 111.0, 248.0, 139.0, 130.0, 0.0, 0.0, 1000.0, 0.0, 1000.0, 0.0, 1000.0, 907.0, 999.0, 999.0, 999.0, 999.0, 316.0, 330.0, 0.0, 0.0], [], [-0.9737701416015625, 0.189544677734375, -0.0989990234375, 0.0776824951171875], [], [-0.5393829345703125, 0.2255096435546875, -0.368377685546875, 0.7228240966796875]
45630, 45.99906539916992, [1000.0, 49.0, 235.0, 111.0, 248.0, 139.0, 130.0, 0.0, 0.0, 1000.0, 0.0, 1000.0, 0.0, 1000.0, 907.0, 999.0, 999.0, 999.0, 999.0, 316.0, 330.0, 0.0, 0.0], [], [-0.9737701416015625, 0.189544677734375, -0.0989990234375, 0.0776824951171875], [], [-0.5395965576171875, 0.2252197265625, -0.3669891357421875, 0.7234649658203125]
45640, 46.009132385253906, [1000.0, 49.0, 235.0, 111.0, 248.0, 139.0, 130.0, 0.0, 0.0, 1000.0, 0.0, 1000.0, 0.0, 1000.0, 907.0, 999.0, 999.0, 999.0, 999.0, 316.0, 330.0, 0.0, 0.0], [], [-0.9737701416015625, 0.189544677734375, -0.0989990234375, 0.0776824951171875], [], [-0.5389556884765625, 0.226593017578125, -0.3673248291015625, 0.7233428955078125]
45650, 46.01911163330078, [1000.0, 49.0, 235.0, 111.0, 248.0, 139.0, 130.0, 0.0, 0.0, 1000.0, 0.0, 1000.0, 0.0, 1000.0, 907.0, 999.0, 999.0, 999.0, 999.0, 316.0, 330.0, 0.0, 0.0], [], [-0.9737701416015625, 0.189544677734375, -0.0989990234375, 0.0776824951171875], [], [-0.5390625, 0.2264251708984375, -0.3673858642578125, 0.7232818603515625]
45660, 46.0290641784668, [1000.0, 49.0, 235.0, 111.0, 248.0, 139.0, 130.0, 0.0, 0.0, 1000.0, 0.0, 1000.0, 0.0, 1000.0, 907.0, 999.0, 999.0, 999.0, 999.0, 316.0, 330.0, 0.0, 0.0], [], [-0.9737701416015625, 0.189544677734375, -0.0989990234375, 0.0776824951171875], [], [-0.53900146484375, 0.226593017578125, -0.3671875, 0.7233734130859375]
45670, 46.03935623168945, [1000.0, 49.0, 235.0, 111.0, 248.0, 139.0, 130.0, 0.0, 0.0, 1000.0, 0.0, 1000.0, 0.0, 1000.0, 907.0, 999.0, 999.0, 999.0, 999.0, 316.0, 330.0, 0.0, 0.0], [], [-0.9737701416015625, 0.189544677734375, -0.0989990234375, 0.0776824951171875], [], [-0.538543701171875, 0.2276611328125, -0.367645263671875, 0.72314453125]
45680, 46.049461364746094, [1000.0, 49.0, 235.0, 111.0, 248.0, 139.0, 130.0, 0.0, 0.0, 1000.0, 0.0, 1000.0, 0.0, 1000.0, 907.0, 999.0, 999.0, 999.0, 999.0, 316.0, 330.0, 0.0, 0.0], [], [-0.9737701416015625, 0.189544677734375, -0.0989990234375, 0.0776824951171875], [], [-0.539154052734375, 0.2264556884765625, -0.3677520751953125, 0.7230224609375]
45690, 46.05917739868164, [1000.0, 49.0, 235.0, 111.0, 248.0, 139.0, 130.0, 0.0, 0.0, 1000.0, 0.0, 1000.0, 0.0, 1000.0, 907.0, 999.0, 999.0, 999.0, 999.0, 316.0, 330.0, 0.0, 0.0], [], [-0.9737701416015625, 0.189544677734375, -0.0989990234375, 0.0776824951171875], [], [-0.5398101806640625, 0.2251434326171875, -0.3669586181640625, 0.7233428955078125]
45700, 46.072662353515625, [1000.0, 49.0, 235.0, 111.0, 248.0, 139.0, 130.0, 0.0, 0.0, 1000.0, 0.0, 1000.0, 0.0, 1000.0, 907.0, 999.0, 999.0, 999.0, 999.0, 316.0, 330.0, 0.0, 0.0], [], [-0.9737701416015625, 0.189544677734375, -0.0989990234375, 0.0776824951171875], [], [-0.540069580078125, 0.224578857421875, -0.3675689697265625, 0.7230072021484375]
45710, 46.07940673828125, [1000.0, 49.0, 235.0, 111.0, 248.0, 139.0, 130.0, 0.0, 0.0, 1000.0, 0.0, 1000.0, 0.0, 1000.0, 907.0, 999.0, 999.0, 999.0, 999.0, 316.0, 330.0, 0.0, 0.0], [], [-0.9737701416015625, 0.189544677734375, -0.0989990234375, 0.0776824951171875], [], [-0.539337158203125, 0.2261199951171875, -0.3676910400390625, 0.7230224609375]
45720, 46.08913040161133, [1000.0, 49.0, 235.0, 111.0, 248.0, 139.0, 130.0, 0.0, 0.0, 1000.0, 0.0, 1000.0, 0.0, 1000.0, 907.0, 999.0, 999.0, 999.0, 999.0, 316.0, 330.0, 0.0, 0.0], [], [-0.9737701416015625, 0.189544677734375, -0.0989990234375, 0.0776824951171875], [], [-0.53955078125, 0.225677490234375, -0.3679962158203125, 0.7228546142578125]
45730, 46.099082946777344, [1000.0, 49.0, 235.0, 111.0, 248.0, 139.0, 130.0, 0.0, 0.0, 1000.0, 0.0, 1000.0, 0.0, 1000.0, 907.0, 999.0, 999.0, 999.0, 999.0, 316.0, 330.0, 0.0, 0.0], [], [-0.9737701416015625, 0.189544677734375, -0.0989990234375, 0.0776824951171875], [], [-0.5399169921875, 0.2249755859375, -0.3671417236328125, 0.7232208251953125]
45740, 46.10944747924805, [1000.0, 49.0, 235.0, 111.0, 248.0, 139.0, 130.0, 0.0, 0.0, 1000.0, 0.0, 1000.0, 0.0, 1000.0, 907.0, 999.0, 999.0, 999.0, 999.0, 316.0, 330.0, 0.0, 0.0], [], [-0.9737701416015625, 0.189544677734375, -0.0989990234375, 0.0776824951171875], [], [-0.540069580078125, 0.224822998046875, -0.365692138671875, 0.7238922119140625]
45750, 46.11913299560547, [1000.0, 49.0, 235.0, 111.0, 248.0, 139.0, 130.0, 0.0, 0.0, 1000.0, 0.0, 1000.0, 0.0, 1000.0, 907.0, 999.0, 999.0, 999.0, 999.0, 316.0, 330.0, 0.0, 0.0], [], [-0.9737701416015625, 0.189544677734375, -0.0989990234375, 0.0776824951171875], [], [-0.53857421875, 0.2279815673828125, -0.365966796875, 0.723876953125]
45760, 46.129173278808594, [1000.0, 49.0, 235.0, 111.0, 248.0, 139.0, 130.0, 0.0, 0.0, 1000.0, 0.0, 1000.0, 0.0, 1000.0, 907.0, 999.0, 999.0, 999.0, 999.0, 316.0, 330.0, 0.0, 0.0], [], [-0.9737701416015625, 0.189544677734375, -0.0989990234375, 0.0776824951171875], [], [-0.5392608642578125, 0.2264251708984375, -0.3673248291015625, 0.723175048828125]
45770, 46.139102935791016, [1000.0, 49.0, 235.0, 111.0, 248.0, 139.0, 130.0, 0.0, 0.0, 1000.0, 0.0, 1000.0, 0.0, 1000.0, 907.0, 999.0, 999.0, 999.0, 999.0, 316.0, 330.0, 0.0, 0.0], [], [-0.9737701416015625, 0.189544677734375, -0.0989990234375, 0.0776824951171875], [], [-0.5396728515625, 0.225830078125, -0.36419677734375, 0.7246246337890625]
45780, 46.149139404296875, [1000.0, 49.0, 235.0, 111.0, 248.0, 139.0, 130.0, 0.0, 0.0, 1000.0, 0.0, 1000.0, 0.0, 1000.0, 907.0, 999.0, 999.0, 999.0, 999.0, 316.0, 330.0, 0.0, 0.0], [], [-0.9737701416015625, 0.189544677734375, -0.0989990234375, 0.0776824951171875], [], [-0.5409393310546875, 0.223052978515625, -0.3651123046875, 0.7240753173828125]
45790, 46.159305572509766, [1000.0, 49.0, 235.0, 111.0, 248.0, 139.0, 130.0, 0.0, 0.0, 1000.0, 0.0, 1000.0, 0.0, 1000.0, 907.0, 999.0, 999.0, 999.0, 999.0, 316.0, 330.0, 0.0, 0.0], [], [-0.9737701416015625, 0.189544677734375, -0.0989990234375, 0.0776824951171875], [], [-0.540008544921875, 0.224945068359375, -0.3656768798828125, 0.7238922119140625]
45800, 46.16912078857422, [1000.0, 49.0, 235.0, 111.0, 248.0, 139.0, 130.0, 0.0, 0.0, 1000.0, 0.0, 1000.0, 0.0, 1000.0, 907.0, 999.0, 999.0, 999.0, 999.0, 316.0, 330.0, 0.0, 0.0], [], [-0.9737701416015625, 0.189544677734375, -0.0989990234375, 0.0776824951171875], [], [-0.540374755859375, 0.2243499755859375, -0.3647308349609375, 0.72430419921875]
45810, 46.17916488647461, [1000.0, 49.0, 235.0, 111.0, 248.0, 139.0, 130.0, 0.0, 0.0, 1000.0, 0.0, 1000.0, 0.0, 1000.0, 907.0, 999.0, 999.0, 999.0, 999.0, 316.0, 330.0, 0.0, 0.0], [], [-0.9737701416015625, 0.189544677734375, -0.0989990234375, 0.0776824951171875], [], [-0.538604736328125, 0.2277069091796875, -0.3689422607421875, 0.722442626953125]
45820, 46.18909454345703, [1000.0, 49.0, 235.0, 111.0, 248.0, 139.0, 130.0, 0.0, 0.0, 1000.0, 0.0, 1000.0, 0.0, 1000.0, 907.0, 999.0, 999.0, 999.0, 999.0, 316.0, 330.0, 0.0, 0.0], [], [-0.9737701416015625, 0.189544677734375, -0.0989990234375, 0.0776824951171875], [], [-0.5394287109375, 0.2259674072265625, -0.369232177734375, 0.7222137451171875]
45830, 46.199100494384766, [1000.0, 49.0, 235.0, 111.0, 248.0, 139.0, 130.0, 0.0, 0.0, 1000.0, 0.0, 1000.0, 0.0, 1000.0, 907.0, 999.0, 999.0, 999.0, 999.0, 316.0, 330.0, 0.0, 0.0], [], [-0.9737701416015625, 0.189544677734375, -0.0989990234375, 0.0776824951171875], [], [-0.53875732421875, 0.2274322509765625, -0.3686370849609375, 0.722564697265625]
45840, 46.20928192138672, [1000.0, 49.0, 235.0, 111.0, 248.0, 139.0, 130.0, 0.0, 0.0, 1000.0, 0.0, 1000.0, 0.0, 1000.0, 907.0, 999.0, 999.0, 999.0, 999.0, 316.0, 330.0, 0.0, 0.0], [], [-0.9737701416015625, 0.189544677734375, -0.0989990234375, 0.0776824951171875], [], [-0.538787841796875, 0.227386474609375, -0.3685760498046875, 0.72259521484375]
45850, 46.21906280517578, [1000.0, 49.0, 235.0, 111.0, 248.0, 139.0, 130.0, 0.0, 0.0, 1000.0, 0.0, 1000.0, 0.0, 1000.0, 907.0, 999.0, 999.0, 999.0, 999.0, 316.0, 330.0, 0.0, 0.0], [], [-0.9737701416015625, 0.189544677734375, -0.0989990234375, 0.0776824951171875], [], [-0.538818359375, 0.22735595703125, -0.3685150146484375, 0.7226104736328125]
45860, 46.23368453979492, [1000.0, 49.0, 235.0, 111.0, 248.0, 139.0, 130.0, 0.0, 0.0, 1000.0, 0.0, 1000.0, 0.0, 1000.0, 907.0, 999.0, 999.0, 999.0, 999.0, 316.0, 330.0, 0.0, 0.0], [], [-0.9737701416015625, 0.189544677734375, -0.0989990234375, 0.0776824951171875], [], [-0.538848876953125, 0.227325439453125, -0.3683013916015625, 0.7227020263671875]
45870, 46.23899841308594, [1000.0, 49.0, 235.0, 111.0, 248.0, 139.0, 130.0, 0.0, 0.0, 1000.0, 0.0, 1000.0, 0.0, 1000.0, 907.0, 999.0, 999.0, 999.0, 999.0, 316.0, 330.0, 0.0, 0.0], [], [-0.9737701416015625, 0.189544677734375, -0.0989990234375, 0.0776824951171875], [], [-0.538970947265625, 0.2270965576171875, -0.3683013916015625, 0.7226715087890625]
45880, 46.24909973144531, [1000.0, 49.0, 235.0, 111.0, 248.0, 139.0, 130.0, 0.0, 0.0, 1000.0, 0.0, 1000.0, 0.0, 1000.0, 907.0, 999.0, 999.0, 999.0, 999.0, 316.0, 330.0, 0.0, 0.0], [], [-0.9737701416015625, 0.189544677734375, -0.0989990234375, 0.0776824951171875], [], [-0.5390167236328125, 0.22705078125, -0.36810302734375, 0.7227630615234375]
45890, 46.25931167602539, [1000.0, 49.0, 235.0, 111.0, 248.0, 139.0, 130.0, 0.0, 0.0, 1000.0, 0.0, 1000.0, 0.0, 1000.0, 907.0, 999.0, 999.0, 999.0, 999.0, 316.0, 330.0, 0.0, 0.0], [], [-0.9737701416015625, 0.189544677734375, -0.0989990234375, 0.0776824951171875], [], [-0.5391387939453125, 0.226776123046875, -0.3679656982421875, 0.7228240966796875]
45900, 46.26913070678711, [1000.0, 49.0, 235.0, 111.0, 248.0, 139.0, 130.0, 0.0, 0.0, 1000.0, 0.0, 1000.0, 0.0, 1000.0, 907.0, 999.0, 999.0, 999.0, 999.0, 316.0, 330.0, 0.0, 0.0], [], [-0.9737701416015625, 0.189544677734375, -0.0989990234375, 0.0776824951171875], [], [-0.53900146484375, 0.2270660400390625, -0.368072509765625, 0.7227783203125]
45910, 46.279136657714844, [1000.0, 49.0, 235.0, 111.0, 248.0, 139.0, 130.0, 0.0, 0.0, 1000.0, 0.0, 1000.0, 0.0, 1000.0, 907.0, 999.0, 999.0, 999.0, 999.0, 316.0, 330.0, 0.0, 0.0], [], [-0.9737701416015625, 0.189544677734375, -0.0989990234375, 0.0776824951171875], [], [-0.539154052734375, 0.2267303466796875, -0.367767333984375, 0.722930908203125]
45920, 46.28900146484375, [1000.0, 49.0, 235.0, 111.0, 248.0, 139.0, 130.0, 0.0, 0.0, 1000.0, 0.0, 1000.0, 0.0, 1000.0, 907.0, 999.0, 999.0, 999.0, 999.0, 316.0, 330.0, 0.0, 0.0], [], [-0.9737701416015625, 0.189544677734375, -0.0989990234375, 0.0776824951171875], [], [-0.539276123046875, 0.2263946533203125, -0.3678436279296875, 0.722900390625]
45930, 46.29909896850586, [1000.0, 49.0, 235.0, 111.0, 248.0, 139.0, 130.0, 0.0, 0.0, 1000.0, 0.0, 1000.0, 0.0, 1000.0, 907.0, 999.0, 999.0, 999.0, 999.0, 316.0, 330.0, 0.0, 0.0], [], [-0.9737701416015625, 0.189544677734375, -0.0989990234375, 0.0776824951171875], [], [-0.5394439697265625, 0.2260284423828125, -0.3676300048828125, 0.7230072021484375]
45940, 46.309295654296875, [1000.0, 49.0, 235.0, 111.0, 248.0, 139.0, 130.0, 0.0, 0.0, 1000.0, 0.0, 1000.0, 0.0, 1000.0, 907.0, 999.0, 999.0, 999.0, 999.0, 316.0, 330.0, 0.0, 0.0], [], [-0.9737701416015625, 0.189544677734375, -0.0989990234375, 0.0776824951171875], [], [-0.53955078125, 0.2256927490234375, -0.367706298828125, 0.722991943359375]
45950, 46.31911849975586, [1000.0, 49.0, 235.0, 111.0, 248.0, 139.0, 130.0, 0.0, 0.0, 1000.0, 0.0, 1000.0, 0.0, 1000.0, 907.0, 999.0, 999.0, 999.0, 999.0, 316.0, 330.0, 0.0, 0.0], [], [-0.9737701416015625, 0.189544677734375, -0.0989990234375, 0.0776824951171875], [], [-0.5396728515625, 0.2253875732421875, -0.3675537109375, 0.7230682373046875]
45960, 46.329132080078125, [1000.0, 49.0, 235.0, 111.0, 248.0, 139.0, 130.0, 0.0, 0.0, 1000.0, 0.0, 1000.0, 0.0, 1000.0, 907.0, 999.0, 999.0, 999.0, 999.0, 316.0, 330.0, 0.0, 0.0], [], [-0.9737701416015625, 0.189544677734375, -0.0989990234375, 0.0776824951171875], [], [-0.539398193359375, 0.2259521484375, -0.3675384521484375, 0.723114013671875]
45970, 46.343814849853516, [1000.0, 49.0, 235.0, 111.0, 248.0, 139.0, 130.0, 0.0, 0.0, 1000.0, 0.0, 1000.0, 0.0, 1000.0, 907.0, 999.0, 999.0, 999.0, 999.0, 316.0, 330.0, 0.0, 0.0], [], [-0.9737701416015625, 0.189544677734375, -0.0989990234375, 0.0776824951171875], [], [-0.5395355224609375, 0.2256927490234375, -0.367279052734375, 0.72320556640625]
45980, 46.349063873291016, [1000.0, 49.0, 235.0, 111.0, 248.0, 139.0, 130.0, 0.0, 0.0, 1000.0, 0.0, 1000.0, 0.0, 1000.0, 907.0, 999.0, 999.0, 999.0, 999.0, 316.0, 330.0, 0.0, 0.0], [], [-0.9737701416015625, 0.189544677734375, -0.0989990234375, 0.0776824951171875], [], [-0.5395965576171875, 0.2256317138671875, -0.366790771484375, 0.7234344482421875]
45990, 46.35943603515625, [1000.0, 49.0, 235.0, 111.0, 248.0, 139.0, 130.0, 0.0, 0.0, 1000.0, 0.0, 1000.0, 0.0, 1000.0, 907.0, 999.0, 999.0, 999.0, 999.0, 316.0, 330.0, 0.0, 0.0], [], [-0.9737701416015625, 0.189544677734375, -0.0989990234375, 0.0776824951171875], [], [-0.53936767578125, 0.226043701171875, -0.3671112060546875, 0.7233123779296875]
46000, 46.369102478027344, [1000.0, 49.0, 235.0, 111.0, 248.0, 139.0, 130.0, 0.0, 0.0, 1000.0, 0.0, 1000.0, 0.0, 1000.0, 907.0, 999.0, 999.0, 999.0, 999.0, 316.0, 330.0, 0.0, 0.0], [], [-0.9737701416015625, 0.189544677734375, -0.0989990234375, 0.0776824951171875], [], [-0.5393524169921875, 0.2260894775390625, -0.367401123046875, 0.723175048828125]
46010, 46.379127502441406, [1000.0, 49.0, 235.0, 111.0, 248.0, 139.0, 130.0, 0.0, 0.0, 1000.0, 0.0, 1000.0, 0.0, 1000.0, 907.0, 999.0, 999.0, 999.0, 999.0, 316.0, 330.0, 0.0, 0.0], [], [-0.9737701416015625, 0.189544677734375, -0.0989990234375, 0.0776824951171875], [], [-0.539337158203125, 0.22613525390625, -0.367340087890625, 0.7231903076171875]
46020, 46.38908767700195, [1000.0, 49.0, 235.0, 111.0, 248.0, 139.0, 130.0, 0.0, 0.0, 1000.0, 0.0, 1000.0, 0.0, 1000.0, 907.0, 999.0, 999.0, 999.0, 999.0, 316.0, 330.0, 0.0, 0.0], [], [-0.9737701416015625, 0.189544677734375, -0.0989990234375, 0.0776824951171875], [], [-0.539642333984375, 0.22552490234375, -0.3673248291015625, 0.7231597900390625]
46030, 46.399085998535156, [1000.0, 49.0, 235.0, 111.0, 248.0, 139.0, 130.0, 0.0, 0.0, 1000.0, 0.0, 1000.0, 0.0, 1000.0, 907.0, 999.0, 999.0, 999.0, 999.0, 316.0, 330.0, 0.0, 0.0], [], [-0.9737701416015625, 0.189544677734375, -0.0989990234375, 0.0776824951171875], [], [-0.53973388671875, 0.2253875732421875, -0.3669891357421875, 0.7233123779296875]
46040, 46.40907669067383, [1000.0, 49.0, 235.0, 111.0, 248.0, 139.0, 130.0, 0.0, 0.0, 1000.0, 0.0, 1000.0, 0.0, 1000.0, 907.0, 999.0, 999.0, 999.0, 999.0, 316.0, 330.0, 0.0, 0.0], [], [-0.9737701416015625, 0.189544677734375, -0.0989990234375, 0.0776824951171875], [], [-0.5402374267578125, 0.2242889404296875, -0.3669281005859375, 0.7233123779296875]
46050, 46.41899490356445, [1000.0, 49.0, 235.0, 111.0, 248.0, 139.0, 130.0, 0.0, 0.0, 1000.0, 0.0, 1000.0, 0.0, 1000.0, 907.0, 999.0, 999.0, 999.0, 999.0, 316.0, 330.0, 0.0, 0.0], [], [-0.9737701416015625, 0.189544677734375, -0.0989990234375, 0.0776824951171875], [], [-0.539794921875, 0.2251739501953125, -0.3669891357421875, 0.72332763671875]
46060, 46.429039001464844, [1000.0, 49.0, 235.0, 111.0, 248.0, 139.0, 130.0, 0.0, 0.0, 1000.0, 0.0, 1000.0, 0.0, 1000.0, 907.0, 999.0, 999.0, 999.0, 999.0, 316.0, 330.0, 0.0, 0.0], [], [-0.9737701416015625, 0.189544677734375, -0.0989990234375, 0.0776824951171875], [], [-0.5398101806640625, 0.2252197265625, -0.366485595703125, 0.7235565185546875]
46070, 46.439056396484375, [1000.0, 49.0, 235.0, 111.0, 248.0, 139.0, 130.0, 0.0, 0.0, 1000.0, 0.0, 1000.0, 0.0, 1000.0, 907.0, 999.0, 999.0, 999.0, 999.0, 316.0, 330.0, 0.0, 0.0], [], [-0.9737701416015625, 0.189544677734375, -0.0989990234375, 0.0776824951171875], [], [-0.5390472412109375, 0.226715087890625, -0.367828369140625, 0.722991943359375]
46080, 46.44903564453125, [1000.0, 49.0, 235.0, 111.0, 248.0, 139.0, 130.0, 0.0, 0.0, 1000.0, 0.0, 1000.0, 0.0, 1000.0, 907.0, 999.0, 999.0, 999.0, 999.0, 316.0, 330.0, 0.0, 0.0], [], [-0.9737701416015625, 0.189544677734375, -0.0989990234375, 0.0776824951171875], [], [-0.539459228515625, 0.225860595703125, -0.3674468994140625, 0.7231292724609375]
46090, 46.459110260009766, [1000.0, 49.0, 235.0, 111.0, 248.0, 139.0, 130.0, 0.0, 0.0, 1000.0, 0.0, 1000.0, 0.0, 1000.0, 907.0, 999.0, 999.0, 999.0, 999.0, 316.0, 330.0, 0.0, 0.0], [], [-0.9737701416015625, 0.189544677734375, -0.0989990234375, 0.0776824951171875], [], [-0.5393524169921875, 0.22607421875, -0.3672027587890625, 0.7232666015625]
46100, 46.46910858154297, [1000.0, 49.0, 235.0, 111.0, 248.0, 139.0, 130.0, 0.0, 0.0, 1000.0, 0.0, 1000.0, 0.0, 1000.0, 907.0, 999.0, 999.0, 999.0, 999.0, 316.0, 330.0, 0.0, 0.0], [], [-0.9737701416015625, 0.189544677734375, -0.0989990234375, 0.0776824951171875], [], [-0.5399932861328125, 0.2248687744140625, -0.365875244140625, 0.723846435546875]
46110, 46.47903823852539, [1000.0, 49.0, 235.0, 111.0, 248.0, 139.0, 130.0, 0.0, 0.0, 1000.0, 0.0, 1000.0, 0.0, 1000.0, 907.0, 999.0, 999.0, 999.0, 999.0, 316.0, 330.0, 0.0, 0.0], [], [-0.9737701416015625, 0.189544677734375, -0.0989990234375, 0.0776824951171875], [], [-0.5405120849609375, 0.2237701416015625, -0.3654327392578125, 0.7240142822265625]
46120, 46.48906707763672, [1000.0, 49.0, 235.0, 111.0, 248.0, 139.0, 130.0, 0.0, 0.0, 1000.0, 0.0, 1000.0, 0.0, 1000.0, 907.0, 999.0, 999.0, 999.0, 999.0, 316.0, 330.0, 0.0, 0.0], [], [-0.9737701416015625, 0.189544677734375, -0.0989990234375, 0.0776824951171875], [], [-0.5402679443359375, 0.224365234375, -0.3647918701171875, 0.7243499755859375]
46130, 46.50501251220703, [1000.0, 49.0, 235.0, 111.0, 248.0, 139.0, 130.0, 0.0, 0.0, 1000.0, 0.0, 1000.0, 0.0, 1000.0, 907.0, 999.0, 999.0, 999.0, 999.0, 316.0, 330.0, 0.0, 0.0], [], [-0.9737701416015625, 0.189544677734375, -0.0989990234375, 0.0776824951171875], [], [-0.540191650390625, 0.224517822265625, -0.3644256591796875, 0.7245330810546875]
46140, 46.509132385253906, [1000.0, 49.0, 235.0, 111.0, 248.0, 139.0, 130.0, 0.0, 0.0, 1000.0, 0.0, 1000.0, 0.0, 1000.0, 907.0, 999.0, 999.0, 999.0, 999.0, 316.0, 330.0, 0.0, 0.0], [], [-0.9737701416015625, 0.189544677734375, -0.0989990234375, 0.0776824951171875], [], [-0.5399169921875, 0.225067138671875, -0.3642120361328125, 0.72467041015625]
46150, 46.519100189208984, [1000.0, 49.0, 235.0, 111.0, 248.0, 139.0, 130.0, 0.0, 0.0, 1000.0, 0.0, 1000.0, 0.0, 1000.0, 907.0, 999.0, 999.0, 999.0, 999.0, 316.0, 330.0, 0.0, 0.0], [], [-0.9737701416015625, 0.189544677734375, -0.0989990234375, 0.0776824951171875], [], [-0.5392913818359375, 0.226226806640625, -0.3660736083984375, 0.723846435546875]
46160, 46.5290412902832, [1000.0, 49.0, 235.0, 111.0, 248.0, 139.0, 130.0, 0.0, 0.0, 1000.0, 0.0, 1000.0, 0.0, 1000.0, 907.0, 999.0, 999.0, 999.0, 999.0, 316.0, 330.0, 0.0, 0.0], [], [-0.9737701416015625, 0.189544677734375, -0.0989990234375, 0.0776824951171875], [], [-0.539794921875, 0.22503662109375, -0.3675994873046875, 0.7230682373046875]
46170, 46.5390739440918, [1000.0, 49.0, 235.0, 111.0, 248.0, 139.0, 130.0, 0.0, 0.0, 1000.0, 0.0, 1000.0, 0.0, 1000.0, 907.0, 999.0, 999.0, 999.0, 999.0, 316.0, 330.0, 0.0, 0.0], [], [-0.9737701416015625, 0.189544677734375, -0.0989990234375, 0.0776824951171875], [], [-0.5391998291015625, 0.2262420654296875, -0.3678741455078125, 0.722991943359375]
46180, 46.549110412597656, [1000.0, 49.0, 235.0, 111.0, 248.0, 139.0, 130.0, 0.0, 0.0, 1000.0, 0.0, 1000.0, 0.0, 1000.0, 907.0, 999.0, 999.0, 999.0, 999.0, 316.0, 330.0, 0.0, 0.0], [], [-0.9737701416015625, 0.189544677734375, -0.0989990234375, 0.0776824951171875], [], [-0.5399169921875, 0.224853515625, -0.3665771484375, 0.723541259765625]
46190, 46.559104919433594, [1000.0, 49.0, 235.0, 111.0, 248.0, 139.0, 130.0, 0.0, 0.0, 1000.0, 0.0, 1000.0, 0.0, 1000.0, 907.0, 999.0, 999.0, 999.0, 999.0, 316.0, 330.0, 0.0, 0.0], [], [-0.9737701416015625, 0.189544677734375, -0.0989990234375, 0.0776824951171875], [], [-0.53948974609375, 0.2256622314453125, -0.3670806884765625, 0.723358154296875]
46200, 46.5692253112793, [1000.0, 49.0, 235.0, 111.0, 248.0, 139.0, 130.0, 0.0, 0.0, 1000.0, 0.0, 1000.0, 0.0, 1000.0, 907.0, 999.0, 999.0, 999.0, 999.0, 316.0, 330.0, 0.0, 0.0], [], [-0.9737701416015625, 0.189544677734375, -0.0989990234375, 0.0776824951171875], [], [-0.540557861328125, 0.223602294921875, -0.364898681640625, 0.72430419921875]
46210, 46.57904815673828, [1000.0, 49.0, 235.0, 111.0, 248.0, 139.0, 130.0, 0.0, 0.0, 1000.0, 0.0, 1000.0, 0.0, 1000.0, 907.0, 999.0, 999.0, 999.0, 999.0, 316.0, 330.0, 0.0, 0.0], [], [-0.9737701416015625, 0.189544677734375, -0.0989990234375, 0.0776824951171875], [], [-0.5410003662109375, 0.2226715087890625, -0.3640594482421875, 0.7246856689453125]
46220, 46.58905792236328, [1000.0, 49.0, 235.0, 111.0, 248.0, 139.0, 130.0, 0.0, 0.0, 1000.0, 0.0, 1000.0, 0.0, 1000.0, 907.0, 999.0, 999.0, 999.0, 999.0, 316.0, 330.0, 0.0, 0.0], [], [-0.9737701416015625, 0.189544677734375, -0.0989990234375, 0.0776824951171875], [], [-0.5412750244140625, 0.222137451171875, -0.363006591796875, 0.7251739501953125]
46230, 46.59910583496094, [1000.0, 49.0, 235.0, 111.0, 248.0, 139.0, 130.0, 0.0, 0.0, 1000.0, 0.0, 1000.0, 0.0, 1000.0, 907.0, 999.0, 999.0, 999.0, 999.0, 316.0, 330.0, 0.0, 0.0], [], [-0.9737701416015625, 0.189544677734375, -0.0989990234375, 0.0776824951171875], [], [-0.5399169921875, 0.22491455078125, -0.3641357421875, 0.724761962890625]
46240, 46.61480712890625, [1000.0, 49.0, 235.0, 111.0, 248.0, 139.0, 130.0, 0.0, 0.0, 1000.0, 0.0, 1000.0, 0.0, 1000.0, 907.0, 999.0, 999.0, 999.0, 999.0, 316.0, 330.0, 0.0, 0.0], [], [-0.9737701416015625, 0.189544677734375, -0.0989990234375, 0.0776824951171875], [], [-0.5400238037109375, 0.224761962890625, -0.36309814453125, 0.725250244140625]
46250, 46.61901092529297, [1000.0, 49.0, 235.0, 111.0, 248.0, 139.0, 130.0, 0.0, 0.0, 1000.0, 0.0, 1000.0, 0.0, 1000.0, 907.0, 999.0, 999.0, 999.0, 999.0, 316.0, 330.0, 0.0, 0.0], [], [-0.9737701416015625, 0.189544677734375, -0.0989990234375, 0.0776824951171875], [], [-0.540496826171875, 0.22357177734375, -0.36468505859375, 0.724456787109375]
46260, 46.62904357910156, [1000.0, 49.0, 235.0, 111.0, 248.0, 139.0, 130.0, 0.0, 0.0, 1000.0, 0.0, 1000.0, 0.0, 1000.0, 907.0, 999.0, 999.0, 999.0, 999.0, 316.0, 330.0, 0.0, 0.0], [], [-0.9737701416015625, 0.189544677734375, -0.0989990234375, 0.0776824951171875], [], [-0.54010009765625, 0.22430419921875, -0.3659820556640625, 0.723876953125]
46270, 46.6390495300293, [1000.0, 49.0, 235.0, 111.0, 248.0, 139.0, 130.0, 0.0, 0.0, 1000.0, 0.0, 1000.0, 0.0, 1000.0, 907.0, 999.0, 999.0, 999.0, 999.0, 316.0, 330.0, 0.0, 0.0], [], [-0.9737701416015625, 0.189544677734375, -0.0989990234375, 0.0776824951171875], [], [-0.5399932861328125, 0.2245941162109375, -0.365692138671875, 0.724029541015625]
46280, 46.64910888671875, [1000.0, 49.0, 235.0, 111.0, 248.0, 139.0, 130.0, 0.0, 0.0, 1000.0, 0.0, 1000.0, 0.0, 1000.0, 907.0, 999.0, 999.0, 999.0, 999.0, 316.0, 330.0, 0.0, 0.0], [], [-0.9737701416015625, 0.189544677734375, -0.0989990234375, 0.0776824951171875], [], [-0.53961181640625, 0.2252197265625, -0.3677825927734375, 0.723052978515625]
46290, 46.659088134765625, [1000.0, 49.0, 235.0, 111.0, 248.0, 139.0, 130.0, 0.0, 0.0, 1000.0, 0.0, 1000.0, 0.0, 1000.0, 907.0, 999.0, 999.0, 999.0, 999.0, 316.0, 330.0, 0.0, 0.0], [], [-0.9737701416015625, 0.189544677734375, -0.0989990234375, 0.0776824951171875], [], [-0.539520263671875, 0.2255859375, -0.3665924072265625, 0.723602294921875]
46300, 46.66902542114258, [1000.0, 49.0, 235.0, 111.0, 248.0, 139.0, 130.0, 0.0, 0.0, 1000.0, 0.0, 1000.0, 0.0, 1000.0, 907.0, 999.0, 999.0, 999.0, 999.0, 316.0, 330.0, 0.0, 0.0], [], [-0.9737701416015625, 0.189544677734375, -0.0989990234375, 0.0776824951171875], [], [-0.5406341552734375, 0.223358154296875, -0.36602783203125, 0.7237548828125]
46310, 46.67904281616211, [1000.0, 49.0, 235.0, 111.0, 248.0, 139.0, 130.0, 0.0, 0.0, 1000.0, 0.0, 1000.0, 0.0, 1000.0, 907.0, 999.0, 999.0, 999.0, 999.0, 316.0, 330.0, 0.0, 0.0], [], [-0.9737701416015625, 0.189544677734375, -0.0989990234375, 0.0776824951171875], [], [-0.540679931640625, 0.223236083984375, -0.3668060302734375, 0.723358154296875]
46320, 46.68928146362305, [1000.0, 49.0, 235.0, 111.0, 248.0, 139.0, 130.0, 0.0, 0.0, 1000.0, 0.0, 1000.0, 0.0, 1000.0, 907.0, 999.0, 999.0, 999.0, 999.0, 316.0, 330.0, 0.0, 0.0], [], [-0.9737701416015625, 0.189544677734375, -0.0989990234375, 0.0776824951171875], [], [-0.5408782958984375, 0.222747802734375, -0.3678741455078125, 0.7228240966796875]
46330, 46.699337005615234, [1000.0, 49.0, 235.0, 111.0, 248.0, 139.0, 130.0, 0.0, 0.0, 1000.0, 0.0, 1000.0, 0.0, 1000.0, 907.0, 999.0, 999.0, 999.0, 999.0, 316.0, 330.0, 0.0, 0.0], [], [-0.9737701416015625, 0.189544677734375, -0.0989990234375, 0.0776824951171875], [], [-0.54217529296875, 0.2200927734375, -0.36688232421875, 0.723175048828125]
46340, 46.709293365478516, [1000.0, 49.0, 235.0, 111.0, 248.0, 139.0, 130.0, 0.0, 0.0, 1000.0, 0.0, 1000.0, 0.0, 1000.0, 907.0, 999.0, 999.0, 999.0, 999.0, 316.0, 330.0, 0.0, 0.0], [], [-0.9737701416015625, 0.189544677734375, -0.0989990234375, 0.0776824951171875], [], [-0.5421600341796875, 0.2201080322265625, -0.3667755126953125, 0.723236083984375]
46350, 46.720157623291016, [1000.0, 49.0, 235.0, 111.0, 248.0, 139.0, 130.0, 0.0, 0.0, 1000.0, 0.0, 1000.0, 0.0, 1000.0, 907.0, 999.0, 999.0, 999.0, 999.0, 316.0, 330.0, 0.0, 0.0], [], [-0.9737701416015625, 0.189544677734375, -0.0989990234375, 0.0776824951171875], [], [-0.5420989990234375, 0.2202301025390625, -0.36669921875, 0.7232818603515625]
46360, 46.72932815551758, [1000.0, 49.0, 235.0, 111.0, 248.0, 139.0, 130.0, 0.0, 0.0, 1000.0, 0.0, 1000.0, 0.0, 1000.0, 907.0, 999.0, 999.0, 999.0, 999.0, 316.0, 330.0, 0.0, 0.0], [], [-0.9737701416015625, 0.189544677734375, -0.0989990234375, 0.0776824951171875], [], [-0.542022705078125, 0.220428466796875, -0.3666839599609375, 0.7232818603515625]
46370, 46.73914337158203, [1000.0, 49.0, 235.0, 111.0, 248.0, 139.0, 130.0, 0.0, 0.0, 1000.0, 0.0, 1000.0, 0.0, 1000.0, 907.0, 999.0, 999.0, 999.0, 999.0, 316.0, 330.0, 0.0, 0.0], [], [-0.9737701416015625, 0.189544677734375, -0.0989990234375, 0.0776824951171875], [], [-0.541961669921875, 0.2205810546875, -0.366668701171875, 0.723297119140625]
