5210, 5.318918228149414, [1000.0, 49.0, 235.0, 111.0, 248.0, 139.0, 130.0, 0.0, 0.0, 1000.0, 0.0, 1000.0, 0.0, 1000.0, 907.0, 999.0, 999.0, 999.0, 999.0, 316.0, 330.0, 0.0, 0.0], [], [-0.9737701416015625, 0.189544677734375, -0.0989990234375, 0.0776824951171875], [], [-0.503326416015625, 0.15203857421875, -0.25274658203125, 0.8121795654296875]
5220, 5.3293657302856445, [1000.0, 49.0, 235.0, 111.0, 248.0, 139.0, 130.0, 0.0, 0.0, 1000.0, 0.0, 1000.0, 0.0, 1000.0, 907.0, 999.0, 999.0, 999.0, 999.0, 316.0, 330.0, 0.0, 0.0], [], [-0.9737701416015625, 0.189544677734375, -0.0989990234375, 0.0776824951171875], [], [-0.503143310546875, 0.152679443359375, -0.2521514892578125, 0.812347412109375]
5230, 5.339210510253906, [1000.0, 49.0, 235.0, 111.0, 248.0, 139.0, 130.0, 0.0, 0.0, 1000.0, 0.0, 1000.0, 0.0, 1000.0, 907.0, 999.0, 999.0, 999.0, 999.0, 316.0, 330.0, 0.0, 0.0], [], [-0.9737701416015625, 0.189544677734375, -0.0989990234375, 0.0776824951171875], [], [-0.5030517578125, 0.1533660888671875, -0.255828857421875, 0.8111419677734375]
5240, 5.34935188293457, [1000.0, 49.0, 235.0, 111.0, 248.0, 139.0, 130.0, 0.0, 0.0, 1000.0, 0.0, 1000.0, 0.0, 1000.0, 907.0, 999.0, 999.0, 999.0, 999.0, 316.0, 330.0, 0.0, 0.0], [], [-0.9737701416015625, 0.189544677734375, -0.0989990234375, 0.0776824951171875], [], [-0.503082275390625, 0.153656005859375, -0.2541961669921875, 0.8115692138671875]
5250, 5.3594465255737305, [1000.0, 49.0, 235.0, 111.0, 248.0, 139.0, 130.0, 0.0, 0.0, 1000.0, 0.0, 1000.0, 0.0, 1000.0, 907.0, 999.0, 999.0, 999.0, 999.0, 316.0, 330.0, 0.0, 0.0], [], [-0.9737701416015625, 0.189544677734375, -0.0989990234375, 0.0776824951171875], [], [-0.503082275390625, 0.15411376953125, -0.25537109375, 0.811126708984375]
5260, 5.369182109832764, [1000.0, 49.0, 235.0, 111.0, 248.0, 139.0, 130.0, 0.0, 0.0, 1000.0, 0.0, 1000.0, 0.0, 1000.0, 907.0, 999.0, 999.0, 999.0, 999.0, 316.0, 330.0, 0.0, 0.0], [], [-0.9737701416015625, 0.189544677734375, -0.0989990234375, 0.0776824951171875], [], [-0.5036163330078125, 0.152862548828125, -0.253631591796875, 0.8115692138671875]
5270, 5.3791656494140625, [1000.0, 49.0, 235.0, 111.0, 248.0, 139.0, 130.0, 0.0, 0.0, 1000.0, 0.0, 1000.0, 0.0, 1000.0, 907.0, 999.0, 999.0, 999.0, 999.0, 316.0, 330.0, 0.0, 0.0], [], [-0.9737701416015625, 0.189544677734375, -0.0989990234375, 0.0776824951171875], [], [-0.50341796875, 0.15411376953125, -0.25360107421875, 0.8114776611328125]
5280, 5.389276504516602, [1000.0, 49.0, 235.0, 111.0, 248.0, 139.0, 130.0, 0.0, 0.0, 1000.0, 0.0, 1000.0, 0.0, 1000.0, 907.0, 999.0, 999.0, 999.0, 999.0, 316.0, 330.0, 0.0, 0.0], [], [-0.9737701416015625, 0.189544677734375, -0.0989990234375, 0.0776824951171875], [], [-0.5037994384765625, 0.1534271240234375, -0.254791259765625, 0.8109893798828125]
5290, 5.3992390632629395, [1000.0, 49.0, 235.0, 111.0, 248.0, 139.0, 130.0, 0.0, 0.0, 1000.0, 0.0, 1000.0, 0.0, 1000.0, 907.0, 999.0, 999.0, 999.0, 999.0, 316.0, 330.0, 0.0, 0.0], [], [-0.9737701416015625, 0.189544677734375, -0.0989990234375, 0.0776824951171875], [], [-0.50408935546875, 0.1531219482421875, -0.2545623779296875, 0.8109283447265625]
5300, 5.409210681915283, [1000.0, 49.0, 235.0, 111.0, 248.0, 139.0, 130.0, 0.0, 0.0, 1000.0, 0.0, 1000.0, 0.0, 1000.0, 907.0, 999.0, 999.0, 999.0, 999.0, 316.0, 330.0, 0.0, 0.0], [], [-0.9737701416015625, 0.189544677734375, -0.0989990234375, 0.0776824951171875], [], [-0.5047607421875, 0.151580810546875, -0.2564697265625, 0.810211181640625]
5310, 5.419116973876953, [1000.0, 49.0, 235.0, 111.0, 248.0, 139.0, 130.0, 0.0, 0.0, 1000.0, 0.0, 1000.0, 0.0, 1000.0, 907.0, 999.0, 999.0, 999.0, 999.0, 316.0, 330.0, 0.0, 0.0], [], [-0.9737701416015625, 0.189544677734375, -0.0989990234375, 0.0776824951171875], [], [-0.5042572021484375, 0.1539306640625, -0.2543182373046875, 0.810760498046875]
5320, 5.429906845092773, [1000.0, 49.0, 235.0, 111.0, 248.0, 139.0, 130.0, 0.0, 0.0, 1000.0, 0.0, 1000.0, 0.0, 1000.0, 907.0, 999.0, 999.0, 999.0, 999.0, 316.0, 330.0, 0.0, 0.0], [], [-0.9737701416015625, 0.189544677734375, -0.0989990234375, 0.0776824951171875], [], [-0.5044708251953125, 0.154083251953125, -0.2552642822265625, 0.810302734375]
5330, 5.439347267150879, [1000.0, 49.0, 235.0, 111.0, 248.0, 139.0, 130.0, 0.0, 0.0, 1000.0, 0.0, 1000.0, 0.0, 1000.0, 907.0, 999.0, 999.0, 999.0, 999.0, 316.0, 330.0, 0.0, 0.0], [], [-0.9737701416015625, 0.189544677734375, -0.0989990234375, 0.0776824951171875], [], [-0.5049896240234375, 0.1531829833984375, -0.2525177001953125, 0.811004638671875]
5340, 5.449242115020752, [1000.0, 49.0, 235.0, 111.0, 248.0, 139.0, 130.0, 0.0, 0.0, 1000.0, 0.0, 1000.0, 0.0, 1000.0, 907.0, 999.0, 999.0, 999.0, 999.0, 316.0, 330.0, 0.0, 0.0], [], [-0.9737701416015625, 0.189544677734375, -0.0989990234375, 0.0776824951171875], [], [-0.5055084228515625, 0.1522216796875, -0.248687744140625, 0.812042236328125]
5350, 5.459292888641357, [1000.0, 49.0, 235.0, 111.0, 248.0, 139.0, 130.0, 0.0, 0.0, 1000.0, 0.0, 1000.0, 0.0, 1000.0, 907.0, 999.0, 999.0, 999.0, 999.0, 316.0, 330.0, 0.0, 0.0], [], [-0.9737701416015625, 0.189544677734375, -0.0989990234375, 0.0776824951171875], [], [-0.5050811767578125, 0.1541595458984375, -0.251007080078125, 0.8112335205078125]
5360, 5.46925163269043, [1000.0, 49.0, 235.0, 111.0, 248.0, 139.0, 130.0, 0.0, 0.0, 1000.0, 0.0, 1000.0, 0.0, 1000.0, 907.0, 999.0, 999.0, 999.0, 999.0, 316.0, 330.0, 0.0, 0.0], [], [-0.9737701416015625, 0.189544677734375, -0.0989990234375, 0.0776824951171875], [], [-0.504852294921875, 0.1553192138671875, -0.25323486328125, 0.810455322265625]
5370, 5.479174613952637, [1000.0, 49.0, 235.0, 111.0, 248.0, 139.0, 130.0, 0.0, 0.0, 1000.0, 0.0, 1000.0, 0.0, 1000.0, 907.0, 999.0, 999.0, 999.0, 999.0, 316.0, 330.0, 0.0, 0.0], [], [-0.9737701416015625, 0.189544677734375, -0.0989990234375, 0.0776824951171875], [], [-0.5053253173828125, 0.1541290283203125, -0.251739501953125, 0.81085205078125]
5380, 5.489323616027832, [1000.0, 49.0, 235.0, 111.0, 248.0, 139.0, 130.0, 0.0, 0.0, 1000.0, 0.0, 1000.0, 0.0, 1000.0, 907.0, 999.0, 999.0, 999.0, 999.0, 316.0, 330.0, 0.0, 0.0], [], [-0.9737701416015625, 0.189544677734375, -0.0989990234375, 0.0776824951171875], [], [-0.504913330078125, 0.1556549072265625, -0.2524261474609375, 0.81060791015625]
5390, 5.499248027801514, [1000.0, 49.0, 235.0, 111.0, 248.0, 139.0, 130.0, 0.0, 0.0, 1000.0, 0.0, 1000.0, 0.0, 1000.0, 907.0, 999.0, 999.0, 999.0, 999.0, 316.0, 330.0, 0.0, 0.0], [], [-0.9737701416015625, 0.189544677734375, -0.0989990234375, 0.0776824951171875], [], [-0.5049896240234375, 0.1555328369140625, -0.2542572021484375, 0.8100128173828125]
5400, 5.509148597717285, [1000.0, 49.0, 235.0, 111.0, 248.0, 139.0, 130.0, 0.0, 0.0, 1000.0, 0.0, 1000.0, 0.0, 1000.0, 907.0, 999.0, 999.0, 999.0, 999.0, 316.0, 330.0, 0.0, 0.0], [], [-0.9737701416015625, 0.189544677734375, -0.0989990234375, 0.0776824951171875], [], [-0.5051116943359375, 0.1551361083984375, -0.2525482177734375, 0.810546875]
5410, 5.519272804260254, [1000.0, 49.0, 235.0, 111.0, 248.0, 139.0, 130.0, 0.0, 0.0, 1000.0, 0.0, 1000.0, 0.0, 1000.0, 907.0, 999.0, 999.0, 999.0, 999.0, 316.0, 330.0, 0.0, 0.0], [], [-0.9737701416015625, 0.189544677734375, -0.0989990234375, 0.0776824951171875], [], [-0.5057525634765625, 0.1529998779296875, -0.25274658203125, 0.81048583984375]
5420, 5.529229640960693, [1000.0, 49.0, 235.0, 111.0, 248.0, 139.0, 130.0, 0.0, 0.0, 1000.0, 0.0, 1000.0, 0.0, 1000.0, 907.0, 999.0, 999.0, 999.0, 999.0, 316.0, 330.0, 0.0, 0.0], [], [-0.9737701416015625, 0.189544677734375, -0.0989990234375, 0.0776824951171875], [], [-0.5051422119140625, 0.154998779296875, -0.2513885498046875, 0.8109283447265625]
5430, 5.5393218994140625, [1000.0, 49.0, 235.0, 111.0, 248.0, 139.0, 130.0, 0.0, 0.0, 1000.0, 0.0, 1000.0, 0.0, 1000.0, 907.0, 999.0, 999.0, 999.0, 999.0, 316.0, 330.0, 0.0, 0.0], [], [-0.9737701416015625, 0.189544677734375, -0.0989990234375, 0.0776824951171875], [], [-0.504425048828125, 0.15728759765625, -0.251983642578125, 0.81072998046875]
5440, 5.549272537231445, [1000.0, 49.0, 235.0, 111.0, 248.0, 139.0, 130.0, 0.0, 0.0, 1000.0, 0.0, 1000.0, 0.0, 1000.0, 907.0, 999.0, 999.0, 999.0, 999.0, 316.0, 330.0, 0.0, 0.0], [], [-0.9737701416015625, 0.189544677734375, -0.0989990234375, 0.0776824951171875], [], [-0.5044097900390625, 0.1572723388671875, -0.25201416015625, 0.81072998046875]
5450, 5.55933952331543, [1000.0, 49.0, 235.0, 111.0, 248.0, 139.0, 130.0, 0.0, 0.0, 1000.0, 0.0, 1000.0, 0.0, 1000.0, 907.0, 999.0, 999.0, 999.0, 999.0, 316.0, 330.0, 0.0, 0.0], [], [-0.9737701416015625, 0.189544677734375, -0.0989990234375, 0.0776824951171875], [], [-0.504425048828125, 0.157257080078125, -0.2520751953125, 0.8107147216796875]
5460, 5.569252967834473, [1000.0, 49.0, 235.0, 111.0, 248.0, 139.0, 130.0, 0.0, 0.0, 1000.0, 0.0, 1000.0, 0.0, 1000.0, 907.0, 999.0, 999.0, 999.0, 999.0, 316.0, 330.0, 0.0, 0.0], [], [-0.9737701416015625, 0.189544677734375, -0.0989990234375, 0.0776824951171875], [], [-0.5044708251953125, 0.1572265625, -0.252044677734375, 0.8107147216796875]
5470, 5.579170227050781, [1000.0, 49.0, 235.0, 111.0, 248.0, 139.0, 130.0, 0.0, 0.0, 1000.0, 0.0, 1000.0, 0.0, 1000.0, 907.0, 999.0, 999.0, 999.0, 999.0, 316.0, 330.0, 0.0, 0.0], [], [-0.9737701416015625, 0.189544677734375, -0.0989990234375, 0.0776824951171875], [], [-0.5045623779296875, 0.156982421875, -0.2522735595703125, 0.8106231689453125]
5480, 5.592044830322266, [1000.0, 49.0, 235.0, 111.0, 248.0, 139.0, 130.0, 0.0, 0.0, 1000.0, 0.0, 1000.0, 0.0, 1000.0, 907.0, 999.0, 999.0, 999.0, 999.0, 316.0, 330.0, 0.0, 0.0], [], [-0.9737701416015625, 0.189544677734375, -0.0989990234375, 0.0776824951171875], [], [-0.5046539306640625, 0.1568145751953125, -0.2523193359375, 0.810577392578125]
5490, 5.599185943603516, [1000.0, 49.0, 235.0, 111.0, 248.0, 139.0, 130.0, 0.0, 0.0, 1000.0, 0.0, 1000.0, 0.0, 1000.0, 907.0, 999.0, 999.0, 999.0, 999.0, 316.0, 330.0, 0.0, 0.0], [], [-0.9737701416015625, 0.189544677734375, -0.0989990234375, 0.0776824951171875], [], [-0.5047607421875, 0.156494140625, -0.2523040771484375, 0.810577392578125]
5500, 5.609149932861328, [1000.0, 49.0, 235.0, 111.0, 248.0, 139.0, 130.0, 0.0, 0.0, 1000.0, 0.0, 1000.0, 0.0, 1000.0, 907.0, 999.0, 999.0, 999.0, 999.0, 316.0, 330.0, 0.0, 0.0], [], [-0.9737701416015625, 0.189544677734375, -0.0989990234375, 0.0776824951171875], [], [-0.5047607421875, 0.1565399169921875, -0.252532958984375, 0.8105010986328125]
5510, 5.6193718910217285, [1000.0, 49.0, 235.0, 111.0, 248.0, 139.0, 130.0, 0.0, 0.0, 1000.0, 0.0, 1000.0, 0.0, 1000.0, 907.0, 999.0, 999.0, 999.0, 999.0, 316.0, 330.0, 0.0, 0.0], [], [-0.9737701416015625, 0.189544677734375, -0.0989990234375, 0.0776824951171875], [], [-0.5050048828125, 0.15570068359375, -0.25244140625, 0.8105316162109375]
5520, 5.629218101501465, [1000.0, 49.0, 235.0, 111.0, 248.0, 139.0, 130.0, 0.0, 0.0, 1000.0, 0.0, 1000.0, 0.0, 1000.0, 907.0, 999.0, 999.0, 999.0, 999.0, 316.0, 330.0, 0.0, 0.0], [], [-0.9737701416015625, 0.189544677734375, -0.0989990234375, 0.0776824951171875], [], [-0.50494384765625, 0.1558990478515625, -0.252288818359375, 0.810577392578125]
5530, 5.639347076416016, [1000.0, 49.0, 235.0, 111.0, 248.0, 139.0, 130.0, 0.0, 0.0, 1000.0, 0.0, 1000.0, 0.0, 1000.0, 907.0, 999.0, 999.0, 999.0, 999.0, 316.0, 330.0, 0.0, 0.0], [], [-0.9737701416015625, 0.189544677734375, -0.0989990234375, 0.0776824951171875], [], [-0.5051116943359375, 0.155364990234375, -0.2523956298828125, 0.810546875]
5540, 5.649048805236816, [1000.0, 49.0, 235.0, 111.0, 248.0, 139.0, 130.0, 0.0, 0.0, 1000.0, 0.0, 1000.0, 0.0, 1000.0, 907.0, 999.0, 999.0, 999.0, 999.0, 316.0, 330.0, 0.0, 0.0], [], [-0.9737701416015625, 0.189544677734375, -0.0989990234375, 0.0776824951171875], [], [-0.505035400390625, 0.1555633544921875, -0.253021240234375, 0.81036376953125]
5550, 5.659354209899902, [1000.0, 49.0, 235.0, 111.0, 248.0, 139.0, 130.0, 0.0, 0.0, 1000.0, 0.0, 1000.0, 0.0, 1000.0, 907.0, 999.0, 999.0, 999.0, 999.0, 316.0, 330.0, 0.0, 0.0], [], [-0.9737701416015625, 0.189544677734375, -0.0989990234375, 0.0776824951171875], [], [-0.5049896240234375, 0.155609130859375, -0.253692626953125, 0.8101806640625]
5560, 5.669249534606934, [1000.0, 49.0, 235.0, 111.0, 248.0, 139.0, 130.0, 0.0, 0.0, 1000.0, 0.0, 1000.0, 0.0, 1000.0, 907.0, 999.0, 999.0, 999.0, 999.0, 316.0, 330.0, 0.0, 0.0], [], [-0.9737701416015625, 0.189544677734375, -0.0989990234375, 0.0776824951171875], [], [-0.5050811767578125, 0.1551971435546875, -0.253662109375, 0.810211181640625]
5570, 5.67916202545166, [1000.0, 49.0, 235.0, 111.0, 248.0, 139.0, 130.0, 0.0, 0.0, 1000.0, 0.0, 1000.0, 0.0, 1000.0, 907.0, 999.0, 999.0, 999.0, 999.0, 316.0, 330.0, 0.0, 0.0], [], [-0.9737701416015625, 0.189544677734375, -0.0989990234375, 0.0776824951171875], [], [-0.5050048828125, 0.1553955078125, -0.254119873046875, 0.8100738525390625]
5580, 5.689294815063477, [1000.0, 49.0, 235.0, 111.0, 248.0, 139.0, 130.0, 0.0, 0.0, 1000.0, 0.0, 1000.0, 0.0, 1000.0, 907.0, 999.0, 999.0, 999.0, 999.0, 316.0, 330.0, 0.0, 0.0], [], [-0.9737701416015625, 0.189544677734375, -0.0989990234375, 0.0776824951171875], [], [-0.5052032470703125, 0.15472412109375, -0.253143310546875, 0.8103790283203125]
5590, 5.701403617858887, [1000.0, 49.0, 235.0, 111.0, 248.0, 139.0, 130.0, 0.0, 0.0, 1000.0, 0.0, 1000.0, 0.0, 1000.0, 907.0, 999.0, 999.0, 999.0, 999.0, 316.0, 330.0, 0.0, 0.0], [], [-0.9737701416015625, 0.189544677734375, -0.0989990234375, 0.0776824951171875], [], [-0.5054779052734375, 0.1538543701171875, -0.25311279296875, 0.810394287109375]
5600, 5.709213733673096, [1000.0, 49.0, 235.0, 111.0, 248.0, 139.0, 130.0, 0.0, 0.0, 1000.0, 0.0, 1000.0, 0.0, 1000.0, 907.0, 999.0, 999.0, 999.0, 999.0, 316.0, 330.0, 0.0, 0.0], [], [-0.9737701416015625, 0.189544677734375, -0.0989990234375, 0.0776824951171875], [], [-0.5055999755859375, 0.1534271240234375, -0.2534637451171875, 0.8102874755859375]
5610, 5.719405651092529, [1000.0, 49.0, 235.0, 111.0, 248.0, 139.0, 130.0, 0.0, 0.0, 1000.0, 0.0, 1000.0, 0.0, 1000.0, 907.0, 999.0, 999.0, 999.0, 999.0, 316.0, 330.0, 0.0, 0.0], [], [-0.9737701416015625, 0.189544677734375, -0.0989990234375, 0.0776824951171875], [], [-0.5054779052734375, 0.153839111328125, -0.2536773681640625, 0.8102264404296875]
5620, 5.7292280197143555, [1000.0, 49.0, 235.0, 111.0, 248.0, 139.0, 130.0, 0.0, 0.0, 1000.0, 0.0, 1000.0, 0.0, 1000.0, 907.0, 999.0, 999.0, 999.0, 999.0, 316.0, 330.0, 0.0, 0.0], [], [-0.9737701416015625, 0.189544677734375, -0.0989990234375, 0.0776824951171875], [], [-0.50543212890625, 0.153961181640625, -0.2547149658203125, 0.8098907470703125]
5630, 5.739207744598389, [1000.0, 49.0, 235.0, 111.0, 248.0, 139.0, 130.0, 0.0, 0.0, 1000.0, 0.0, 1000.0, 0.0, 1000.0, 907.0, 999.0, 999.0, 999.0, 999.0, 316.0, 330.0, 0.0, 0.0], [], [-0.9737701416015625, 0.189544677734375, -0.0989990234375, 0.0776824951171875], [], [-0.505096435546875, 0.1549835205078125, -0.2555084228515625, 0.809661865234375]
5640, 5.749264240264893, [1000.0, 49.0, 235.0, 111.0, 248.0, 139.0, 130.0, 0.0, 0.0, 1000.0, 0.0, 1000.0, 0.0, 1000.0, 907.0, 999.0, 999.0, 999.0, 999.0, 316.0, 330.0, 0.0, 0.0], [], [-0.9737701416015625, 0.189544677734375, -0.0989990234375, 0.0776824951171875], [], [-0.5051422119140625, 0.1547698974609375, -0.2554168701171875, 0.8097076416015625]
5650, 5.75933837890625, [1000.0, 49.0, 235.0, 111.0, 248.0, 139.0, 130.0, 0.0, 0.0, 1000.0, 0.0, 1000.0, 0.0, 1000.0, 907.0, 999.0, 999.0, 999.0, 999.0, 316.0, 330.0, 0.0, 0.0], [], [-0.9737701416015625, 0.189544677734375, -0.0989990234375, 0.0776824951171875], [], [-0.505279541015625, 0.154327392578125, -0.2549896240234375, 0.8098297119140625]
5660, 5.769174575805664, [1000.0, 49.0, 235.0, 111.0, 248.0, 139.0, 130.0, 0.0, 0.0, 1000.0, 0.0, 1000.0, 0.0, 1000.0, 907.0, 999.0, 999.0, 999.0, 999.0, 316.0, 330.0, 0.0, 0.0], [], [-0.9737701416015625, 0.189544677734375, -0.0989990234375, 0.0776824951171875], [], [-0.50506591796875, 0.154998779296875, -0.254974365234375, 0.809844970703125]
5670, 5.779348850250244, [1000.0, 49.0, 235.0, 111.0, 248.0, 139.0, 130.0, 0.0, 0.0, 1000.0, 0.0, 1000.0, 0.0, 1000.0, 907.0, 999.0, 999.0, 999.0, 999.0, 316.0, 330.0, 0.0, 0.0], [], [-0.9737701416015625, 0.189544677734375, -0.0989990234375, 0.0776824951171875], [], [-0.505462646484375, 0.1537017822265625, -0.2548065185546875, 0.809906005859375]
5680, 5.7893877029418945, [1000.0, 49.0, 235.0, 111.0, 248.0, 139.0, 130.0, 0.0, 0.0, 1000.0, 0.0, 1000.0, 0.0, 1000.0, 907.0, 999.0, 999.0, 999.0, 999.0, 316.0, 330.0, 0.0, 0.0], [], [-0.9737701416015625, 0.189544677734375, -0.0989990234375, 0.0776824951171875], [], [-0.5056304931640625, 0.153167724609375, -0.2535858154296875, 0.810272216796875]
5690, 5.799317359924316, [1000.0, 49.0, 235.0, 111.0, 248.0, 139.0, 130.0, 0.0, 0.0, 1000.0, 0.0, 1000.0, 0.0, 1000.0, 907.0, 999.0, 999.0, 999.0, 999.0, 316.0, 330.0, 0.0, 0.0], [], [-0.9737701416015625, 0.189544677734375, -0.0989990234375, 0.0776824951171875], [], [-0.5053558349609375, 0.1540374755859375, -0.2553863525390625, 0.8097076416015625]
5700, 5.809233665466309, [1000.0, 49.0, 235.0, 111.0, 248.0, 139.0, 130.0, 0.0, 0.0, 1000.0, 0.0, 1000.0, 0.0, 1000.0, 907.0, 999.0, 999.0, 999.0, 999.0, 316.0, 330.0, 0.0, 0.0], [], [-0.9737701416015625, 0.189544677734375, -0.0989990234375, 0.0776824951171875], [], [-0.5052947998046875, 0.15423583984375, -0.2552032470703125, 0.8097686767578125]
5710, 5.819416046142578, [1000.0, 49.0, 235.0, 111.0, 248.0, 139.0, 130.0, 0.0, 0.0, 1000.0, 0.0, 1000.0, 0.0, 1000.0, 907.0, 999.0, 999.0, 999.0, 999.0, 316.0, 330.0, 0.0, 0.0], [], [-0.9737701416015625, 0.189544677734375, -0.0989990234375, 0.0776824951171875], [], [-0.5052337646484375, 0.1544342041015625, -0.25604248046875, 0.80950927734375]
5720, 5.8292341232299805, [1000.0, 49.0, 235.0, 111.0, 248.0, 139.0, 130.0, 0.0, 0.0, 1000.0, 0.0, 1000.0, 0.0, 1000.0, 907.0, 999.0, 999.0, 999.0, 999.0, 316.0, 330.0, 0.0, 0.0], [], [-0.9737701416015625, 0.189544677734375, -0.0989990234375, 0.0776824951171875], [], [-0.50518798828125, 0.154571533203125, -0.256072998046875, 0.8094940185546875]
5730, 5.839288234710693, [1000.0, 49.0, 235.0, 111.0, 248.0, 139.0, 130.0, 0.0, 0.0, 1000.0, 0.0, 1000.0, 0.0, 1000.0, 907.0, 999.0, 999.0, 999.0, 999.0, 316.0, 330.0, 0.0, 0.0], [], [-0.9737701416015625, 0.189544677734375, -0.0989990234375, 0.0776824951171875], [], [-0.5050201416015625, 0.155029296875, -0.256134033203125, 0.8094940185546875]
5740, 5.849333763122559, [1000.0, 49.0, 235.0, 111.0, 248.0, 139.0, 130.0, 0.0, 0.0, 1000.0, 0.0, 1000.0, 0.0, 1000.0, 907.0, 999.0, 999.0, 999.0, 999.0, 316.0, 330.0, 0.0, 0.0], [], [-0.9737701416015625, 0.189544677734375, -0.0989990234375, 0.0776824951171875], [], [-0.5050811767578125, 0.1548004150390625, -0.255706787109375, 0.8096466064453125]
5750, 5.863735198974609, [1000.0, 49.0, 235.0, 111.0, 248.0, 139.0, 130.0, 0.0, 0.0, 1000.0, 0.0, 1000.0, 0.0, 1000.0, 907.0, 999.0, 999.0, 999.0, 999.0, 316.0, 330.0, 0.0, 0.0], [], [-0.9737701416015625, 0.189544677734375, -0.0989990234375, 0.0776824951171875], [], [-0.5052032470703125, 0.1544189453125, -0.254486083984375, 0.810028076171875]
5760, 5.869431972503662, [1000.0, 49.0, 235.0, 111.0, 248.0, 139.0, 130.0, 0.0, 0.0, 1000.0, 0.0, 1000.0, 0.0, 1000.0, 907.0, 999.0, 999.0, 999.0, 999.0, 316.0, 330.0, 0.0, 0.0], [], [-0.9737701416015625, 0.189544677734375, -0.0989990234375, 0.0776824951171875], [], [-0.5050048828125, 0.1550750732421875, -0.2546234130859375, 0.8099822998046875]
5770, 5.879108905792236, [1000.0, 49.0, 235.0, 111.0, 248.0, 139.0, 130.0, 0.0, 0.0, 1000.0, 0.0, 1000.0, 0.0, 1000.0, 907.0, 999.0, 999.0, 999.0, 999.0, 316.0, 330.0, 0.0, 0.0], [], [-0.9737701416015625, 0.189544677734375, -0.0989990234375, 0.0776824951171875], [], [-0.50518798828125, 0.1544342041015625, -0.2539215087890625, 0.8101959228515625]
5780, 5.889228820800781, [1000.0, 49.0, 235.0, 111.0, 248.0, 139.0, 130.0, 0.0, 0.0, 1000.0, 0.0, 1000.0, 0.0, 1000.0, 907.0, 999.0, 999.0, 999.0, 999.0, 316.0, 330.0, 0.0, 0.0], [], [-0.9737701416015625, 0.189544677734375, -0.0989990234375, 0.0776824951171875], [], [-0.50494384765625, 0.1552276611328125, -0.2538604736328125, 0.8102264404296875]
5790, 5.899094104766846, [1000.0, 49.0, 235.0, 111.0, 248.0, 139.0, 130.0, 0.0, 0.0, 1000.0, 0.0, 1000.0, 0.0, 1000.0, 907.0, 999.0, 999.0, 999.0, 999.0, 316.0, 330.0, 0.0, 0.0], [], [-0.9737701416015625, 0.189544677734375, -0.0989990234375, 0.0776824951171875], [], [-0.505035400390625, 0.154937744140625, -0.25531005859375, 0.8097686767578125]
5800, 5.909265518188477, [1000.0, 49.0, 235.0, 111.0, 248.0, 139.0, 130.0, 0.0, 0.0, 1000.0, 0.0, 1000.0, 0.0, 1000.0, 907.0, 999.0, 999.0, 999.0, 999.0, 316.0, 330.0, 0.0, 0.0], [], [-0.9737701416015625, 0.189544677734375, -0.0989990234375, 0.0776824951171875], [], [-0.505035400390625, 0.155029296875, -0.2552490234375, 0.8097686767578125]
5810, 5.919082164764404, [1000.0, 49.0, 235.0, 111.0, 248.0, 139.0, 130.0, 0.0, 0.0, 1000.0, 0.0, 1000.0, 0.0, 1000.0, 907.0, 999.0, 999.0, 999.0, 999.0, 316.0, 330.0, 0.0, 0.0], [], [-0.9737701416015625, 0.189544677734375, -0.0989990234375, 0.0776824951171875], [], [-0.5051116943359375, 0.154754638671875, -0.257080078125, 0.8092041015625]
5820, 5.929045677185059, [1000.0, 49.0, 235.0, 111.0, 248.0, 139.0, 130.0, 0.0, 0.0, 1000.0, 0.0, 1000.0, 0.0, 1000.0, 907.0, 999.0, 999.0, 999.0, 999.0, 316.0, 330.0, 0.0, 0.0], [], [-0.9737701416015625, 0.189544677734375, -0.0989990234375, 0.0776824951171875], [], [-0.505157470703125, 0.15447998046875, -0.2613677978515625, 0.8078460693359375]
5830, 5.939035415649414, [1000.0, 49.0, 235.0, 111.0, 248.0, 139.0, 130.0, 0.0, 0.0, 1000.0, 0.0, 1000.0, 0.0, 1000.0, 907.0, 999.0, 999.0, 999.0, 999.0, 316.0, 330.0, 0.0, 0.0], [], [-0.9737701416015625, 0.189544677734375, -0.0989990234375, 0.0776824951171875], [], [-0.505523681640625, 0.1532440185546875, -0.2605133056640625, 0.8081207275390625]
5840, 5.949045658111572, [1000.0, 49.0, 235.0, 111.0, 248.0, 139.0, 130.0, 0.0, 0.0, 1000.0, 0.0, 1000.0, 0.0, 1000.0, 907.0, 999.0, 999.0, 999.0, 999.0, 316.0, 330.0, 0.0, 0.0], [], [-0.9737701416015625, 0.189544677734375, -0.0989990234375, 0.0776824951171875], [], [-0.504547119140625, 0.15631103515625, -0.2600250244140625, 0.808319091796875]
5850, 5.9590606689453125, [1000.0, 49.0, 235.0, 111.0, 248.0, 139.0, 130.0, 0.0, 0.0, 1000.0, 0.0, 1000.0, 0.0, 1000.0, 907.0, 999.0, 999.0, 999.0, 999.0, 316.0, 330.0, 0.0, 0.0], [], [-0.9737701416015625, 0.189544677734375, -0.0989990234375, 0.0776824951171875], [], [-0.5050506591796875, 0.1546783447265625, -0.255889892578125, 0.8096160888671875]
5860, 5.972095489501953, [1000.0, 49.0, 235.0, 111.0, 248.0, 139.0, 130.0, 0.0, 0.0, 1000.0, 0.0, 1000.0, 0.0, 1000.0, 907.0, 999.0, 999.0, 999.0, 999.0, 316.0, 330.0, 0.0, 0.0], [], [-0.9737701416015625, 0.189544677734375, -0.0989990234375, 0.0776824951171875], [], [-0.505096435546875, 0.1545257568359375, -0.255401611328125, 0.809783935546875]
5870, 5.979058265686035, [1000.0, 49.0, 235.0, 111.0, 248.0, 139.0, 130.0, 0.0, 0.0, 1000.0, 0.0, 1000.0, 0.0, 1000.0, 907.0, 999.0, 999.0, 999.0, 999.0, 316.0, 330.0, 0.0, 0.0], [], [-0.9737701416015625, 0.189544677734375, -0.0989990234375, 0.0776824951171875], [], [-0.5048828125, 0.1550750732421875, -0.2548828125, 0.809967041015625]
5880, 5.989040374755859, [1000.0, 49.0, 235.0, 111.0, 248.0, 139.0, 130.0, 0.0, 0.0, 1000.0, 0.0, 1000.0, 0.0, 1000.0, 907.0, 999.0, 999.0, 999.0, 999.0, 316.0, 330.0, 0.0, 0.0], [], [-0.9737701416015625, 0.189544677734375, -0.0989990234375, 0.0776824951171875], [], [-0.5047760009765625, 0.155364990234375, -0.2545166015625, 0.810089111328125]
5890, 5.999120235443115, [1000.0, 49.0, 235.0, 111.0, 248.0, 139.0, 130.0, 0.0, 0.0, 1000.0, 0.0, 1000.0, 0.0, 1000.0, 907.0, 999.0, 999.0, 999.0, 999.0, 316.0, 330.0, 0.0, 0.0], [], [-0.9737701416015625, 0.189544677734375, -0.0989990234375, 0.0776824951171875], [], [-0.5048370361328125, 0.155059814453125, -0.256134033203125, 0.8096160888671875]
5900, 6.009054660797119, [1000.0, 49.0, 235.0, 111.0, 248.0, 139.0, 130.0, 0.0, 0.0, 1000.0, 0.0, 1000.0, 0.0, 1000.0, 907.0, 999.0, 999.0, 999.0, 999.0, 316.0, 330.0, 0.0, 0.0], [], [-0.9737701416015625, 0.189544677734375, -0.0989990234375, 0.0776824951171875], [], [-0.5044097900390625, 0.156341552734375, -0.25732421875, 0.8092498779296875]
5910, 6.019121170043945, [1000.0, 49.0, 235.0, 111.0, 248.0, 139.0, 130.0, 0.0, 0.0, 1000.0, 0.0, 1000.0, 0.0, 1000.0, 907.0, 999.0, 999.0, 999.0, 999.0, 316.0, 330.0, 0.0, 0.0], [], [-0.9737701416015625, 0.189544677734375, -0.0989990234375, 0.0776824951171875], [], [-0.503936767578125, 0.15771484375, -0.2592926025390625, 0.80865478515625]
5920, 6.029047012329102, [1000.0, 49.0, 235.0, 111.0, 248.0, 139.0, 130.0, 0.0, 0.0, 1000.0, 0.0, 1000.0, 0.0, 1000.0, 907.0, 999.0, 999.0, 999.0, 999.0, 316.0, 330.0, 0.0, 0.0], [], [-0.9737701416015625, 0.189544677734375, -0.0989990234375, 0.0776824951171875], [], [-0.5041046142578125, 0.1570587158203125, -0.259246826171875, 0.808685302734375]
5930, 6.039048671722412, [1000.0, 49.0, 235.0, 111.0, 248.0, 139.0, 130.0, 0.0, 0.0, 1000.0, 0.0, 1000.0, 0.0, 1000.0, 907.0, 999.0, 999.0, 999.0, 999.0, 316.0, 330.0, 0.0, 0.0], [], [-0.9737701416015625, 0.189544677734375, -0.0989990234375, 0.0776824951171875], [], [-0.5040283203125, 0.157257080078125, -0.256011962890625, 0.809722900390625]
5940, 6.0491228103637695, [1000.0, 49.0, 235.0, 111.0, 248.0, 139.0, 130.0, 0.0, 0.0, 1000.0, 0.0, 1000.0, 0.0, 1000.0, 907.0, 999.0, 999.0, 999.0, 999.0, 316.0, 330.0, 0.0, 0.0], [], [-0.9737701416015625, 0.189544677734375, -0.0989990234375, 0.0776824951171875], [], [-0.5040435791015625, 0.1571807861328125, -0.256011962890625, 0.8097381591796875]
5950, 6.059056282043457, [1000.0, 49.0, 235.0, 111.0, 248.0, 139.0, 130.0, 0.0, 0.0, 1000.0, 0.0, 1000.0, 0.0, 1000.0, 907.0, 999.0, 999.0, 999.0, 999.0, 316.0, 330.0, 0.0, 0.0], [], [-0.9737701416015625, 0.189544677734375, -0.0989990234375, 0.0776824951171875], [], [-0.5040435791015625, 0.1571502685546875, -0.2559051513671875, 0.8097686767578125]
5960, 6.069129467010498, [1000.0, 49.0, 235.0, 111.0, 248.0, 139.0, 130.0, 0.0, 0.0, 1000.0, 0.0, 1000.0, 0.0, 1000.0, 907.0, 999.0, 999.0, 999.0, 999.0, 316.0, 330.0, 0.0, 0.0], [], [-0.9737701416015625, 0.189544677734375, -0.0989990234375, 0.0776824951171875], [], [-0.5040435791015625, 0.1571197509765625, -0.25579833984375, 0.809814453125]
5970, 6.079036712646484, [1000.0, 49.0, 235.0, 111.0, 248.0, 139.0, 130.0, 0.0, 0.0, 1000.0, 0.0, 1000.0, 0.0, 1000.0, 907.0, 999.0, 999.0, 999.0, 999.0, 316.0, 330.0, 0.0, 0.0], [], [-0.9737701416015625, 0.189544677734375, -0.0989990234375, 0.0776824951171875], [], [-0.5040740966796875, 0.1570281982421875, -0.255889892578125, 0.809783935546875]
5980, 6.088987350463867, [1000.0, 49.0, 235.0, 111.0, 248.0, 139.0, 130.0, 0.0, 0.0, 1000.0, 0.0, 1000.0, 0.0, 1000.0, 907.0, 999.0, 999.0, 999.0, 999.0, 316.0, 330.0, 0.0, 0.0], [], [-0.9737701416015625, 0.189544677734375, -0.0989990234375, 0.0776824951171875], [], [-0.5040740966796875, 0.1570587158203125, -0.2558441162109375, 0.809783935546875]
5990, 6.099115371704102, [1000.0, 49.0, 235.0, 111.0, 248.0, 139.0, 130.0, 0.0, 0.0, 1000.0, 0.0, 1000.0, 0.0, 1000.0, 907.0, 999.0, 999.0, 999.0, 999.0, 316.0, 330.0, 0.0, 0.0], [], [-0.9737701416015625, 0.189544677734375, -0.0989990234375, 0.0776824951171875], [], [-0.5041656494140625, 0.15673828125, -0.2557830810546875, 0.809814453125]
6000, 6.109062194824219, [1000.0, 49.0, 235.0, 111.0, 248.0, 139.0, 130.0, 0.0, 0.0, 1000.0, 0.0, 1000.0, 0.0, 1000.0, 907.0, 999.0, 999.0, 999.0, 999.0, 316.0, 330.0, 0.0, 0.0], [], [-0.9737701416015625, 0.189544677734375, -0.0989990234375, 0.0776824951171875], [], [-0.5043182373046875, 0.1563568115234375, -0.255828857421875, 0.809783935546875]
6010, 6.119124412536621, [1000.0, 49.0, 235.0, 111.0, 248.0, 139.0, 130.0, 0.0, 0.0, 1000.0, 0.0, 1000.0, 0.0, 1000.0, 907.0, 999.0, 999.0, 999.0, 999.0, 316.0, 330.0, 0.0, 0.0], [], [-0.9737701416015625, 0.189544677734375, -0.0989990234375, 0.0776824951171875], [], [-0.5045318603515625, 0.155731201171875, -0.2550506591796875, 0.8100128173828125]
6020, 6.133843421936035, [1000.0, 49.0, 235.0, 111.0, 248.0, 139.0, 130.0, 0.0, 0.0, 1000.0, 0.0, 1000.0, 0.0, 1000.0, 907.0, 999.0, 999.0, 999.0, 999.0, 316.0, 330.0, 0.0, 0.0], [], [-0.9737701416015625, 0.189544677734375, -0.0989990234375, 0.0776824951171875], [], [-0.50469970703125, 0.155364990234375, -0.2540740966796875, 0.8102874755859375]
6030, 6.1389360427856445, [1000.0, 49.0, 235.0, 111.0, 248.0, 139.0, 130.0, 0.0, 0.0, 1000.0, 0.0, 1000.0, 0.0, 1000.0, 907.0, 999.0, 999.0, 999.0, 999.0, 316.0, 330.0, 0.0, 0.0], [], [-0.9737701416015625, 0.189544677734375, -0.0989990234375, 0.0776824951171875], [], [-0.504791259765625, 0.1550750732421875, -0.2541351318359375, 0.8102569580078125]
6040, 6.149127960205078, [1000.0, 49.0, 235.0, 111.0, 248.0, 139.0, 130.0, 0.0, 0.0, 1000.0, 0.0, 1000.0, 0.0, 1000.0, 907.0, 999.0, 999.0, 999.0, 999.0, 316.0, 330.0, 0.0, 0.0], [], [-0.9737701416015625, 0.189544677734375, -0.0989990234375, 0.0776824951171875], [], [-0.504913330078125, 0.15478515625, -0.253631591796875, 0.810394287109375]
6050, 6.159068584442139, [1000.0, 49.0, 235.0, 111.0, 248.0, 139.0, 130.0, 0.0, 0.0, 1000.0, 0.0, 1000.0, 0.0, 1000.0, 907.0, 999.0, 999.0, 999.0, 999.0, 316.0, 330.0, 0.0, 0.0], [], [-0.9737701416015625, 0.189544677734375, -0.0989990234375, 0.0776824951171875], [], [-0.5051727294921875, 0.1539764404296875, -0.253875732421875, 0.8103179931640625]
6060, 6.169124126434326, [1000.0, 49.0, 235.0, 111.0, 248.0, 139.0, 130.0, 0.0, 0.0, 1000.0, 0.0, 1000.0, 0.0, 1000.0, 907.0, 999.0, 999.0, 999.0, 999.0, 316.0, 330.0, 0.0, 0.0], [], [-0.9737701416015625, 0.189544677734375, -0.0989990234375, 0.0776824951171875], [], [-0.5052947998046875, 0.1535797119140625, -0.2534332275390625, 0.810455322265625]
6070, 6.179039001464844, [1000.0, 49.0, 235.0, 111.0, 248.0, 139.0, 130.0, 0.0, 0.0, 1000.0, 0.0, 1000.0, 0.0, 1000.0, 907.0, 999.0, 999.0, 999.0, 999.0, 316.0, 330.0, 0.0, 0.0], [], [-0.9737701416015625, 0.189544677734375, -0.0989990234375, 0.0776824951171875], [], [-0.5052490234375, 0.1536865234375, -0.25372314453125, 0.8103790283203125]
6080, 6.188942909240723, [1000.0, 49.0, 235.0, 111.0, 248.0, 139.0, 130.0, 0.0, 0.0, 1000.0, 0.0, 1000.0, 0.0, 1000.0, 907.0, 999.0, 999.0, 999.0, 999.0, 316.0, 330.0, 0.0, 0.0], [], [-0.9737701416015625, 0.189544677734375, -0.0989990234375, 0.0776824951171875], [], [-0.5051422119140625, 0.1539306640625, -0.2547760009765625, 0.81005859375]
6090, 6.199115753173828, [1000.0, 49.0, 235.0, 111.0, 248.0, 139.0, 130.0, 0.0, 0.0, 1000.0, 0.0, 1000.0, 0.0, 1000.0, 907.0, 999.0, 999.0, 999.0, 999.0, 316.0, 330.0, 0.0, 0.0], [], [-0.9737701416015625, 0.189544677734375, -0.0989990234375, 0.0776824951171875], [], [-0.5050811767578125, 0.1540679931640625, -0.255462646484375, 0.8098602294921875]
6100, 6.209053993225098, [1000.0, 49.0, 235.0, 111.0, 248.0, 139.0, 130.0, 0.0, 0.0, 1000.0, 0.0, 1000.0, 0.0, 1000.0, 907.0, 999.0, 999.0, 999.0, 999.0, 316.0, 330.0, 0.0, 0.0], [], [-0.9737701416015625, 0.189544677734375, -0.0989990234375, 0.0776824951171875], [], [-0.505126953125, 0.15386962890625, -0.2549285888671875, 0.8100433349609375]
6110, 6.219111442565918, [1000.0, 49.0, 235.0, 111.0, 248.0, 139.0, 130.0, 0.0, 0.0, 1000.0, 0.0, 1000.0, 0.0, 1000.0, 907.0, 999.0, 999.0, 999.0, 999.0, 316.0, 330.0, 0.0, 0.0], [], [-0.9737701416015625, 0.189544677734375, -0.0989990234375, 0.0776824951171875], [], [-0.5052032470703125, 0.1536407470703125, -0.254058837890625, 0.810302734375]
6120, 6.2290449142456055, [1000.0, 49.0, 235.0, 111.0, 248.0, 139.0, 130.0, 0.0, 0.0, 1000.0, 0.0, 1000.0, 0.0, 1000.0, 907.0, 999.0, 999.0, 999.0, 999.0, 316.0, 330.0, 0.0, 0.0], [], [-0.9737701416015625, 0.189544677734375, -0.0989990234375, 0.0776824951171875], [], [-0.5054931640625, 0.1527862548828125, -0.25115966796875, 0.811187744140625]
6130, 6.2389445304870605, [1000.0, 49.0, 235.0, 111.0, 248.0, 139.0, 130.0, 0.0, 0.0, 1000.0, 0.0, 1000.0, 0.0, 1000.0, 907.0, 999.0, 999.0, 999.0, 999.0, 316.0, 330.0, 0.0, 0.0], [], [-0.9737701416015625, 0.189544677734375, -0.0989990234375, 0.0776824951171875], [], [-0.50555419921875, 0.1526336669921875, -0.2491302490234375, 0.811798095703125]
6140, 6.249120712280273, [1000.0, 49.0, 235.0, 111.0, 248.0, 139.0, 130.0, 0.0, 0.0, 1000.0, 0.0, 1000.0, 0.0, 1000.0, 907.0, 999.0, 999.0, 999.0, 999.0, 316.0, 330.0, 0.0, 0.0], [], [-0.9737701416015625, 0.189544677734375, -0.0989990234375, 0.0776824951171875], [], [-0.5052642822265625, 0.153594970703125, -0.2498321533203125, 0.81158447265625]
6150, 6.259059429168701, [1000.0, 49.0, 235.0, 111.0, 248.0, 139.0, 130.0, 0.0, 0.0, 1000.0, 0.0, 1000.0, 0.0, 1000.0, 907.0, 999.0, 999.0, 999.0, 999.0, 316.0, 330.0, 0.0, 0.0], [], [-0.9737701416015625, 0.189544677734375, -0.0989990234375, 0.0776824951171875], [], [-0.5049285888671875, 0.1546478271484375, -0.25311279296875, 0.810577392578125]
6160, 6.269113540649414, [1000.0, 49.0, 235.0, 111.0, 248.0, 139.0, 130.0, 0.0, 0.0, 1000.0, 0.0, 1000.0, 0.0, 1000.0, 907.0, 999.0, 999.0, 999.0, 999.0, 316.0, 330.0, 0.0, 0.0], [], [-0.9737701416015625, 0.189544677734375, -0.0989990234375, 0.0776824951171875], [], [-0.5047607421875, 0.1551666259765625, -0.2555389404296875, 0.809814453125]
6170, 6.27903938293457, [1000.0, 49.0, 235.0, 111.0, 248.0, 139.0, 130.0, 0.0, 0.0, 1000.0, 0.0, 1000.0, 0.0, 1000.0, 907.0, 999.0, 999.0, 999.0, 999.0, 316.0, 330.0, 0.0, 0.0], [], [-0.9737701416015625, 0.189544677734375, -0.0989990234375, 0.0776824951171875], [], [-0.5045318603515625, 0.1557769775390625, -0.2565460205078125, 0.809539794921875]
6180, 6.295517921447754, [1000.0, 49.0, 235.0, 111.0, 248.0, 139.0, 130.0, 0.0, 0.0, 1000.0, 0.0, 1000.0, 0.0, 1000.0, 907.0, 999.0, 999.0, 999.0, 999.0, 316.0, 330.0, 0.0, 0.0], [], [-0.9737701416015625, 0.189544677734375, -0.0989990234375, 0.0776824951171875], [], [-0.5045318603515625, 0.1555938720703125, -0.256805419921875, 0.809478759765625]
6190, 6.299018859863281, [1000.0, 49.0, 235.0, 111.0, 248.0, 139.0, 130.0, 0.0, 0.0, 1000.0, 0.0, 1000.0, 0.0, 1000.0, 907.0, 999.0, 999.0, 999.0, 999.0, 316.0, 330.0, 0.0, 0.0], [], [-0.9737701416015625, 0.189544677734375, -0.0989990234375, 0.0776824951171875], [], [-0.5048675537109375, 0.1544036865234375, -0.253570556640625, 0.8105316162109375]
6200, 6.309124946594238, [1000.0, 49.0, 235.0, 111.0, 248.0, 139.0, 130.0, 0.0, 0.0, 1000.0, 0.0, 1000.0, 0.0, 1000.0, 907.0, 999.0, 999.0, 999.0, 999.0, 316.0, 330.0, 0.0, 0.0], [], [-0.9737701416015625, 0.189544677734375, -0.0989990234375, 0.0776824951171875], [], [-0.5053863525390625, 0.15252685546875, -0.2509765625, 0.811370849609375]
6210, 6.3190507888793945, [1000.0, 49.0, 235.0, 111.0, 248.0, 139.0, 130.0, 0.0, 0.0, 1000.0, 0.0, 1000.0, 0.0, 1000.0, 907.0, 999.0, 999.0, 999.0, 999.0, 316.0, 330.0, 0.0, 0.0], [], [-0.9737701416015625, 0.189544677734375, -0.0989990234375, 0.0776824951171875], [], [-0.505218505859375, 0.152923583984375, -0.2503662109375, 0.8115692138671875]
6220, 6.329041481018066, [1000.0, 49.0, 235.0, 111.0, 248.0, 139.0, 130.0, 0.0, 0.0, 1000.0, 0.0, 1000.0, 0.0, 1000.0, 907.0, 999.0, 999.0, 999.0, 999.0, 316.0, 330.0, 0.0, 0.0], [], [-0.9737701416015625, 0.189544677734375, -0.0989990234375, 0.0776824951171875], [], [-0.5048828125, 0.153900146484375, -0.2510223388671875, 0.8114013671875]
6230, 6.3390045166015625, [1000.0, 49.0, 235.0, 111.0, 248.0, 139.0, 130.0, 0.0, 0.0, 1000.0, 0.0, 1000.0, 0.0, 1000.0, 907.0, 999.0, 999.0, 999.0, 999.0, 316.0, 330.0, 0.0, 0.0], [], [-0.9737701416015625, 0.189544677734375, -0.0989990234375, 0.0776824951171875], [], [-0.504608154296875, 0.1547698974609375, -0.2533416748046875, 0.8106842041015625]
6240, 6.349039077758789, [1000.0, 49.0, 235.0, 111.0, 248.0, 139.0, 130.0, 0.0, 0.0, 1000.0, 0.0, 1000.0, 0.0, 1000.0, 907.0, 999.0, 999.0, 999.0, 999.0, 316.0, 330.0, 0.0, 0.0], [], [-0.9737701416015625, 0.189544677734375, -0.0989990234375, 0.0776824951171875], [], [-0.504302978515625, 0.155609130859375, -0.25341796875, 0.8106842041015625]
6250, 6.359064102172852, [1000.0, 49.0, 235.0, 111.0, 248.0, 139.0, 130.0, 0.0, 0.0, 1000.0, 0.0, 1000.0, 0.0, 1000.0, 907.0, 999.0, 999.0, 999.0, 999.0, 316.0, 330.0, 0.0, 0.0], [], [-0.9737701416015625, 0.189544677734375, -0.0989990234375, 0.0776824951171875], [], [-0.5044403076171875, 0.1549530029296875, -0.2538909912109375, 0.810577392578125]
6260, 6.369113922119141, [1000.0, 49.0, 235.0, 111.0, 248.0, 139.0, 130.0, 0.0, 0.0, 1000.0, 0.0, 1000.0, 0.0, 1000.0, 907.0, 999.0, 999.0, 999.0, 999.0, 316.0, 330.0, 0.0, 0.0], [], [-0.9737701416015625, 0.189544677734375, -0.0989990234375, 0.0776824951171875], [], [-0.50469970703125, 0.1539764404296875, -0.254669189453125, 0.8103485107421875]
6270, 6.3790411949157715, [1000.0, 49.0, 235.0, 111.0, 248.0, 139.0, 130.0, 0.0, 0.0, 1000.0, 0.0, 1000.0, 0.0, 1000.0, 907.0, 999.0, 999.0, 999.0, 999.0, 316.0, 330.0, 0.0, 0.0], [], [-0.9737701416015625, 0.189544677734375, -0.0989990234375, 0.0776824951171875], [], [-0.504638671875, 0.15411376953125, -0.2552947998046875, 0.8101806640625]
6280, 6.389060020446777, [1000.0, 49.0, 235.0, 111.0, 248.0, 139.0, 130.0, 0.0, 0.0, 1000.0, 0.0, 1000.0, 0.0, 1000.0, 907.0, 999.0, 999.0, 999.0, 999.0, 316.0, 330.0, 0.0, 0.0], [], [-0.9737701416015625, 0.189544677734375, -0.0989990234375, 0.0776824951171875], [], [-0.505462646484375, 0.1513671875, -0.254608154296875, 0.810394287109375]
6290, 6.405533313751221, [1000.0, 49.0, 235.0, 111.0, 248.0, 139.0, 130.0, 0.0, 0.0, 1000.0, 0.0, 1000.0, 0.0, 1000.0, 907.0, 999.0, 999.0, 999.0, 999.0, 316.0, 330.0, 0.0, 0.0], [], [-0.9737701416015625, 0.189544677734375, -0.0989990234375, 0.0776824951171875], [], [-0.5052032470703125, 0.1521453857421875, -0.254241943359375, 0.8105316162109375]
6300, 6.409102439880371, [1000.0, 49.0, 235.0, 111.0, 248.0, 139.0, 130.0, 0.0, 0.0, 1000.0, 0.0, 1000.0, 0.0, 1000.0, 907.0, 999.0, 999.0, 999.0, 999.0, 316.0, 330.0, 0.0, 0.0], [], [-0.9737701416015625, 0.189544677734375, -0.0989990234375, 0.0776824951171875], [], [-0.50531005859375, 0.151824951171875, -0.2522430419921875, 0.8111419677734375]
6310, 6.41911506652832, [1000.0, 49.0, 235.0, 111.0, 248.0, 139.0, 130.0, 0.0, 0.0, 1000.0, 0.0, 1000.0, 0.0, 1000.0, 907.0, 999.0, 999.0, 999.0, 999.0, 316.0, 330.0, 0.0, 0.0], [], [-0.9737701416015625, 0.189544677734375, -0.0989990234375, 0.0776824951171875], [], [-0.5052490234375, 0.152069091796875, -0.251556396484375, 0.8113555908203125]
6320, 6.429043769836426, [1000.0, 49.0, 235.0, 111.0, 248.0, 139.0, 130.0, 0.0, 0.0, 1000.0, 0.0, 1000.0, 0.0, 1000.0, 907.0, 999.0, 999.0, 999.0, 999.0, 316.0, 330.0, 0.0, 0.0], [], [-0.9737701416015625, 0.189544677734375, -0.0989990234375, 0.0776824951171875], [], [-0.505157470703125, 0.1524658203125, -0.250244140625, 0.811737060546875]
6330, 6.438994407653809, [1000.0, 49.0, 235.0, 111.0, 248.0, 139.0, 130.0, 0.0, 0.0, 1000.0, 0.0, 1000.0, 0.0, 1000.0, 907.0, 999.0, 999.0, 999.0, 999.0, 316.0, 330.0, 0.0, 0.0], [], [-0.9737701416015625, 0.189544677734375, -0.0989990234375, 0.0776824951171875], [], [-0.5049591064453125, 0.1532745361328125, -0.25048828125, 0.8116302490234375]
6340, 6.449045181274414, [1000.0, 49.0, 235.0, 111.0, 248.0, 139.0, 130.0, 0.0, 0.0, 1000.0, 0.0, 1000.0, 0.0, 1000.0, 907.0, 999.0, 999.0, 999.0, 999.0, 316.0, 330.0, 0.0, 0.0], [], [-0.9737701416015625, 0.189544677734375, -0.0989990234375, 0.0776824951171875], [], [-0.5054473876953125, 0.15179443359375, -0.251800537109375, 0.8112030029296875]
6350, 6.459113597869873, [1000.0, 49.0, 235.0, 111.0, 248.0, 139.0, 130.0, 0.0, 0.0, 1000.0, 0.0, 1000.0, 0.0, 1000.0, 907.0, 999.0, 999.0, 999.0, 999.0, 316.0, 330.0, 0.0, 0.0], [], [-0.9737701416015625, 0.189544677734375, -0.0989990234375, 0.0776824951171875], [], [-0.50531005859375, 0.15234375, -0.2503509521484375, 0.8116302490234375]
6360, 6.469121932983398, [1000.0, 49.0, 235.0, 111.0, 248.0, 139.0, 130.0, 0.0, 0.0, 1000.0, 0.0, 1000.0, 0.0, 1000.0, 907.0, 999.0, 999.0, 999.0, 999.0, 316.0, 330.0, 0.0, 0.0], [], [-0.9737701416015625, 0.189544677734375, -0.0989990234375, 0.0776824951171875], [], [-0.505126953125, 0.1530303955078125, -0.2529449462890625, 0.810821533203125]
6370, 6.479036331176758, [1000.0, 49.0, 235.0, 111.0, 248.0, 139.0, 130.0, 0.0, 0.0, 1000.0, 0.0, 1000.0, 0.0, 1000.0, 907.0, 999.0, 999.0, 999.0, 999.0, 316.0, 330.0, 0.0, 0.0], [], [-0.9737701416015625, 0.189544677734375, -0.0989990234375, 0.0776824951171875], [], [-0.5054931640625, 0.152008056640625, -0.2519378662109375, 0.81109619140625]
6380, 6.488979339599609, [1000.0, 49.0, 235.0, 111.0, 248.0, 139.0, 130.0, 0.0, 0.0, 1000.0, 0.0, 1000.0, 0.0, 1000.0, 907.0, 999.0, 999.0, 999.0, 999.0, 316.0, 330.0, 0.0, 0.0], [], [-0.9737701416015625, 0.189544677734375, -0.0989990234375, 0.0776824951171875], [], [-0.5053253173828125, 0.1525115966796875, -0.2524871826171875, 0.8109283447265625]
6390, 6.499116897583008, [1000.0, 49.0, 235.0, 111.0, 248.0, 139.0, 130.0, 0.0, 0.0, 1000.0, 0.0, 1000.0, 0.0, 1000.0, 907.0, 999.0, 999.0, 999.0, 999.0, 316.0, 330.0, 0.0, 0.0], [], [-0.9737701416015625, 0.189544677734375, -0.0989990234375, 0.0776824951171875], [], [-0.504852294921875, 0.1540374755859375, -0.2530670166015625, 0.810760498046875]
6400, 6.50953483581543, [1000.0, 49.0, 235.0, 111.0, 248.0, 139.0, 130.0, 0.0, 0.0, 1000.0, 0.0, 1000.0, 0.0, 1000.0, 907.0, 999.0, 999.0, 999.0, 999.0, 316.0, 330.0, 0.0, 0.0], [], [-0.9737701416015625, 0.189544677734375, -0.0989990234375, 0.0776824951171875], [], [-0.505218505859375, 0.15289306640625, -0.2515106201171875, 0.81121826171875]
6410, 6.519125938415527, [1000.0, 49.0, 235.0, 111.0, 248.0, 139.0, 130.0, 0.0, 0.0, 1000.0, 0.0, 1000.0, 0.0, 1000.0, 907.0, 999.0, 999.0, 999.0, 999.0, 316.0, 330.0, 0.0, 0.0], [], [-0.9737701416015625, 0.189544677734375, -0.0989990234375, 0.0776824951171875], [], [-0.504913330078125, 0.153961181640625, -0.2515106201171875, 0.81121826171875]
6420, 6.529044151306152, [1000.0, 49.0, 235.0, 111.0, 248.0, 139.0, 130.0, 0.0, 0.0, 1000.0, 0.0, 1000.0, 0.0, 1000.0, 907.0, 999.0, 999.0, 999.0, 999.0, 316.0, 330.0, 0.0, 0.0], [], [-0.9737701416015625, 0.189544677734375, -0.0989990234375, 0.0776824951171875], [], [-0.5058135986328125, 0.15106201171875, -0.2513580322265625, 0.811248779296875]
6430, 6.539055824279785, [1000.0, 49.0, 235.0, 111.0, 248.0, 139.0, 130.0, 0.0, 0.0, 1000.0, 0.0, 1000.0, 0.0, 1000.0, 907.0, 999.0, 999.0, 999.0, 999.0, 316.0, 330.0, 0.0, 0.0], [], [-0.9737701416015625, 0.189544677734375, -0.0989990234375, 0.0776824951171875], [], [-0.505340576171875, 0.15264892578125, -0.252197265625, 0.8109893798828125]
6440, 6.549099922180176, [1000.0, 49.0, 235.0, 111.0, 248.0, 139.0, 130.0, 0.0, 0.0, 1000.0, 0.0, 1000.0, 0.0, 1000.0, 907.0, 999.0, 999.0, 999.0, 999.0, 316.0, 330.0, 0.0, 0.0], [], [-0.9737701416015625, 0.189544677734375, -0.0989990234375, 0.0776824951171875], [], [-0.5053558349609375, 0.1526947021484375, -0.2522125244140625, 0.8109588623046875]
6450, 6.567592144012451, [1000.0, 49.0, 235.0, 111.0, 248.0, 139.0, 130.0, 0.0, 0.0, 1000.0, 0.0, 1000.0, 0.0, 1000.0, 907.0, 999.0, 999.0, 999.0, 999.0, 316.0, 330.0, 0.0, 0.0], [], [-0.9737701416015625, 0.189544677734375, -0.0989990234375, 0.0776824951171875], [], [-0.50537109375, 0.1526641845703125, -0.25225830078125, 0.810943603515625]
6460, 6.56923770904541, [1000.0, 49.0, 235.0, 111.0, 248.0, 139.0, 130.0, 0.0, 0.0, 1000.0, 0.0, 1000.0, 0.0, 1000.0, 907.0, 999.0, 999.0, 999.0, 999.0, 316.0, 330.0, 0.0, 0.0], [], [-0.9737701416015625, 0.189544677734375, -0.0989990234375, 0.0776824951171875], [], [-0.5053558349609375, 0.1527252197265625, -0.2523040771484375, 0.8109283447265625]
6470, 6.579139232635498, [1000.0, 49.0, 235.0, 111.0, 248.0, 139.0, 130.0, 0.0, 0.0, 1000.0, 0.0, 1000.0, 0.0, 1000.0, 907.0, 999.0, 999.0, 999.0, 999.0, 316.0, 330.0, 0.0, 0.0], [], [-0.9737701416015625, 0.189544677734375, -0.0989990234375, 0.0776824951171875], [], [-0.5053253173828125, 0.15277099609375, -0.252349853515625, 0.8109283447265625]
6480, 6.589116096496582, [1000.0, 49.0, 235.0, 111.0, 248.0, 139.0, 130.0, 0.0, 0.0, 1000.0, 0.0, 1000.0, 0.0, 1000.0, 907.0, 999.0, 999.0, 999.0, 999.0, 316.0, 330.0, 0.0, 0.0], [], [-0.9737701416015625, 0.189544677734375, -0.0989990234375, 0.0776824951171875], [], [-0.5053253173828125, 0.152740478515625, -0.2526702880859375, 0.8108367919921875]
6490, 6.5991411209106445, [1000.0, 49.0, 235.0, 111.0, 248.0, 139.0, 130.0, 0.0, 0.0, 1000.0, 0.0, 1000.0, 0.0, 1000.0, 907.0, 999.0, 999.0, 999.0, 999.0, 316.0, 330.0, 0.0, 0.0], [], [-0.9737701416015625, 0.189544677734375, -0.0989990234375, 0.0776824951171875], [], [-0.505279541015625, 0.15283203125, -0.252838134765625, 0.810791015625]
6500, 6.609183311462402, [1000.0, 49.0, 235.0, 111.0, 248.0, 139.0, 130.0, 0.0, 0.0, 1000.0, 0.0, 1000.0, 0.0, 1000.0, 907.0, 999.0, 999.0, 999.0, 999.0, 316.0, 330.0, 0.0, 0.0], [], [-0.9737701416015625, 0.189544677734375, -0.0989990234375, 0.0776824951171875], [], [-0.5052032470703125, 0.1529083251953125, -0.2528533935546875, 0.810821533203125]
6510, 6.619570732116699, [1000.0, 49.0, 235.0, 111.0, 248.0, 139.0, 130.0, 0.0, 0.0, 1000.0, 0.0, 1000.0, 0.0, 1000.0, 907.0, 999.0, 999.0, 999.0, 999.0, 316.0, 330.0, 0.0, 0.0], [], [-0.9737701416015625, 0.189544677734375, -0.0989990234375, 0.0776824951171875], [], [-0.505279541015625, 0.1525115966796875, -0.252532958984375, 0.810943603515625]
6520, 6.629143714904785, [1000.0, 49.0, 235.0, 111.0, 248.0, 139.0, 130.0, 0.0, 0.0, 1000.0, 0.0, 1000.0, 0.0, 1000.0, 907.0, 999.0, 999.0, 999.0, 999.0, 316.0, 330.0, 0.0, 0.0], [], [-0.9737701416015625, 0.189544677734375, -0.0989990234375, 0.0776824951171875], [], [-0.505340576171875, 0.1522369384765625, -0.25238037109375, 0.811004638671875]
6530, 6.6391191482543945, [1000.0, 49.0, 235.0, 111.0, 248.0, 139.0, 130.0, 0.0, 0.0, 1000.0, 0.0, 1000.0, 0.0, 1000.0, 907.0, 999.0, 999.0, 999.0, 999.0, 316.0, 330.0, 0.0, 0.0], [], [-0.9737701416015625, 0.189544677734375, -0.0989990234375, 0.0776824951171875], [], [-0.50531005859375, 0.152191162109375, -0.2519683837890625, 0.8111572265625]
6540, 6.649145126342773, [1000.0, 49.0, 235.0, 111.0, 248.0, 139.0, 130.0, 0.0, 0.0, 1000.0, 0.0, 1000.0, 0.0, 1000.0, 907.0, 999.0, 999.0, 999.0, 999.0, 316.0, 330.0, 0.0, 0.0], [], [-0.9737701416015625, 0.189544677734375, -0.0989990234375, 0.0776824951171875], [], [-0.5052642822265625, 0.15234375, -0.2519683837890625, 0.8111572265625]
6550, 6.659219741821289, [1000.0, 49.0, 235.0, 111.0, 248.0, 139.0, 130.0, 0.0, 0.0, 1000.0, 0.0, 1000.0, 0.0, 1000.0, 907.0, 999.0, 999.0, 999.0, 999.0, 316.0, 330.0, 0.0, 0.0], [], [-0.9737701416015625, 0.189544677734375, -0.0989990234375, 0.0776824951171875], [], [-0.504974365234375, 0.1532745361328125, -0.2520294189453125, 0.8111419677734375]
6560, 6.677725791931152, [1000.0, 49.0, 235.0, 111.0, 248.0, 139.0, 130.0, 0.0, 0.0, 1000.0, 0.0, 1000.0, 0.0, 1000.0, 907.0, 999.0, 999.0, 999.0, 999.0, 316.0, 330.0, 0.0, 0.0], [], [-0.9737701416015625, 0.189544677734375, -0.0989990234375, 0.0776824951171875], [], [-0.5048675537109375, 0.1536712646484375, -0.2517242431640625, 0.8112335205078125]
6570, 6.6798200607299805, [1000.0, 49.0, 235.0, 111.0, 248.0, 139.0, 130.0, 0.0, 0.0, 1000.0, 0.0, 1000.0, 0.0, 1000.0, 907.0, 999.0, 999.0, 999.0, 999.0, 316.0, 330.0, 0.0, 0.0], [], [-0.9737701416015625, 0.189544677734375, -0.0989990234375, 0.0776824951171875], [], [-0.504730224609375, 0.154083251953125, -0.25177001953125, 0.81121826171875]
6580, 6.689107894897461, [1000.0, 49.0, 235.0, 111.0, 248.0, 139.0, 130.0, 0.0, 0.0, 1000.0, 0.0, 1000.0, 0.0, 1000.0, 907.0, 999.0, 999.0, 999.0, 999.0, 316.0, 330.0, 0.0, 0.0], [], [-0.9737701416015625, 0.189544677734375, -0.0989990234375, 0.0776824951171875], [], [-0.50469970703125, 0.1541900634765625, -0.2520294189453125, 0.8111419677734375]
6590, 6.699084758758545, [1000.0, 49.0, 235.0, 111.0, 248.0, 139.0, 130.0, 0.0, 0.0, 1000.0, 0.0, 1000.0, 0.0, 1000.0, 907.0, 999.0, 999.0, 999.0, 999.0, 316.0, 330.0, 0.0, 0.0], [], [-0.9737701416015625, 0.189544677734375, -0.0989990234375, 0.0776824951171875], [], [-0.504638671875, 0.1544189453125, -0.2525177001953125, 0.8109893798828125]
6600, 6.70916223526001, [1000.0, 49.0, 235.0, 111.0, 248.0, 139.0, 130.0, 0.0, 0.0, 1000.0, 0.0, 1000.0, 0.0, 1000.0, 907.0, 999.0, 999.0, 999.0, 999.0, 316.0, 330.0, 0.0, 0.0], [], [-0.9737701416015625, 0.189544677734375, -0.0989990234375, 0.0776824951171875], [], [-0.5046539306640625, 0.1544952392578125, -0.2527618408203125, 0.810882568359375]
6610, 6.7191290855407715, [1000.0, 49.0, 235.0, 111.0, 248.0, 139.0, 130.0, 0.0, 0.0, 1000.0, 0.0, 1000.0, 0.0, 1000.0, 907.0, 999.0, 999.0, 999.0, 999.0, 316.0, 330.0, 0.0, 0.0], [], [-0.9737701416015625, 0.189544677734375, -0.0989990234375, 0.0776824951171875], [], [-0.5047760009765625, 0.15411376953125, -0.25262451171875, 0.8109283447265625]
6620, 6.729185104370117, [1000.0, 49.0, 235.0, 111.0, 248.0, 139.0, 130.0, 0.0, 0.0, 1000.0, 0.0, 1000.0, 0.0, 1000.0, 907.0, 999.0, 999.0, 999.0, 999.0, 316.0, 330.0, 0.0, 0.0], [], [-0.9737701416015625, 0.189544677734375, -0.0989990234375, 0.0776824951171875], [], [-0.505157470703125, 0.1529693603515625, -0.2514495849609375, 0.8112640380859375]
6630, 6.739086151123047, [1000.0, 49.0, 235.0, 111.0, 248.0, 139.0, 130.0, 0.0, 0.0, 1000.0, 0.0, 1000.0, 0.0, 1000.0, 907.0, 999.0, 999.0, 999.0, 999.0, 316.0, 330.0, 0.0, 0.0], [], [-0.9737701416015625, 0.189544677734375, -0.0989990234375, 0.0776824951171875], [], [-0.5052947998046875, 0.1526031494140625, -0.250518798828125, 0.811553955078125]
6640, 6.749091148376465, [1000.0, 49.0, 235.0, 111.0, 248.0, 139.0, 130.0, 0.0, 0.0, 1000.0, 0.0, 1000.0, 0.0, 1000.0, 907.0, 999.0, 999.0, 999.0, 999.0, 316.0, 330.0, 0.0, 0.0], [], [-0.9737701416015625, 0.189544677734375, -0.0989990234375, 0.0776824951171875], [], [-0.5052490234375, 0.15277099609375, -0.249755859375, 0.8117828369140625]
6650, 6.759157180786133, [1000.0, 49.0, 235.0, 111.0, 248.0, 139.0, 130.0, 0.0, 0.0, 1000.0, 0.0, 1000.0, 0.0, 1000.0, 907.0, 999.0, 999.0, 999.0, 999.0, 316.0, 330.0, 0.0, 0.0], [], [-0.9737701416015625, 0.189544677734375, -0.0989990234375, 0.0776824951171875], [], [-0.5051727294921875, 0.1530303955078125, -0.250946044921875, 0.8114013671875]
6660, 6.769134521484375, [1000.0, 49.0, 235.0, 111.0, 248.0, 139.0, 130.0, 0.0, 0.0, 1000.0, 0.0, 1000.0, 0.0, 1000.0, 907.0, 999.0, 999.0, 999.0, 999.0, 316.0, 330.0, 0.0, 0.0], [], [-0.9737701416015625, 0.189544677734375, -0.0989990234375, 0.0776824951171875], [], [-0.5051727294921875, 0.153045654296875, -0.2513885498046875, 0.8112640380859375]
6670, 6.781094551086426, [1000.0, 49.0, 235.0, 111.0, 248.0, 139.0, 130.0, 0.0, 0.0, 1000.0, 0.0, 1000.0, 0.0, 1000.0, 907.0, 999.0, 999.0, 999.0, 999.0, 316.0, 330.0, 0.0, 0.0], [], [-0.9737701416015625, 0.189544677734375, -0.0989990234375, 0.0776824951171875], [], [-0.5050201416015625, 0.1534271240234375, -0.253143310546875, 0.8107452392578125]
6680, 6.789031982421875, [1000.0, 49.0, 235.0, 111.0, 248.0, 139.0, 130.0, 0.0, 0.0, 1000.0, 0.0, 1000.0, 0.0, 1000.0, 907.0, 999.0, 999.0, 999.0, 999.0, 316.0, 330.0, 0.0, 0.0], [], [-0.9737701416015625, 0.189544677734375, -0.0989990234375, 0.0776824951171875], [], [-0.505157470703125, 0.152862548828125, -0.252960205078125, 0.810821533203125]
6690, 6.799087047576904, [1000.0, 49.0, 235.0, 111.0, 248.0, 139.0, 130.0, 0.0, 0.0, 1000.0, 0.0, 1000.0, 0.0, 1000.0, 907.0, 999.0, 999.0, 999.0, 999.0, 316.0, 330.0, 0.0, 0.0], [], [-0.9737701416015625, 0.189544677734375, -0.0989990234375, 0.0776824951171875], [], [-0.5050048828125, 0.1533355712890625, -0.25201416015625, 0.811126708984375]
6700, 6.809156894683838, [1000.0, 49.0, 235.0, 111.0, 248.0, 139.0, 130.0, 0.0, 0.0, 1000.0, 0.0, 1000.0, 0.0, 1000.0, 907.0, 999.0, 999.0, 999.0, 999.0, 316.0, 330.0, 0.0, 0.0], [], [-0.9737701416015625, 0.189544677734375, -0.0989990234375, 0.0776824951171875], [], [-0.5052337646484375, 0.1525421142578125, -0.2525787353515625, 0.8109588623046875]
6710, 6.819256782531738, [1000.0, 49.0, 235.0, 111.0, 248.0, 139.0, 130.0, 0.0, 0.0, 1000.0, 0.0, 1000.0, 0.0, 1000.0, 907.0, 999.0, 999.0, 999.0, 999.0, 316.0, 330.0, 0.0, 0.0], [], [-0.9737701416015625, 0.189544677734375, -0.0989990234375, 0.0776824951171875], [], [-0.504638671875, 0.154296875, -0.2534942626953125, 0.810699462890625]
6720, 6.839120864868164, [1000.0, 49.0, 235.0, 111.0, 248.0, 139.0, 130.0, 0.0, 0.0, 1000.0, 0.0, 1000.0, 0.0, 1000.0, 907.0, 999.0, 999.0, 999.0, 999.0, 316.0, 330.0, 0.0, 0.0], [], [-0.9737701416015625, 0.189544677734375, -0.0989990234375, 0.0776824951171875], [], [-0.5045623779296875, 0.154541015625, -0.2545318603515625, 0.8103790283203125]
6730, 6.84908390045166, [1000.0, 49.0, 235.0, 111.0, 248.0, 139.0, 130.0, 0.0, 0.0, 1000.0, 0.0, 1000.0, 0.0, 1000.0, 907.0, 999.0, 999.0, 999.0, 999.0, 316.0, 330.0, 0.0, 0.0], [], [-0.9737701416015625, 0.189544677734375, -0.0989990234375, 0.0776824951171875], [], [-0.505279541015625, 0.1522064208984375, -0.25384521484375, 0.8105926513671875]
6740, 6.859094142913818, [1000.0, 49.0, 235.0, 111.0, 248.0, 139.0, 130.0, 0.0, 0.0, 1000.0, 0.0, 1000.0, 0.0, 1000.0, 907.0, 999.0, 999.0, 999.0, 999.0, 316.0, 330.0, 0.0, 0.0], [], [-0.9737701416015625, 0.189544677734375, -0.0989990234375, 0.0776824951171875], [], [-0.5055389404296875, 0.1513519287109375, -0.253509521484375, 0.810699462890625]
6750, 6.869136810302734, [1000.0, 49.0, 235.0, 111.0, 248.0, 139.0, 130.0, 0.0, 0.0, 1000.0, 0.0, 1000.0, 0.0, 1000.0, 907.0, 999.0, 999.0, 999.0, 999.0, 316.0, 330.0, 0.0, 0.0], [], [-0.9737701416015625, 0.189544677734375, -0.0989990234375, 0.0776824951171875], [], [-0.505767822265625, 0.15069580078125, -0.253265380859375, 0.8107452392578125]
6760, 6.879081726074219, [1000.0, 49.0, 235.0, 111.0, 248.0, 139.0, 130.0, 0.0, 0.0, 1000.0, 0.0, 1000.0, 0.0, 1000.0, 907.0, 999.0, 999.0, 999.0, 999.0, 316.0, 330.0, 0.0, 0.0], [], [-0.9737701416015625, 0.189544677734375, -0.0989990234375, 0.0776824951171875], [], [-0.5051116943359375, 0.15277099609375, -0.2545166015625, 0.8103790283203125]
6770, 6.889079570770264, [1000.0, 49.0, 235.0, 111.0, 248.0, 139.0, 130.0, 0.0, 0.0, 1000.0, 0.0, 1000.0, 0.0, 1000.0, 907.0, 999.0, 999.0, 999.0, 999.0, 316.0, 330.0, 0.0, 0.0], [], [-0.9737701416015625, 0.189544677734375, -0.0989990234375, 0.0776824951171875], [], [-0.5048980712890625, 0.1534271240234375, -0.2551422119140625, 0.8101959228515625]
6780, 6.899096488952637, [1000.0, 49.0, 235.0, 111.0, 248.0, 139.0, 130.0, 0.0, 0.0, 1000.0, 0.0, 1000.0, 0.0, 1000.0, 907.0, 999.0, 999.0, 999.0, 999.0, 316.0, 330.0, 0.0, 0.0], [], [-0.9737701416015625, 0.189544677734375, -0.0989990234375, 0.0776824951171875], [], [-0.5045928955078125, 0.154388427734375, -0.254852294921875, 0.8102874755859375]
6790, 6.909142971038818, [1000.0, 49.0, 235.0, 111.0, 248.0, 139.0, 130.0, 0.0, 0.0, 1000.0, 0.0, 1000.0, 0.0, 1000.0, 907.0, 999.0, 999.0, 999.0, 999.0, 316.0, 330.0, 0.0, 0.0], [], [-0.9737701416015625, 0.189544677734375, -0.0989990234375, 0.0776824951171875], [], [-0.5048828125, 0.1534576416015625, -0.2545166015625, 0.810394287109375]
6800, 6.919074058532715, [1000.0, 49.0, 235.0, 111.0, 248.0, 139.0, 130.0, 0.0, 0.0, 1000.0, 0.0, 1000.0, 0.0, 1000.0, 907.0, 999.0, 999.0, 999.0, 999.0, 316.0, 330.0, 0.0, 0.0], [], [-0.9737701416015625, 0.189544677734375, -0.0989990234375, 0.0776824951171875], [], [-0.504608154296875, 0.15435791015625, -0.251251220703125, 0.8114013671875]
6810, 6.929079055786133, [1000.0, 49.0, 235.0, 111.0, 248.0, 139.0, 130.0, 0.0, 0.0, 1000.0, 0.0, 1000.0, 0.0, 1000.0, 907.0, 999.0, 999.0, 999.0, 999.0, 316.0, 330.0, 0.0, 0.0], [], [-0.9737701416015625, 0.189544677734375, -0.0989990234375, 0.0776824951171875], [], [-0.50457763671875, 0.154541015625, -0.251922607421875, 0.811187744140625]
6820, 6.9390764236450195, [1000.0, 49.0, 235.0, 111.0, 248.0, 139.0, 130.0, 0.0, 0.0, 1000.0, 0.0, 1000.0, 0.0, 1000.0, 907.0, 999.0, 999.0, 999.0, 999.0, 316.0, 330.0, 0.0, 0.0], [], [-0.9737701416015625, 0.189544677734375, -0.0989990234375, 0.0776824951171875], [], [-0.50506591796875, 0.1529541015625, -0.250396728515625, 0.8116607666015625]
6830, 6.948945045471191, [1000.0, 49.0, 235.0, 111.0, 248.0, 139.0, 130.0, 0.0, 0.0, 1000.0, 0.0, 1000.0, 0.0, 1000.0, 907.0, 999.0, 999.0, 999.0, 999.0, 316.0, 330.0, 0.0, 0.0], [], [-0.9737701416015625, 0.189544677734375, -0.0989990234375, 0.0776824951171875], [], [-0.50457763671875, 0.1545562744140625, -0.2512969970703125, 0.8113861083984375]
6840, 6.959140300750732, [1000.0, 49.0, 235.0, 111.0, 248.0, 139.0, 130.0, 0.0, 0.0, 1000.0, 0.0, 1000.0, 0.0, 1000.0, 907.0, 999.0, 999.0, 999.0, 999.0, 316.0, 330.0, 0.0, 0.0], [], [-0.9737701416015625, 0.189544677734375, -0.0989990234375, 0.0776824951171875], [], [-0.5049285888671875, 0.15338134765625, -0.2523193359375, 0.811065673828125]
6850, 6.96914005279541, [1000.0, 49.0, 235.0, 111.0, 248.0, 139.0, 130.0, 0.0, 0.0, 1000.0, 0.0, 1000.0, 0.0, 1000.0, 907.0, 999.0, 999.0, 999.0, 999.0, 316.0, 330.0, 0.0, 0.0], [], [-0.9737701416015625, 0.189544677734375, -0.0989990234375, 0.0776824951171875], [], [-0.5043182373046875, 0.1553497314453125, -0.254791259765625, 0.8102874755859375]
6860, 6.979077339172363, [1000.0, 49.0, 235.0, 111.0, 248.0, 139.0, 130.0, 0.0, 0.0, 1000.0, 0.0, 1000.0, 0.0, 1000.0, 907.0, 999.0, 999.0, 999.0, 999.0, 316.0, 330.0, 0.0, 0.0], [], [-0.9737701416015625, 0.189544677734375, -0.0989990234375, 0.0776824951171875], [], [-0.504913330078125, 0.1534576416015625, -0.2528076171875, 0.8109130859375]
6870, 6.989071846008301, [1000.0, 49.0, 235.0, 111.0, 248.0, 139.0, 130.0, 0.0, 0.0, 1000.0, 0.0, 1000.0, 0.0, 1000.0, 907.0, 999.0, 999.0, 999.0, 999.0, 316.0, 330.0, 0.0, 0.0], [], [-0.9737701416015625, 0.189544677734375, -0.0989990234375, 0.0776824951171875], [], [-0.504974365234375, 0.1532440185546875, -0.2524261474609375, 0.81103515625]
6880, 6.999085426330566, [1000.0, 49.0, 235.0, 111.0, 248.0, 139.0, 130.0, 0.0, 0.0, 1000.0, 0.0, 1000.0, 0.0, 1000.0, 907.0, 999.0, 999.0, 999.0, 999.0, 316.0, 330.0, 0.0, 0.0], [], [-0.9737701416015625, 0.189544677734375, -0.0989990234375, 0.0776824951171875], [], [-0.5048675537109375, 0.1535491943359375, -0.253570556640625, 0.8106842041015625]
6890, 7.0091423988342285, [1000.0, 49.0, 235.0, 111.0, 248.0, 139.0, 130.0, 0.0, 0.0, 1000.0, 0.0, 1000.0, 0.0, 1000.0, 907.0, 999.0, 999.0, 999.0, 999.0, 316.0, 330.0, 0.0, 0.0], [], [-0.9737701416015625, 0.189544677734375, -0.0989990234375, 0.0776824951171875], [], [-0.50494384765625, 0.1531829833984375, -0.2545318603515625, 0.810394287109375]
6900, 7.019138336181641, [1000.0, 49.0, 235.0, 111.0, 248.0, 139.0, 130.0, 0.0, 0.0, 1000.0, 0.0, 1000.0, 0.0, 1000.0, 907.0, 999.0, 999.0, 999.0, 999.0, 316.0, 330.0, 0.0, 0.0], [], [-0.9737701416015625, 0.189544677734375, -0.0989990234375, 0.0776824951171875], [], [-0.5051116943359375, 0.1525726318359375, -0.25347900390625, 0.8107452392578125]
6910, 7.02907657623291, [1000.0, 49.0, 235.0, 111.0, 248.0, 139.0, 130.0, 0.0, 0.0, 1000.0, 0.0, 1000.0, 0.0, 1000.0, 907.0, 999.0, 999.0, 999.0, 999.0, 316.0, 330.0, 0.0, 0.0], [], [-0.9737701416015625, 0.189544677734375, -0.0989990234375, 0.0776824951171875], [], [-0.5048980712890625, 0.1532745361328125, -0.25152587890625, 0.8113555908203125]
6920, 7.039120674133301, [1000.0, 49.0, 235.0, 111.0, 248.0, 139.0, 130.0, 0.0, 0.0, 1000.0, 0.0, 1000.0, 0.0, 1000.0, 907.0, 999.0, 999.0, 999.0, 999.0, 316.0, 330.0, 0.0, 0.0], [], [-0.9737701416015625, 0.189544677734375, -0.0989990234375, 0.0776824951171875], [], [-0.505157470703125, 0.15240478515625, -0.2528076171875, 0.8109588623046875]
6930, 7.04908561706543, [1000.0, 49.0, 235.0, 111.0, 248.0, 139.0, 130.0, 0.0, 0.0, 1000.0, 0.0, 1000.0, 0.0, 1000.0, 907.0, 999.0, 999.0, 999.0, 999.0, 316.0, 330.0, 0.0, 0.0], [], [-0.9737701416015625, 0.189544677734375, -0.0989990234375, 0.0776824951171875], [], [-0.505279541015625, 0.152099609375, -0.2502899169921875, 0.8117218017578125]
6940, 7.05926513671875, [1000.0, 49.0, 235.0, 111.0, 248.0, 139.0, 130.0, 0.0, 0.0, 1000.0, 0.0, 1000.0, 0.0, 1000.0, 907.0, 999.0, 999.0, 999.0, 999.0, 316.0, 330.0, 0.0, 0.0], [], [-0.9737701416015625, 0.189544677734375, -0.0989990234375, 0.0776824951171875], [], [-0.5052642822265625, 0.1521148681640625, -0.250396728515625, 0.8116912841796875]
6950, 7.069085121154785, [1000.0, 49.0, 235.0, 111.0, 248.0, 139.0, 130.0, 0.0, 0.0, 1000.0, 0.0, 1000.0, 0.0, 1000.0, 907.0, 999.0, 999.0, 999.0, 999.0, 316.0, 330.0, 0.0, 0.0], [], [-0.9737701416015625, 0.189544677734375, -0.0989990234375, 0.0776824951171875], [], [-0.505218505859375, 0.152191162109375, -0.250518798828125, 0.8116607666015625]
6960, 7.079113960266113, [1000.0, 49.0, 235.0, 111.0, 248.0, 139.0, 130.0, 0.0, 0.0, 1000.0, 0.0, 1000.0, 0.0, 1000.0, 907.0, 999.0, 999.0, 999.0, 999.0, 316.0, 330.0, 0.0, 0.0], [], [-0.9737701416015625, 0.189544677734375, -0.0989990234375, 0.0776824951171875], [], [-0.5052032470703125, 0.1522216796875, -0.2507171630859375, 0.811614990234375]
6970, 7.08913516998291, [1000.0, 49.0, 235.0, 111.0, 248.0, 139.0, 130.0, 0.0, 0.0, 1000.0, 0.0, 1000.0, 0.0, 1000.0, 907.0, 999.0, 999.0, 999.0, 999.0, 316.0, 330.0, 0.0, 0.0], [], [-0.9737701416015625, 0.189544677734375, -0.0989990234375, 0.0776824951171875], [], [-0.505126953125, 0.152374267578125, -0.2508392333984375, 0.81158447265625]
6980, 7.099083423614502, [1000.0, 49.0, 235.0, 111.0, 248.0, 139.0, 130.0, 0.0, 0.0, 1000.0, 0.0, 1000.0, 0.0, 1000.0, 907.0, 999.0, 999.0, 999.0, 999.0, 316.0, 330.0, 0.0, 0.0], [], [-0.9737701416015625, 0.189544677734375, -0.0989990234375, 0.0776824951171875], [], [-0.5050506591796875, 0.152587890625, -0.250885009765625, 0.81158447265625]
6990, 7.110739707946777, [1000.0, 49.0, 235.0, 111.0, 248.0, 139.0, 130.0, 0.0, 0.0, 1000.0, 0.0, 1000.0, 0.0, 1000.0, 907.0, 999.0, 999.0, 999.0, 999.0, 316.0, 330.0, 0.0, 0.0], [], [-0.9737701416015625, 0.189544677734375, -0.0989990234375, 0.0776824951171875], [], [-0.505035400390625, 0.152557373046875, -0.2509002685546875, 0.8115997314453125]
7000, 7.119051456451416, [1000.0, 49.0, 235.0, 111.0, 248.0, 139.0, 130.0, 0.0, 0.0, 1000.0, 0.0, 1000.0, 0.0, 1000.0, 907.0, 999.0, 999.0, 999.0, 999.0, 316.0, 330.0, 0.0, 0.0], [], [-0.9737701416015625, 0.189544677734375, -0.0989990234375, 0.0776824951171875], [], [-0.505035400390625, 0.152587890625, -0.2509918212890625, 0.8115692138671875]
7010, 7.129108428955078, [1000.0, 49.0, 235.0, 111.0, 248.0, 139.0, 130.0, 0.0, 0.0, 1000.0, 0.0, 1000.0, 0.0, 1000.0, 907.0, 999.0, 999.0, 999.0, 999.0, 316.0, 330.0, 0.0, 0.0], [], [-0.9737701416015625, 0.189544677734375, -0.0989990234375, 0.0776824951171875], [], [-0.5050811767578125, 0.152435302734375, -0.250640869140625, 0.811676025390625]
7020, 7.139266490936279, [1000.0, 49.0, 235.0, 111.0, 248.0, 139.0, 130.0, 0.0, 0.0, 1000.0, 0.0, 1000.0, 0.0, 1000.0, 907.0, 999.0, 999.0, 999.0, 999.0, 316.0, 330.0, 0.0, 0.0], [], [-0.9737701416015625, 0.189544677734375, -0.0989990234375, 0.0776824951171875], [], [-0.5052337646484375, 0.1519317626953125, -0.250274658203125, 0.8117828369140625]
7030, 7.149107456207275, [1000.0, 49.0, 235.0, 111.0, 248.0, 139.0, 130.0, 0.0, 0.0, 1000.0, 0.0, 1000.0, 0.0, 1000.0, 907.0, 999.0, 999.0, 999.0, 999.0, 316.0, 330.0, 0.0, 0.0], [], [-0.9737701416015625, 0.189544677734375, -0.0989990234375, 0.0776824951171875], [], [-0.505218505859375, 0.151947021484375, -0.2502593994140625, 0.811798095703125]
7040, 7.159272193908691, [1000.0, 49.0, 235.0, 111.0, 248.0, 139.0, 130.0, 0.0, 0.0, 1000.0, 0.0, 1000.0, 0.0, 1000.0, 907.0, 999.0, 999.0, 999.0, 999.0, 316.0, 330.0, 0.0, 0.0], [], [-0.9737701416015625, 0.189544677734375, -0.0989990234375, 0.0776824951171875], [], [-0.505157470703125, 0.1520843505859375, -0.2506866455078125, 0.811676025390625]
7050, 7.1691131591796875, [1000.0, 49.0, 235.0, 111.0, 248.0, 139.0, 130.0, 0.0, 0.0, 1000.0, 0.0, 1000.0, 0.0, 1000.0, 907.0, 999.0, 999.0, 999.0, 999.0, 316.0, 330.0, 0.0, 0.0], [], [-0.9737701416015625, 0.189544677734375, -0.0989990234375, 0.0776824951171875], [], [-0.505096435546875, 0.1522369384765625, -0.2511749267578125, 0.8115386962890625]
7060, 7.179110527038574, [1000.0, 49.0, 235.0, 111.0, 248.0, 139.0, 130.0, 0.0, 0.0, 1000.0, 0.0, 1000.0, 0.0, 1000.0, 907.0, 999.0, 999.0, 999.0, 999.0, 316.0, 330.0, 0.0, 0.0], [], [-0.9737701416015625, 0.189544677734375, -0.0989990234375, 0.0776824951171875], [], [-0.5049285888671875, 0.1527252197265625, -0.251434326171875, 0.81146240234375]
7070, 7.189157485961914, [1000.0, 49.0, 235.0, 111.0, 248.0, 139.0, 130.0, 0.0, 0.0, 1000.0, 0.0, 1000.0, 0.0, 1000.0, 907.0, 999.0, 999.0, 999.0, 999.0, 316.0, 330.0, 0.0, 0.0], [], [-0.9737701416015625, 0.189544677734375, -0.0989990234375, 0.0776824951171875], [], [-0.504852294921875, 0.152862548828125, -0.2517852783203125, 0.8113861083984375]
7080, 7.1991095542907715, [1000.0, 49.0, 235.0, 111.0, 248.0, 139.0, 130.0, 0.0, 0.0, 1000.0, 0.0, 1000.0, 0.0, 1000.0, 907.0, 999.0, 999.0, 999.0, 999.0, 316.0, 330.0, 0.0, 0.0], [], [-0.9737701416015625, 0.189544677734375, -0.0989990234375, 0.0776824951171875], [], [-0.5047149658203125, 0.1532440185546875, -0.25146484375, 0.811492919921875]
7090, 7.2092742919921875, [1000.0, 49.0, 235.0, 111.0, 248.0, 139.0, 130.0, 0.0, 0.0, 1000.0, 0.0, 1000.0, 0.0, 1000.0, 907.0, 999.0, 999.0, 999.0, 999.0, 316.0, 330.0, 0.0, 0.0], [], [-0.9737701416015625, 0.189544677734375, -0.0989990234375, 0.0776824951171875], [], [-0.5048065185546875, 0.1529541015625, -0.25177001953125, 0.8114013671875]
7100, 7.220724105834961, [1000.0, 49.0, 235.0, 111.0, 248.0, 139.0, 130.0, 0.0, 0.0, 1000.0, 0.0, 1000.0, 0.0, 1000.0, 907.0, 999.0, 999.0, 999.0, 999.0, 316.0, 330.0, 0.0, 0.0], [], [-0.9737701416015625, 0.189544677734375, -0.0989990234375, 0.0776824951171875], [], [-0.50482177734375, 0.1528472900390625, -0.250885009765625, 0.811676025390625]
7110, 7.2291107177734375, [1000.0, 49.0, 235.0, 111.0, 248.0, 139.0, 130.0, 0.0, 0.0, 1000.0, 0.0, 1000.0, 0.0, 1000.0, 907.0, 999.0, 999.0, 999.0, 999.0, 316.0, 330.0, 0.0, 0.0], [], [-0.9737701416015625, 0.189544677734375, -0.0989990234375, 0.0776824951171875], [], [-0.5048370361328125, 0.15277099609375, -0.2495269775390625, 0.812103271484375]
7120, 7.239151477813721, [1000.0, 49.0, 235.0, 111.0, 248.0, 139.0, 130.0, 0.0, 0.0, 1000.0, 0.0, 1000.0, 0.0, 1000.0, 907.0, 999.0, 999.0, 999.0, 999.0, 316.0, 330.0, 0.0, 0.0], [], [-0.9737701416015625, 0.189544677734375, -0.0989990234375, 0.0776824951171875], [], [-0.5046844482421875, 0.15325927734375, -0.2492218017578125, 0.81219482421875]
7130, 7.249114036560059, [1000.0, 49.0, 235.0, 111.0, 248.0, 139.0, 130.0, 0.0, 0.0, 1000.0, 0.0, 1000.0, 0.0, 1000.0, 907.0, 999.0, 999.0, 999.0, 999.0, 316.0, 330.0, 0.0, 0.0], [], [-0.9737701416015625, 0.189544677734375, -0.0989990234375, 0.0776824951171875], [], [-0.5048828125, 0.1526947021484375, -0.2484893798828125, 0.812408447265625]
7140, 7.259256839752197, [1000.0, 49.0, 235.0, 111.0, 248.0, 139.0, 130.0, 0.0, 0.0, 1000.0, 0.0, 1000.0, 0.0, 1000.0, 907.0, 999.0, 999.0, 999.0, 999.0, 316.0, 330.0, 0.0, 0.0], [], [-0.9737701416015625, 0.189544677734375, -0.0989990234375, 0.0776824951171875], [], [-0.5052490234375, 0.1514892578125, -0.2489013671875, 0.812286376953125]
7150, 7.2691216468811035, [1000.0, 49.0, 235.0, 111.0, 248.0, 139.0, 130.0, 0.0, 0.0, 1000.0, 0.0, 1000.0, 0.0, 1000.0, 907.0, 999.0, 999.0, 999.0, 999.0, 316.0, 330.0, 0.0, 0.0], [], [-0.9737701416015625, 0.189544677734375, -0.0989990234375, 0.0776824951171875], [], [-0.5054931640625, 0.15069580078125, -0.2479248046875, 0.8125762939453125]
7160, 7.279109954833984, [1000.0, 49.0, 235.0, 111.0, 248.0, 139.0, 130.0, 0.0, 0.0, 1000.0, 0.0, 1000.0, 0.0, 1000.0, 907.0, 999.0, 999.0, 999.0, 999.0, 316.0, 330.0, 0.0, 0.0], [], [-0.9737701416015625, 0.189544677734375, -0.0989990234375, 0.0776824951171875], [], [-0.5050811767578125, 0.15203857421875, -0.2496795654296875, 0.812042236328125]
7170, 7.289148330688477, [1000.0, 49.0, 235.0, 111.0, 248.0, 139.0, 130.0, 0.0, 0.0, 1000.0, 0.0, 1000.0, 0.0, 1000.0, 907.0, 999.0, 999.0, 999.0, 999.0, 316.0, 330.0, 0.0, 0.0], [], [-0.9737701416015625, 0.189544677734375, -0.0989990234375, 0.0776824951171875], [], [-0.5051116943359375, 0.15203857421875, -0.2506256103515625, 0.811737060546875]
7180, 7.2991204261779785, [1000.0, 49.0, 235.0, 111.0, 248.0, 139.0, 130.0, 0.0, 0.0, 1000.0, 0.0, 1000.0, 0.0, 1000.0, 907.0, 999.0, 999.0, 999.0, 999.0, 316.0, 330.0, 0.0, 0.0], [], [-0.9737701416015625, 0.189544677734375, -0.0989990234375, 0.0776824951171875], [], [-0.504791259765625, 0.1531524658203125, -0.2503814697265625, 0.811798095703125]
7190, 7.309262752532959, [1000.0, 49.0, 235.0, 111.0, 248.0, 139.0, 130.0, 0.0, 0.0, 1000.0, 0.0, 1000.0, 0.0, 1000.0, 907.0, 999.0, 999.0, 999.0, 999.0, 316.0, 330.0, 0.0, 0.0], [], [-0.9737701416015625, 0.189544677734375, -0.0989990234375, 0.0776824951171875], [], [-0.5049896240234375, 0.1525115966796875, -0.2505035400390625, 0.8117523193359375]
7200, 7.3191142082214355, [1000.0, 49.0, 235.0, 111.0, 248.0, 139.0, 130.0, 0.0, 0.0, 1000.0, 0.0, 1000.0, 0.0, 1000.0, 907.0, 999.0, 999.0, 999.0, 999.0, 316.0, 330.0, 0.0, 0.0], [], [-0.9737701416015625, 0.189544677734375, -0.0989990234375, 0.0776824951171875], [], [-0.5050811767578125, 0.1522216796875, -0.248931884765625, 0.8122406005859375]
7210, 7.329111576080322, [1000.0, 49.0, 235.0, 111.0, 248.0, 139.0, 130.0, 0.0, 0.0, 1000.0, 0.0, 1000.0, 0.0, 1000.0, 907.0, 999.0, 999.0, 999.0, 999.0, 316.0, 330.0, 0.0, 0.0], [], [-0.9737701416015625, 0.189544677734375, -0.0989990234375, 0.0776824951171875], [], [-0.5049896240234375, 0.1525115966796875, -0.2484893798828125, 0.8123779296875]
7220, 7.339150428771973, [1000.0, 49.0, 235.0, 111.0, 248.0, 139.0, 130.0, 0.0, 0.0, 1000.0, 0.0, 1000.0, 0.0, 1000.0, 907.0, 999.0, 999.0, 999.0, 999.0, 316.0, 330.0, 0.0, 0.0], [], [-0.9737701416015625, 0.189544677734375, -0.0989990234375, 0.0776824951171875], [], [-0.5049591064453125, 0.1525726318359375, -0.2473602294921875, 0.8127288818359375]
7230, 7.34910774230957, [1000.0, 49.0, 235.0, 111.0, 248.0, 139.0, 130.0, 0.0, 0.0, 1000.0, 0.0, 1000.0, 0.0, 1000.0, 907.0, 999.0, 999.0, 999.0, 999.0, 316.0, 330.0, 0.0, 0.0], [], [-0.9737701416015625, 0.189544677734375, -0.0989990234375, 0.0776824951171875], [], [-0.5050201416015625, 0.15234375, -0.249542236328125, 0.81207275390625]
7240, 7.35926628112793, [1000.0, 49.0, 235.0, 111.0, 248.0, 139.0, 130.0, 0.0, 0.0, 1000.0, 0.0, 1000.0, 0.0, 1000.0, 907.0, 999.0, 999.0, 999.0, 999.0, 316.0, 330.0, 0.0, 0.0], [], [-0.9737701416015625, 0.189544677734375, -0.0989990234375, 0.0776824951171875], [], [-0.505096435546875, 0.152099609375, -0.248748779296875, 0.8123016357421875]
7250, 7.3690571784973145, [1000.0, 49.0, 235.0, 111.0, 248.0, 139.0, 130.0, 0.0, 0.0, 1000.0, 0.0, 1000.0, 0.0, 1000.0, 907.0, 999.0, 999.0, 999.0, 999.0, 316.0, 330.0, 0.0, 0.0], [], [-0.9737701416015625, 0.189544677734375, -0.0989990234375, 0.0776824951171875], [], [-0.504547119140625, 0.153900146484375, -0.2498016357421875, 0.811981201171875]
7260, 7.382062911987305, [1000.0, 49.0, 235.0, 111.0, 248.0, 139.0, 130.0, 0.0, 0.0, 1000.0, 0.0, 1000.0, 0.0, 1000.0, 907.0, 999.0, 999.0, 999.0, 999.0, 316.0, 330.0, 0.0, 0.0], [], [-0.9737701416015625, 0.189544677734375, -0.0989990234375, 0.0776824951171875], [], [-0.504486083984375, 0.15411376953125, -0.2498931884765625, 0.81195068359375]
7270, 7.389120578765869, [1000.0, 49.0, 235.0, 111.0, 248.0, 139.0, 130.0, 0.0, 0.0, 1000.0, 0.0, 1000.0, 0.0, 1000.0, 907.0, 999.0, 999.0, 999.0, 999.0, 316.0, 330.0, 0.0, 0.0], [], [-0.9737701416015625, 0.189544677734375, -0.0989990234375, 0.0776824951171875], [], [-0.504608154296875, 0.153717041015625, -0.2501373291015625, 0.8118743896484375]
7280, 7.3990278244018555, [1000.0, 49.0, 235.0, 111.0, 248.0, 139.0, 130.0, 0.0, 0.0, 1000.0, 0.0, 1000.0, 0.0, 1000.0, 907.0, 999.0, 999.0, 999.0, 999.0, 316.0, 330.0, 0.0, 0.0], [], [-0.9737701416015625, 0.189544677734375, -0.0989990234375, 0.0776824951171875], [], [-0.504852294921875, 0.1528472900390625, -0.24993896484375, 0.81195068359375]
7290, 7.409274101257324, [1000.0, 49.0, 235.0, 111.0, 248.0, 139.0, 130.0, 0.0, 0.0, 1000.0, 0.0, 1000.0, 0.0, 1000.0, 907.0, 999.0, 999.0, 999.0, 999.0, 316.0, 330.0, 0.0, 0.0], [], [-0.9737701416015625, 0.189544677734375, -0.0989990234375, 0.0776824951171875], [], [-0.50506591796875, 0.15216064453125, -0.249755859375, 0.8119964599609375]
7300, 7.41899299621582, [1000.0, 49.0, 235.0, 111.0, 248.0, 139.0, 130.0, 0.0, 0.0, 1000.0, 0.0, 1000.0, 0.0, 1000.0, 907.0, 999.0, 999.0, 999.0, 999.0, 316.0, 330.0, 0.0, 0.0], [], [-0.9737701416015625, 0.189544677734375, -0.0989990234375, 0.0776824951171875], [], [-0.5046234130859375, 0.15362548828125, -0.2507476806640625, 0.8116912841796875]
7310, 7.429039001464844, [1000.0, 49.0, 235.0, 111.0, 248.0, 139.0, 130.0, 0.0, 0.0, 1000.0, 0.0, 1000.0, 0.0, 1000.0, 907.0, 999.0, 999.0, 999.0, 999.0, 316.0, 330.0, 0.0, 0.0], [], [-0.9737701416015625, 0.189544677734375, -0.0989990234375, 0.0776824951171875], [], [-0.5057373046875, 0.1500701904296875, -0.2480926513671875, 0.8124847412109375]
7320, 7.439027309417725, [1000.0, 49.0, 235.0, 111.0, 248.0, 139.0, 130.0, 0.0, 0.0, 1000.0, 0.0, 1000.0, 0.0, 1000.0, 907.0, 999.0, 999.0, 999.0, 999.0, 316.0, 330.0, 0.0, 0.0], [], [-0.9737701416015625, 0.189544677734375, -0.0989990234375, 0.0776824951171875], [], [-0.5056610107421875, 0.1503143310546875, -0.248291015625, 0.8124237060546875]
7330, 7.449034690856934, [1000.0, 49.0, 235.0, 111.0, 248.0, 139.0, 130.0, 0.0, 0.0, 1000.0, 0.0, 1000.0, 0.0, 1000.0, 907.0, 999.0, 999.0, 999.0, 999.0, 316.0, 330.0, 0.0, 0.0], [], [-0.9737701416015625, 0.189544677734375, -0.0989990234375, 0.0776824951171875], [], [-0.505859375, 0.149688720703125, -0.246795654296875, 0.8128814697265625]
7340, 7.459249496459961, [1000.0, 49.0, 235.0, 111.0, 248.0, 139.0, 130.0, 0.0, 0.0, 1000.0, 0.0, 1000.0, 0.0, 1000.0, 907.0, 999.0, 999.0, 999.0, 999.0, 316.0, 330.0, 0.0, 0.0], [], [-0.9737701416015625, 0.189544677734375, -0.0989990234375, 0.0776824951171875], [], [-0.505584716796875, 0.1505584716796875, -0.24786376953125, 0.81256103515625]
7350, 7.469112396240234, [1000.0, 49.0, 235.0, 111.0, 248.0, 139.0, 130.0, 0.0, 0.0, 1000.0, 0.0, 1000.0, 0.0, 1000.0, 907.0, 999.0, 999.0, 999.0, 999.0, 316.0, 330.0, 0.0, 0.0], [], [-0.9737701416015625, 0.189544677734375, -0.0989990234375, 0.0776824951171875], [], [-0.5058135986328125, 0.1497650146484375, -0.250213623046875, 0.8118438720703125]
7360, 7.479039192199707, [1000.0, 49.0, 235.0, 111.0, 248.0, 139.0, 130.0, 0.0, 0.0, 1000.0, 0.0, 1000.0, 0.0, 1000.0, 907.0, 999.0, 999.0, 999.0, 999.0, 316.0, 330.0, 0.0, 0.0], [], [-0.9737701416015625, 0.189544677734375, -0.0989990234375, 0.0776824951171875], [], [-0.5049591064453125, 0.1524658203125, -0.2530517578125, 0.811004638671875]
7370, 7.489016532897949, [1000.0, 49.0, 235.0, 111.0, 248.0, 139.0, 130.0, 0.0, 0.0, 1000.0, 0.0, 1000.0, 0.0, 1000.0, 907.0, 999.0, 999.0, 999.0, 999.0, 316.0, 330.0, 0.0, 0.0], [], [-0.9737701416015625, 0.189544677734375, -0.0989990234375, 0.0776824951171875], [], [-0.5048065185546875, 0.1529083251953125, -0.2543182373046875, 0.81060791015625]
7380, 7.499041557312012, [1000.0, 49.0, 235.0, 111.0, 248.0, 139.0, 130.0, 0.0, 0.0, 1000.0, 0.0, 1000.0, 0.0, 1000.0, 907.0, 999.0, 999.0, 999.0, 999.0, 316.0, 330.0, 0.0, 0.0], [], [-0.9737701416015625, 0.189544677734375, -0.0989990234375, 0.0776824951171875], [], [-0.504180908203125, 0.1549072265625, -0.253936767578125, 0.81072998046875]
7390, 7.50927209854126, [1000.0, 49.0, 235.0, 111.0, 248.0, 139.0, 130.0, 0.0, 0.0, 1000.0, 0.0, 1000.0, 0.0, 1000.0, 907.0, 999.0, 999.0, 999.0, 999.0, 316.0, 330.0, 0.0, 0.0], [], [-0.9737701416015625, 0.189544677734375, -0.0989990234375, 0.0776824951171875], [], [-0.5050811767578125, 0.1520538330078125, -0.2519378662109375, 0.81134033203125]
7400, 7.519235134124756, [1000.0, 49.0, 235.0, 111.0, 248.0, 139.0, 130.0, 0.0, 0.0, 1000.0, 0.0, 1000.0, 0.0, 1000.0, 907.0, 999.0, 999.0, 999.0, 999.0, 316.0, 330.0, 0.0, 0.0], [], [-0.9737701416015625, 0.189544677734375, -0.0989990234375, 0.0776824951171875], [], [-0.504974365234375, 0.152374267578125, -0.25189208984375, 0.8113555908203125]
7410, 7.5290398597717285, [1000.0, 49.0, 235.0, 111.0, 248.0, 139.0, 130.0, 0.0, 0.0, 1000.0, 0.0, 1000.0, 0.0, 1000.0, 907.0, 999.0, 999.0, 999.0, 999.0, 316.0, 330.0, 0.0, 0.0], [], [-0.9737701416015625, 0.189544677734375, -0.0989990234375, 0.0776824951171875], [], [-0.504486083984375, 0.1539764404296875, -0.252105712890625, 0.8112945556640625]
7420, 7.543999195098877, [1000.0, 49.0, 235.0, 111.0, 248.0, 139.0, 130.0, 0.0, 0.0, 1000.0, 0.0, 1000.0, 0.0, 1000.0, 907.0, 999.0, 999.0, 999.0, 999.0, 316.0, 330.0, 0.0, 0.0], [], [-0.9737701416015625, 0.189544677734375, -0.0989990234375, 0.0776824951171875], [], [-0.5052337646484375, 0.151580810546875, -0.25189208984375, 0.81134033203125]
7430, 7.54902458190918, [1000.0, 49.0, 235.0, 111.0, 248.0, 139.0, 130.0, 0.0, 0.0, 1000.0, 0.0, 1000.0, 0.0, 1000.0, 907.0, 999.0, 999.0, 999.0, 999.0, 316.0, 330.0, 0.0, 0.0], [], [-0.9737701416015625, 0.189544677734375, -0.0989990234375, 0.0776824951171875], [], [-0.5049285888671875, 0.152587890625, -0.2530517578125, 0.8109893798828125]
7440, 7.559379577636719, [1000.0, 49.0, 235.0, 111.0, 248.0, 139.0, 130.0, 0.0, 0.0, 1000.0, 0.0, 1000.0, 0.0, 1000.0, 907.0, 999.0, 999.0, 999.0, 999.0, 316.0, 330.0, 0.0, 0.0], [], [-0.9737701416015625, 0.189544677734375, -0.0989990234375, 0.0776824951171875], [], [-0.504913330078125, 0.15252685546875, -0.25299072265625, 0.81103515625]
7450, 7.569121360778809, [1000.0, 49.0, 235.0, 111.0, 248.0, 139.0, 130.0, 0.0, 0.0, 1000.0, 0.0, 1000.0, 0.0, 1000.0, 907.0, 999.0, 999.0, 999.0, 999.0, 316.0, 330.0, 0.0, 0.0], [], [-0.9737701416015625, 0.189544677734375, -0.0989990234375, 0.0776824951171875], [], [-0.5049285888671875, 0.1525115966796875, -0.252960205078125, 0.8110198974609375]
7460, 7.579041481018066, [1000.0, 49.0, 235.0, 111.0, 248.0, 139.0, 130.0, 0.0, 0.0, 1000.0, 0.0, 1000.0, 0.0, 1000.0, 907.0, 999.0, 999.0, 999.0, 999.0, 316.0, 330.0, 0.0, 0.0], [], [-0.9737701416015625, 0.189544677734375, -0.0989990234375, 0.0776824951171875], [], [-0.5048675537109375, 0.152618408203125, -0.252716064453125, 0.811126708984375]
7470, 7.589016914367676, [1000.0, 49.0, 235.0, 111.0, 248.0, 139.0, 130.0, 0.0, 0.0, 1000.0, 0.0, 1000.0, 0.0, 1000.0, 907.0, 999.0, 999.0, 999.0, 999.0, 316.0, 330.0, 0.0, 0.0], [], [-0.9737701416015625, 0.189544677734375, -0.0989990234375, 0.0776824951171875], [], [-0.5048828125, 0.1526336669921875, -0.2527618408203125, 0.8111114501953125]
7480, 7.599027633666992, [1000.0, 49.0, 235.0, 111.0, 248.0, 139.0, 130.0, 0.0, 0.0, 1000.0, 0.0, 1000.0, 0.0, 1000.0, 907.0, 999.0, 999.0, 999.0, 999.0, 316.0, 330.0, 0.0, 0.0], [], [-0.9737701416015625, 0.189544677734375, -0.0989990234375, 0.0776824951171875], [], [-0.50494384765625, 0.15240478515625, -0.252593994140625, 0.8111572265625]
7490, 7.609251022338867, [1000.0, 49.0, 235.0, 111.0, 248.0, 139.0, 130.0, 0.0, 0.0, 1000.0, 0.0, 1000.0, 0.0, 1000.0, 907.0, 999.0, 999.0, 999.0, 999.0, 316.0, 330.0, 0.0, 0.0], [], [-0.9737701416015625, 0.189544677734375, -0.0989990234375, 0.0776824951171875], [], [-0.50506591796875, 0.151947021484375, -0.252166748046875, 0.8112945556640625]
7500, 7.619113922119141, [1000.0, 49.0, 235.0, 111.0, 248.0, 139.0, 130.0, 0.0, 0.0, 1000.0, 0.0, 1000.0, 0.0, 1000.0, 907.0, 999.0, 999.0, 999.0, 999.0, 316.0, 330.0, 0.0, 0.0], [], [-0.9737701416015625, 0.189544677734375, -0.0989990234375, 0.0776824951171875], [], [-0.505096435546875, 0.15185546875, -0.2518310546875, 0.8114013671875]
7510, 7.629040718078613, [1000.0, 49.0, 235.0, 111.0, 248.0, 139.0, 130.0, 0.0, 0.0, 1000.0, 0.0, 1000.0, 0.0, 1000.0, 907.0, 999.0, 999.0, 999.0, 999.0, 316.0, 330.0, 0.0, 0.0], [], [-0.9737701416015625, 0.189544677734375, -0.0989990234375, 0.0776824951171875], [], [-0.5050201416015625, 0.152099609375, -0.2516632080078125, 0.81146240234375]
7520, 7.6390838623046875, [1000.0, 49.0, 235.0, 111.0, 248.0, 139.0, 130.0, 0.0, 0.0, 1000.0, 0.0, 1000.0, 0.0, 1000.0, 907.0, 999.0, 999.0, 999.0, 999.0, 316.0, 330.0, 0.0, 0.0], [], [-0.9737701416015625, 0.189544677734375, -0.0989990234375, 0.0776824951171875], [], [-0.505035400390625, 0.15203857421875, -0.2514495849609375, 0.8115234375]
7530, 7.654343605041504, [1000.0, 49.0, 235.0, 111.0, 248.0, 139.0, 130.0, 0.0, 0.0, 1000.0, 0.0, 1000.0, 0.0, 1000.0, 907.0, 999.0, 999.0, 999.0, 999.0, 316.0, 330.0, 0.0, 0.0], [], [-0.9737701416015625, 0.189544677734375, -0.0989990234375, 0.0776824951171875], [], [-0.5050811767578125, 0.1519775390625, -0.2514801025390625, 0.811492919921875]
7540, 7.659242630004883, [1000.0, 49.0, 235.0, 111.0, 248.0, 139.0, 130.0, 0.0, 0.0, 1000.0, 0.0, 1000.0, 0.0, 1000.0, 907.0, 999.0, 999.0, 999.0, 999.0, 316.0, 330.0, 0.0, 0.0], [], [-0.9737701416015625, 0.189544677734375, -0.0989990234375, 0.0776824951171875], [], [-0.505035400390625, 0.1521453857421875, -0.2522430419921875, 0.8112640380859375]
7550, 7.669109344482422, [1000.0, 49.0, 235.0, 111.0, 248.0, 139.0, 130.0, 0.0, 0.0, 1000.0, 0.0, 1000.0, 0.0, 1000.0, 907.0, 999.0, 999.0, 999.0, 999.0, 316.0, 330.0, 0.0, 0.0], [], [-0.9737701416015625, 0.189544677734375, -0.0989990234375, 0.0776824951171875], [], [-0.5049591064453125, 0.1523895263671875, -0.2527008056640625, 0.8111114501953125]
7560, 7.679032325744629, [1000.0, 49.0, 235.0, 111.0, 248.0, 139.0, 130.0, 0.0, 0.0, 1000.0, 0.0, 1000.0, 0.0, 1000.0, 907.0, 999.0, 999.0, 999.0, 999.0, 316.0, 330.0, 0.0, 0.0], [], [-0.9737701416015625, 0.189544677734375, -0.0989990234375, 0.0776824951171875], [], [-0.504974365234375, 0.1523895263671875, -0.2531280517578125, 0.81097412109375]
7570, 7.689110279083252, [1000.0, 49.0, 235.0, 111.0, 248.0, 139.0, 130.0, 0.0, 0.0, 1000.0, 0.0, 1000.0, 0.0, 1000.0, 907.0, 999.0, 999.0, 999.0, 999.0, 316.0, 330.0, 0.0, 0.0], [], [-0.9737701416015625, 0.189544677734375, -0.0989990234375, 0.0776824951171875], [], [-0.504913330078125, 0.15264892578125, -0.252716064453125, 0.81109619140625]
7580, 7.699046611785889, [1000.0, 49.0, 235.0, 111.0, 248.0, 139.0, 130.0, 0.0, 0.0, 1000.0, 0.0, 1000.0, 0.0, 1000.0, 907.0, 999.0, 999.0, 999.0, 999.0, 316.0, 330.0, 0.0, 0.0], [], [-0.9737701416015625, 0.189544677734375, -0.0989990234375, 0.0776824951171875], [], [-0.5052642822265625, 0.1516265869140625, -0.2516326904296875, 0.8114013671875]
