141560, 142.54898071289062, [1000.0, 49.0, 235.0, 111.0, 248.0, 139.0, 130.0, 0.0, 0.0, 1000.0, 0.0, 1000.0, 0.0, 1000.0, 907.0, 999.0, 999.0, 999.0, 999.0, 316.0, 330.0, 0.0, 0.0], [], [-0.9737701416015625, 0.189544677734375, -0.0989990234375, 0.0776824951171875], [], [-0.75140380859375, 0.12567138671875, -0.2997283935546875, 0.5742340087890625]
141570, 142.5590362548828, [1000.0, 49.0, 235.0, 111.0, 248.0, 139.0, 130.0, 0.0, 0.0, 1000.0, 0.0, 1000.0, 0.0, 1000.0, 907.0, 999.0, 999.0, 999.0, 999.0, 316.0, 330.0, 0.0, 0.0], [], [-0.9737701416015625, 0.189544677734375, -0.0989990234375, 0.0776824951171875], [], [-0.752105712890625, 0.124420166015625, -0.2977294921875, 0.574615478515625]
141580, 142.569091796875, [1000.0, 49.0, 235.0, 111.0, 248.0, 139.0, 130.0, 0.0, 0.0, 1000.0, 0.0, 1000.0, 0.0, 1000.0, 907.0, 999.0, 999.0, 999.0, 999.0, 316.0, 330.0, 0.0, 0.0], [], [-0.9737701416015625, 0.189544677734375, -0.0989990234375, 0.0776824951171875], [], [-0.750823974609375, 0.1276092529296875, -0.2996673583984375, 0.5746002197265625]
141590, 142.57904052734375, [1000.0, 49.0, 235.0, 111.0, 248.0, 139.0, 130.0, 0.0, 0.0, 1000.0, 0.0, 1000.0, 0.0, 1000.0, 907.0, 999.0, 999.0, 999.0, 999.0, 316.0, 330.0, 0.0, 0.0], [], [-0.9737701416015625, 0.189544677734375, -0.0989990234375, 0.0776824951171875], [], [-0.7512359619140625, 0.126373291015625, -0.299468994140625, 0.5744171142578125]
141600, 142.58909606933594, [1000.0, 49.0, 235.0, 111.0, 248.0, 139.0, 130.0, 0.0, 0.0, 1000.0, 0.0, 1000.0, 0.0, 1000.0, 907.0, 999.0, 999.0, 999.0, 999.0, 316.0, 330.0, 0.0, 0.0], [], [-0.9737701416015625, 0.189544677734375, -0.0989990234375, 0.0776824951171875], [], [-0.751068115234375, 0.1259765625, -0.3011322021484375, 0.5738677978515625]
141610, 142.6011199951172, [1000.0, 49.0, 235.0, 111.0, 248.0, 139.0, 130.0, 0.0, 0.0, 1000.0, 0.0, 1000.0, 0.0, 1000.0, 907.0, 999.0, 999.0, 999.0, 999.0, 316.0, 330.0, 0.0, 0.0], [], [-0.9737701416015625, 0.189544677734375, -0.0989990234375, 0.0776824951171875], [], [-0.752105712890625, 0.123199462890625, -0.299774169921875, 0.5738067626953125]
141620, 142.6090545654297, [1000.0, 49.0, 235.0, 111.0, 248.0, 139.0, 130.0, 0.0, 0.0, 1000.0, 0.0, 1000.0, 0.0, 1000.0, 907.0, 999.0, 999.0, 999.0, 999.0, 316.0, 330.0, 0.0, 0.0], [], [-0.9737701416015625, 0.189544677734375, -0.0989990234375, 0.0776824951171875], [], [-0.7513427734375, 0.125213623046875, -0.30078125, 0.5738677978515625]
141630, 142.61903381347656, [1000.0, 49.0, 235.0, 111.0, 248.0, 139.0, 130.0, 0.0, 0.0, 1000.0, 0.0, 1000.0, 0.0, 1000.0, 907.0, 999.0, 999.0, 999.0, 999.0, 316.0, 330.0, 0.0, 0.0], [], [-0.9737701416015625, 0.189544677734375, -0.0989990234375, 0.0776824951171875], [], [-0.751495361328125, 0.126434326171875, -0.2978057861328125, 0.574951171875]
141640, 142.6290283203125, [1000.0, 49.0, 235.0, 111.0, 248.0, 139.0, 130.0, 0.0, 0.0, 1000.0, 0.0, 1000.0, 0.0, 1000.0, 907.0, 999.0, 999.0, 999.0, 999.0, 316.0, 330.0, 0.0, 0.0], [], [-0.9737701416015625, 0.189544677734375, -0.0989990234375, 0.0776824951171875], [], [-0.75018310546875, 0.12774658203125, -0.303131103515625, 0.573577880859375]
141650, 142.6389617919922, [1000.0, 49.0, 235.0, 111.0, 248.0, 139.0, 130.0, 0.0, 0.0, 1000.0, 0.0, 1000.0, 0.0, 1000.0, 907.0, 999.0, 999.0, 999.0, 999.0, 316.0, 330.0, 0.0, 0.0], [], [-0.9737701416015625, 0.189544677734375, -0.0989990234375, 0.0776824951171875], [], [-0.75018310546875, 0.127227783203125, -0.3040924072265625, 0.5731964111328125]
141660, 142.64907836914062, [1000.0, 49.0, 235.0, 111.0, 248.0, 139.0, 130.0, 0.0, 0.0, 1000.0, 0.0, 1000.0, 0.0, 1000.0, 907.0, 999.0, 999.0, 999.0, 999.0, 316.0, 330.0, 0.0, 0.0], [], [-0.9737701416015625, 0.189544677734375, -0.0989990234375, 0.0776824951171875], [], [-0.750823974609375, 0.1262664794921875, -0.30206298828125, 0.573638916015625]
141670, 142.65904235839844, [1000.0, 49.0, 235.0, 111.0, 248.0, 139.0, 130.0, 0.0, 0.0, 1000.0, 0.0, 1000.0, 0.0, 1000.0, 907.0, 999.0, 999.0, 999.0, 999.0, 316.0, 330.0, 0.0, 0.0], [], [-0.9737701416015625, 0.189544677734375, -0.0989990234375, 0.0776824951171875], [], [-0.7509613037109375, 0.125091552734375, -0.303375244140625, 0.573028564453125]
141680, 142.6691131591797, [1000.0, 49.0, 235.0, 111.0, 248.0, 139.0, 130.0, 0.0, 0.0, 1000.0, 0.0, 1000.0, 0.0, 1000.0, 907.0, 999.0, 999.0, 999.0, 999.0, 316.0, 330.0, 0.0, 0.0], [], [-0.9737701416015625, 0.189544677734375, -0.0989990234375, 0.0776824951171875], [], [-0.7509613037109375, 0.125091552734375, -0.3033294677734375, 0.5730438232421875]
141690, 142.67904663085938, [1000.0, 49.0, 235.0, 111.0, 248.0, 139.0, 130.0, 0.0, 0.0, 1000.0, 0.0, 1000.0, 0.0, 1000.0, 907.0, 999.0, 999.0, 999.0, 999.0, 316.0, 330.0, 0.0, 0.0], [], [-0.9737701416015625, 0.189544677734375, -0.0989990234375, 0.0776824951171875], [], [-0.751007080078125, 0.125030517578125, -0.303192138671875, 0.57305908203125]
141700, 142.68898010253906, [1000.0, 49.0, 235.0, 111.0, 248.0, 139.0, 130.0, 0.0, 0.0, 1000.0, 0.0, 1000.0, 0.0, 1000.0, 907.0, 999.0, 999.0, 999.0, 999.0, 316.0, 330.0, 0.0, 0.0], [], [-0.9737701416015625, 0.189544677734375, -0.0989990234375, 0.0776824951171875], [], [-0.7509918212890625, 0.12518310546875, -0.303131103515625, 0.5730743408203125]
141710, 142.69903564453125, [1000.0, 49.0, 235.0, 111.0, 248.0, 139.0, 130.0, 0.0, 0.0, 1000.0, 0.0, 1000.0, 0.0, 1000.0, 907.0, 999.0, 999.0, 999.0, 999.0, 316.0, 330.0, 0.0, 0.0], [], [-0.9737701416015625, 0.189544677734375, -0.0989990234375, 0.0776824951171875], [], [-0.7510223388671875, 0.1251373291015625, -0.3030853271484375, 0.5730743408203125]
141720, 142.7113800048828, [1000.0, 49.0, 235.0, 111.0, 248.0, 139.0, 130.0, 0.0, 0.0, 1000.0, 0.0, 1000.0, 0.0, 1000.0, 907.0, 999.0, 999.0, 999.0, 999.0, 316.0, 330.0, 0.0, 0.0], [], [-0.9737701416015625, 0.189544677734375, -0.0989990234375, 0.0776824951171875], [], [-0.751068115234375, 0.1251373291015625, -0.3028411865234375, 0.5731353759765625]
141730, 142.71913146972656, [1000.0, 49.0, 235.0, 111.0, 248.0, 139.0, 130.0, 0.0, 0.0, 1000.0, 0.0, 1000.0, 0.0, 1000.0, 907.0, 999.0, 999.0, 999.0, 999.0, 316.0, 330.0, 0.0, 0.0], [], [-0.9737701416015625, 0.189544677734375, -0.0989990234375, 0.0776824951171875], [], [-0.751129150390625, 0.1253204345703125, -0.3023529052734375, 0.573272705078125]
141740, 142.72903442382812, [1000.0, 49.0, 235.0, 111.0, 248.0, 139.0, 130.0, 0.0, 0.0, 1000.0, 0.0, 1000.0, 0.0, 1000.0, 907.0, 999.0, 999.0, 999.0, 999.0, 316.0, 330.0, 0.0, 0.0], [], [-0.9737701416015625, 0.189544677734375, -0.0989990234375, 0.0776824951171875], [], [-0.751068115234375, 0.125579833984375, -0.3023681640625, 0.5732879638671875]
141750, 142.7390899658203, [1000.0, 49.0, 235.0, 111.0, 248.0, 139.0, 130.0, 0.0, 0.0, 1000.0, 0.0, 1000.0, 0.0, 1000.0, 907.0, 999.0, 999.0, 999.0, 999.0, 316.0, 330.0, 0.0, 0.0], [], [-0.9737701416015625, 0.189544677734375, -0.0989990234375, 0.0776824951171875], [], [-0.75103759765625, 0.1256103515625, -0.30242919921875, 0.5732879638671875]
141760, 142.7490692138672, [1000.0, 49.0, 235.0, 111.0, 248.0, 139.0, 130.0, 0.0, 0.0, 1000.0, 0.0, 1000.0, 0.0, 1000.0, 907.0, 999.0, 999.0, 999.0, 999.0, 316.0, 330.0, 0.0, 0.0], [], [-0.9737701416015625, 0.189544677734375, -0.0989990234375, 0.0776824951171875], [], [-0.751129150390625, 0.1255645751953125, -0.3018798828125, 0.5734710693359375]
141770, 142.75914001464844, [1000.0, 49.0, 235.0, 111.0, 248.0, 139.0, 130.0, 0.0, 0.0, 1000.0, 0.0, 1000.0, 0.0, 1000.0, 907.0, 999.0, 999.0, 999.0, 999.0, 316.0, 330.0, 0.0, 0.0], [], [-0.9737701416015625, 0.189544677734375, -0.0989990234375, 0.0776824951171875], [], [-0.751007080078125, 0.126007080078125, -0.3016815185546875, 0.5736541748046875]
141780, 142.7691192626953, [1000.0, 49.0, 235.0, 111.0, 248.0, 139.0, 130.0, 0.0, 0.0, 1000.0, 0.0, 1000.0, 0.0, 1000.0, 907.0, 999.0, 999.0, 999.0, 999.0, 316.0, 330.0, 0.0, 0.0], [], [-0.9737701416015625, 0.189544677734375, -0.0989990234375, 0.0776824951171875], [], [-0.7509307861328125, 0.125885009765625, -0.30218505859375, 0.573516845703125]
141790, 142.77908325195312, [1000.0, 49.0, 235.0, 111.0, 248.0, 139.0, 130.0, 0.0, 0.0, 1000.0, 0.0, 1000.0, 0.0, 1000.0, 907.0, 999.0, 999.0, 999.0, 999.0, 316.0, 330.0, 0.0, 0.0], [], [-0.9737701416015625, 0.189544677734375, -0.0989990234375, 0.0776824951171875], [], [-0.750762939453125, 0.1261749267578125, -0.3023681640625, 0.5735626220703125]
141800, 142.7890625, [1000.0, 49.0, 235.0, 111.0, 248.0, 139.0, 130.0, 0.0, 0.0, 1000.0, 0.0, 1000.0, 0.0, 1000.0, 907.0, 999.0, 999.0, 999.0, 999.0, 316.0, 330.0, 0.0, 0.0], [], [-0.9737701416015625, 0.189544677734375, -0.0989990234375, 0.0776824951171875], [], [-0.750946044921875, 0.1259002685546875, -0.301666259765625, 0.573760986328125]
141810, 142.79901123046875, [1000.0, 49.0, 235.0, 111.0, 248.0, 139.0, 130.0, 0.0, 0.0, 1000.0, 0.0, 1000.0, 0.0, 1000.0, 907.0, 999.0, 999.0, 999.0, 999.0, 316.0, 330.0, 0.0, 0.0], [], [-0.9737701416015625, 0.189544677734375, -0.0989990234375, 0.0776824951171875], [], [-0.750946044921875, 0.1259613037109375, -0.30157470703125, 0.5738067626953125]
141820, 142.80905151367188, [1000.0, 49.0, 235.0, 111.0, 248.0, 139.0, 130.0, 0.0, 0.0, 1000.0, 0.0, 1000.0, 0.0, 1000.0, 907.0, 999.0, 999.0, 999.0, 999.0, 316.0, 330.0, 0.0, 0.0], [], [-0.9737701416015625, 0.189544677734375, -0.0989990234375, 0.0776824951171875], [], [-0.750823974609375, 0.1262969970703125, -0.3015594482421875, 0.573883056640625]
141830, 142.8190155029297, [1000.0, 49.0, 235.0, 111.0, 248.0, 139.0, 130.0, 0.0, 0.0, 1000.0, 0.0, 1000.0, 0.0, 1000.0, 907.0, 999.0, 999.0, 999.0, 999.0, 316.0, 330.0, 0.0, 0.0], [], [-0.9737701416015625, 0.189544677734375, -0.0989990234375, 0.0776824951171875], [], [-0.750732421875, 0.1265106201171875, -0.3017578125, 0.5738677978515625]
141840, 142.82904052734375, [1000.0, 49.0, 235.0, 111.0, 248.0, 139.0, 130.0, 0.0, 0.0, 1000.0, 0.0, 1000.0, 0.0, 1000.0, 907.0, 999.0, 999.0, 999.0, 999.0, 316.0, 330.0, 0.0, 0.0], [], [-0.9737701416015625, 0.189544677734375, -0.0989990234375, 0.0776824951171875], [], [-0.751007080078125, 0.1255645751953125, -0.3018035888671875, 0.57366943359375]
141850, 142.83941650390625, [1000.0, 49.0, 235.0, 111.0, 248.0, 139.0, 130.0, 0.0, 0.0, 1000.0, 0.0, 1000.0, 0.0, 1000.0, 907.0, 999.0, 999.0, 999.0, 999.0, 316.0, 330.0, 0.0, 0.0], [], [-0.9737701416015625, 0.189544677734375, -0.0989990234375, 0.0776824951171875], [], [-0.7510833740234375, 0.1257171630859375, -0.3011627197265625, 0.573883056640625]
141860, 142.8494873046875, [1000.0, 49.0, 235.0, 111.0, 248.0, 139.0, 130.0, 0.0, 0.0, 1000.0, 0.0, 1000.0, 0.0, 1000.0, 907.0, 999.0, 999.0, 999.0, 999.0, 316.0, 330.0, 0.0, 0.0], [], [-0.9737701416015625, 0.189544677734375, -0.0989990234375, 0.0776824951171875], [], [-0.7512359619140625, 0.1257171630859375, -0.3004302978515625, 0.574066162109375]
141870, 142.85928344726562, [1000.0, 49.0, 235.0, 111.0, 248.0, 139.0, 130.0, 0.0, 0.0, 1000.0, 0.0, 1000.0, 0.0, 1000.0, 907.0, 999.0, 999.0, 999.0, 999.0, 316.0, 330.0, 0.0, 0.0], [], [-0.9737701416015625, 0.189544677734375, -0.0989990234375, 0.0776824951171875], [], [-0.7509918212890625, 0.1262054443359375, -0.3010406494140625, 0.5739593505859375]
141880, 142.87640380859375, [1000.0, 49.0, 235.0, 111.0, 248.0, 139.0, 130.0, 0.0, 0.0, 1000.0, 0.0, 1000.0, 0.0, 1000.0, 907.0, 999.0, 999.0, 999.0, 999.0, 316.0, 330.0, 0.0, 0.0], [], [-0.9737701416015625, 0.189544677734375, -0.0989990234375, 0.0776824951171875], [], [-0.7509002685546875, 0.1265716552734375, -0.3008880615234375, 0.5740814208984375]
141890, 142.88116455078125, [1000.0, 49.0, 235.0, 111.0, 248.0, 139.0, 130.0, 0.0, 0.0, 1000.0, 0.0, 1000.0, 0.0, 1000.0, 907.0, 999.0, 999.0, 999.0, 999.0, 316.0, 330.0, 0.0, 0.0], [], [-0.9737701416015625, 0.189544677734375, -0.0989990234375, 0.0776824951171875], [], [-0.7508544921875, 0.1266326904296875, -0.3010711669921875, 0.57403564453125]
141900, 142.88916015625, [1000.0, 49.0, 235.0, 111.0, 248.0, 139.0, 130.0, 0.0, 0.0, 1000.0, 0.0, 1000.0, 0.0, 1000.0, 907.0, 999.0, 999.0, 999.0, 999.0, 316.0, 330.0, 0.0, 0.0], [], [-0.9737701416015625, 0.189544677734375, -0.0989990234375, 0.0776824951171875], [], [-0.750579833984375, 0.1274261474609375, -0.3012237548828125, 0.5741424560546875]
141910, 142.89907836914062, [1000.0, 49.0, 235.0, 111.0, 248.0, 139.0, 130.0, 0.0, 0.0, 1000.0, 0.0, 1000.0, 0.0, 1000.0, 907.0, 999.0, 999.0, 999.0, 999.0, 316.0, 330.0, 0.0, 0.0], [], [-0.9737701416015625, 0.189544677734375, -0.0989990234375, 0.0776824951171875], [], [-0.7504119873046875, 0.1275482177734375, -0.301910400390625, 0.5739593505859375]
141920, 142.9095458984375, [1000.0, 49.0, 235.0, 111.0, 248.0, 139.0, 130.0, 0.0, 0.0, 1000.0, 0.0, 1000.0, 0.0, 1000.0, 907.0, 999.0, 999.0, 999.0, 999.0, 316.0, 330.0, 0.0, 0.0], [], [-0.9737701416015625, 0.189544677734375, -0.0989990234375, 0.0776824951171875], [], [-0.7505950927734375, 0.1275177001953125, -0.3008270263671875, 0.5742950439453125]
141930, 142.9191436767578, [1000.0, 49.0, 235.0, 111.0, 248.0, 139.0, 130.0, 0.0, 0.0, 1000.0, 0.0, 1000.0, 0.0, 1000.0, 907.0, 999.0, 999.0, 999.0, 999.0, 316.0, 330.0, 0.0, 0.0], [], [-0.9737701416015625, 0.189544677734375, -0.0989990234375, 0.0776824951171875], [], [-0.751190185546875, 0.126220703125, -0.299591064453125, 0.574462890625]
141940, 142.92910766601562, [1000.0, 49.0, 235.0, 111.0, 248.0, 139.0, 130.0, 0.0, 0.0, 1000.0, 0.0, 1000.0, 0.0, 1000.0, 907.0, 999.0, 999.0, 999.0, 999.0, 316.0, 330.0, 0.0, 0.0], [], [-0.9737701416015625, 0.189544677734375, -0.0989990234375, 0.0776824951171875], [], [-0.751556396484375, 0.125274658203125, -0.29913330078125, 0.574432373046875]
141950, 142.93917846679688, [1000.0, 49.0, 235.0, 111.0, 248.0, 139.0, 130.0, 0.0, 0.0, 1000.0, 0.0, 1000.0, 0.0, 1000.0, 907.0, 999.0, 999.0, 999.0, 999.0, 316.0, 330.0, 0.0, 0.0], [], [-0.9737701416015625, 0.189544677734375, -0.0989990234375, 0.0776824951171875], [], [-0.7513885498046875, 0.1256256103515625, -0.2993927001953125, 0.574432373046875]
141960, 142.94912719726562, [1000.0, 49.0, 235.0, 111.0, 248.0, 139.0, 130.0, 0.0, 0.0, 1000.0, 0.0, 1000.0, 0.0, 1000.0, 907.0, 999.0, 999.0, 999.0, 999.0, 316.0, 330.0, 0.0, 0.0], [], [-0.9737701416015625, 0.189544677734375, -0.0989990234375, 0.0776824951171875], [], [-0.751312255859375, 0.1257476806640625, -0.2996368408203125, 0.574371337890625]
141970, 142.959228515625, [1000.0, 49.0, 235.0, 111.0, 248.0, 139.0, 130.0, 0.0, 0.0, 1000.0, 0.0, 1000.0, 0.0, 1000.0, 907.0, 999.0, 999.0, 999.0, 999.0, 316.0, 330.0, 0.0, 0.0], [], [-0.9737701416015625, 0.189544677734375, -0.0989990234375, 0.0776824951171875], [], [-0.75146484375, 0.1248321533203125, -0.30035400390625, 0.574005126953125]
141980, 142.96914672851562, [1000.0, 49.0, 235.0, 111.0, 248.0, 139.0, 130.0, 0.0, 0.0, 1000.0, 0.0, 1000.0, 0.0, 1000.0, 907.0, 999.0, 999.0, 999.0, 999.0, 316.0, 330.0, 0.0, 0.0], [], [-0.9737701416015625, 0.189544677734375, -0.0989990234375, 0.0776824951171875], [], [-0.7509918212890625, 0.125640869140625, -0.3016357421875, 0.5737762451171875]
141990, 142.98321533203125, [1000.0, 49.0, 235.0, 111.0, 248.0, 139.0, 130.0, 0.0, 0.0, 1000.0, 0.0, 1000.0, 0.0, 1000.0, 907.0, 999.0, 999.0, 999.0, 999.0, 316.0, 330.0, 0.0, 0.0], [], [-0.9737701416015625, 0.189544677734375, -0.0989990234375, 0.0776824951171875], [], [-0.7514495849609375, 0.1245269775390625, -0.30084228515625, 0.573822021484375]
142000, 142.98907470703125, [1000.0, 49.0, 235.0, 111.0, 248.0, 139.0, 130.0, 0.0, 0.0, 1000.0, 0.0, 1000.0, 0.0, 1000.0, 907.0, 999.0, 999.0, 999.0, 999.0, 316.0, 330.0, 0.0, 0.0], [], [-0.9737701416015625, 0.189544677734375, -0.0989990234375, 0.0776824951171875], [], [-0.7513275146484375, 0.12469482421875, -0.30126953125, 0.57373046875]
142010, 142.99911499023438, [1000.0, 49.0, 235.0, 111.0, 248.0, 139.0, 130.0, 0.0, 0.0, 1000.0, 0.0, 1000.0, 0.0, 1000.0, 907.0, 999.0, 999.0, 999.0, 999.0, 316.0, 330.0, 0.0, 0.0], [], [-0.9737701416015625, 0.189544677734375, -0.0989990234375, 0.0776824951171875], [], [-0.7510223388671875, 0.1255950927734375, -0.3014984130859375, 0.573822021484375]
142020, 143.00929260253906, [1000.0, 49.0, 235.0, 111.0, 248.0, 139.0, 130.0, 0.0, 0.0, 1000.0, 0.0, 1000.0, 0.0, 1000.0, 907.0, 999.0, 999.0, 999.0, 999.0, 316.0, 330.0, 0.0, 0.0], [], [-0.9737701416015625, 0.189544677734375, -0.0989990234375, 0.0776824951171875], [], [-0.7510223388671875, 0.1259613037109375, -0.30084228515625, 0.574066162109375]
142030, 143.01910400390625, [1000.0, 49.0, 235.0, 111.0, 248.0, 139.0, 130.0, 0.0, 0.0, 1000.0, 0.0, 1000.0, 0.0, 1000.0, 907.0, 999.0, 999.0, 999.0, 999.0, 316.0, 330.0, 0.0, 0.0], [], [-0.9737701416015625, 0.189544677734375, -0.0989990234375, 0.0776824951171875], [], [-0.7508697509765625, 0.1265716552734375, -0.3006744384765625, 0.5742340087890625]
142040, 143.02908325195312, [1000.0, 49.0, 235.0, 111.0, 248.0, 139.0, 130.0, 0.0, 0.0, 1000.0, 0.0, 1000.0, 0.0, 1000.0, 907.0, 999.0, 999.0, 999.0, 999.0, 316.0, 330.0, 0.0, 0.0], [], [-0.9737701416015625, 0.189544677734375, -0.0989990234375, 0.0776824951171875], [], [-0.7511444091796875, 0.1262969970703125, -0.29949951171875, 0.5745391845703125]
142050, 143.0389862060547, [1000.0, 49.0, 235.0, 111.0, 248.0, 139.0, 130.0, 0.0, 0.0, 1000.0, 0.0, 1000.0, 0.0, 1000.0, 907.0, 999.0, 999.0, 999.0, 999.0, 316.0, 330.0, 0.0, 0.0], [], [-0.9737701416015625, 0.189544677734375, -0.0989990234375, 0.0776824951171875], [], [-0.7511444091796875, 0.125823974609375, -0.30035400390625, 0.5742034912109375]
142060, 143.04904174804688, [1000.0, 49.0, 235.0, 111.0, 248.0, 139.0, 130.0, 0.0, 0.0, 1000.0, 0.0, 1000.0, 0.0, 1000.0, 907.0, 999.0, 999.0, 999.0, 999.0, 316.0, 330.0, 0.0, 0.0], [], [-0.9737701416015625, 0.189544677734375, -0.0989990234375, 0.0776824951171875], [], [-0.750946044921875, 0.1265869140625, -0.3001556396484375, 0.57440185546875]
142070, 143.0591278076172, [1000.0, 49.0, 235.0, 111.0, 248.0, 139.0, 130.0, 0.0, 0.0, 1000.0, 0.0, 1000.0, 0.0, 1000.0, 907.0, 999.0, 999.0, 999.0, 999.0, 316.0, 330.0, 0.0, 0.0], [], [-0.9737701416015625, 0.189544677734375, -0.0989990234375, 0.0776824951171875], [], [-0.7512969970703125, 0.1255950927734375, -0.299774169921875, 0.5743560791015625]
142080, 143.06912231445312, [1000.0, 49.0, 235.0, 111.0, 248.0, 139.0, 130.0, 0.0, 0.0, 1000.0, 0.0, 1000.0, 0.0, 1000.0, 907.0, 999.0, 999.0, 999.0, 999.0, 316.0, 330.0, 0.0, 0.0], [], [-0.9737701416015625, 0.189544677734375, -0.0989990234375, 0.0776824951171875], [], [-0.7509918212890625, 0.1265869140625, -0.299835205078125, 0.5745086669921875]
142090, 143.0791015625, [1000.0, 49.0, 235.0, 111.0, 248.0, 139.0, 130.0, 0.0, 0.0, 1000.0, 0.0, 1000.0, 0.0, 1000.0, 907.0, 999.0, 999.0, 999.0, 999.0, 316.0, 330.0, 0.0, 0.0], [], [-0.9737701416015625, 0.189544677734375, -0.0989990234375, 0.0776824951171875], [], [-0.750579833984375, 0.12652587890625, -0.302215576171875, 0.573822021484375]
142100, 143.0890350341797, [1000.0, 49.0, 235.0, 111.0, 248.0, 139.0, 130.0, 0.0, 0.0, 1000.0, 0.0, 1000.0, 0.0, 1000.0, 907.0, 999.0, 999.0, 999.0, 999.0, 316.0, 330.0, 0.0, 0.0], [], [-0.9737701416015625, 0.189544677734375, -0.0989990234375, 0.0776824951171875], [], [-0.7508087158203125, 0.1265411376953125, -0.3007354736328125, 0.57427978515625]
142110, 143.09902954101562, [1000.0, 49.0, 235.0, 111.0, 248.0, 139.0, 130.0, 0.0, 0.0, 1000.0, 0.0, 1000.0, 0.0, 1000.0, 907.0, 999.0, 999.0, 999.0, 999.0, 316.0, 330.0, 0.0, 0.0], [], [-0.9737701416015625, 0.189544677734375, -0.0989990234375, 0.0776824951171875], [], [-0.75115966796875, 0.1255340576171875, -0.3004608154296875, 0.574188232421875]
142120, 143.1092071533203, [1000.0, 49.0, 235.0, 111.0, 248.0, 139.0, 130.0, 0.0, 0.0, 1000.0, 0.0, 1000.0, 0.0, 1000.0, 907.0, 999.0, 999.0, 999.0, 999.0, 316.0, 330.0, 0.0, 0.0], [], [-0.9737701416015625, 0.189544677734375, -0.0989990234375, 0.0776824951171875], [], [-0.751678466796875, 0.124420166015625, -0.299285888671875, 0.574371337890625]
142130, 143.11907958984375, [1000.0, 49.0, 235.0, 111.0, 248.0, 139.0, 130.0, 0.0, 0.0, 1000.0, 0.0, 1000.0, 0.0, 1000.0, 907.0, 999.0, 999.0, 999.0, 999.0, 316.0, 330.0, 0.0, 0.0], [], [-0.9737701416015625, 0.189544677734375, -0.0989990234375, 0.0776824951171875], [], [-0.751373291015625, 0.1255645751953125, -0.2991180419921875, 0.5746002197265625]
142140, 143.1291046142578, [1000.0, 49.0, 235.0, 111.0, 248.0, 139.0, 130.0, 0.0, 0.0, 1000.0, 0.0, 1000.0, 0.0, 1000.0, 907.0, 999.0, 999.0, 999.0, 999.0, 316.0, 330.0, 0.0, 0.0], [], [-0.9737701416015625, 0.189544677734375, -0.0989990234375, 0.0776824951171875], [], [-0.7508087158203125, 0.126007080078125, -0.30169677734375, 0.5738983154296875]
142150, 143.14422607421875, [1000.0, 49.0, 235.0, 111.0, 248.0, 139.0, 130.0, 0.0, 0.0, 1000.0, 0.0, 1000.0, 0.0, 1000.0, 907.0, 999.0, 999.0, 999.0, 999.0, 316.0, 330.0, 0.0, 0.0], [], [-0.9737701416015625, 0.189544677734375, -0.0989990234375, 0.0776824951171875], [], [-0.7511138916015625, 0.1254425048828125, -0.300994873046875, 0.574005126953125]
142160, 143.14892578125, [1000.0, 49.0, 235.0, 111.0, 248.0, 139.0, 130.0, 0.0, 0.0, 1000.0, 0.0, 1000.0, 0.0, 1000.0, 907.0, 999.0, 999.0, 999.0, 999.0, 316.0, 330.0, 0.0, 0.0], [], [-0.9737701416015625, 0.189544677734375, -0.0989990234375, 0.0776824951171875], [], [-0.751251220703125, 0.1254119873046875, -0.3001556396484375, 0.574249267578125]
142170, 143.15936279296875, [1000.0, 49.0, 235.0, 111.0, 248.0, 139.0, 130.0, 0.0, 0.0, 1000.0, 0.0, 1000.0, 0.0, 1000.0, 907.0, 999.0, 999.0, 999.0, 999.0, 316.0, 330.0, 0.0, 0.0], [], [-0.9737701416015625, 0.189544677734375, -0.0989990234375, 0.0776824951171875], [], [-0.7512664794921875, 0.124267578125, -0.302154541015625, 0.5734405517578125]
142180, 143.17044067382812, [1000.0, 49.0, 235.0, 111.0, 248.0, 139.0, 130.0, 0.0, 0.0, 1000.0, 0.0, 1000.0, 0.0, 1000.0, 907.0, 999.0, 999.0, 999.0, 999.0, 316.0, 330.0, 0.0, 0.0], [], [-0.9737701416015625, 0.189544677734375, -0.0989990234375, 0.0776824951171875], [], [-0.751251220703125, 0.124298095703125, -0.30218505859375, 0.5734405517578125]
142190, 143.18043518066406, [1000.0, 49.0, 235.0, 111.0, 248.0, 139.0, 130.0, 0.0, 0.0, 1000.0, 0.0, 1000.0, 0.0, 1000.0, 907.0, 999.0, 999.0, 999.0, 999.0, 316.0, 330.0, 0.0, 0.0], [], [-0.9737701416015625, 0.189544677734375, -0.0989990234375, 0.0776824951171875], [], [-0.7512664794921875, 0.1243133544921875, -0.3021392822265625, 0.5734405517578125]
142200, 143.18905639648438, [1000.0, 49.0, 235.0, 111.0, 248.0, 139.0, 130.0, 0.0, 0.0, 1000.0, 0.0, 1000.0, 0.0, 1000.0, 907.0, 999.0, 999.0, 999.0, 999.0, 316.0, 330.0, 0.0, 0.0], [], [-0.9737701416015625, 0.189544677734375, -0.0989990234375, 0.0776824951171875], [], [-0.7512359619140625, 0.1243743896484375, -0.30224609375, 0.5734100341796875]
142210, 143.19955444335938, [1000.0, 49.0, 235.0, 111.0, 248.0, 139.0, 130.0, 0.0, 0.0, 1000.0, 0.0, 1000.0, 0.0, 1000.0, 907.0, 999.0, 999.0, 999.0, 999.0, 316.0, 330.0, 0.0, 0.0], [], [-0.9737701416015625, 0.189544677734375, -0.0989990234375, 0.0776824951171875], [], [-0.7512664794921875, 0.1243896484375, -0.302093505859375, 0.5734405517578125]
142220, 143.2114715576172, [1000.0, 49.0, 235.0, 111.0, 248.0, 139.0, 130.0, 0.0, 0.0, 1000.0, 0.0, 1000.0, 0.0, 1000.0, 907.0, 999.0, 999.0, 999.0, 999.0, 316.0, 330.0, 0.0, 0.0], [], [-0.9737701416015625, 0.189544677734375, -0.0989990234375, 0.0776824951171875], [], [-0.7512359619140625, 0.1244659423828125, -0.302215576171875, 0.573394775390625]
142230, 143.2190399169922, [1000.0, 49.0, 235.0, 111.0, 248.0, 139.0, 130.0, 0.0, 0.0, 1000.0, 0.0, 1000.0, 0.0, 1000.0, 907.0, 999.0, 999.0, 999.0, 999.0, 316.0, 330.0, 0.0, 0.0], [], [-0.9737701416015625, 0.189544677734375, -0.0989990234375, 0.0776824951171875], [], [-0.7513885498046875, 0.1243438720703125, -0.301605224609375, 0.5735626220703125]
142240, 143.22903442382812, [1000.0, 49.0, 235.0, 111.0, 248.0, 139.0, 130.0, 0.0, 0.0, 1000.0, 0.0, 1000.0, 0.0, 1000.0, 907.0, 999.0, 999.0, 999.0, 999.0, 316.0, 330.0, 0.0, 0.0], [], [-0.9737701416015625, 0.189544677734375, -0.0989990234375, 0.0776824951171875], [], [-0.7514495849609375, 0.12432861328125, -0.3013458251953125, 0.5735931396484375]
142250, 143.23910522460938, [1000.0, 49.0, 235.0, 111.0, 248.0, 139.0, 130.0, 0.0, 0.0, 1000.0, 0.0, 1000.0, 0.0, 1000.0, 907.0, 999.0, 999.0, 999.0, 999.0, 316.0, 330.0, 0.0, 0.0], [], [-0.9737701416015625, 0.189544677734375, -0.0989990234375, 0.0776824951171875], [], [-0.751617431640625, 0.1241455078125, -0.30084228515625, 0.5736846923828125]
142260, 143.25401306152344, [1000.0, 49.0, 235.0, 111.0, 248.0, 139.0, 130.0, 0.0, 0.0, 1000.0, 0.0, 1000.0, 0.0, 1000.0, 907.0, 999.0, 999.0, 999.0, 999.0, 316.0, 330.0, 0.0, 0.0], [], [-0.9737701416015625, 0.189544677734375, -0.0989990234375, 0.0776824951171875], [], [-0.751678466796875, 0.12420654296875, -0.30078125, 0.573638916015625]
142270, 143.2592010498047, [1000.0, 49.0, 235.0, 111.0, 248.0, 139.0, 130.0, 0.0, 0.0, 1000.0, 0.0, 1000.0, 0.0, 1000.0, 907.0, 999.0, 999.0, 999.0, 999.0, 316.0, 330.0, 0.0, 0.0], [], [-0.9737701416015625, 0.189544677734375, -0.0989990234375, 0.0776824951171875], [], [-0.7517547607421875, 0.1243438720703125, -0.300262451171875, 0.5737762451171875]
142280, 143.26910400390625, [1000.0, 49.0, 235.0, 111.0, 248.0, 139.0, 130.0, 0.0, 0.0, 1000.0, 0.0, 1000.0, 0.0, 1000.0, 907.0, 999.0, 999.0, 999.0, 999.0, 316.0, 330.0, 0.0, 0.0], [], [-0.9737701416015625, 0.189544677734375, -0.0989990234375, 0.0776824951171875], [], [-0.7519989013671875, 0.1239166259765625, -0.299774169921875, 0.57379150390625]
142290, 143.27902221679688, [1000.0, 49.0, 235.0, 111.0, 248.0, 139.0, 130.0, 0.0, 0.0, 1000.0, 0.0, 1000.0, 0.0, 1000.0, 907.0, 999.0, 999.0, 999.0, 999.0, 316.0, 330.0, 0.0, 0.0], [], [-0.9737701416015625, 0.189544677734375, -0.0989990234375, 0.0776824951171875], [], [-0.7520751953125, 0.123992919921875, -0.2993927001953125, 0.573883056640625]
142300, 143.2891082763672, [1000.0, 49.0, 235.0, 111.0, 248.0, 139.0, 130.0, 0.0, 0.0, 1000.0, 0.0, 1000.0, 0.0, 1000.0, 907.0, 999.0, 999.0, 999.0, 999.0, 316.0, 330.0, 0.0, 0.0], [], [-0.9737701416015625, 0.189544677734375, -0.0989990234375, 0.0776824951171875], [], [-0.7520904541015625, 0.123809814453125, -0.2999114990234375, 0.573638916015625]
142310, 143.29904174804688, [1000.0, 49.0, 235.0, 111.0, 248.0, 139.0, 130.0, 0.0, 0.0, 1000.0, 0.0, 1000.0, 0.0, 1000.0, 907.0, 999.0, 999.0, 999.0, 999.0, 316.0, 330.0, 0.0, 0.0], [], [-0.9737701416015625, 0.189544677734375, -0.0989990234375, 0.0776824951171875], [], [-0.7518768310546875, 0.124755859375, -0.299835205078125, 0.5737457275390625]
142320, 143.30923461914062, [1000.0, 49.0, 235.0, 111.0, 248.0, 139.0, 130.0, 0.0, 0.0, 1000.0, 0.0, 1000.0, 0.0, 1000.0, 907.0, 999.0, 999.0, 999.0, 999.0, 316.0, 330.0, 0.0, 0.0], [], [-0.9737701416015625, 0.189544677734375, -0.0989990234375, 0.0776824951171875], [], [-0.7519683837890625, 0.1244354248046875, -0.2993927001953125, 0.5739288330078125]
142330, 143.31910705566406, [1000.0, 49.0, 235.0, 111.0, 248.0, 139.0, 130.0, 0.0, 0.0, 1000.0, 0.0, 1000.0, 0.0, 1000.0, 907.0, 999.0, 999.0, 999.0, 999.0, 316.0, 330.0, 0.0, 0.0], [], [-0.9737701416015625, 0.189544677734375, -0.0989990234375, 0.0776824951171875], [], [-0.751983642578125, 0.1238555908203125, -0.2998199462890625, 0.5738067626953125]
142340, 143.32904052734375, [1000.0, 49.0, 235.0, 111.0, 248.0, 139.0, 130.0, 0.0, 0.0, 1000.0, 0.0, 1000.0, 0.0, 1000.0, 907.0, 999.0, 999.0, 999.0, 999.0, 316.0, 330.0, 0.0, 0.0], [], [-0.9737701416015625, 0.189544677734375, -0.0989990234375, 0.0776824951171875], [], [-0.7520599365234375, 0.1235198974609375, -0.2998046875, 0.5738067626953125]
142350, 143.33921813964844, [1000.0, 49.0, 235.0, 111.0, 248.0, 139.0, 130.0, 0.0, 0.0, 1000.0, 0.0, 1000.0, 0.0, 1000.0, 907.0, 999.0, 999.0, 999.0, 999.0, 316.0, 330.0, 0.0, 0.0], [], [-0.9737701416015625, 0.189544677734375, -0.0989990234375, 0.0776824951171875], [], [-0.75128173828125, 0.12518310546875, -0.3011474609375, 0.5737457275390625]
142360, 143.3490753173828, [1000.0, 49.0, 235.0, 111.0, 248.0, 139.0, 130.0, 0.0, 0.0, 1000.0, 0.0, 1000.0, 0.0, 1000.0, 907.0, 999.0, 999.0, 999.0, 999.0, 316.0, 330.0, 0.0, 0.0], [], [-0.9737701416015625, 0.189544677734375, -0.0989990234375, 0.0776824951171875], [], [-0.7498626708984375, 0.1285552978515625, -0.3029632568359375, 0.5738983154296875]
142370, 143.35910034179688, [1000.0, 49.0, 235.0, 111.0, 248.0, 139.0, 130.0, 0.0, 0.0, 1000.0, 0.0, 1000.0, 0.0, 1000.0, 907.0, 999.0, 999.0, 999.0, 999.0, 316.0, 330.0, 0.0, 0.0], [], [-0.9737701416015625, 0.189544677734375, -0.0989990234375, 0.0776824951171875], [], [-0.7490692138671875, 0.1304779052734375, -0.303375244140625, 0.57427978515625]
142380, 143.369384765625, [1000.0, 49.0, 235.0, 111.0, 248.0, 139.0, 130.0, 0.0, 0.0, 1000.0, 0.0, 1000.0, 0.0, 1000.0, 907.0, 999.0, 999.0, 999.0, 999.0, 316.0, 330.0, 0.0, 0.0], [], [-0.9737701416015625, 0.189544677734375, -0.0989990234375, 0.0776824951171875], [], [-0.7485198974609375, 0.130950927734375, -0.304718017578125, 0.574188232421875]
142390, 143.37950134277344, [1000.0, 49.0, 235.0, 111.0, 248.0, 139.0, 130.0, 0.0, 0.0, 1000.0, 0.0, 1000.0, 0.0, 1000.0, 907.0, 999.0, 999.0, 999.0, 999.0, 316.0, 330.0, 0.0, 0.0], [], [-0.9737701416015625, 0.189544677734375, -0.0989990234375, 0.0776824951171875], [], [-0.7484588623046875, 0.1305694580078125, -0.3047637939453125, 0.5743255615234375]
142400, 143.38925170898438, [1000.0, 49.0, 235.0, 111.0, 248.0, 139.0, 130.0, 0.0, 0.0, 1000.0, 0.0, 1000.0, 0.0, 1000.0, 907.0, 999.0, 999.0, 999.0, 999.0, 316.0, 330.0, 0.0, 0.0], [], [-0.9737701416015625, 0.189544677734375, -0.0989990234375, 0.0776824951171875], [], [-0.7491607666015625, 0.128173828125, -0.303558349609375, 0.5745849609375]
142410, 143.39930725097656, [1000.0, 49.0, 235.0, 111.0, 248.0, 139.0, 130.0, 0.0, 0.0, 1000.0, 0.0, 1000.0, 0.0, 1000.0, 907.0, 999.0, 999.0, 999.0, 999.0, 316.0, 330.0, 0.0, 0.0], [], [-0.9737701416015625, 0.189544677734375, -0.0989990234375, 0.0776824951171875], [], [-0.74981689453125, 0.12738037109375, -0.3003082275390625, 0.57562255859375]
142420, 143.4174041748047, [1000.0, 49.0, 235.0, 111.0, 248.0, 139.0, 130.0, 0.0, 0.0, 1000.0, 0.0, 1000.0, 0.0, 1000.0, 907.0, 999.0, 999.0, 999.0, 999.0, 316.0, 330.0, 0.0, 0.0], [], [-0.9737701416015625, 0.189544677734375, -0.0989990234375, 0.0776824951171875], [], [-0.750762939453125, 0.12469482421875, -0.2988433837890625, 0.57574462890625]
142430, 143.41973876953125, [1000.0, 49.0, 235.0, 111.0, 248.0, 139.0, 130.0, 0.0, 0.0, 1000.0, 0.0, 1000.0, 0.0, 1000.0, 907.0, 999.0, 999.0, 999.0, 999.0, 316.0, 330.0, 0.0, 0.0], [], [-0.9737701416015625, 0.189544677734375, -0.0989990234375, 0.0776824951171875], [], [-0.7509613037109375, 0.1237945556640625, -0.29852294921875, 0.575836181640625]
142440, 143.42906188964844, [1000.0, 49.0, 235.0, 111.0, 248.0, 139.0, 130.0, 0.0, 0.0, 1000.0, 0.0, 1000.0, 0.0, 1000.0, 907.0, 999.0, 999.0, 999.0, 999.0, 316.0, 330.0, 0.0, 0.0], [], [-0.9737701416015625, 0.189544677734375, -0.0989990234375, 0.0776824951171875], [], [-0.7501983642578125, 0.1258392333984375, -0.2992401123046875, 0.576019287109375]
142450, 143.43894958496094, [1000.0, 49.0, 235.0, 111.0, 248.0, 139.0, 130.0, 0.0, 0.0, 1000.0, 0.0, 1000.0, 0.0, 1000.0, 907.0, 999.0, 999.0, 999.0, 999.0, 316.0, 330.0, 0.0, 0.0], [], [-0.9737701416015625, 0.189544677734375, -0.0989990234375, 0.0776824951171875], [], [-0.750457763671875, 0.124908447265625, -0.2989349365234375, 0.5760345458984375]
142460, 143.44908142089844, [1000.0, 49.0, 235.0, 111.0, 248.0, 139.0, 130.0, 0.0, 0.0, 1000.0, 0.0, 1000.0, 0.0, 1000.0, 907.0, 999.0, 999.0, 999.0, 999.0, 316.0, 330.0, 0.0, 0.0], [], [-0.9737701416015625, 0.189544677734375, -0.0989990234375, 0.0776824951171875], [], [-0.7501983642578125, 0.1254730224609375, -0.2989959716796875, 0.5762176513671875]
142470, 143.45944213867188, [1000.0, 49.0, 235.0, 111.0, 248.0, 139.0, 130.0, 0.0, 0.0, 1000.0, 0.0, 1000.0, 0.0, 1000.0, 907.0, 999.0, 999.0, 999.0, 999.0, 316.0, 330.0, 0.0, 0.0], [], [-0.9737701416015625, 0.189544677734375, -0.0989990234375, 0.0776824951171875], [], [-0.7498779296875, 0.1255340576171875, -0.3006591796875, 0.5757598876953125]
142480, 143.46974182128906, [1000.0, 49.0, 235.0, 111.0, 248.0, 139.0, 130.0, 0.0, 0.0, 1000.0, 0.0, 1000.0, 0.0, 1000.0, 907.0, 999.0, 999.0, 999.0, 999.0, 316.0, 330.0, 0.0, 0.0], [], [-0.9737701416015625, 0.189544677734375, -0.0989990234375, 0.0776824951171875], [], [-0.7496795654296875, 0.12530517578125, -0.302093505859375, 0.5753173828125]
142490, 143.47918701171875, [1000.0, 49.0, 235.0, 111.0, 248.0, 139.0, 130.0, 0.0, 0.0, 1000.0, 0.0, 1000.0, 0.0, 1000.0, 907.0, 999.0, 999.0, 999.0, 999.0, 316.0, 330.0, 0.0, 0.0], [], [-0.9737701416015625, 0.189544677734375, -0.0989990234375, 0.0776824951171875], [], [-0.7492523193359375, 0.1259002685546875, -0.3034515380859375, 0.5750274658203125]
142500, 143.4891815185547, [1000.0, 49.0, 235.0, 111.0, 248.0, 139.0, 130.0, 0.0, 0.0, 1000.0, 0.0, 1000.0, 0.0, 1000.0, 907.0, 999.0, 999.0, 999.0, 999.0, 316.0, 330.0, 0.0, 0.0], [], [-0.9737701416015625, 0.189544677734375, -0.0989990234375, 0.0776824951171875], [], [-0.748443603515625, 0.1283111572265625, -0.30389404296875, 0.5753173828125]
142510, 143.4991455078125, [1000.0, 49.0, 235.0, 111.0, 248.0, 139.0, 130.0, 0.0, 0.0, 1000.0, 0.0, 1000.0, 0.0, 1000.0, 907.0, 999.0, 999.0, 999.0, 999.0, 316.0, 330.0, 0.0, 0.0], [], [-0.9737701416015625, 0.189544677734375, -0.0989990234375, 0.0776824951171875], [], [-0.7485504150390625, 0.128753662109375, -0.302520751953125, 0.5758056640625]
142520, 143.50924682617188, [1000.0, 49.0, 235.0, 111.0, 248.0, 139.0, 130.0, 0.0, 0.0, 1000.0, 0.0, 1000.0, 0.0, 1000.0, 907.0, 999.0, 999.0, 999.0, 999.0, 316.0, 330.0, 0.0, 0.0], [], [-0.9737701416015625, 0.189544677734375, -0.0989990234375, 0.0776824951171875], [], [-0.7479400634765625, 0.1303253173828125, -0.3032684326171875, 0.5758514404296875]
142530, 143.52044677734375, [1000.0, 49.0, 235.0, 111.0, 248.0, 139.0, 130.0, 0.0, 0.0, 1000.0, 0.0, 1000.0, 0.0, 1000.0, 907.0, 999.0, 999.0, 999.0, 999.0, 316.0, 330.0, 0.0, 0.0], [], [-0.9737701416015625, 0.189544677734375, -0.0989990234375, 0.0776824951171875], [], [-0.7480316162109375, 0.129974365234375, -0.3032684326171875, 0.5758056640625]
142540, 143.52911376953125, [1000.0, 49.0, 235.0, 111.0, 248.0, 139.0, 130.0, 0.0, 0.0, 1000.0, 0.0, 1000.0, 0.0, 1000.0, 907.0, 999.0, 999.0, 999.0, 999.0, 316.0, 330.0, 0.0, 0.0], [], [-0.9737701416015625, 0.189544677734375, -0.0989990234375, 0.0776824951171875], [], [-0.7486419677734375, 0.12811279296875, -0.302978515625, 0.5755767822265625]
142550, 143.53916931152344, [1000.0, 49.0, 235.0, 111.0, 248.0, 139.0, 130.0, 0.0, 0.0, 1000.0, 0.0, 1000.0, 0.0, 1000.0, 907.0, 999.0, 999.0, 999.0, 999.0, 316.0, 330.0, 0.0, 0.0], [], [-0.9737701416015625, 0.189544677734375, -0.0989990234375, 0.0776824951171875], [], [-0.74859619140625, 0.126953125, -0.305206298828125, 0.5747222900390625]
142560, 143.5491180419922, [1000.0, 49.0, 235.0, 111.0, 248.0, 139.0, 130.0, 0.0, 0.0, 1000.0, 0.0, 1000.0, 0.0, 1000.0, 907.0, 999.0, 999.0, 999.0, 999.0, 316.0, 330.0, 0.0, 0.0], [], [-0.9737701416015625, 0.189544677734375, -0.0989990234375, 0.0776824951171875], [], [-0.748138427734375, 0.1282806396484375, -0.3054962158203125, 0.574859619140625]
142570, 143.5592041015625, [1000.0, 49.0, 235.0, 111.0, 248.0, 139.0, 130.0, 0.0, 0.0, 1000.0, 0.0, 1000.0, 0.0, 1000.0, 907.0, 999.0, 999.0, 999.0, 999.0, 316.0, 330.0, 0.0, 0.0], [], [-0.9737701416015625, 0.189544677734375, -0.0989990234375, 0.0776824951171875], [], [-0.7478485107421875, 0.12823486328125, -0.30694580078125, 0.5744781494140625]
142580, 143.5782928466797, [1000.0, 49.0, 235.0, 111.0, 248.0, 139.0, 130.0, 0.0, 0.0, 1000.0, 0.0, 1000.0, 0.0, 1000.0, 907.0, 999.0, 999.0, 999.0, 999.0, 316.0, 330.0, 0.0, 0.0], [], [-0.9737701416015625, 0.189544677734375, -0.0989990234375, 0.0776824951171875], [], [-0.7484893798828125, 0.1278076171875, -0.303924560546875, 0.575347900390625]
142590, 143.57949829101562, [1000.0, 49.0, 235.0, 111.0, 248.0, 139.0, 130.0, 0.0, 0.0, 1000.0, 0.0, 1000.0, 0.0, 1000.0, 907.0, 999.0, 999.0, 999.0, 999.0, 316.0, 330.0, 0.0, 0.0], [], [-0.9737701416015625, 0.189544677734375, -0.0989990234375, 0.0776824951171875], [], [-0.748809814453125, 0.126556396484375, -0.30419921875, 0.5750732421875]
142600, 143.58914184570312, [1000.0, 49.0, 235.0, 111.0, 248.0, 139.0, 130.0, 0.0, 0.0, 1000.0, 0.0, 1000.0, 0.0, 1000.0, 907.0, 999.0, 999.0, 999.0, 999.0, 316.0, 330.0, 0.0, 0.0], [], [-0.9737701416015625, 0.189544677734375, -0.0989990234375, 0.0776824951171875], [], [-0.749237060546875, 0.125335693359375, -0.303863525390625, 0.5749664306640625]
142610, 143.59909057617188, [1000.0, 49.0, 235.0, 111.0, 248.0, 139.0, 130.0, 0.0, 0.0, 1000.0, 0.0, 1000.0, 0.0, 1000.0, 907.0, 999.0, 999.0, 999.0, 999.0, 316.0, 330.0, 0.0, 0.0], [], [-0.9737701416015625, 0.189544677734375, -0.0989990234375, 0.0776824951171875], [], [-0.749267578125, 0.12567138671875, -0.3030853271484375, 0.57525634765625]
142620, 143.6094207763672, [1000.0, 49.0, 235.0, 111.0, 248.0, 139.0, 130.0, 0.0, 0.0, 1000.0, 0.0, 1000.0, 0.0, 1000.0, 907.0, 999.0, 999.0, 999.0, 999.0, 316.0, 330.0, 0.0, 0.0], [], [-0.9737701416015625, 0.189544677734375, -0.0989990234375, 0.0776824951171875], [], [-0.74957275390625, 0.125335693359375, -0.3019561767578125, 0.5755157470703125]
142630, 143.61936950683594, [1000.0, 49.0, 235.0, 111.0, 248.0, 139.0, 130.0, 0.0, 0.0, 1000.0, 0.0, 1000.0, 0.0, 1000.0, 907.0, 999.0, 999.0, 999.0, 999.0, 316.0, 330.0, 0.0, 0.0], [], [-0.9737701416015625, 0.189544677734375, -0.0989990234375, 0.0776824951171875], [], [-0.748443603515625, 0.1276092529296875, -0.3047943115234375, 0.5749969482421875]
142640, 143.6315460205078, [1000.0, 49.0, 235.0, 111.0, 248.0, 139.0, 130.0, 0.0, 0.0, 1000.0, 0.0, 1000.0, 0.0, 1000.0, 907.0, 999.0, 999.0, 999.0, 999.0, 316.0, 330.0, 0.0, 0.0], [], [-0.9737701416015625, 0.189544677734375, -0.0989990234375, 0.0776824951171875], [], [-0.7476043701171875, 0.1293487548828125, -0.3067779541015625, 0.57464599609375]
142650, 143.6393280029297, [1000.0, 49.0, 235.0, 111.0, 248.0, 139.0, 130.0, 0.0, 0.0, 1000.0, 0.0, 1000.0, 0.0, 1000.0, 907.0, 999.0, 999.0, 999.0, 999.0, 316.0, 330.0, 0.0, 0.0], [], [-0.9737701416015625, 0.189544677734375, -0.0989990234375, 0.0776824951171875], [], [-0.747161865234375, 0.1309356689453125, -0.30645751953125, 0.575042724609375]
142660, 143.6494140625, [1000.0, 49.0, 235.0, 111.0, 248.0, 139.0, 130.0, 0.0, 0.0, 1000.0, 0.0, 1000.0, 0.0, 1000.0, 907.0, 999.0, 999.0, 999.0, 999.0, 316.0, 330.0, 0.0, 0.0], [], [-0.9737701416015625, 0.189544677734375, -0.0989990234375, 0.0776824951171875], [], [-0.7468719482421875, 0.1316986083984375, -0.3064422607421875, 0.5752410888671875]
142670, 143.65916442871094, [1000.0, 49.0, 235.0, 111.0, 248.0, 139.0, 130.0, 0.0, 0.0, 1000.0, 0.0, 1000.0, 0.0, 1000.0, 907.0, 999.0, 999.0, 999.0, 999.0, 316.0, 330.0, 0.0, 0.0], [], [-0.9737701416015625, 0.189544677734375, -0.0989990234375, 0.0776824951171875], [], [-0.7466583251953125, 0.1322784423828125, -0.3065948486328125, 0.5753173828125]
142680, 143.6692657470703, [1000.0, 49.0, 235.0, 111.0, 248.0, 139.0, 130.0, 0.0, 0.0, 1000.0, 0.0, 1000.0, 0.0, 1000.0, 907.0, 999.0, 999.0, 999.0, 999.0, 316.0, 330.0, 0.0, 0.0], [], [-0.9737701416015625, 0.189544677734375, -0.0989990234375, 0.0776824951171875], [], [-0.74664306640625, 0.132171630859375, -0.3065032958984375, 0.5753936767578125]
142690, 143.68812561035156, [1000.0, 49.0, 235.0, 111.0, 248.0, 139.0, 130.0, 0.0, 0.0, 1000.0, 0.0, 1000.0, 0.0, 1000.0, 907.0, 999.0, 999.0, 999.0, 999.0, 316.0, 330.0, 0.0, 0.0], [], [-0.9737701416015625, 0.189544677734375, -0.0989990234375, 0.0776824951171875], [], [-0.7466888427734375, 0.1320037841796875, -0.306396484375, 0.5754241943359375]
142700, 143.69085693359375, [1000.0, 49.0, 235.0, 111.0, 248.0, 139.0, 130.0, 0.0, 0.0, 1000.0, 0.0, 1000.0, 0.0, 1000.0, 907.0, 999.0, 999.0, 999.0, 999.0, 316.0, 330.0, 0.0, 0.0], [], [-0.9737701416015625, 0.189544677734375, -0.0989990234375, 0.0776824951171875], [], [-0.7467041015625, 0.1318511962890625, -0.306304931640625, 0.57550048828125]
142710, 143.6990509033203, [1000.0, 49.0, 235.0, 111.0, 248.0, 139.0, 130.0, 0.0, 0.0, 1000.0, 0.0, 1000.0, 0.0, 1000.0, 907.0, 999.0, 999.0, 999.0, 999.0, 316.0, 330.0, 0.0, 0.0], [], [-0.9737701416015625, 0.189544677734375, -0.0989990234375, 0.0776824951171875], [], [-0.746795654296875, 0.1316680908203125, -0.3060302734375, 0.5755767822265625]
142720, 143.70933532714844, [1000.0, 49.0, 235.0, 111.0, 248.0, 139.0, 130.0, 0.0, 0.0, 1000.0, 0.0, 1000.0, 0.0, 1000.0, 907.0, 999.0, 999.0, 999.0, 999.0, 316.0, 330.0, 0.0, 0.0], [], [-0.9737701416015625, 0.189544677734375, -0.0989990234375, 0.0776824951171875], [], [-0.746856689453125, 0.1314544677734375, -0.3057403564453125, 0.57568359375]
142730, 143.71913146972656, [1000.0, 49.0, 235.0, 111.0, 248.0, 139.0, 130.0, 0.0, 0.0, 1000.0, 0.0, 1000.0, 0.0, 1000.0, 907.0, 999.0, 999.0, 999.0, 999.0, 316.0, 330.0, 0.0, 0.0], [], [-0.9737701416015625, 0.189544677734375, -0.0989990234375, 0.0776824951171875], [], [-0.746917724609375, 0.1313629150390625, -0.305389404296875, 0.5758209228515625]
142740, 143.72915649414062, [1000.0, 49.0, 235.0, 111.0, 248.0, 139.0, 130.0, 0.0, 0.0, 1000.0, 0.0, 1000.0, 0.0, 1000.0, 907.0, 999.0, 999.0, 999.0, 999.0, 316.0, 330.0, 0.0, 0.0], [], [-0.9737701416015625, 0.189544677734375, -0.0989990234375, 0.0776824951171875], [], [-0.746978759765625, 0.1311798095703125, -0.304931640625, 0.576019287109375]
142750, 143.7397918701172, [1000.0, 49.0, 235.0, 111.0, 248.0, 139.0, 130.0, 0.0, 0.0, 1000.0, 0.0, 1000.0, 0.0, 1000.0, 907.0, 999.0, 999.0, 999.0, 999.0, 316.0, 330.0, 0.0, 0.0], [], [-0.9737701416015625, 0.189544677734375, -0.0989990234375, 0.0776824951171875], [], [-0.7470245361328125, 0.13079833984375, -0.3049774169921875, 0.5760345458984375]
142760, 143.7491455078125, [1000.0, 49.0, 235.0, 111.0, 248.0, 139.0, 130.0, 0.0, 0.0, 1000.0, 0.0, 1000.0, 0.0, 1000.0, 907.0, 999.0, 999.0, 999.0, 999.0, 316.0, 330.0, 0.0, 0.0], [], [-0.9737701416015625, 0.189544677734375, -0.0989990234375, 0.0776824951171875], [], [-0.7470703125, 0.1305084228515625, -0.304840087890625, 0.5760955810546875]
142770, 143.75921630859375, [1000.0, 49.0, 235.0, 111.0, 248.0, 139.0, 130.0, 0.0, 0.0, 1000.0, 0.0, 1000.0, 0.0, 1000.0, 907.0, 999.0, 999.0, 999.0, 999.0, 316.0, 330.0, 0.0, 0.0], [], [-0.9737701416015625, 0.189544677734375, -0.0989990234375, 0.0776824951171875], [], [-0.747222900390625, 0.1299591064453125, -0.3046875, 0.5761260986328125]
142780, 143.76913452148438, [1000.0, 49.0, 235.0, 111.0, 248.0, 139.0, 130.0, 0.0, 0.0, 1000.0, 0.0, 1000.0, 0.0, 1000.0, 907.0, 999.0, 999.0, 999.0, 999.0, 316.0, 330.0, 0.0, 0.0], [], [-0.9737701416015625, 0.189544677734375, -0.0989990234375, 0.0776824951171875], [], [-0.7472686767578125, 0.1296539306640625, -0.30474853515625, 0.5760955810546875]
142790, 143.77914428710938, [1000.0, 49.0, 235.0, 111.0, 248.0, 139.0, 130.0, 0.0, 0.0, 1000.0, 0.0, 1000.0, 0.0, 1000.0, 907.0, 999.0, 999.0, 999.0, 999.0, 316.0, 330.0, 0.0, 0.0], [], [-0.9737701416015625, 0.189544677734375, -0.0989990234375, 0.0776824951171875], [], [-0.7471771240234375, 0.1298675537109375, -0.3045654296875, 0.576263427734375]
142800, 143.7917938232422, [1000.0, 49.0, 235.0, 111.0, 248.0, 139.0, 130.0, 0.0, 0.0, 1000.0, 0.0, 1000.0, 0.0, 1000.0, 907.0, 999.0, 999.0, 999.0, 999.0, 316.0, 330.0, 0.0, 0.0], [], [-0.9737701416015625, 0.189544677734375, -0.0989990234375, 0.0776824951171875], [], [-0.7471466064453125, 0.1298065185546875, -0.304229736328125, 0.57647705078125]
142810, 143.79913330078125, [1000.0, 49.0, 235.0, 111.0, 248.0, 139.0, 130.0, 0.0, 0.0, 1000.0, 0.0, 1000.0, 0.0, 1000.0, 907.0, 999.0, 999.0, 999.0, 999.0, 316.0, 330.0, 0.0, 0.0], [], [-0.9737701416015625, 0.189544677734375, -0.0989990234375, 0.0776824951171875], [], [-0.747222900390625, 0.1295928955078125, -0.303802490234375, 0.57666015625]
142820, 143.8091583251953, [1000.0, 49.0, 235.0, 111.0, 248.0, 139.0, 130.0, 0.0, 0.0, 1000.0, 0.0, 1000.0, 0.0, 1000.0, 907.0, 999.0, 999.0, 999.0, 999.0, 316.0, 330.0, 0.0, 0.0], [], [-0.9737701416015625, 0.189544677734375, -0.0989990234375, 0.0776824951171875], [], [-0.7470855712890625, 0.1296539306640625, -0.3043060302734375, 0.576568603515625]
142830, 143.8191375732422, [1000.0, 49.0, 235.0, 111.0, 248.0, 139.0, 130.0, 0.0, 0.0, 1000.0, 0.0, 1000.0, 0.0, 1000.0, 907.0, 999.0, 999.0, 999.0, 999.0, 316.0, 330.0, 0.0, 0.0], [], [-0.9737701416015625, 0.189544677734375, -0.0989990234375, 0.0776824951171875], [], [-0.7471466064453125, 0.1298370361328125, -0.3034515380859375, 0.5768890380859375]
142840, 143.82913208007812, [1000.0, 49.0, 235.0, 111.0, 248.0, 139.0, 130.0, 0.0, 0.0, 1000.0, 0.0, 1000.0, 0.0, 1000.0, 907.0, 999.0, 999.0, 999.0, 999.0, 316.0, 330.0, 0.0, 0.0], [], [-0.9737701416015625, 0.189544677734375, -0.0989990234375, 0.0776824951171875], [], [-0.747344970703125, 0.129364013671875, -0.3031005859375, 0.576934814453125]
142850, 143.84983825683594, [1000.0, 49.0, 235.0, 111.0, 248.0, 139.0, 130.0, 0.0, 0.0, 1000.0, 0.0, 1000.0, 0.0, 1000.0, 907.0, 999.0, 999.0, 999.0, 999.0, 316.0, 330.0, 0.0, 0.0], [], [-0.9737701416015625, 0.189544677734375, -0.0989990234375, 0.0776824951171875], [], [-0.747528076171875, 0.128570556640625, -0.3033905029296875, 0.57672119140625]
142860, 143.8593292236328, [1000.0, 49.0, 235.0, 111.0, 248.0, 139.0, 130.0, 0.0, 0.0, 1000.0, 0.0, 1000.0, 0.0, 1000.0, 907.0, 999.0, 999.0, 999.0, 999.0, 316.0, 330.0, 0.0, 0.0], [], [-0.9737701416015625, 0.189544677734375, -0.0989990234375, 0.0776824951171875], [], [-0.747802734375, 0.127960205078125, -0.3028106689453125, 0.5767974853515625]
142870, 143.86920166015625, [1000.0, 49.0, 235.0, 111.0, 248.0, 139.0, 130.0, 0.0, 0.0, 1000.0, 0.0, 1000.0, 0.0, 1000.0, 907.0, 999.0, 999.0, 999.0, 999.0, 316.0, 330.0, 0.0, 0.0], [], [-0.9737701416015625, 0.189544677734375, -0.0989990234375, 0.0776824951171875], [], [-0.7478485107421875, 0.1273956298828125, -0.3035430908203125, 0.57647705078125]
142880, 143.87916564941406, [1000.0, 49.0, 235.0, 111.0, 248.0, 139.0, 130.0, 0.0, 0.0, 1000.0, 0.0, 1000.0, 0.0, 1000.0, 907.0, 999.0, 999.0, 999.0, 999.0, 316.0, 330.0, 0.0, 0.0], [], [-0.9737701416015625, 0.189544677734375, -0.0989990234375, 0.0776824951171875], [], [-0.7479705810546875, 0.1269989013671875, -0.303558349609375, 0.5764007568359375]
142890, 143.88914489746094, [1000.0, 49.0, 235.0, 111.0, 248.0, 139.0, 130.0, 0.0, 0.0, 1000.0, 0.0, 1000.0, 0.0, 1000.0, 907.0, 999.0, 999.0, 999.0, 999.0, 316.0, 330.0, 0.0, 0.0], [], [-0.9737701416015625, 0.189544677734375, -0.0989990234375, 0.0776824951171875], [], [-0.748321533203125, 0.1260833740234375, -0.3031768798828125, 0.5763397216796875]
142900, 143.89913940429688, [1000.0, 49.0, 235.0, 111.0, 248.0, 139.0, 130.0, 0.0, 0.0, 1000.0, 0.0, 1000.0, 0.0, 1000.0, 907.0, 999.0, 999.0, 999.0, 999.0, 316.0, 330.0, 0.0, 0.0], [], [-0.9737701416015625, 0.189544677734375, -0.0989990234375, 0.0776824951171875], [], [-0.7483062744140625, 0.1268463134765625, -0.302032470703125, 0.5767974853515625]
142910, 143.9092254638672, [1000.0, 49.0, 235.0, 111.0, 248.0, 139.0, 130.0, 0.0, 0.0, 1000.0, 0.0, 1000.0, 0.0, 1000.0, 907.0, 999.0, 999.0, 999.0, 999.0, 316.0, 330.0, 0.0, 0.0], [], [-0.9737701416015625, 0.189544677734375, -0.0989990234375, 0.0776824951171875], [], [-0.7484588623046875, 0.1262969970703125, -0.3022003173828125, 0.576629638671875]
142920, 143.9191436767578, [1000.0, 49.0, 235.0, 111.0, 248.0, 139.0, 130.0, 0.0, 0.0, 1000.0, 0.0, 1000.0, 0.0, 1000.0, 907.0, 999.0, 999.0, 999.0, 999.0, 316.0, 330.0, 0.0, 0.0], [], [-0.9737701416015625, 0.189544677734375, -0.0989990234375, 0.0776824951171875], [], [-0.7484283447265625, 0.1265716552734375, -0.3020477294921875, 0.576690673828125]
142930, 143.92913818359375, [1000.0, 49.0, 235.0, 111.0, 248.0, 139.0, 130.0, 0.0, 0.0, 1000.0, 0.0, 1000.0, 0.0, 1000.0, 907.0, 999.0, 999.0, 999.0, 999.0, 316.0, 330.0, 0.0, 0.0], [], [-0.9737701416015625, 0.189544677734375, -0.0989990234375, 0.0776824951171875], [], [-0.7478485107421875, 0.1276092529296875, -0.3038787841796875, 0.576263427734375]
142940, 143.9391632080078, [1000.0, 49.0, 235.0, 111.0, 248.0, 139.0, 130.0, 0.0, 0.0, 1000.0, 0.0, 1000.0, 0.0, 1000.0, 907.0, 999.0, 999.0, 999.0, 999.0, 316.0, 330.0, 0.0, 0.0], [], [-0.9737701416015625, 0.189544677734375, -0.0989990234375, 0.0776824951171875], [], [-0.7484893798828125, 0.12652587890625, -0.302276611328125, 0.5764923095703125]
142950, 143.94915771484375, [1000.0, 49.0, 235.0, 111.0, 248.0, 139.0, 130.0, 0.0, 0.0, 1000.0, 0.0, 1000.0, 0.0, 1000.0, 907.0, 999.0, 999.0, 999.0, 999.0, 316.0, 330.0, 0.0, 0.0], [], [-0.9737701416015625, 0.189544677734375, -0.0989990234375, 0.0776824951171875], [], [-0.748565673828125, 0.1256561279296875, -0.3035125732421875, 0.575927734375]
142960, 143.95980834960938, [1000.0, 49.0, 235.0, 111.0, 248.0, 139.0, 130.0, 0.0, 0.0, 1000.0, 0.0, 1000.0, 0.0, 1000.0, 907.0, 999.0, 999.0, 999.0, 999.0, 316.0, 330.0, 0.0, 0.0], [], [-0.9737701416015625, 0.189544677734375, -0.0989990234375, 0.0776824951171875], [], [-0.748382568359375, 0.1263275146484375, -0.3036651611328125, 0.5759735107421875]
142970, 143.96914672851562, [1000.0, 49.0, 235.0, 111.0, 248.0, 139.0, 130.0, 0.0, 0.0, 1000.0, 0.0, 1000.0, 0.0, 1000.0, 907.0, 999.0, 999.0, 999.0, 999.0, 316.0, 330.0, 0.0, 0.0], [], [-0.9737701416015625, 0.189544677734375, -0.0989990234375, 0.0776824951171875], [], [-0.748138427734375, 0.1265869140625, -0.3045806884765625, 0.5757293701171875]
142980, 143.97914123535156, [1000.0, 49.0, 235.0, 111.0, 248.0, 139.0, 130.0, 0.0, 0.0, 1000.0, 0.0, 1000.0, 0.0, 1000.0, 907.0, 999.0, 999.0, 999.0, 999.0, 316.0, 330.0, 0.0, 0.0], [], [-0.9737701416015625, 0.189544677734375, -0.0989990234375, 0.0776824951171875], [], [-0.74755859375, 0.128814697265625, -0.3039398193359375, 0.576324462890625]
142990, 143.98915100097656, [1000.0, 49.0, 235.0, 111.0, 248.0, 139.0, 130.0, 0.0, 0.0, 1000.0, 0.0, 1000.0, 0.0, 1000.0, 907.0, 999.0, 999.0, 999.0, 999.0, 316.0, 330.0, 0.0, 0.0], [], [-0.9737701416015625, 0.189544677734375, -0.0989990234375, 0.0776824951171875], [], [-0.7479248046875, 0.1273345947265625, -0.3042449951171875, 0.576019287109375]
143000, 143.9991455078125, [1000.0, 49.0, 235.0, 111.0, 248.0, 139.0, 130.0, 0.0, 0.0, 1000.0, 0.0, 1000.0, 0.0, 1000.0, 907.0, 999.0, 999.0, 999.0, 999.0, 316.0, 330.0, 0.0, 0.0], [], [-0.9737701416015625, 0.189544677734375, -0.0989990234375, 0.0776824951171875], [], [-0.7476654052734375, 0.1271820068359375, -0.30584716796875, 0.5755462646484375]
143010, 144.00921630859375, [1000.0, 49.0, 235.0, 111.0, 248.0, 139.0, 130.0, 0.0, 0.0, 1000.0, 0.0, 1000.0, 0.0, 1000.0, 907.0, 999.0, 999.0, 999.0, 999.0, 316.0, 330.0, 0.0, 0.0], [], [-0.9737701416015625, 0.189544677734375, -0.0989990234375, 0.0776824951171875], [], [-0.748077392578125, 0.12677001953125, -0.304168701171875, 0.5759735107421875]
143020, 144.01914978027344, [1000.0, 49.0, 235.0, 111.0, 248.0, 139.0, 130.0, 0.0, 0.0, 1000.0, 0.0, 1000.0, 0.0, 1000.0, 907.0, 999.0, 999.0, 999.0, 999.0, 316.0, 330.0, 0.0, 0.0], [], [-0.9737701416015625, 0.189544677734375, -0.0989990234375, 0.0776824951171875], [], [-0.7484588623046875, 0.1263885498046875, -0.3025360107421875, 0.5764312744140625]
143030, 144.0291290283203, [1000.0, 49.0, 235.0, 111.0, 248.0, 139.0, 130.0, 0.0, 0.0, 1000.0, 0.0, 1000.0, 0.0, 1000.0, 907.0, 999.0, 999.0, 999.0, 999.0, 316.0, 330.0, 0.0, 0.0], [], [-0.9737701416015625, 0.189544677734375, -0.0989990234375, 0.0776824951171875], [], [-0.7489776611328125, 0.125701904296875, -0.300750732421875, 0.57684326171875]
143040, 144.0391387939453, [1000.0, 49.0, 235.0, 111.0, 248.0, 139.0, 130.0, 0.0, 0.0, 1000.0, 0.0, 1000.0, 0.0, 1000.0, 907.0, 999.0, 999.0, 999.0, 999.0, 316.0, 330.0, 0.0, 0.0], [], [-0.9737701416015625, 0.189544677734375, -0.0989990234375, 0.0776824951171875], [], [-0.748870849609375, 0.1268768310546875, -0.299468994140625, 0.577392578125]
143050, 144.0491485595703, [1000.0, 49.0, 235.0, 111.0, 248.0, 139.0, 130.0, 0.0, 0.0, 1000.0, 0.0, 1000.0, 0.0, 1000.0, 907.0, 999.0, 999.0, 999.0, 999.0, 316.0, 330.0, 0.0, 0.0], [], [-0.9737701416015625, 0.189544677734375, -0.0989990234375, 0.0776824951171875], [], [-0.7487030029296875, 0.12640380859375, -0.301361083984375, 0.5767364501953125]
143060, 144.05921936035156, [1000.0, 49.0, 235.0, 111.0, 248.0, 139.0, 130.0, 0.0, 0.0, 1000.0, 0.0, 1000.0, 0.0, 1000.0, 907.0, 999.0, 999.0, 999.0, 999.0, 316.0, 330.0, 0.0, 0.0], [], [-0.9737701416015625, 0.189544677734375, -0.0989990234375, 0.0776824951171875], [], [-0.7492523193359375, 0.1251068115234375, -0.3005523681640625, 0.57672119140625]
143070, 144.06912231445312, [1000.0, 49.0, 235.0, 111.0, 248.0, 139.0, 130.0, 0.0, 0.0, 1000.0, 0.0, 1000.0, 0.0, 1000.0, 907.0, 999.0, 999.0, 999.0, 999.0, 316.0, 330.0, 0.0, 0.0], [], [-0.9737701416015625, 0.189544677734375, -0.0989990234375, 0.0776824951171875], [], [-0.749176025390625, 0.1248626708984375, -0.3016510009765625, 0.5763092041015625]
143080, 144.07913208007812, [1000.0, 49.0, 235.0, 111.0, 248.0, 139.0, 130.0, 0.0, 0.0, 1000.0, 0.0, 1000.0, 0.0, 1000.0, 907.0, 999.0, 999.0, 999.0, 999.0, 316.0, 330.0, 0.0, 0.0], [], [-0.9737701416015625, 0.189544677734375, -0.0989990234375, 0.0776824951171875], [], [-0.7488861083984375, 0.125946044921875, -0.3014984130859375, 0.5765228271484375]
143090, 144.08912658691406, [1000.0, 49.0, 235.0, 111.0, 248.0, 139.0, 130.0, 0.0, 0.0, 1000.0, 0.0, 1000.0, 0.0, 1000.0, 907.0, 999.0, 999.0, 999.0, 999.0, 316.0, 330.0, 0.0, 0.0], [], [-0.9737701416015625, 0.189544677734375, -0.0989990234375, 0.0776824951171875], [], [-0.7488555908203125, 0.12646484375, -0.301116943359375, 0.5766448974609375]
143100, 144.09915161132812, [1000.0, 49.0, 235.0, 111.0, 248.0, 139.0, 130.0, 0.0, 0.0, 1000.0, 0.0, 1000.0, 0.0, 1000.0, 907.0, 999.0, 999.0, 999.0, 999.0, 316.0, 330.0, 0.0, 0.0], [], [-0.9737701416015625, 0.189544677734375, -0.0989990234375, 0.0776824951171875], [], [-0.748779296875, 0.1256561279296875, -0.3031768798828125, 0.5758514404296875]
143110, 144.10922241210938, [1000.0, 49.0, 235.0, 111.0, 248.0, 139.0, 130.0, 0.0, 0.0, 1000.0, 0.0, 1000.0, 0.0, 1000.0, 907.0, 999.0, 999.0, 999.0, 999.0, 316.0, 330.0, 0.0, 0.0], [], [-0.9737701416015625, 0.189544677734375, -0.0989990234375, 0.0776824951171875], [], [-0.74822998046875, 0.1279754638671875, -0.3025054931640625, 0.5764007568359375]
143120, 144.12127685546875, [1000.0, 49.0, 235.0, 111.0, 248.0, 139.0, 130.0, 0.0, 0.0, 1000.0, 0.0, 1000.0, 0.0, 1000.0, 907.0, 999.0, 999.0, 999.0, 999.0, 316.0, 330.0, 0.0, 0.0], [], [-0.9737701416015625, 0.189544677734375, -0.0989990234375, 0.0776824951171875], [], [-0.7483673095703125, 0.1270904541015625, -0.3032073974609375, 0.5760498046875]
143130, 144.129150390625, [1000.0, 49.0, 235.0, 111.0, 248.0, 139.0, 130.0, 0.0, 0.0, 1000.0, 0.0, 1000.0, 0.0, 1000.0, 907.0, 999.0, 999.0, 999.0, 999.0, 316.0, 330.0, 0.0, 0.0], [], [-0.9737701416015625, 0.189544677734375, -0.0989990234375, 0.0776824951171875], [], [-0.7476043701171875, 0.1289825439453125, -0.304290771484375, 0.5760498046875]
143140, 144.13914489746094, [1000.0, 49.0, 235.0, 111.0, 248.0, 139.0, 130.0, 0.0, 0.0, 1000.0, 0.0, 1000.0, 0.0, 1000.0, 907.0, 999.0, 999.0, 999.0, 999.0, 316.0, 330.0, 0.0, 0.0], [], [-0.9737701416015625, 0.189544677734375, -0.0989990234375, 0.0776824951171875], [], [-0.7479248046875, 0.128662109375, -0.302886962890625, 0.576446533203125]
143150, 144.14910888671875, [1000.0, 49.0, 235.0, 111.0, 248.0, 139.0, 130.0, 0.0, 0.0, 1000.0, 0.0, 1000.0, 0.0, 1000.0, 907.0, 999.0, 999.0, 999.0, 999.0, 316.0, 330.0, 0.0, 0.0], [], [-0.9737701416015625, 0.189544677734375, -0.0989990234375, 0.0776824951171875], [], [-0.74835205078125, 0.12774658203125, -0.3019256591796875, 0.57659912109375]
143160, 144.1591796875, [1000.0, 49.0, 235.0, 111.0, 248.0, 139.0, 130.0, 0.0, 0.0, 1000.0, 0.0, 1000.0, 0.0, 1000.0, 907.0, 999.0, 999.0, 999.0, 999.0, 316.0, 330.0, 0.0, 0.0], [], [-0.9737701416015625, 0.189544677734375, -0.0989990234375, 0.0776824951171875], [], [-0.74700927734375, 0.1286773681640625, -0.3079376220703125, 0.574951171875]
143170, 144.1691436767578, [1000.0, 49.0, 235.0, 111.0, 248.0, 139.0, 130.0, 0.0, 0.0, 1000.0, 0.0, 1000.0, 0.0, 1000.0, 907.0, 999.0, 999.0, 999.0, 999.0, 316.0, 330.0, 0.0, 0.0], [], [-0.9737701416015625, 0.189544677734375, -0.0989990234375, 0.0776824951171875], [], [-0.7475433349609375, 0.127685546875, -0.3065032958984375, 0.5752410888671875]
143180, 144.1791534423828, [1000.0, 49.0, 235.0, 111.0, 248.0, 139.0, 130.0, 0.0, 0.0, 1000.0, 0.0, 1000.0, 0.0, 1000.0, 907.0, 999.0, 999.0, 999.0, 999.0, 316.0, 330.0, 0.0, 0.0], [], [-0.9737701416015625, 0.189544677734375, -0.0989990234375, 0.0776824951171875], [], [-0.74755859375, 0.1276702880859375, -0.30645751953125, 0.57525634765625]
143190, 144.1892547607422, [1000.0, 49.0, 235.0, 111.0, 248.0, 139.0, 130.0, 0.0, 0.0, 1000.0, 0.0, 1000.0, 0.0, 1000.0, 907.0, 999.0, 999.0, 999.0, 999.0, 316.0, 330.0, 0.0, 0.0], [], [-0.9737701416015625, 0.189544677734375, -0.0989990234375, 0.0776824951171875], [], [-0.74755859375, 0.127593994140625, -0.306396484375, 0.5753021240234375]
143200, 144.19923400878906, [1000.0, 49.0, 235.0, 111.0, 248.0, 139.0, 130.0, 0.0, 0.0, 1000.0, 0.0, 1000.0, 0.0, 1000.0, 907.0, 999.0, 999.0, 999.0, 999.0, 316.0, 330.0, 0.0, 0.0], [], [-0.9737701416015625, 0.189544677734375, -0.0989990234375, 0.0776824951171875], [], [-0.7475433349609375, 0.1276397705078125, -0.3062896728515625, 0.5753631591796875]
143210, 144.2091522216797, [1000.0, 49.0, 235.0, 111.0, 248.0, 139.0, 130.0, 0.0, 0.0, 1000.0, 0.0, 1000.0, 0.0, 1000.0, 907.0, 999.0, 999.0, 999.0, 999.0, 316.0, 330.0, 0.0, 0.0], [], [-0.9737701416015625, 0.189544677734375, -0.0989990234375, 0.0776824951171875], [], [-0.7474822998046875, 0.12774658203125, -0.306243896484375, 0.575439453125]
143220, 144.21917724609375, [1000.0, 49.0, 235.0, 111.0, 248.0, 139.0, 130.0, 0.0, 0.0, 1000.0, 0.0, 1000.0, 0.0, 1000.0, 907.0, 999.0, 999.0, 999.0, 999.0, 316.0, 330.0, 0.0, 0.0], [], [-0.9737701416015625, 0.189544677734375, -0.0989990234375, 0.0776824951171875], [], [-0.7474365234375, 0.1276702880859375, -0.3065032958984375, 0.57537841796875]
143230, 144.2309112548828, [1000.0, 49.0, 235.0, 111.0, 248.0, 139.0, 130.0, 0.0, 0.0, 1000.0, 0.0, 1000.0, 0.0, 1000.0, 907.0, 999.0, 999.0, 999.0, 999.0, 316.0, 330.0, 0.0, 0.0], [], [-0.9737701416015625, 0.189544677734375, -0.0989990234375, 0.0776824951171875], [], [-0.747314453125, 0.1279144287109375, -0.30670166015625, 0.5753936767578125]
143240, 144.2391357421875, [1000.0, 49.0, 235.0, 111.0, 248.0, 139.0, 130.0, 0.0, 0.0, 1000.0, 0.0, 1000.0, 0.0, 1000.0, 907.0, 999.0, 999.0, 999.0, 999.0, 316.0, 330.0, 0.0, 0.0], [], [-0.9737701416015625, 0.189544677734375, -0.0989990234375, 0.0776824951171875], [], [-0.7472686767578125, 0.1280670166015625, -0.3064727783203125, 0.575531005859375]
143250, 144.24913024902344, [1000.0, 49.0, 235.0, 111.0, 248.0, 139.0, 130.0, 0.0, 0.0, 1000.0, 0.0, 1000.0, 0.0, 1000.0, 907.0, 999.0, 999.0, 999.0, 999.0, 316.0, 330.0, 0.0, 0.0], [], [-0.9737701416015625, 0.189544677734375, -0.0989990234375, 0.0776824951171875], [], [-0.7472991943359375, 0.1280364990234375, -0.30621337890625, 0.5756378173828125]
143260, 144.25927734375, [1000.0, 49.0, 235.0, 111.0, 248.0, 139.0, 130.0, 0.0, 0.0, 1000.0, 0.0, 1000.0, 0.0, 1000.0, 907.0, 999.0, 999.0, 999.0, 999.0, 316.0, 330.0, 0.0, 0.0], [], [-0.9737701416015625, 0.189544677734375, -0.0989990234375, 0.0776824951171875], [], [-0.747344970703125, 0.1280059814453125, -0.3057708740234375, 0.5758056640625]
143270, 144.26914978027344, [1000.0, 49.0, 235.0, 111.0, 248.0, 139.0, 130.0, 0.0, 0.0, 1000.0, 0.0, 1000.0, 0.0, 1000.0, 907.0, 999.0, 999.0, 999.0, 999.0, 316.0, 330.0, 0.0, 0.0], [], [-0.9737701416015625, 0.189544677734375, -0.0989990234375, 0.0776824951171875], [], [-0.7474212646484375, 0.12762451171875, -0.30596923828125, 0.5756988525390625]
143280, 144.2790985107422, [1000.0, 49.0, 235.0, 111.0, 248.0, 139.0, 130.0, 0.0, 0.0, 1000.0, 0.0, 1000.0, 0.0, 1000.0, 907.0, 999.0, 999.0, 999.0, 999.0, 316.0, 330.0, 0.0, 0.0], [], [-0.9737701416015625, 0.189544677734375, -0.0989990234375, 0.0776824951171875], [], [-0.747528076171875, 0.1273193359375, -0.305877685546875, 0.57568359375]
143290, 144.28912353515625, [1000.0, 49.0, 235.0, 111.0, 248.0, 139.0, 130.0, 0.0, 0.0, 1000.0, 0.0, 1000.0, 0.0, 1000.0, 907.0, 999.0, 999.0, 999.0, 999.0, 316.0, 330.0, 0.0, 0.0], [], [-0.9737701416015625, 0.189544677734375, -0.0989990234375, 0.0776824951171875], [], [-0.7476043701171875, 0.1272735595703125, -0.3054656982421875, 0.5758056640625]
143300, 144.29913330078125, [1000.0, 49.0, 235.0, 111.0, 248.0, 139.0, 130.0, 0.0, 0.0, 1000.0, 0.0, 1000.0, 0.0, 1000.0, 907.0, 999.0, 999.0, 999.0, 999.0, 316.0, 330.0, 0.0, 0.0], [], [-0.9737701416015625, 0.189544677734375, -0.0989990234375, 0.0776824951171875], [], [-0.7480010986328125, 0.126495361328125, -0.3046112060546875, 0.575927734375]
143310, 144.3092803955078, [1000.0, 49.0, 235.0, 111.0, 248.0, 139.0, 130.0, 0.0, 0.0, 1000.0, 0.0, 1000.0, 0.0, 1000.0, 907.0, 999.0, 999.0, 999.0, 999.0, 316.0, 330.0, 0.0, 0.0], [], [-0.9737701416015625, 0.189544677734375, -0.0989990234375, 0.0776824951171875], [], [-0.7478790283203125, 0.126983642578125, -0.3044586181640625, 0.5760498046875]
143320, 144.31915283203125, [1000.0, 49.0, 235.0, 111.0, 248.0, 139.0, 130.0, 0.0, 0.0, 1000.0, 0.0, 1000.0, 0.0, 1000.0, 907.0, 999.0, 999.0, 999.0, 999.0, 316.0, 330.0, 0.0, 0.0], [], [-0.9737701416015625, 0.189544677734375, -0.0989990234375, 0.0776824951171875], [], [-0.7480316162109375, 0.1269683837890625, -0.3036041259765625, 0.5763092041015625]
143330, 144.32913208007812, [1000.0, 49.0, 235.0, 111.0, 248.0, 139.0, 130.0, 0.0, 0.0, 1000.0, 0.0, 1000.0, 0.0, 1000.0, 907.0, 999.0, 999.0, 999.0, 999.0, 316.0, 330.0, 0.0, 0.0], [], [-0.9737701416015625, 0.189544677734375, -0.0989990234375, 0.0776824951171875], [], [-0.7479705810546875, 0.1270294189453125, -0.303863525390625, 0.5762176513671875]
143340, 144.33900451660156, [1000.0, 49.0, 235.0, 111.0, 248.0, 139.0, 130.0, 0.0, 0.0, 1000.0, 0.0, 1000.0, 0.0, 1000.0, 907.0, 999.0, 999.0, 999.0, 999.0, 316.0, 330.0, 0.0, 0.0], [], [-0.9737701416015625, 0.189544677734375, -0.0989990234375, 0.0776824951171875], [], [-0.7478790283203125, 0.1272735595703125, -0.3041229248046875, 0.576171875]
143350, 144.34906005859375, [1000.0, 49.0, 235.0, 111.0, 248.0, 139.0, 130.0, 0.0, 0.0, 1000.0, 0.0, 1000.0, 0.0, 1000.0, 907.0, 999.0, 999.0, 999.0, 999.0, 316.0, 330.0, 0.0, 0.0], [], [-0.9737701416015625, 0.189544677734375, -0.0989990234375, 0.0776824951171875], [], [-0.7480010986328125, 0.1272430419921875, -0.303497314453125, 0.5763397216796875]
143360, 144.3592529296875, [1000.0, 49.0, 235.0, 111.0, 248.0, 139.0, 130.0, 0.0, 0.0, 1000.0, 0.0, 1000.0, 0.0, 1000.0, 907.0, 999.0, 999.0, 999.0, 999.0, 316.0, 330.0, 0.0, 0.0], [], [-0.9737701416015625, 0.189544677734375, -0.0989990234375, 0.0776824951171875], [], [-0.7480010986328125, 0.1271820068359375, -0.3036346435546875, 0.5762786865234375]
143370, 144.36911010742188, [1000.0, 49.0, 235.0, 111.0, 248.0, 139.0, 130.0, 0.0, 0.0, 1000.0, 0.0, 1000.0, 0.0, 1000.0, 907.0, 999.0, 999.0, 999.0, 999.0, 316.0, 330.0, 0.0, 0.0], [], [-0.9737701416015625, 0.189544677734375, -0.0989990234375, 0.0776824951171875], [], [-0.7481842041015625, 0.126953125, -0.3029937744140625, 0.5764312744140625]
143380, 144.37899780273438, [1000.0, 49.0, 235.0, 111.0, 248.0, 139.0, 130.0, 0.0, 0.0, 1000.0, 0.0, 1000.0, 0.0, 1000.0, 907.0, 999.0, 999.0, 999.0, 999.0, 316.0, 330.0, 0.0, 0.0], [], [-0.9737701416015625, 0.189544677734375, -0.0989990234375, 0.0776824951171875], [], [-0.74798583984375, 0.1274261474609375, -0.3032989501953125, 0.576416015625]
143390, 144.39263916015625, [1000.0, 49.0, 235.0, 111.0, 248.0, 139.0, 130.0, 0.0, 0.0, 1000.0, 0.0, 1000.0, 0.0, 1000.0, 907.0, 999.0, 999.0, 999.0, 999.0, 316.0, 330.0, 0.0, 0.0], [], [-0.9737701416015625, 0.189544677734375, -0.0989990234375, 0.0776824951171875], [], [-0.747528076171875, 0.1280975341796875, -0.3047332763671875, 0.57611083984375]
143400, 144.3990478515625, [1000.0, 49.0, 235.0, 111.0, 248.0, 139.0, 130.0, 0.0, 0.0, 1000.0, 0.0, 1000.0, 0.0, 1000.0, 907.0, 999.0, 999.0, 999.0, 999.0, 316.0, 330.0, 0.0, 0.0], [], [-0.9737701416015625, 0.189544677734375, -0.0989990234375, 0.0776824951171875], [], [-0.747589111328125, 0.1281280517578125, -0.3040771484375, 0.5763702392578125]
143410, 144.4091796875, [1000.0, 49.0, 235.0, 111.0, 248.0, 139.0, 130.0, 0.0, 0.0, 1000.0, 0.0, 1000.0, 0.0, 1000.0, 907.0, 999.0, 999.0, 999.0, 999.0, 316.0, 330.0, 0.0, 0.0], [], [-0.9737701416015625, 0.189544677734375, -0.0989990234375, 0.0776824951171875], [], [-0.74761962890625, 0.1277618408203125, -0.304473876953125, 0.576202392578125]
143420, 144.41900634765625, [1000.0, 49.0, 235.0, 111.0, 248.0, 139.0, 130.0, 0.0, 0.0, 1000.0, 0.0, 1000.0, 0.0, 1000.0, 907.0, 999.0, 999.0, 999.0, 999.0, 316.0, 330.0, 0.0, 0.0], [], [-0.9737701416015625, 0.189544677734375, -0.0989990234375, 0.0776824951171875], [], [-0.7479248046875, 0.1268768310546875, -0.3041229248046875, 0.576171875]
143430, 144.42901611328125, [1000.0, 49.0, 235.0, 111.0, 248.0, 139.0, 130.0, 0.0, 0.0, 1000.0, 0.0, 1000.0, 0.0, 1000.0, 907.0, 999.0, 999.0, 999.0, 999.0, 316.0, 330.0, 0.0, 0.0], [], [-0.9737701416015625, 0.189544677734375, -0.0989990234375, 0.0776824951171875], [], [-0.748077392578125, 0.126434326171875, -0.303985595703125, 0.5761566162109375]
143440, 144.43902587890625, [1000.0, 49.0, 235.0, 111.0, 248.0, 139.0, 130.0, 0.0, 0.0, 1000.0, 0.0, 1000.0, 0.0, 1000.0, 907.0, 999.0, 999.0, 999.0, 999.0, 316.0, 330.0, 0.0, 0.0], [], [-0.9737701416015625, 0.189544677734375, -0.0989990234375, 0.0776824951171875], [], [-0.7484130859375, 0.1259002685546875, -0.302947998046875, 0.576385498046875]
143450, 144.4490509033203, [1000.0, 49.0, 235.0, 111.0, 248.0, 139.0, 130.0, 0.0, 0.0, 1000.0, 0.0, 1000.0, 0.0, 1000.0, 907.0, 999.0, 999.0, 999.0, 999.0, 316.0, 330.0, 0.0, 0.0], [], [-0.9737701416015625, 0.189544677734375, -0.0989990234375, 0.0776824951171875], [], [-0.7486724853515625, 0.12542724609375, -0.302276611328125, 0.576507568359375]
143460, 144.4593505859375, [1000.0, 49.0, 235.0, 111.0, 248.0, 139.0, 130.0, 0.0, 0.0, 1000.0, 0.0, 1000.0, 0.0, 1000.0, 907.0, 999.0, 999.0, 999.0, 999.0, 316.0, 330.0, 0.0, 0.0], [], [-0.9737701416015625, 0.189544677734375, -0.0989990234375, 0.0776824951171875], [], [-0.748260498046875, 0.127288818359375, -0.3013153076171875, 0.5771331787109375]
143470, 144.4691162109375, [1000.0, 49.0, 235.0, 111.0, 248.0, 139.0, 130.0, 0.0, 0.0, 1000.0, 0.0, 1000.0, 0.0, 1000.0, 907.0, 999.0, 999.0, 999.0, 999.0, 316.0, 330.0, 0.0, 0.0], [], [-0.9737701416015625, 0.189544677734375, -0.0989990234375, 0.0776824951171875], [], [-0.748291015625, 0.126373291015625, -0.30242919921875, 0.57672119140625]
143480, 144.47903442382812, [1000.0, 49.0, 235.0, 111.0, 248.0, 139.0, 130.0, 0.0, 0.0, 1000.0, 0.0, 1000.0, 0.0, 1000.0, 907.0, 999.0, 999.0, 999.0, 999.0, 316.0, 330.0, 0.0, 0.0], [], [-0.9737701416015625, 0.189544677734375, -0.0989990234375, 0.0776824951171875], [], [-0.748016357421875, 0.1258697509765625, -0.3045196533203125, 0.576080322265625]
143490, 144.4890899658203, [1000.0, 49.0, 235.0, 111.0, 248.0, 139.0, 130.0, 0.0, 0.0, 1000.0, 0.0, 1000.0, 0.0, 1000.0, 907.0, 999.0, 999.0, 999.0, 999.0, 316.0, 330.0, 0.0, 0.0], [], [-0.9737701416015625, 0.189544677734375, -0.0989990234375, 0.0776824951171875], [], [-0.7474822998046875, 0.126739501953125, -0.306060791015625, 0.575775146484375]
143500, 144.5020294189453, [1000.0, 49.0, 235.0, 111.0, 248.0, 139.0, 130.0, 0.0, 0.0, 1000.0, 0.0, 1000.0, 0.0, 1000.0, 907.0, 999.0, 999.0, 999.0, 999.0, 316.0, 330.0, 0.0, 0.0], [], [-0.9737701416015625, 0.189544677734375, -0.0989990234375, 0.0776824951171875], [], [-0.7479400634765625, 0.126251220703125, -0.3043365478515625, 0.5761871337890625]
143510, 144.50938415527344, [1000.0, 49.0, 235.0, 111.0, 248.0, 139.0, 130.0, 0.0, 0.0, 1000.0, 0.0, 1000.0, 0.0, 1000.0, 907.0, 999.0, 999.0, 999.0, 999.0, 316.0, 330.0, 0.0, 0.0], [], [-0.9737701416015625, 0.189544677734375, -0.0989990234375, 0.0776824951171875], [], [-0.747894287109375, 0.1261444091796875, -0.304840087890625, 0.576019287109375]
143520, 144.5191192626953, [1000.0, 49.0, 235.0, 111.0, 248.0, 139.0, 130.0, 0.0, 0.0, 1000.0, 0.0, 1000.0, 0.0, 1000.0, 907.0, 999.0, 999.0, 999.0, 999.0, 316.0, 330.0, 0.0, 0.0], [], [-0.9737701416015625, 0.189544677734375, -0.0989990234375, 0.0776824951171875], [], [-0.7473907470703125, 0.1267547607421875, -0.30657958984375, 0.5756072998046875]
143530, 144.52902221679688, [1000.0, 49.0, 235.0, 111.0, 248.0, 139.0, 130.0, 0.0, 0.0, 1000.0, 0.0, 1000.0, 0.0, 1000.0, 907.0, 999.0, 999.0, 999.0, 999.0, 316.0, 330.0, 0.0, 0.0], [], [-0.9737701416015625, 0.189544677734375, -0.0989990234375, 0.0776824951171875], [], [-0.74810791015625, 0.1255950927734375, -0.30450439453125, 0.5760345458984375]
143540, 144.5390167236328, [1000.0, 49.0, 235.0, 111.0, 248.0, 139.0, 130.0, 0.0, 0.0, 1000.0, 0.0, 1000.0, 0.0, 1000.0, 907.0, 999.0, 999.0, 999.0, 999.0, 316.0, 330.0, 0.0, 0.0], [], [-0.9737701416015625, 0.189544677734375, -0.0989990234375, 0.0776824951171875], [], [-0.748291015625, 0.125091552734375, -0.3043060302734375, 0.5760040283203125]
143550, 144.54904174804688, [1000.0, 49.0, 235.0, 111.0, 248.0, 139.0, 130.0, 0.0, 0.0, 1000.0, 0.0, 1000.0, 0.0, 1000.0, 907.0, 999.0, 999.0, 999.0, 999.0, 316.0, 330.0, 0.0, 0.0], [], [-0.9737701416015625, 0.189544677734375, -0.0989990234375, 0.0776824951171875], [], [-0.7478485107421875, 0.127105712890625, -0.3034210205078125, 0.57659912109375]
143560, 144.55935668945312, [1000.0, 49.0, 235.0, 111.0, 248.0, 139.0, 130.0, 0.0, 0.0, 1000.0, 0.0, 1000.0, 0.0, 1000.0, 907.0, 999.0, 999.0, 999.0, 999.0, 316.0, 330.0, 0.0, 0.0], [], [-0.9737701416015625, 0.189544677734375, -0.0989990234375, 0.0776824951171875], [], [-0.747589111328125, 0.1278228759765625, -0.3036346435546875, 0.5766754150390625]
143570, 144.56910705566406, [1000.0, 49.0, 235.0, 111.0, 248.0, 139.0, 130.0, 0.0, 0.0, 1000.0, 0.0, 1000.0, 0.0, 1000.0, 907.0, 999.0, 999.0, 999.0, 999.0, 316.0, 330.0, 0.0, 0.0], [], [-0.9737701416015625, 0.189544677734375, -0.0989990234375, 0.0776824951171875], [], [-0.7476348876953125, 0.1271514892578125, -0.3045501708984375, 0.5762786865234375]
143580, 144.57904052734375, [1000.0, 49.0, 235.0, 111.0, 248.0, 139.0, 130.0, 0.0, 0.0, 1000.0, 0.0, 1000.0, 0.0, 1000.0, 907.0, 999.0, 999.0, 999.0, 999.0, 316.0, 330.0, 0.0, 0.0], [], [-0.9737701416015625, 0.189544677734375, -0.0989990234375, 0.0776824951171875], [], [-0.7477569580078125, 0.1266632080078125, -0.3047637939453125, 0.57611083984375]
143590, 144.58908081054688, [1000.0, 49.0, 235.0, 111.0, 248.0, 139.0, 130.0, 0.0, 0.0, 1000.0, 0.0, 1000.0, 0.0, 1000.0, 907.0, 999.0, 999.0, 999.0, 999.0, 316.0, 330.0, 0.0, 0.0], [], [-0.9737701416015625, 0.189544677734375, -0.0989990234375, 0.0776824951171875], [], [-0.74810791015625, 0.12481689453125, -0.30584716796875, 0.5754852294921875]
143600, 144.59902954101562, [1000.0, 49.0, 235.0, 111.0, 248.0, 139.0, 130.0, 0.0, 0.0, 1000.0, 0.0, 1000.0, 0.0, 1000.0, 907.0, 999.0, 999.0, 999.0, 999.0, 316.0, 330.0, 0.0, 0.0], [], [-0.9737701416015625, 0.189544677734375, -0.0989990234375, 0.0776824951171875], [], [-0.74786376953125, 0.1263580322265625, -0.3045806884765625, 0.576141357421875]
143610, 144.60935974121094, [1000.0, 49.0, 235.0, 111.0, 248.0, 139.0, 130.0, 0.0, 0.0, 1000.0, 0.0, 1000.0, 0.0, 1000.0, 907.0, 999.0, 999.0, 999.0, 999.0, 316.0, 330.0, 0.0, 0.0], [], [-0.9737701416015625, 0.189544677734375, -0.0989990234375, 0.0776824951171875], [], [-0.7479400634765625, 0.12615966796875, -0.3045196533203125, 0.57611083984375]
143620, 144.61912536621094, [1000.0, 49.0, 235.0, 111.0, 248.0, 139.0, 130.0, 0.0, 0.0, 1000.0, 0.0, 1000.0, 0.0, 1000.0, 907.0, 999.0, 999.0, 999.0, 999.0, 316.0, 330.0, 0.0, 0.0], [], [-0.9737701416015625, 0.189544677734375, -0.0989990234375, 0.0776824951171875], [], [-0.7481231689453125, 0.1269989013671875, -0.30194091796875, 0.5770416259765625]
143630, 144.62904357910156, [1000.0, 49.0, 235.0, 111.0, 248.0, 139.0, 130.0, 0.0, 0.0, 1000.0, 0.0, 1000.0, 0.0, 1000.0, 907.0, 999.0, 999.0, 999.0, 999.0, 316.0, 330.0, 0.0, 0.0], [], [-0.9737701416015625, 0.189544677734375, -0.0989990234375, 0.0776824951171875], [], [-0.7483367919921875, 0.1270751953125, -0.3005828857421875, 0.5774688720703125]
143640, 144.6394500732422, [1000.0, 49.0, 235.0, 111.0, 248.0, 139.0, 130.0, 0.0, 0.0, 1000.0, 0.0, 1000.0, 0.0, 1000.0, 907.0, 999.0, 999.0, 999.0, 999.0, 316.0, 330.0, 0.0, 0.0], [], [-0.9737701416015625, 0.189544677734375, -0.0989990234375, 0.0776824951171875], [], [-0.748016357421875, 0.126708984375, -0.3031768798828125, 0.57659912109375]
143650, 144.6495361328125, [1000.0, 49.0, 235.0, 111.0, 248.0, 139.0, 130.0, 0.0, 0.0, 1000.0, 0.0, 1000.0, 0.0, 1000.0, 907.0, 999.0, 999.0, 999.0, 999.0, 316.0, 330.0, 0.0, 0.0], [], [-0.9737701416015625, 0.189544677734375, -0.0989990234375, 0.0776824951171875], [], [-0.74871826171875, 0.1258087158203125, -0.3006439208984375, 0.57720947265625]
143660, 144.66741943359375, [1000.0, 49.0, 235.0, 111.0, 248.0, 139.0, 130.0, 0.0, 0.0, 1000.0, 0.0, 1000.0, 0.0, 1000.0, 907.0, 999.0, 999.0, 999.0, 999.0, 316.0, 330.0, 0.0, 0.0], [], [-0.9737701416015625, 0.189544677734375, -0.0989990234375, 0.0776824951171875], [], [-0.7490234375, 0.125518798828125, -0.299468994140625, 0.5774993896484375]
143670, 144.6724090576172, [1000.0, 49.0, 235.0, 111.0, 248.0, 139.0, 130.0, 0.0, 0.0, 1000.0, 0.0, 1000.0, 0.0, 1000.0, 907.0, 999.0, 999.0, 999.0, 999.0, 316.0, 330.0, 0.0, 0.0], [], [-0.9737701416015625, 0.189544677734375, -0.0989990234375, 0.0776824951171875], [], [-0.748291015625, 0.126953125, -0.301177978515625, 0.5772552490234375]
143680, 144.6793212890625, [1000.0, 49.0, 235.0, 111.0, 248.0, 139.0, 130.0, 0.0, 0.0, 1000.0, 0.0, 1000.0, 0.0, 1000.0, 907.0, 999.0, 999.0, 999.0, 999.0, 316.0, 330.0, 0.0, 0.0], [], [-0.9737701416015625, 0.189544677734375, -0.0989990234375, 0.0776824951171875], [], [-0.7482757568359375, 0.1269683837890625, -0.3011932373046875, 0.5772552490234375]
143690, 144.68919372558594, [1000.0, 49.0, 235.0, 111.0, 248.0, 139.0, 130.0, 0.0, 0.0, 1000.0, 0.0, 1000.0, 0.0, 1000.0, 907.0, 999.0, 999.0, 999.0, 999.0, 316.0, 330.0, 0.0, 0.0], [], [-0.9737701416015625, 0.189544677734375, -0.0989990234375, 0.0776824951171875], [], [-0.7482757568359375, 0.12689208984375, -0.3012847900390625, 0.5772247314453125]
143700, 144.69912719726562, [1000.0, 49.0, 235.0, 111.0, 248.0, 139.0, 130.0, 0.0, 0.0, 1000.0, 0.0, 1000.0, 0.0, 1000.0, 907.0, 999.0, 999.0, 999.0, 999.0, 316.0, 330.0, 0.0, 0.0], [], [-0.9737701416015625, 0.189544677734375, -0.0989990234375, 0.0776824951171875], [], [-0.7482757568359375, 0.1268310546875, -0.3013763427734375, 0.5771942138671875]
143710, 144.7092742919922, [1000.0, 49.0, 235.0, 111.0, 248.0, 139.0, 130.0, 0.0, 0.0, 1000.0, 0.0, 1000.0, 0.0, 1000.0, 907.0, 999.0, 999.0, 999.0, 999.0, 316.0, 330.0, 0.0, 0.0], [], [-0.9737701416015625, 0.189544677734375, -0.0989990234375, 0.0776824951171875], [], [-0.748199462890625, 0.126922607421875, -0.3016204833984375, 0.5771331787109375]
143720, 144.71905517578125, [1000.0, 49.0, 235.0, 111.0, 248.0, 139.0, 130.0, 0.0, 0.0, 1000.0, 0.0, 1000.0, 0.0, 1000.0, 907.0, 999.0, 999.0, 999.0, 999.0, 316.0, 330.0, 0.0, 0.0], [], [-0.9737701416015625, 0.189544677734375, -0.0989990234375, 0.0776824951171875], [], [-0.748199462890625, 0.1268463134765625, -0.3019256591796875, 0.576995849609375]
143730, 144.72909545898438, [1000.0, 49.0, 235.0, 111.0, 248.0, 139.0, 130.0, 0.0, 0.0, 1000.0, 0.0, 1000.0, 0.0, 1000.0, 907.0, 999.0, 999.0, 999.0, 999.0, 316.0, 330.0, 0.0, 0.0], [], [-0.9737701416015625, 0.189544677734375, -0.0989990234375, 0.0776824951171875], [], [-0.7481231689453125, 0.1271209716796875, -0.302001953125, 0.576995849609375]
143740, 144.73939514160156, [1000.0, 49.0, 235.0, 111.0, 248.0, 139.0, 130.0, 0.0, 0.0, 1000.0, 0.0, 1000.0, 0.0, 1000.0, 907.0, 999.0, 999.0, 999.0, 999.0, 316.0, 330.0, 0.0, 0.0], [], [-0.9737701416015625, 0.189544677734375, -0.0989990234375, 0.0776824951171875], [], [-0.7481842041015625, 0.1269989013671875, -0.3019256591796875, 0.5769805908203125]
143750, 144.7494659423828, [1000.0, 49.0, 235.0, 111.0, 248.0, 139.0, 130.0, 0.0, 0.0, 1000.0, 0.0, 1000.0, 0.0, 1000.0, 907.0, 999.0, 999.0, 999.0, 999.0, 316.0, 330.0, 0.0, 0.0], [], [-0.9737701416015625, 0.189544677734375, -0.0989990234375, 0.0776824951171875], [], [-0.748016357421875, 0.1273193359375, -0.3024139404296875, 0.576873779296875]
143760, 144.75936889648438, [1000.0, 49.0, 235.0, 111.0, 248.0, 139.0, 130.0, 0.0, 0.0, 1000.0, 0.0, 1000.0, 0.0, 1000.0, 907.0, 999.0, 999.0, 999.0, 999.0, 316.0, 330.0, 0.0, 0.0], [], [-0.9737701416015625, 0.189544677734375, -0.0989990234375, 0.0776824951171875], [], [-0.7479400634765625, 0.1275482177734375, -0.30242919921875, 0.576904296875]
143770, 144.76956176757812, [1000.0, 49.0, 235.0, 111.0, 248.0, 139.0, 130.0, 0.0, 0.0, 1000.0, 0.0, 1000.0, 0.0, 1000.0, 907.0, 999.0, 999.0, 999.0, 999.0, 316.0, 330.0, 0.0, 0.0], [], [-0.9737701416015625, 0.189544677734375, -0.0989990234375, 0.0776824951171875], [], [-0.7478790283203125, 0.127838134765625, -0.3023529052734375, 0.57696533203125]
143780, 144.77947998046875, [1000.0, 49.0, 235.0, 111.0, 248.0, 139.0, 130.0, 0.0, 0.0, 1000.0, 0.0, 1000.0, 0.0, 1000.0, 907.0, 999.0, 999.0, 999.0, 999.0, 316.0, 330.0, 0.0, 0.0], [], [-0.9737701416015625, 0.189544677734375, -0.0989990234375, 0.0776824951171875], [], [-0.74774169921875, 0.1279296875, -0.3029022216796875, 0.5768280029296875]
143790, 144.78933715820312, [1000.0, 49.0, 235.0, 111.0, 248.0, 139.0, 130.0, 0.0, 0.0, 1000.0, 0.0, 1000.0, 0.0, 1000.0, 907.0, 999.0, 999.0, 999.0, 999.0, 316.0, 330.0, 0.0, 0.0], [], [-0.9737701416015625, 0.189544677734375, -0.0989990234375, 0.0776824951171875], [], [-0.7477569580078125, 0.1281280517578125, -0.3025054931640625, 0.5769805908203125]
143800, 144.79942321777344, [1000.0, 49.0, 235.0, 111.0, 248.0, 139.0, 130.0, 0.0, 0.0, 1000.0, 0.0, 1000.0, 0.0, 1000.0, 907.0, 999.0, 999.0, 999.0, 999.0, 316.0, 330.0, 0.0, 0.0], [], [-0.9737701416015625, 0.189544677734375, -0.0989990234375, 0.0776824951171875], [], [-0.7479400634765625, 0.127349853515625, -0.3028411865234375, 0.5767364501953125]
143810, 144.80946350097656, [1000.0, 49.0, 235.0, 111.0, 248.0, 139.0, 130.0, 0.0, 0.0, 1000.0, 0.0, 1000.0, 0.0, 1000.0, 907.0, 999.0, 999.0, 999.0, 999.0, 316.0, 330.0, 0.0, 0.0], [], [-0.9737701416015625, 0.189544677734375, -0.0989990234375, 0.0776824951171875], [], [-0.7479248046875, 0.1272125244140625, -0.30322265625, 0.5765838623046875]
