43930, 44.31898880004883, 1000.0,377.0,201.0,65.0,155.0,64.0,100.0,5.0,98.0,1000.0,0.0,750.0,1000.0,1000.0,870.0,999.0,999.0,999.0,999.0,378.0,1000.0,0.0,0.0, 0.9532928466796875,-0.1514434814453125,-0.0445556640625,-0.2574615478515625, 0.355194091796875,-0.1238861083984375,-0.2059326171875,0.9033660888671875
43940, 44.32915496826172, 1000.0,376.0,200.0,65.0,155.0,64.0,99.0,5.0,97.0,1000.0,0.0,750.0,1000.0,1000.0,870.0,999.0,999.0,999.0,999.0,378.0,1000.0,0.0,0.0, 0.953338623046875,-0.1515960693359375,-0.0447235107421875,-0.2571868896484375, 0.3552093505859375,-0.1236572265625,-0.2052001953125,0.9035491943359375
43950, 44.33926773071289, 1000.0,375.0,200.0,65.0,155.0,64.0,99.0,5.0,97.0,1000.0,0.0,750.0,1000.0,1000.0,870.0,999.0,999.0,999.0,999.0,378.0,1000.0,0.0,0.0, 0.953369140625,-0.151611328125,-0.04486083984375,-0.257049560546875, 0.35504150390625,-0.1245269775390625,-0.205963134765625,0.9033203125
43960, 44.34916687011719, 1000.0,375.0,200.0,65.0,155.0,64.0,99.0,5.0,97.0,1000.0,0.0,750.0,1000.0,1000.0,870.0,999.0,999.0,999.0,999.0,378.0,1000.0,0.0,0.0, 0.953369140625,-0.151611328125,-0.04486083984375,-0.257049560546875, 0.3548583984375,-0.1254730224609375,-0.2072601318359375,0.9029693603515625
43970, 44.35914993286133, 1000.0,375.0,201.0,65.0,155.0,64.0,99.0,5.0,97.0,1000.0,0.0,750.0,1000.0,1000.0,869.0,999.0,999.0,999.0,999.0,378.0,1000.0,0.0,0.0, 0.95343017578125,-0.151580810546875,-0.0450286865234375,-0.25677490234375, 0.355072021484375,-0.12457275390625,-0.206512451171875,0.9031829833984375
43980, 44.36916732788086, 1000.0,375.0,200.0,65.0,154.0,64.0,99.0,5.0,97.0,1000.0,0.0,750.0,1000.0,1000.0,869.0,999.0,999.0,999.0,999.0,378.0,1000.0,0.0,0.0, 0.9534912109375,-0.151397705078125,-0.0451812744140625,-0.256683349609375, 0.3552703857421875,-0.12408447265625,-0.207794189453125,0.9028778076171875
43990, 44.37934875488281, 1000.0,376.0,200.0,65.0,154.0,64.0,99.0,5.0,97.0,1000.0,0.0,750.0,1000.0,1000.0,869.0,999.0,999.0,999.0,999.0,378.0,1000.0,0.0,0.0, 0.9535369873046875,-0.15130615234375,-0.045196533203125,-0.256561279296875, 0.3548736572265625,-0.126129150390625,-0.210845947265625,0.90203857421875
44000, 44.389617919921875, 1000.0,376.0,200.0,65.0,154.0,63.0,99.0,5.0,97.0,1000.0,0.0,750.0,1000.0,1000.0,869.0,999.0,999.0,999.0,999.0,378.0,1000.0,0.0,0.0, 0.9535675048828125,-0.1512908935546875,-0.045196533203125,-0.2564239501953125, 0.3549652099609375,-0.1256561279296875,-0.209503173828125,0.9023895263671875
44010, 44.39944839477539, 1000.0,377.0,200.0,64.0,154.0,63.0,99.0,5.0,96.0,1000.0,0.0,750.0,1000.0,1000.0,871.0,999.0,999.0,999.0,999.0,378.0,1000.0,0.0,0.0, 0.95367431640625,-0.1510772705078125,-0.045196533203125,-0.2561798095703125, 0.35498046875,-0.1256103515625,-0.20947265625,0.9023895263671875
44020, 44.409454345703125, 1000.0,377.0,200.0,64.0,154.0,63.0,99.0,5.0,96.0,1000.0,0.0,750.0,1000.0,1000.0,871.0,999.0,999.0,999.0,999.0,378.0,1000.0,0.0,0.0, 0.9537200927734375,-0.1509552001953125,-0.0453643798828125,-0.25604248046875, 0.3549652099609375,-0.12567138671875,-0.20941162109375,0.90240478515625
44030, 44.425025939941406, 1000.0,377.0,200.0,64.0,154.0,63.0,99.0,5.0,96.0,1000.0,0.0,750.0,1000.0,1000.0,869.0,999.0,999.0,999.0,999.0,378.0,1000.0,0.0,0.0, 0.9537200927734375,-0.1508331298828125,-0.045501708984375,-0.256072998046875, 0.354949951171875,-0.125701904296875,-0.2093505859375,0.9024200439453125
44040, 44.429969787597656, 1000.0,377.0,200.0,64.0,154.0,63.0,99.0,5.0,96.0,1000.0,0.0,1000.0,1000.0,1000.0,866.0,999.0,999.0,999.0,999.0,378.0,1000.0,0.0,0.0, 0.953765869140625,-0.1506805419921875,-0.04559326171875,-0.2559661865234375, 0.35498046875,-0.1255645751953125,-0.209228515625,0.9024505615234375
44050, 44.43938064575195, 1000.0,377.0,200.0,64.0,154.0,63.0,99.0,5.0,96.0,1000.0,0.0,750.0,1000.0,1000.0,864.0,999.0,999.0,999.0,999.0,378.0,1000.0,0.0,0.0, 0.953857421875,-0.150634765625,-0.0455169677734375,-0.2556610107421875, 0.355010986328125,-0.1254425048828125,-0.2091217041015625,0.9024810791015625
44060, 44.449562072753906, 1000.0,376.0,200.0,64.0,154.0,63.0,99.0,5.0,96.0,1000.0,0.0,750.0,1000.0,1000.0,863.0,999.0,999.0,999.0,999.0,378.0,1000.0,0.0,0.0, 0.953887939453125,-0.150543212890625,-0.04534912109375,-0.255645751953125, 0.3550872802734375,-0.125030517578125,-0.2090911865234375,0.9025115966796875
44070, 44.45962142944336, 1000.0,376.0,200.0,64.0,154.0,63.0,98.0,5.0,96.0,1000.0,0.0,1000.0,1000.0,1000.0,863.0,999.0,999.0,999.0,999.0,378.0,1000.0,0.0,0.0, 0.953948974609375,-0.15057373046875,-0.045135498046875,-0.255462646484375, 0.35504150390625,-0.125244140625,-0.2089691162109375,0.9025421142578125
44080, 44.469444274902344, 1000.0,375.0,200.0,64.0,154.0,63.0,98.0,5.0,96.0,1000.0,0.0,1000.0,1000.0,1000.0,861.0,999.0,999.0,999.0,999.0,378.0,1000.0,0.0,0.0, 0.9539947509765625,-0.15069580078125,-0.0449371337890625,-0.2552642822265625, 0.3549957275390625,-0.1253662109375,-0.20831298828125,0.9026947021484375
44090, 44.47944641113281, 1000.0,376.0,199.0,64.0,154.0,63.0,98.0,4.0,96.0,1000.0,0.0,750.0,1000.0,1000.0,861.0,999.0,999.0,999.0,999.0,378.0,1000.0,0.0,0.0, 0.9540252685546875,-0.1507568359375,-0.0448150634765625,-0.25506591796875, 0.354949951171875,-0.125518798828125,-0.2081146240234375,0.9027252197265625
44100, 44.48970031738281, 1000.0,376.0,199.0,64.0,154.0,62.0,98.0,4.0,96.0,1000.0,0.0,750.0,1000.0,1000.0,860.0,999.0,999.0,999.0,999.0,378.0,1000.0,0.0,0.0, 0.9540863037109375,-0.150848388671875,-0.0446624755859375,-0.2548675537109375, 0.3550262451171875,-0.125244140625,-0.2079010009765625,0.9027862548828125
44110, 44.49949645996094, 1000.0,377.0,199.0,64.0,154.0,62.0,98.0,4.0,96.0,1000.0,0.0,750.0,1000.0,1000.0,860.0,999.0,999.0,999.0,999.0,378.0,1000.0,0.0,0.0, 0.9541168212890625,-0.1510009765625,-0.0443572998046875,-0.2546844482421875, 0.35498046875,-0.1253509521484375,-0.207672119140625,0.90283203125
44120, 44.50934982299805, 1000.0,376.0,199.0,64.0,154.0,62.0,98.0,4.0,96.0,1000.0,0.0,750.0,1000.0,1000.0,861.0,999.0,999.0,999.0,999.0,378.0,1000.0,0.0,0.0, 0.9541778564453125,-0.1509857177734375,-0.044189453125,-0.2545318603515625, 0.3549346923828125,-0.1256256103515625,-0.207611083984375,0.9028472900390625
44130, 44.51949691772461, 1000.0,375.0,199.0,64.0,154.0,62.0,98.0,4.0,96.0,1000.0,0.0,750.0,1000.0,1000.0,861.0,999.0,999.0,999.0,999.0,378.0,1000.0,0.0,0.0, 0.9542083740234375,-0.151031494140625,-0.0440673828125,-0.254364013671875, 0.35498046875,-0.1254119873046875,-0.2075958251953125,0.9028472900390625
44140, 44.5298957824707, 1000.0,375.0,199.0,63.0,154.0,62.0,98.0,4.0,96.0,1000.0,0.0,750.0,1000.0,1000.0,861.0,999.0,999.0,999.0,999.0,378.0,1000.0,0.0,0.0, 0.9542388916015625,-0.151214599609375,-0.043914794921875,-0.254180908203125, 0.3549652099609375,-0.1254425048828125,-0.20751953125,0.902862548828125
44150, 44.539390563964844, 1000.0,375.0,199.0,63.0,154.0,62.0,98.0,4.0,96.0,1000.0,0.0,750.0,1000.0,1000.0,861.0,999.0,999.0,999.0,999.0,378.0,1000.0,0.0,0.0, 0.954254150390625,-0.1514129638671875,-0.04388427734375,-0.2540130615234375, 0.3550262451171875,-0.1252593994140625,-0.20770263671875,0.90283203125
44160, 44.54946517944336, 1000.0,376.0,199.0,63.0,154.0,62.0,98.0,4.0,95.0,1000.0,0.0,750.0,1000.0,1000.0,861.0,999.0,999.0,999.0,999.0,378.0,1000.0,0.0,0.0, 0.95428466796875,-0.1514739990234375,-0.0439453125,-0.25384521484375, 0.35498046875,-0.1252899169921875,-0.2068939208984375,0.9030303955078125
44170, 44.559776306152344, 1000.0,378.0,199.0,63.0,154.0,62.0,98.0,4.0,95.0,1000.0,0.0,750.0,1000.0,1000.0,862.0,999.0,999.0,999.0,999.0,378.0,1000.0,0.0,0.0, 0.95428466796875,-0.1516265869140625,-0.0441131591796875,-0.2537384033203125, 0.354736328125,-0.1263427734375,-0.2072906494140625,0.90289306640625
44180, 44.569461822509766, 1000.0,378.0,199.0,63.0,153.0,62.0,98.0,4.0,95.0,1000.0,0.0,750.0,1000.0,1000.0,861.0,999.0,999.0,999.0,999.0,378.0,1000.0,0.0,0.0, 0.954254150390625,-0.15191650390625,-0.04437255859375,-0.25360107421875, 0.3548583984375,-0.1257171630859375,-0.20684814453125,0.9030303955078125
44190, 44.586788177490234, 1000.0,377.0,199.0,63.0,154.0,62.0,98.0,4.0,95.0,1000.0,0.0,750.0,1000.0,1000.0,861.0,999.0,999.0,999.0,999.0,378.0,1000.0,0.0,0.0, 0.954254150390625,-0.1522674560546875,-0.0444488525390625,-0.2534332275390625, 0.3546905517578125,-0.1264190673828125,-0.2068939208984375,0.902984619140625
44200, 44.589866638183594, 1000.0,376.0,199.0,63.0,153.0,62.0,98.0,4.0,95.0,1000.0,0.0,750.0,1000.0,1000.0,862.0,999.0,999.0,999.0,999.0,378.0,1000.0,0.0,0.0, 0.9542694091796875,-0.1523895263671875,-0.044464111328125,-0.2533111572265625, 0.3546295166015625,-0.1265716552734375,-0.2060699462890625,0.9031829833984375
44210, 44.59947967529297, 1000.0,376.0,199.0,63.0,153.0,62.0,97.0,4.0,95.0,1000.0,0.0,750.0,1000.0,1000.0,862.0,999.0,999.0,999.0,999.0,378.0,1000.0,0.0,0.0, 0.95428466796875,-0.1522979736328125,-0.0447998046875,-0.2532196044921875, 0.35467529296875,-0.126556396484375,-0.2064361572265625,0.903076171875
44220, 44.60948181152344, 1000.0,377.0,199.0,63.0,153.0,61.0,97.0,4.0,95.0,1000.0,0.0,750.0,1000.0,1000.0,861.0,999.0,999.0,999.0,999.0,378.0,1000.0,0.0,0.0, 0.954315185546875,-0.152313232421875,-0.044921875,-0.2530975341796875, 0.354766845703125,-0.1262359619140625,-0.2064208984375,0.9030914306640625
44230, 44.61933135986328, 1000.0,377.0,199.0,63.0,153.0,61.0,97.0,4.0,95.0,1000.0,0.0,750.0,1000.0,1000.0,861.0,999.0,999.0,999.0,999.0,378.0,1000.0,0.0,0.0, 0.954315185546875,-0.152313232421875,-0.044921875,-0.2530975341796875, 0.3549041748046875,-0.1256561279296875,-0.2062835693359375,0.9031524658203125
44240, 44.629451751708984, 1000.0,374.0,198.0,63.0,153.0,61.0,97.0,4.0,95.0,1000.0,0.0,750.0,1000.0,1000.0,861.0,999.0,999.0,999.0,999.0,378.0,1000.0,0.0,0.0, 0.9543304443359375,-0.152587890625,-0.0450897216796875,-0.2527923583984375, 0.3548431396484375,-0.1260528564453125,-0.2067718505859375,0.9029998779296875
44250, 44.63924026489258, 1000.0,373.0,198.0,63.0,153.0,61.0,97.0,4.0,95.0,1000.0,0.0,750.0,1000.0,1000.0,861.0,999.0,999.0,999.0,999.0,378.0,1000.0,0.0,0.0, 0.9543304443359375,-0.15283203125,-0.045196533203125,-0.252655029296875, 0.3548583984375,-0.1259918212890625,-0.206451416015625,0.903076171875
44260, 44.64958953857422, 1000.0,374.0,198.0,63.0,153.0,61.0,97.0,4.0,95.0,1000.0,0.0,750.0,1000.0,1000.0,860.0,999.0,999.0,999.0,999.0,378.0,1000.0,0.0,0.0, 0.954315185546875,-0.1531524658203125,-0.04534912109375,-0.2525177001953125, 0.3551483154296875,-0.1247406005859375,-0.2057647705078125,0.9033050537109375
44270, 44.65947723388672, 1000.0,375.0,198.0,63.0,153.0,61.0,97.0,4.0,95.0,1000.0,0.0,750.0,1000.0,1000.0,860.0,999.0,999.0,999.0,999.0,378.0,1000.0,0.0,0.0, 0.9543304443359375,-0.153289794921875,-0.0453338623046875,-0.2523651123046875, 0.35498046875,-0.12530517578125,-0.205474853515625,0.903350830078125
44280, 44.669490814208984, 1000.0,375.0,198.0,63.0,153.0,61.0,97.0,3.0,94.0,1000.0,0.0,750.0,1000.0,1000.0,860.0,999.0,999.0,999.0,999.0,378.0,1000.0,0.0,0.0, 0.95440673828125,-0.15301513671875,-0.0453033447265625,-0.252227783203125, 0.35504150390625,-0.1251373291015625,-0.205413818359375,0.9033660888671875
44290, 44.67936325073242, 1000.0,375.0,198.0,63.0,153.0,61.0,97.0,3.0,94.0,1000.0,0.0,750.0,1000.0,1000.0,860.0,999.0,999.0,999.0,999.0,378.0,1000.0,0.0,0.0, 0.954498291015625,-0.1525726318359375,-0.045440673828125,-0.25213623046875, 0.355194091796875,-0.1244964599609375,-0.2054595947265625,0.90338134765625
44300, 44.697933197021484, 1000.0,375.0,198.0,63.0,153.0,61.0,97.0,3.0,94.0,1000.0,0.0,750.0,1000.0,1000.0,860.0,999.0,999.0,999.0,999.0,378.0,1000.0,0.0,0.0, 0.95458984375,-0.1521453857421875,-0.04547119140625,-0.2520294189453125, 0.35516357421875,-0.124664306640625,-0.2055816650390625,0.9033355712890625
44310, 44.70166015625, 1000.0,376.0,198.0,62.0,152.0,61.0,97.0,3.0,94.0,1000.0,0.0,750.0,1000.0,1000.0,859.0,999.0,999.0,999.0,999.0,378.0,1000.0,0.0,0.0, 0.9546966552734375,-0.1521759033203125,-0.045196533203125,-0.251678466796875, 0.35491943359375,-0.125701904296875,-0.2056427001953125,0.903289794921875
44320, 44.70931625366211, 1000.0,375.0,198.0,62.0,152.0,60.0,97.0,3.0,94.0,1000.0,0.0,750.0,1000.0,1000.0,859.0,999.0,999.0,999.0,999.0,378.0,1000.0,0.0,0.0, 0.9547271728515625,-0.1522216796875,-0.0451812744140625,-0.2515411376953125, 0.3546142578125,-0.127105712890625,-0.2068634033203125,0.902923583984375
44330, 44.71949768066406, 1000.0,374.0,198.0,62.0,152.0,60.0,97.0,3.0,94.0,1000.0,0.0,1000.0,1000.0,1000.0,859.0,999.0,999.0,999.0,999.0,378.0,1000.0,0.0,0.0, 0.9547119140625,-0.1522369384765625,-0.0452117919921875,-0.2515411376953125, 0.3547821044921875,-0.1263427734375,-0.2064208984375,0.903076171875
44340, 44.72950744628906, 1000.0,375.0,198.0,62.0,152.0,60.0,96.0,3.0,94.0,1000.0,0.0,750.0,1000.0,1000.0,860.0,999.0,999.0,999.0,999.0,378.0,1000.0,0.0,0.0, 0.954742431640625,-0.1522064208984375,-0.0452728271484375,-0.251434326171875, 0.35491943359375,-0.1260528564453125,-0.208221435546875,0.9026336669921875
44350, 44.73936462402344, 1000.0,376.0,198.0,62.0,152.0,60.0,96.0,3.0,94.0,1000.0,0.0,750.0,1000.0,1000.0,859.0,999.0,999.0,999.0,999.0,378.0,1000.0,0.0,0.0, 0.9547882080078125,-0.152191162109375,-0.0452880859375,-0.251312255859375, 0.35504150390625,-0.1256103515625,-0.208343505859375,0.9026336669921875
44360, 44.7492561340332, 1000.0,377.0,198.0,62.0,152.0,60.0,96.0,3.0,94.0,1000.0,0.0,750.0,1000.0,1000.0,859.0,999.0,999.0,999.0,999.0,378.0,1000.0,0.0,0.0, 0.9548187255859375,-0.1521759033203125,-0.04534912109375,-0.251190185546875, 0.35479736328125,-0.1265716552734375,-0.208099365234375,0.90264892578125
44370, 44.759559631347656, 1000.0,376.0,198.0,62.0,152.0,60.0,96.0,3.0,94.0,1000.0,0.0,750.0,1000.0,1000.0,859.0,999.0,999.0,999.0,999.0,378.0,1000.0,0.0,0.0, 0.954833984375,-0.1521759033203125,-0.0453948974609375,-0.251068115234375, 0.35479736328125,-0.1263275146484375,-0.2067413330078125,0.9029998779296875
44380, 44.76945114135742, 1000.0,375.0,198.0,62.0,152.0,60.0,96.0,3.0,93.0,1000.0,0.0,750.0,1000.0,1000.0,860.0,999.0,999.0,999.0,999.0,378.0,1000.0,0.0,0.0, 0.9548797607421875,-0.1521759033203125,-0.0454254150390625,-0.250946044921875, 0.3546142578125,-0.126678466796875,-0.2046661376953125,0.9034881591796875
44390, 44.77940368652344, 1000.0,374.0,198.0,62.0,152.0,60.0,96.0,3.0,93.0,1000.0,0.0,1000.0,1000.0,1000.0,861.0,999.0,999.0,999.0,999.0,378.0,1000.0,0.0,0.0, 0.95489501953125,-0.152252197265625,-0.04547119140625,-0.25079345703125, 0.355072021484375,-0.124725341796875,-0.20452880859375,0.9036102294921875
44400, 44.78970718383789, 1000.0,375.0,198.0,62.0,152.0,60.0,96.0,3.0,93.0,1000.0,0.0,750.0,1000.0,1000.0,861.0,999.0,999.0,999.0,999.0,378.0,1000.0,0.0,0.0, 0.954925537109375,-0.1522674560546875,-0.0455169677734375,-0.2506561279296875, 0.35479736328125,-0.125823974609375,-0.203887939453125,0.903717041015625
44410, 44.800724029541016, 1000.0,374.0,198.0,62.0,152.0,60.0,96.0,3.0,93.0,1000.0,0.0,750.0,1000.0,1000.0,861.0,999.0,999.0,999.0,999.0,378.0,1000.0,0.0,0.0, 0.9549560546875,-0.15234375,-0.0455474853515625,-0.250518798828125, 0.3544769287109375,-0.127410888671875,-0.2053070068359375,0.903289794921875
44420, 44.80944061279297, 1000.0,375.0,198.0,62.0,152.0,60.0,96.0,3.0,93.0,1000.0,0.0,750.0,1000.0,1000.0,860.0,999.0,999.0,999.0,999.0,378.0,1000.0,0.0,0.0, 0.954986572265625,-0.1523284912109375,-0.0455474853515625,-0.250396728515625, 0.354248046875,-0.1288909912109375,-0.207916259765625,0.9025726318359375
44430, 44.819488525390625, 1000.0,375.0,198.0,62.0,152.0,60.0,96.0,2.0,93.0,1000.0,0.0,750.0,1000.0,1000.0,859.0,999.0,999.0,999.0,999.0,378.0,1000.0,0.0,0.0, 0.9550323486328125,-0.152252197265625,-0.0455322265625,-0.2502593994140625, 0.35455322265625,-0.1277313232421875,-0.2081298828125,0.9025726318359375
44440, 44.82954788208008, 1000.0,375.0,197.0,62.0,152.0,59.0,96.0,2.0,93.0,1000.0,0.0,750.0,1000.0,1000.0,859.0,999.0,999.0,999.0,999.0,378.0,1000.0,0.0,0.0, 0.955108642578125,-0.152099609375,-0.0454864501953125,-0.2501068115234375, 0.354278564453125,-0.129425048828125,-0.2112884521484375,0.901702880859375
44450, 44.8393669128418, 1000.0,375.0,197.0,62.0,152.0,59.0,96.0,2.0,93.0,1000.0,0.0,750.0,1000.0,1000.0,858.0,999.0,999.0,999.0,999.0,378.0,1000.0,0.0,0.0, 0.9551544189453125,-0.15191650390625,-0.0454254150390625,-0.25, 0.3545074462890625,-0.12835693359375,-0.2109832763671875,0.9018402099609375
44460, 44.859718322753906, 1000.0,375.0,198.0,62.0,152.0,59.0,95.0,2.0,93.0,1000.0,0.0,750.0,1000.0,1000.0,858.0,999.0,999.0,999.0,999.0,378.0,1000.0,0.0,0.0, 0.9552154541015625,-0.1517791748046875,-0.0453643798828125,-0.2498779296875, 0.35443115234375,-0.1283111572265625,-0.2086639404296875,0.9024200439453125
44470, 44.86945343017578, 1000.0,375.0,197.0,62.0,152.0,59.0,95.0,2.0,93.0,1000.0,0.0,750.0,1000.0,1000.0,858.0,999.0,999.0,999.0,999.0,378.0,1000.0,0.0,0.0, 0.95526123046875,-0.151702880859375,-0.0453643798828125,-0.2497406005859375, 0.3545684814453125,-0.1273651123046875,-0.2062530517578125,0.903045654296875
44480, 44.87931823730469, 1000.0,376.0,197.0,61.0,151.0,59.0,95.0,2.0,93.0,1000.0,0.0,750.0,1000.0,1000.0,859.0,999.0,999.0,999.0,999.0,378.0,1000.0,0.0,0.0, 0.9553070068359375,-0.1517333984375,-0.0453033447265625,-0.249603271484375, 0.3549652099609375,-0.125823974609375,-0.2072296142578125,0.9028778076171875
44490, 44.88969802856445, 1000.0,377.0,197.0,61.0,151.0,59.0,95.0,2.0,93.0,1000.0,0.0,1000.0,1000.0,1000.0,858.0,999.0,999.0,999.0,999.0,378.0,1000.0,0.0,0.0, 0.9553375244140625,-0.151763916015625,-0.0452423095703125,-0.24945068359375, 0.35479736328125,-0.1262664794921875,-0.205718994140625,0.903228759765625
44500, 44.89952087402344, 1000.0,377.0,197.0,61.0,151.0,59.0,95.0,2.0,93.0,1000.0,0.0,1000.0,1000.0,1000.0,859.0,999.0,999.0,999.0,999.0,378.0,1000.0,0.0,0.0, 0.955352783203125,-0.151947021484375,-0.0452117919921875,-0.249298095703125, 0.3548126220703125,-0.1265106201171875,-0.207672119140625,0.902740478515625
44510, 44.909446716308594, 1000.0,376.0,197.0,61.0,151.0,59.0,95.0,2.0,93.0,1000.0,0.0,1000.0,1000.0,1000.0,858.0,999.0,999.0,999.0,999.0,378.0,1000.0,0.0,0.0, 0.9553680419921875,-0.1520843505859375,-0.04522705078125,-0.2491302490234375, 0.3548126220703125,-0.126495361328125,-0.207672119140625,0.902740478515625
44520, 44.91936111450195, 1000.0,376.0,197.0,61.0,151.0,59.0,95.0,2.0,93.0,1000.0,0.0,1000.0,1000.0,1000.0,858.0,999.0,999.0,999.0,999.0,378.0,1000.0,0.0,0.0, 0.9553680419921875,-0.1520843505859375,-0.04522705078125,-0.2491302490234375, 0.3548126220703125,-0.1265411376953125,-0.2077178955078125,0.9027252197265625
44530, 44.92962646484375, 1000.0,376.0,197.0,61.0,151.0,59.0,95.0,2.0,92.0,1000.0,0.0,1000.0,1000.0,1000.0,858.0,999.0,999.0,999.0,999.0,378.0,1000.0,0.0,0.0, 0.9554290771484375,-0.1522216796875,-0.045074462890625,-0.2488555908203125, 0.354827880859375,-0.12646484375,-0.207733154296875,0.9027252197265625
44540, 44.939395904541016, 1000.0,376.0,197.0,61.0,151.0,59.0,95.0,2.0,92.0,1000.0,0.0,1000.0,1000.0,1000.0,858.0,999.0,999.0,999.0,999.0,378.0,1000.0,0.0,0.0, 0.9554595947265625,-0.1523284912109375,-0.045013427734375,-0.2487030029296875, 0.3548736572265625,-0.1262969970703125,-0.207489013671875,0.9027862548828125
44550, 44.94937515258789, 1000.0,375.0,197.0,61.0,151.0,59.0,95.0,2.0,92.0,1000.0,0.0,1000.0,1000.0,1000.0,858.0,999.0,999.0,999.0,999.0,378.0,1000.0,0.0,0.0, 0.9554901123046875,-0.1522979736328125,-0.0450897216796875,-0.248565673828125, 0.3548583984375,-0.126434326171875,-0.20751953125,0.90277099609375
44560, 44.959327697753906, 1000.0,374.0,197.0,61.0,151.0,59.0,95.0,2.0,92.0,1000.0,0.0,750.0,1000.0,1000.0,857.0,999.0,999.0,999.0,999.0,378.0,1000.0,0.0,0.0, 0.9555206298828125,-0.1522216796875,-0.045257568359375,-0.24847412109375, 0.354827880859375,-0.1265869140625,-0.20758056640625,0.9027557373046875
44570, 44.96953582763672, 1000.0,374.0,197.0,61.0,151.0,59.0,95.0,2.0,92.0,1000.0,0.0,750.0,1000.0,1000.0,857.0,999.0,999.0,999.0,999.0,378.0,1000.0,0.0,0.0, 0.9555816650390625,-0.151947021484375,-0.045440673828125,-0.2483978271484375, 0.35491943359375,-0.126220703125,-0.2075347900390625,0.90277099609375
44580, 44.97939682006836, 1000.0,374.0,197.0,61.0,151.0,59.0,95.0,2.0,92.0,1000.0,0.0,750.0,1000.0,1000.0,857.0,999.0,999.0,999.0,999.0,378.0,1000.0,0.0,0.0, 0.955718994140625,-0.15130615234375,-0.045684814453125,-0.248199462890625, 0.354949951171875,-0.1260986328125,-0.2072601318359375,0.9028472900390625
44590, 44.98933792114258, 1000.0,374.0,197.0,61.0,151.0,59.0,95.0,2.0,92.0,1000.0,0.0,750.0,1000.0,1000.0,857.0,999.0,999.0,999.0,999.0,378.0,1000.0,0.0,0.0, 0.95574951171875,-0.151092529296875,-0.04571533203125,-0.2482147216796875, 0.3549652099609375,-0.1261138916015625,-0.207305908203125,0.9028167724609375
44600, 44.99956512451172, 1000.0,374.0,197.0,61.0,151.0,59.0,95.0,2.0,92.0,1000.0,0.0,750.0,1000.0,1000.0,857.0,999.0,999.0,999.0,999.0,378.0,1000.0,0.0,0.0, 0.95574951171875,-0.151092529296875,-0.04571533203125,-0.2482147216796875, 0.3549041748046875,-0.1264190673828125,-0.207275390625,0.9028167724609375
44610, 45.00944519042969, 1000.0,375.0,197.0,61.0,151.0,59.0,95.0,1.0,92.0,1000.0,0.0,1000.0,1000.0,1000.0,858.0,999.0,999.0,999.0,999.0,378.0,1000.0,0.0,0.0, 0.9558563232421875,-0.15106201171875,-0.0457305908203125,-0.247772216796875, 0.3548736572265625,-0.1265411376953125,-0.2077178955078125,0.9027099609375
44620, 45.02122116088867, 1000.0,375.0,197.0,61.0,151.0,59.0,95.0,1.0,92.0,1000.0,0.0,750.0,1000.0,1000.0,858.0,999.0,999.0,999.0,999.0,378.0,1000.0,0.0,0.0, 0.95587158203125,-0.1510772705078125,-0.045684814453125,-0.247772216796875, 0.3548736572265625,-0.12652587890625,-0.207763671875,0.9026947021484375
44630, 45.029483795166016, 1000.0,376.0,197.0,61.0,151.0,58.0,95.0,1.0,92.0,1000.0,0.0,750.0,1000.0,1000.0,858.0,999.0,999.0,999.0,999.0,378.0,1000.0,0.0,0.0, 0.9559173583984375,-0.151031494140625,-0.0456390380859375,-0.247589111328125, 0.354827880859375,-0.126708984375,-0.2078399658203125,0.902679443359375
44640, 45.0394172668457, 1000.0,377.0,197.0,61.0,151.0,58.0,95.0,1.0,92.0,1000.0,0.0,750.0,1000.0,1000.0,858.0,999.0,999.0,999.0,999.0,378.0,1000.0,0.0,0.0, 0.9559783935546875,-0.1510009765625,-0.04541015625,-0.247406005859375, 0.3548736572265625,-0.1265716552734375,-0.208160400390625,0.9026031494140625
44650, 45.049415588378906, 1000.0,376.0,197.0,61.0,151.0,58.0,94.0,1.0,91.0,1000.0,0.0,750.0,1000.0,1000.0,858.0,999.0,999.0,999.0,999.0,378.0,1000.0,0.0,0.0, 0.9560394287109375,-0.151031494140625,-0.04522705078125,-0.247222900390625, 0.35491943359375,-0.1266021728515625,-0.208984375,0.9023895263671875
44660, 45.05943298339844, 1000.0,376.0,197.0,61.0,151.0,58.0,94.0,1.0,91.0,1000.0,0.0,750.0,1000.0,1000.0,858.0,999.0,999.0,999.0,999.0,378.0,1000.0,0.0,0.0, 0.956024169921875,-0.1513824462890625,-0.045135498046875,-0.247039794921875, 0.3549957275390625,-0.1263427734375,-0.2093505859375,0.902313232421875
44670, 45.069576263427734, 1000.0,376.0,197.0,60.0,151.0,58.0,94.0,1.0,91.0,1000.0,0.0,750.0,1000.0,1000.0,858.0,999.0,999.0,999.0,999.0,378.0,1000.0,0.0,0.0, 0.956024169921875,-0.1516876220703125,-0.045166015625,-0.2469024658203125, 0.3549957275390625,-0.1262359619140625,-0.2091827392578125,0.9023590087890625
44680, 45.07966995239258, 1000.0,375.0,196.0,60.0,151.0,58.0,94.0,1.0,91.0,1000.0,0.0,750.0,1000.0,1000.0,859.0,999.0,999.0,999.0,999.0,378.0,1000.0,0.0,0.0, 0.9560089111328125,-0.1520538330078125,-0.045074462890625,-0.246734619140625, 0.354827880859375,-0.12701416015625,-0.2092437744140625,0.9022979736328125
44690, 45.08945083618164, 1000.0,376.0,196.0,60.0,151.0,58.0,94.0,1.0,91.0,1000.0,0.0,750.0,1000.0,1000.0,858.0,999.0,999.0,999.0,999.0,378.0,1000.0,0.0,0.0, 0.9559783935546875,-0.152435302734375,-0.0451812744140625,-0.246612548828125, 0.354766845703125,-0.1274566650390625,-0.2097320556640625,0.90216064453125
44700, 45.099605560302734, 1000.0,376.0,196.0,60.0,151.0,58.0,94.0,1.0,91.0,1000.0,0.0,750.0,1000.0,1000.0,858.0,999.0,999.0,999.0,999.0,378.0,1000.0,0.0,0.0, 0.9559478759765625,-0.15264892578125,-0.04534912109375,-0.24652099609375, 0.35491943359375,-0.12725830078125,-0.2114105224609375,0.9017333984375
44710, 45.109344482421875, 1000.0,377.0,196.0,60.0,151.0,58.0,94.0,1.0,91.0,1000.0,0.0,750.0,1000.0,1000.0,858.0,999.0,999.0,999.0,999.0,378.0,1000.0,0.0,0.0, 0.9559326171875,-0.1527862548828125,-0.0456390380859375,-0.2464599609375, 0.355010986328125,-0.1271209716796875,-0.211639404296875,0.9016571044921875
44720, 45.119483947753906, 1000.0,377.0,196.0,60.0,151.0,58.0,94.0,1.0,91.0,1000.0,0.0,750.0,1000.0,1000.0,858.0,999.0,999.0,999.0,999.0,378.0,1000.0,0.0,0.0, 0.9558868408203125,-0.153106689453125,-0.045867919921875,-0.2463836669921875, 0.3550567626953125,-0.1270599365234375,-0.2108917236328125,0.901824951171875
44730, 45.13141632080078, 1000.0,377.0,196.0,60.0,151.0,58.0,94.0,1.0,91.0,1000.0,0.0,750.0,1000.0,1000.0,857.0,999.0,999.0,999.0,999.0,378.0,1000.0,0.0,0.0, 0.95587158203125,-0.1534423828125,-0.0459136962890625,-0.2462615966796875, 0.3551177978515625,-0.1266937255859375,-0.2094573974609375,0.902191162109375
44740, 45.13934326171875, 1000.0,376.0,196.0,60.0,151.0,58.0,94.0,1.0,91.0,1000.0,0.0,1000.0,1000.0,1000.0,857.0,999.0,999.0,999.0,999.0,378.0,1000.0,0.0,0.0, 0.95587158203125,-0.153533935546875,-0.0460357666015625,-0.246185302734375, 0.3554229736328125,-0.1252899169921875,-0.208099365234375,0.9025726318359375
44750, 45.149688720703125, 1000.0,376.0,196.0,60.0,150.0,58.0,94.0,1.0,91.0,1000.0,0.0,1000.0,1000.0,1000.0,857.0,999.0,999.0,999.0,999.0,378.0,1000.0,0.0,0.0, 0.955902099609375,-0.153533935546875,-0.04595947265625,-0.24609375, 0.3554534912109375,-0.12481689453125,-0.2061767578125,0.903076171875
44760, 45.15953826904297, 1000.0,376.0,196.0,60.0,150.0,58.0,94.0,1.0,91.0,1000.0,0.0,1000.0,1000.0,1000.0,857.0,999.0,999.0,999.0,999.0,378.0,1000.0,0.0,0.0, 0.9559783935546875,-0.1532135009765625,-0.0457763671875,-0.2459869384765625, 0.3556060791015625,-0.12420654296875,-0.20654296875,0.90301513671875
44770, 45.169471740722656, 1000.0,376.0,196.0,60.0,151.0,57.0,94.0,1.0,91.0,1000.0,0.0,1000.0,1000.0,1000.0,856.0,999.0,999.0,999.0,999.0,378.0,1000.0,0.0,0.0, 0.9560089111328125,-0.153106689453125,-0.0458831787109375,-0.2458953857421875, 0.3553924560546875,-0.124755859375,-0.204986572265625,0.90338134765625
44780, 45.17970275878906, 1000.0,375.0,196.0,60.0,150.0,57.0,94.0,1.0,91.0,1000.0,0.0,1000.0,1000.0,1000.0,856.0,999.0,999.0,999.0,999.0,378.0,1000.0,0.0,0.0, 0.9560699462890625,-0.1529541015625,-0.0459136962890625,-0.24578857421875, 0.355255126953125,-0.1249237060546875,-0.2034149169921875,0.9037628173828125
44790, 45.189552307128906, 1000.0,375.0,196.0,60.0,150.0,57.0,94.0,1.0,91.0,1000.0,0.0,1000.0,1000.0,1000.0,856.0,999.0,999.0,999.0,999.0,378.0,1000.0,0.0,0.0, 0.9560699462890625,-0.1529541015625,-0.0459136962890625,-0.24578857421875, 0.3553619384765625,-0.1243896484375,-0.2032623291015625,0.9038238525390625
44800, 45.19943618774414, 1000.0,374.0,196.0,60.0,150.0,57.0,93.0,1.0,91.0,1000.0,0.0,750.0,1000.0,1000.0,856.0,999.0,999.0,999.0,999.0,378.0,1000.0,0.0,0.0, 0.9561767578125,-0.1527862548828125,-0.0459442138671875,-0.2454681396484375, 0.355194091796875,-0.1252899169921875,-0.205230712890625,0.9033203125
44810, 45.209537506103516, 1000.0,373.0,196.0,60.0,150.0,57.0,93.0,1.0,91.0,1000.0,0.0,750.0,1000.0,1000.0,857.0,999.0,999.0,999.0,999.0,378.0,1000.0,0.0,0.0, 0.9563140869140625,-0.1521148681640625,-0.0458984375,-0.2453460693359375, 0.35516357421875,-0.1252899169921875,-0.20477294921875,0.9034423828125
44820, 45.2194938659668, 1000.0,373.0,196.0,60.0,150.0,57.0,93.0,1.0,91.0,1000.0,0.0,750.0,1000.0,1000.0,857.0,999.0,999.0,999.0,999.0,378.0,1000.0,0.0,0.0, 0.9563140869140625,-0.1521148681640625,-0.0458984375,-0.2453460693359375, 0.3553619384765625,-0.124786376953125,-0.2061920166015625,0.903106689453125
44830, 45.22955322265625, 1000.0,374.0,196.0,60.0,150.0,57.0,93.0,0.0,90.0,1000.0,0.0,750.0,1000.0,1000.0,858.0,999.0,999.0,999.0,999.0,378.0,1000.0,0.0,0.0, 0.9563751220703125,-0.1522369384765625,-0.045928955078125,-0.2450408935546875, 0.3551483154296875,-0.1258544921875,-0.206939697265625,0.9028778076171875
44840, 45.239341735839844, 1000.0,374.0,195.0,60.0,150.0,57.0,93.0,0.0,90.0,1000.0,0.0,750.0,1000.0,1000.0,859.0,999.0,999.0,999.0,999.0,378.0,1000.0,0.0,0.0, 0.9564056396484375,-0.152252197265625,-0.0459747314453125,-0.244873046875, 0.355255126953125,-0.1256866455078125,-0.2080535888671875,0.9026031494140625
44850, 45.24956130981445, 1000.0,375.0,195.0,60.0,150.0,57.0,93.0,0.0,90.0,1000.0,0.0,750.0,1000.0,1000.0,859.0,999.0,999.0,999.0,999.0,378.0,1000.0,0.0,0.0, 0.9564361572265625,-0.1522369384765625,-0.0460052490234375,-0.2447509765625, 0.3551025390625,-0.1264190673828125,-0.2082977294921875,0.902496337890625
44860, 45.259605407714844, 1000.0,374.0,195.0,60.0,149.0,57.0,93.0,0.0,90.0,1000.0,0.0,1000.0,1000.0,1000.0,858.0,999.0,999.0,999.0,999.0,378.0,1000.0,0.0,0.0, 0.95648193359375,-0.1522216796875,-0.046051025390625,-0.244598388671875, 0.355072021484375,-0.1266326904296875,-0.208587646484375,0.9024200439453125
44870, 45.26942443847656, 1000.0,374.0,195.0,60.0,149.0,57.0,93.0,0.0,90.0,1000.0,0.0,750.0,1000.0,1000.0,858.0,999.0,999.0,999.0,999.0,378.0,1000.0,0.0,0.0, 0.9565582275390625,-0.152130126953125,-0.046142578125,-0.244354248046875, 0.354888916015625,-0.1271820068359375,-0.206817626953125,0.9028167724609375
44880, 45.27934265136719, 1000.0,374.0,195.0,60.0,149.0,57.0,93.0,0.0,90.0,1000.0,0.0,1000.0,1000.0,1000.0,857.0,999.0,999.0,999.0,999.0,378.0,1000.0,0.0,0.0, 0.956573486328125,-0.1521148681640625,-0.046142578125,-0.2442626953125, 0.3556365966796875,-0.1245269775390625,-0.208587646484375,0.9024810791015625
44890, 45.292503356933594, 1000.0,373.0,195.0,60.0,149.0,57.0,93.0,0.0,90.0,1000.0,0.0,750.0,1000.0,1000.0,855.0,999.0,999.0,999.0,999.0,378.0,1000.0,0.0,0.0, 0.9565887451171875,-0.152069091796875,-0.046173095703125,-0.2442626953125, 0.3553466796875,-0.1259002685546875,-0.20947265625,0.9022064208984375
44900, 45.29946517944336, 1000.0,373.0,195.0,60.0,149.0,57.0,93.0,0.0,90.0,1000.0,0.0,750.0,1000.0,1000.0,855.0,999.0,999.0,999.0,999.0,378.0,1000.0,0.0,0.0, 0.95660400390625,-0.152069091796875,-0.0462493896484375,-0.24420166015625, 0.3551177978515625,-0.1267547607421875,-0.2088165283203125,0.9023284912109375
44910, 45.309329986572266, 1000.0,374.0,195.0,60.0,149.0,57.0,93.0,0.0,90.0,1000.0,0.0,750.0,1000.0,1000.0,854.0,999.0,999.0,999.0,999.0,378.0,1000.0,0.0,0.0, 0.9566192626953125,-0.152069091796875,-0.046295166015625,-0.244110107421875, 0.354888916015625,-0.127532958984375,-0.2079315185546875,0.9025115966796875
44920, 45.319480895996094, 1000.0,374.0,195.0,60.0,149.0,56.0,93.0,0.0,90.0,1000.0,0.0,1000.0,1000.0,1000.0,854.0,999.0,999.0,999.0,999.0,378.0,1000.0,0.0,0.0, 0.9566497802734375,-0.1520233154296875,-0.046356201171875,-0.2440185546875, 0.35516357421875,-0.1259307861328125,-0.2051239013671875,0.9032745361328125
44930, 45.32957458496094, 1000.0,375.0,195.0,60.0,149.0,56.0,93.0,0.0,90.0,1000.0,0.0,1000.0,1000.0,1000.0,855.0,999.0,999.0,999.0,999.0,378.0,1000.0,0.0,0.0, 0.9566802978515625,-0.151885986328125,-0.0464630126953125,-0.243927001953125, 0.3555755615234375,-0.124114990234375,-0.2044677734375,0.9035186767578125
44940, 45.33935546875, 1000.0,375.0,195.0,60.0,149.0,56.0,93.0,0.0,89.0,1000.0,0.0,1000.0,1000.0,1000.0,855.0,999.0,999.0,999.0,999.0,378.0,1000.0,0.0,0.0, 0.9567413330078125,-0.1517181396484375,-0.0464630126953125,-0.24383544921875, 0.3556976318359375,-0.1235504150390625,-0.2041015625,0.90362548828125
44950, 45.349483489990234, 1000.0,373.0,195.0,60.0,149.0,56.0,93.0,0.0,89.0,1000.0,0.0,750.0,1000.0,1000.0,857.0,999.0,999.0,999.0,999.0,378.0,1000.0,0.0,0.0, 0.956787109375,-0.15155029296875,-0.0465545654296875,-0.243743896484375, 0.355560302734375,-0.1237335205078125,-0.2024688720703125,0.904022216796875
44960, 45.359580993652344, 1000.0,372.0,195.0,60.0,149.0,56.0,92.0,0.0,89.0,1000.0,0.0,750.0,1000.0,1000.0,858.0,999.0,999.0,999.0,999.0,378.0,1000.0,0.0,0.0, 0.9568328857421875,-0.151397705078125,-0.0467071533203125,-0.2436065673828125, 0.3559722900390625,-0.1215667724609375,-0.2001190185546875,0.9046783447265625
44970, 45.36948013305664, 1000.0,373.0,195.0,60.0,149.0,56.0,92.0,0.0,89.0,1000.0,0.0,750.0,1000.0,1000.0,859.0,999.0,999.0,999.0,999.0,378.0,1000.0,0.0,0.0, 0.9568939208984375,-0.1511993408203125,-0.0468292236328125,-0.2434844970703125, 0.355621337890625,-0.12310791015625,-0.2009735107421875,0.9044189453125
44980, 45.379520416259766, 1000.0,373.0,195.0,59.0,148.0,56.0,92.0,0.0,89.0,1000.0,0.0,750.0,1000.0,1000.0,859.0,999.0,999.0,999.0,999.0,378.0,1000.0,0.0,0.0, 0.956939697265625,-0.151031494140625,-0.0469970703125,-0.243377685546875, 0.3551025390625,-0.1253814697265625,-0.2025299072265625,0.903961181640625
44990, 45.38960266113281, 1000.0,374.0,195.0,59.0,148.0,56.0,92.0,0.0,89.0,1000.0,0.0,750.0,1000.0,1000.0,858.0,999.0,999.0,999.0,999.0,378.0,1000.0,0.0,0.0, 0.9569854736328125,-0.1508331298828125,-0.0471649169921875,-0.2432708740234375, 0.3551177978515625,-0.1256866455078125,-0.2057037353515625,0.9031982421875
45000, 45.402320861816406, 1000.0,374.0,195.0,59.0,149.0,56.0,92.0,0.0,89.0,1000.0,0.0,750.0,1000.0,1000.0,858.0,999.0,999.0,999.0,999.0,378.0,1000.0,0.0,0.0, 0.9570465087890625,-0.1505584716796875,-0.04730224609375,-0.2431488037109375, 0.355224609375,-0.124725341796875,-0.20379638671875,0.903717041015625
45010, 45.40932846069336, 1000.0,373.0,195.0,59.0,149.0,56.0,92.0,0.0,89.0,1000.0,0.0,750.0,1000.0,1000.0,859.0,999.0,999.0,999.0,999.0,378.0,1000.0,0.0,0.0, 0.9571075439453125,-0.150421142578125,-0.047454833984375,-0.2429962158203125, 0.3551788330078125,-0.1247100830078125,-0.20391845703125,0.9037017822265625
45020, 45.41935348510742, 1000.0,372.0,195.0,59.0,148.0,56.0,92.0,0.0,89.0,1000.0,0.0,750.0,1000.0,1000.0,859.0,999.0,999.0,999.0,999.0,378.0,1000.0,0.0,0.0, 0.9571380615234375,-0.150390625,-0.0475921630859375,-0.2428436279296875, 0.3551788330078125,-0.124725341796875,-0.2040252685546875,0.9036865234375
45030, 45.429744720458984, 1000.0,372.0,195.0,59.0,148.0,56.0,92.0,0.0,89.0,1000.0,0.0,750.0,1000.0,1000.0,859.0,999.0,999.0,999.0,999.0,378.0,1000.0,0.0,0.0, 0.9571990966796875,-0.150360107421875,-0.0476837158203125,-0.242645263671875, 0.355133056640625,-0.124786376953125,-0.20416259765625,0.903656005859375
45040, 45.439361572265625, 1000.0,374.0,195.0,59.0,148.0,56.0,92.0,0.0,88.0,1000.0,0.0,750.0,1000.0,1000.0,858.0,999.0,999.0,999.0,999.0,378.0,1000.0,0.0,0.0, 0.957244873046875,-0.1502685546875,-0.047760009765625,-0.2424774169921875, 0.3551177978515625,-0.1249237060546875,-0.2042388916015625,0.9036407470703125
45050, 45.4493408203125, 1000.0,375.0,194.0,59.0,148.0,55.0,91.0,0.0,88.0,1000.0,0.0,750.0,1000.0,1000.0,858.0,999.0,999.0,999.0,999.0,378.0,1000.0,0.0,0.0, 0.9573211669921875,-0.1501312255859375,-0.0477142333984375,-0.2423095703125, 0.3551788330078125,-0.124786376953125,-0.2044677734375,0.9035797119140625
45060, 45.459320068359375, 1000.0,376.0,194.0,59.0,148.0,55.0,91.0,0.0,88.0,1000.0,0.0,750.0,1000.0,1000.0,858.0,999.0,999.0,999.0,999.0,378.0,1000.0,0.0,0.0, 0.9573974609375,-0.1499786376953125,-0.04754638671875,-0.24212646484375, 0.3552398681640625,-0.1246337890625,-0.2045440673828125,0.9035491943359375
45070, 45.46943664550781, 1000.0,376.0,194.0,59.0,148.0,55.0,91.0,0.0,88.0,1000.0,0.0,750.0,1000.0,1000.0,858.0,999.0,999.0,999.0,999.0,378.0,1000.0,0.0,0.0, 0.95745849609375,-0.14996337890625,-0.047332763671875,-0.2419281005859375, 0.35516357421875,-0.1251220703125,-0.2046966552734375,0.9034881591796875
45080, 45.47935485839844, 1000.0,374.0,194.0,59.0,148.0,55.0,91.0,0.0,88.0,1000.0,0.0,1000.0,1000.0,1000.0,858.0,999.0,999.0,999.0,999.0,378.0,1000.0,0.0,0.0, 0.957489013671875,-0.1501007080078125,-0.0471343994140625,-0.2417449951171875, 0.355224609375,-0.1250762939453125,-0.205322265625,0.9033203125
45090, 45.48949432373047, 1000.0,374.0,194.0,59.0,148.0,55.0,91.0,0.0,88.0,1000.0,0.0,1000.0,1000.0,1000.0,858.0,999.0,999.0,999.0,999.0,378.0,1000.0,0.0,0.0, 0.957489013671875,-0.1501007080078125,-0.0471343994140625,-0.2417449951171875, 0.3551483154296875,-0.1255645751953125,-0.2053375244140625,0.9032745361328125
45100, 45.499481201171875, 1000.0,371.0,194.0,59.0,148.0,55.0,91.0,0.0,88.0,1000.0,0.0,750.0,1000.0,1000.0,858.0,999.0,999.0,999.0,999.0,378.0,1000.0,0.0,0.0, 0.9575653076171875,-0.150299072265625,-0.0468292236328125,-0.2414093017578125, 0.355255126953125,-0.1253509521484375,-0.2051849365234375,0.9033050537109375
45110, 45.50933837890625, 1000.0,372.0,194.0,59.0,148.0,55.0,91.0,0.0,88.0,1000.0,0.0,750.0,1000.0,1000.0,858.0,999.0,999.0,999.0,999.0,378.0,1000.0,0.0,0.0, 0.95758056640625,-0.1504669189453125,-0.0467987060546875,-0.2411956787109375, 0.3553466796875,-0.1252288818359375,-0.2052459716796875,0.9032745361328125
45120, 45.519683837890625, 1000.0,374.0,194.0,59.0,148.0,55.0,91.0,0.0,88.0,1000.0,0.0,750.0,1000.0,1000.0,858.0,999.0,999.0,999.0,999.0,378.0,1000.0,0.0,0.0, 0.9575653076171875,-0.1507568359375,-0.047088623046875,-0.24102783203125, 0.35540771484375,-0.1253204345703125,-0.205291748046875,0.9032135009765625
45130, 45.52960205078125, 1000.0,374.0,194.0,59.0,148.0,55.0,91.0,0.0,88.0,1000.0,0.0,750.0,1000.0,1000.0,859.0,999.0,999.0,999.0,999.0,378.0,1000.0,0.0,0.0, 0.9575347900390625,-0.1511688232421875,-0.0473785400390625,-0.240875244140625, 0.35528564453125,-0.126129150390625,-0.206573486328125,0.902862548828125
45140, 45.53935241699219, 1000.0,375.0,194.0,59.0,148.0,55.0,91.0,0.0,88.0,1000.0,0.0,750.0,1000.0,1000.0,859.0,999.0,999.0,999.0,999.0,378.0,1000.0,0.0,0.0, 0.9574432373046875,-0.151611328125,-0.0480194091796875,-0.24078369140625, 0.3553466796875,-0.1262969970703125,-0.20745849609375,0.902618408203125
45150, 45.549495697021484, 1000.0,374.0,194.0,59.0,148.0,55.0,91.0,0.0,88.0,1000.0,0.0,750.0,1000.0,1000.0,861.0,999.0,999.0,999.0,999.0,378.0,1000.0,0.0,0.0, 0.9573822021484375,-0.152252197265625,-0.0483245849609375,-0.2406005859375, 0.355316162109375,-0.1268157958984375,-0.208892822265625,0.9022216796875
45160, 45.5644416809082, 1000.0,375.0,194.0,59.0,148.0,55.0,91.0,0.0,88.0,1000.0,0.0,1000.0,1000.0,1000.0,866.0,999.0,999.0,999.0,999.0,378.0,1000.0,0.0,0.0, 0.9572601318359375,-0.1529541015625,-0.0487213134765625,-0.2405242919921875, 0.355316162109375,-0.127410888671875,-0.2099609375,0.901885986328125
45170, 45.56979751586914, 1000.0,374.0,194.0,58.0,148.0,55.0,91.0,0.0,88.0,1000.0,0.0,750.0,1000.0,1000.0,876.0,999.0,999.0,999.0,999.0,378.0,1000.0,0.0,0.0, 0.95703125,-0.1539764404296875,-0.0498504638671875,-0.2405548095703125, 0.3551788330078125,-0.12835693359375,-0.210296630859375,0.9017333984375
45180, 45.579341888427734, 1000.0,374.0,194.0,58.0,148.0,55.0,91.0,0.0,87.0,1000.0,0.0,750.0,1000.0,1000.0,881.0,999.0,999.0,999.0,999.0,378.0,1000.0,0.0,0.0, 0.956939697265625,-0.1544952392578125,-0.0500640869140625,-0.24053955078125, 0.355377197265625,-0.12799072265625,-0.21112060546875,0.901519775390625
45190, 45.58949279785156, 1000.0,373.0,194.0,58.0,148.0,55.0,91.0,0.0,87.0,1000.0,0.0,750.0,1000.0,1000.0,885.0,999.0,999.0,999.0,999.0,378.0,1000.0,0.0,0.0, 0.956878662109375,-0.154937744140625,-0.05010986328125,-0.240509033203125, 0.35516357421875,-0.1296539306640625,-0.2122344970703125,0.9011077880859375
45200, 45.599483489990234, 1000.0,373.0,194.0,58.0,148.0,55.0,91.0,0.0,87.0,1000.0,0.0,750.0,1000.0,1000.0,878.0,999.0,999.0,999.0,999.0,378.0,1000.0,0.0,0.0, 0.9568634033203125,-0.1551361083984375,-0.0496673583984375,-0.24053955078125, 0.3551025390625,-0.1309967041015625,-0.2130584716796875,0.9007415771484375
45210, 45.60935592651367, 1000.0,374.0,194.0,58.0,148.0,55.0,91.0,0.0,87.0,1000.0,0.0,1000.0,1000.0,1000.0,869.0,999.0,999.0,999.0,999.0,378.0,1000.0,0.0,0.0, 0.956878662109375,-0.1551666259765625,-0.048980712890625,-0.240570068359375, 0.3558197021484375,-0.128509521484375,-0.208770751953125,0.9018096923828125
45220, 45.6195068359375, 1000.0,373.0,194.0,58.0,148.0,55.0,91.0,0.0,87.0,1000.0,0.0,1000.0,1000.0,1000.0,867.0,999.0,999.0,999.0,999.0,378.0,1000.0,0.0,0.0, 0.9569244384765625,-0.1551055908203125,-0.04827880859375,-0.2405853271484375, 0.356353759765625,-0.12677001953125,-0.2067413330078125,0.9023284912109375
45230, 45.62953567504883, 1000.0,373.0,194.0,58.0,148.0,55.0,91.0,0.0,87.0,1000.0,0.0,750.0,1000.0,1000.0,868.0,999.0,999.0,999.0,999.0,378.0,1000.0,0.0,0.0, 0.957000732421875,-0.154998779296875,-0.047271728515625,-0.2405853271484375, 0.3565216064453125,-0.12664794921875,-0.204803466796875,0.9027099609375
45240, 45.63938903808594, 1000.0,373.0,194.0,58.0,148.0,55.0,91.0,0.0,87.0,1000.0,0.0,750.0,1000.0,1000.0,869.0,999.0,999.0,999.0,999.0,378.0,1000.0,0.0,0.0, 0.9570465087890625,-0.1546478271484375,-0.04681396484375,-0.240692138671875, 0.3566436767578125,-0.1270599365234375,-0.2036590576171875,0.902862548828125
45250, 45.64957046508789, 1000.0,374.0,194.0,58.0,148.0,55.0,91.0,0.0,87.0,1000.0,0.0,750.0,1000.0,1000.0,869.0,999.0,999.0,999.0,999.0,378.0,1000.0,0.0,0.0, 0.957061767578125,-0.15447998046875,-0.04644775390625,-0.2408294677734375, 0.357025146484375,-0.125946044921875,-0.2014312744140625,0.9033660888671875
45260, 45.659759521484375, 1000.0,375.0,194.0,58.0,148.0,54.0,91.0,0.0,87.0,1000.0,0.0,1000.0,1000.0,1000.0,869.0,999.0,999.0,999.0,999.0,378.0,1000.0,0.0,0.0, 0.9571075439453125,-0.15399169921875,-0.04620361328125,-0.240997314453125, 0.357635498046875,-0.1245269775390625,-0.2015838623046875,0.903289794921875
45270, 45.67374801635742, 1000.0,375.0,194.0,58.0,148.0,54.0,91.0,0.0,87.0,1000.0,0.0,750.0,1000.0,1000.0,870.0,999.0,999.0,999.0,999.0,378.0,1000.0,0.0,0.0, 0.9571685791015625,-0.153717041015625,-0.0453643798828125,-0.2410736083984375, 0.3574066162109375,-0.1259002685546875,-0.1990814208984375,0.90374755859375
45280, 45.679439544677734, 1000.0,374.0,194.0,58.0,148.0,54.0,91.0,0.0,87.0,1000.0,0.0,750.0,1000.0,1000.0,870.0,999.0,999.0,999.0,999.0,378.0,1000.0,0.0,0.0, 0.95721435546875,-0.152984619140625,-0.04583740234375,-0.2412872314453125, 0.3581390380859375,-0.1233978271484375,-0.19696044921875,0.904266357421875
45290, 45.68960952758789, 1000.0,372.0,194.0,58.0,148.0,54.0,91.0,0.0,87.0,1000.0,0.0,750.0,1000.0,1000.0,871.0,999.0,999.0,999.0,999.0,378.0,1000.0,0.0,0.0, 0.9571990966796875,-0.15264892578125,-0.0460662841796875,-0.241485595703125, 0.3590545654296875,-0.1204833984375,-0.198272705078125,0.9040069580078125
45300, 45.69945526123047, 1000.0,370.0,194.0,58.0,148.0,54.0,91.0,0.0,87.0,1000.0,0.0,1000.0,1000.0,1000.0,872.0,999.0,999.0,999.0,999.0,378.0,1000.0,0.0,0.0, 0.95721435546875,-0.1519775390625,-0.046722412109375,-0.241729736328125, 0.3592376708984375,-0.12017822265625,-0.198333740234375,0.903961181640625
45310, 45.70942306518555, 1000.0,370.0,194.0,58.0,148.0,54.0,90.0,0.0,87.0,1000.0,0.0,1000.0,1000.0,1000.0,875.0,999.0,999.0,999.0,999.0,378.0,1000.0,0.0,0.0, 0.9571990966796875,-0.15185546875,-0.0467681884765625,-0.24188232421875, 0.3595123291015625,-0.1190338134765625,-0.1966094970703125,0.9043731689453125
45320, 45.71949768066406, 1000.0,371.0,194.0,58.0,148.0,54.0,90.0,0.0,87.0,1000.0,0.0,750.0,1000.0,1000.0,878.0,999.0,999.0,999.0,999.0,378.0,1000.0,0.0,0.0, 0.9571685791015625,-0.151763916015625,-0.04681396484375,-0.2420654296875, 0.36004638671875,-0.116912841796875,-0.1961517333984375,0.904541015625
45330, 45.72955322265625, 1000.0,373.0,194.0,58.0,148.0,54.0,90.0,0.0,87.0,1000.0,0.0,750.0,1000.0,1000.0,879.0,999.0,999.0,999.0,999.0,378.0,1000.0,0.0,0.0, 0.9571533203125,-0.1517181396484375,-0.0469207763671875,-0.24212646484375, 0.3604736328125,-0.1151123046875,-0.197021484375,0.9044189453125
45340, 45.73944091796875, 1000.0,373.0,194.0,58.0,148.0,54.0,90.0,0.0,87.0,1000.0,0.0,750.0,1000.0,1000.0,879.0,999.0,999.0,999.0,999.0,378.0,1000.0,0.0,0.0, 0.957122802734375,-0.1517791748046875,-0.0470733642578125,-0.2421722412109375, 0.36090087890625,-0.1134033203125,-0.1985015869140625,0.904144287109375
45350, 45.74946212768555, 1000.0,373.0,194.0,58.0,148.0,54.0,90.0,0.0,87.0,1000.0,0.0,750.0,1000.0,1000.0,877.0,999.0,999.0,999.0,999.0,378.0,1000.0,0.0,0.0, 0.957122802734375,-0.1517333984375,-0.04730224609375,-0.2421722412109375, 0.360809326171875,-0.11328125,-0.198211669921875,0.9042510986328125
45360, 45.75959777832031, 1000.0,371.0,194.0,58.0,148.0,54.0,90.0,0.0,87.0,1000.0,0.0,750.0,1000.0,1000.0,876.0,999.0,999.0,999.0,999.0,378.0,1000.0,0.0,0.0, 0.9571075439453125,-0.151702880859375,-0.047607421875,-0.2421722412109375, 0.360565185546875,-0.11376953125,-0.198486328125,0.9042205810546875
45370, 45.76947784423828, 1000.0,369.0,194.0,58.0,148.0,54.0,90.0,0.0,87.0,1000.0,0.0,750.0,1000.0,1000.0,876.0,999.0,999.0,999.0,999.0,378.0,1000.0,0.0,0.0, 0.9571075439453125,-0.151580810546875,-0.048095703125,-0.24212646484375, 0.35992431640625,-0.115631103515625,-0.19580078125,0.9048309326171875
45380, 45.779319763183594, 1000.0,370.0,194.0,58.0,148.0,54.0,90.0,0.0,86.0,1000.0,0.0,750.0,1000.0,1000.0,876.0,999.0,999.0,999.0,999.0,378.0,1000.0,0.0,0.0, 0.9571380615234375,-0.1514739990234375,-0.048431396484375,-0.2420501708984375, 0.3591766357421875,-0.11822509765625,-0.1951141357421875,0.904937744140625
45390, 45.78951644897461, 1000.0,370.0,194.0,58.0,148.0,54.0,90.0,0.0,86.0,1000.0,0.0,750.0,1000.0,1000.0,876.0,999.0,999.0,999.0,999.0,378.0,1000.0,0.0,0.0, 0.9571380615234375,-0.1514739990234375,-0.048431396484375,-0.2420501708984375, 0.3585968017578125,-0.1200408935546875,-0.1945343017578125,0.905059814453125
45400, 45.79945373535156, 1000.0,372.0,194.0,58.0,148.0,54.0,90.0,0.0,86.0,1000.0,0.0,750.0,1000.0,1000.0,873.0,999.0,999.0,999.0,999.0,378.0,1000.0,0.0,0.0, 0.9571990966796875,-0.1515045166015625,-0.048675537109375,-0.241729736328125, 0.358245849609375,-0.121307373046875,-0.196441650390625,0.9046173095703125
45410, 45.80935287475586, 1000.0,372.0,194.0,58.0,148.0,54.0,90.0,0.0,86.0,1000.0,0.0,750.0,1000.0,1000.0,874.0,999.0,999.0,999.0,999.0,378.0,1000.0,0.0,0.0, 0.9572601318359375,-0.1512908935546875,-0.0489044189453125,-0.2415771484375, 0.35772705078125,-0.12310791015625,-0.1968536376953125,0.9044952392578125
45420, 45.81949234008789, 1000.0,371.0,194.0,58.0,148.0,54.0,90.0,0.0,86.0,1000.0,0.0,750.0,1000.0,1000.0,876.0,999.0,999.0,999.0,999.0,378.0,1000.0,0.0,0.0, 0.957305908203125,-0.1510162353515625,-0.0491943359375,-0.241485595703125, 0.3574981689453125,-0.1240692138671875,-0.1996917724609375,0.9038238525390625
45430, 45.83605194091797, 1000.0,372.0,193.0,58.0,148.0,54.0,90.0,0.0,86.0,1000.0,0.0,1000.0,1000.0,1000.0,877.0,999.0,999.0,999.0,999.0,378.0,1000.0,0.0,0.0, 0.9573516845703125,-0.15081787109375,-0.0493927001953125,-0.2413787841796875, 0.357269287109375,-0.125030517578125,-0.202056884765625,0.90325927734375
45440, 45.83936309814453, 1000.0,373.0,193.0,57.0,148.0,53.0,90.0,0.0,86.0,1000.0,0.0,750.0,1000.0,1000.0,876.0,999.0,999.0,999.0,999.0,378.0,1000.0,0.0,0.0, 0.9575347900390625,-0.150421142578125,-0.04913330078125,-0.240997314453125, 0.3569488525390625,-0.1262969970703125,-0.20367431640625,0.9028472900390625
45450, 45.849395751953125, 1000.0,373.0,193.0,57.0,148.0,53.0,90.0,0.0,86.0,1000.0,0.0,750.0,1000.0,1000.0,875.0,999.0,999.0,999.0,999.0,378.0,1000.0,0.0,0.0, 0.9576263427734375,-0.150238037109375,-0.048919677734375,-0.240753173828125, 0.3563995361328125,-0.12841796875,-0.2047271728515625,0.90252685546875
45460, 45.85948944091797, 1000.0,371.0,193.0,57.0,148.0,53.0,90.0,0.0,86.0,1000.0,0.0,750.0,1000.0,1000.0,875.0,999.0,999.0,999.0,999.0,378.0,1000.0,0.0,0.0, 0.95770263671875,-0.14984130859375,-0.048675537109375,-0.240753173828125, 0.3561248779296875,-0.1298065185546875,-0.207183837890625,0.9018707275390625
45470, 45.869468688964844, 1000.0,372.0,193.0,57.0,147.0,53.0,90.0,0.0,86.0,1000.0,0.0,750.0,1000.0,1000.0,875.0,999.0,999.0,999.0,999.0,378.0,1000.0,0.0,0.0, 0.9577789306640625,-0.1496734619140625,-0.0484771728515625,-0.240570068359375, 0.35626220703125,-0.129302978515625,-0.2081146240234375,0.90167236328125
45480, 45.879364013671875, 1000.0,373.0,193.0,57.0,147.0,53.0,90.0,0.0,86.0,1000.0,0.0,750.0,1000.0,1000.0,875.0,999.0,999.0,999.0,999.0,377.0,1000.0,0.0,0.0, 0.95782470703125,-0.14984130859375,-0.0483245849609375,-0.2403106689453125, 0.35699462890625,-0.1266021728515625,-0.210662841796875,0.90118408203125
45490, 45.88935852050781, 1000.0,372.0,193.0,57.0,148.0,53.0,90.0,0.0,86.0,1000.0,0.0,750.0,1000.0,1000.0,875.0,999.0,999.0,999.0,999.0,377.0,1000.0,0.0,0.0, 0.9578399658203125,-0.1498565673828125,-0.0481719970703125,-0.24029541015625, 0.35693359375,-0.1269378662109375,-0.21173095703125,0.900909423828125
45500, 45.89946746826172, 1000.0,371.0,193.0,57.0,148.0,53.0,90.0,0.0,86.0,1000.0,0.0,750.0,1000.0,1000.0,875.0,999.0,999.0,999.0,999.0,377.0,1000.0,0.0,0.0, 0.9578704833984375,-0.1498870849609375,-0.0481719970703125,-0.2401885986328125, 0.357696533203125,-0.122833251953125,-0.20660400390625,0.9023590087890625
45510, 45.90936279296875, 1000.0,370.0,193.0,57.0,148.0,53.0,90.0,0.0,86.0,1000.0,0.0,750.0,1000.0,1000.0,876.0,999.0,999.0,999.0,999.0,378.0,1000.0,0.0,0.0, 0.9578704833984375,-0.15008544921875,-0.0482025146484375,-0.2400360107421875, 0.357635498046875,-0.122802734375,-0.2065277099609375,0.90240478515625
45520, 45.91935729980469, 1000.0,370.0,193.0,57.0,147.0,53.0,90.0,0.0,86.0,1000.0,0.0,750.0,1000.0,1000.0,876.0,999.0,999.0,999.0,999.0,378.0,1000.0,0.0,0.0, 0.9578399658203125,-0.150421142578125,-0.04833984375,-0.2399139404296875, 0.3575439453125,-0.122833251953125,-0.2063140869140625,0.902496337890625
45530, 45.92951965332031, 1000.0,370.0,193.0,57.0,147.0,53.0,90.0,0.0,86.0,1000.0,0.0,1000.0,1000.0,1000.0,876.0,999.0,999.0,999.0,999.0,377.0,1000.0,0.0,0.0, 0.95782470703125,-0.1506805419921875,-0.04852294921875,-0.2397613525390625, 0.35748291015625,-0.12274169921875,-0.2060089111328125,0.9026031494140625
45540, 45.945621490478516, 1000.0,370.0,193.0,57.0,147.0,53.0,90.0,0.0,86.0,1000.0,0.0,750.0,1000.0,1000.0,876.0,999.0,999.0,999.0,999.0,377.0,1000.0,0.0,0.0, 0.957794189453125,-0.15093994140625,-0.0487213134765625,-0.2396697998046875, 0.3574066162109375,-0.1226806640625,-0.2058563232421875,0.9026641845703125
45550, 45.949283599853516, 1000.0,372.0,193.0,57.0,147.0,53.0,90.0,0.0,86.0,1000.0,0.0,750.0,1000.0,1000.0,876.0,999.0,999.0,999.0,999.0,377.0,1000.0,0.0,0.0, 0.9577789306640625,-0.1511993408203125,-0.048828125,-0.2395477294921875, 0.35736083984375,-0.1225128173828125,-0.2055511474609375,0.9027862548828125
45560, 45.959495544433594, 1000.0,373.0,193.0,57.0,147.0,53.0,90.0,0.0,86.0,1000.0,0.0,750.0,1000.0,1000.0,876.0,999.0,999.0,999.0,999.0,377.0,1000.0,0.0,0.0, 0.957794189453125,-0.1513824462890625,-0.048858642578125,-0.2394256591796875, 0.3572845458984375,-0.1225128173828125,-0.2051239013671875,0.9029083251953125
45570, 45.96945571899414, 1000.0,371.0,193.0,57.0,147.0,53.0,90.0,0.0,86.0,1000.0,0.0,750.0,1000.0,1000.0,876.0,999.0,999.0,999.0,999.0,377.0,1000.0,0.0,0.0, 0.957794189453125,-0.15155029296875,-0.048828125,-0.2392730712890625, 0.3572235107421875,-0.1224517822265625,-0.2048797607421875,0.902984619140625
45580, 45.9793586730957, 1000.0,371.0,193.0,57.0,147.0,53.0,90.0,0.0,86.0,1000.0,0.0,750.0,1000.0,1000.0,876.0,999.0,999.0,999.0,999.0,377.0,1000.0,0.0,0.0, 0.9578399658203125,-0.1514739990234375,-0.0488739013671875,-0.239166259765625, 0.3571319580078125,-0.1226043701171875,-0.20465087890625,0.9030609130859375
45590, 45.98961639404297, 1000.0,371.0,193.0,57.0,147.0,53.0,90.0,0.0,86.0,1000.0,0.0,750.0,1000.0,1000.0,877.0,999.0,999.0,999.0,999.0,377.0,1000.0,0.0,0.0, 0.9578857421875,-0.1513824462890625,-0.0489044189453125,-0.239013671875, 0.3570098876953125,-0.1228790283203125,-0.2044677734375,0.9031219482421875
45600, 45.99943542480469, 1000.0,371.0,193.0,57.0,147.0,53.0,90.0,0.0,86.0,1000.0,0.0,750.0,1000.0,1000.0,875.0,999.0,999.0,999.0,999.0,377.0,1000.0,0.0,0.0, 0.9579315185546875,-0.1513519287109375,-0.04888916015625,-0.2388763427734375, 0.3568115234375,-0.1234588623046875,-0.204620361328125,0.903076171875
45610, 46.00935363769531, 1000.0,371.0,193.0,57.0,147.0,53.0,90.0,0.0,86.0,1000.0,0.0,750.0,1000.0,1000.0,874.0,999.0,999.0,999.0,999.0,377.0,1000.0,0.0,0.0, 0.957977294921875,-0.1513519287109375,-0.048675537109375,-0.23870849609375, 0.3567962646484375,-0.1233062744140625,-0.2041168212890625,0.9032135009765625
45620, 46.01947784423828, 1000.0,372.0,193.0,57.0,147.0,52.0,90.0,0.0,86.0,1000.0,0.0,750.0,1000.0,1000.0,874.0,999.0,999.0,999.0,999.0,377.0,1000.0,0.0,0.0, 0.958038330078125,-0.151214599609375,-0.0485076904296875,-0.238555908203125, 0.3567962646484375,-0.123199462890625,-0.204010009765625,0.90325927734375
45630, 46.02950668334961, 1000.0,373.0,193.0,57.0,147.0,52.0,89.0,0.0,86.0,1000.0,0.0,750.0,1000.0,1000.0,873.0,999.0,999.0,999.0,999.0,377.0,1000.0,0.0,0.0, 0.958099365234375,-0.1510772705078125,-0.0484161376953125,-0.2384185791015625, 0.356781005859375,-0.12298583984375,-0.20294189453125,0.903533935546875
45640, 46.03936767578125, 1000.0,373.0,193.0,57.0,147.0,52.0,89.0,0.0,86.0,1000.0,0.0,750.0,1000.0,1000.0,873.0,999.0,999.0,999.0,999.0,377.0,1000.0,0.0,0.0, 0.95819091796875,-0.1508636474609375,-0.0482177734375,-0.2382659912109375, 0.3568115234375,-0.122894287109375,-0.203460693359375,0.903411865234375
45650, 46.049461364746094, 1000.0,373.0,193.0,57.0,147.0,52.0,89.0,0.0,86.0,1000.0,0.0,750.0,1000.0,1000.0,873.0,999.0,999.0,999.0,999.0,377.0,1000.0,0.0,0.0, 0.958251953125,-0.1506805419921875,-0.0481414794921875,-0.2381134033203125, 0.3568267822265625,-0.12298583984375,-0.2037811279296875,0.9033355712890625
45660, 46.059356689453125, 1000.0,373.0,193.0,57.0,147.0,52.0,89.0,0.0,86.0,1000.0,0.0,750.0,1000.0,1000.0,873.0,999.0,999.0,999.0,999.0,377.0,1000.0,0.0,0.0, 0.958251953125,-0.1506805419921875,-0.0481414794921875,-0.2381134033203125, 0.356842041015625,-0.1227874755859375,-0.20361328125,0.90338134765625
45670, 46.06939697265625, 1000.0,373.0,193.0,57.0,147.0,52.0,89.0,0.0,86.0,1000.0,0.0,750.0,1000.0,1000.0,874.0,999.0,999.0,999.0,999.0,377.0,1000.0,0.0,0.0, 0.9583587646484375,-0.15057373046875,-0.048095703125,-0.23779296875, 0.3569793701171875,-0.1222686767578125,-0.2039947509765625,0.9033203125
45680, 46.07938766479492, 1000.0,373.0,193.0,57.0,147.0,52.0,89.0,0.0,85.0,1000.0,0.0,1000.0,1000.0,1000.0,874.0,999.0,999.0,999.0,999.0,377.0,1000.0,0.0,0.0, 0.958404541015625,-0.1505584716796875,-0.0479888916015625,-0.2376556396484375, 0.35693359375,-0.1223297119140625,-0.2039031982421875,0.903350830078125
45690, 46.08946228027344, 1000.0,374.0,193.0,57.0,147.0,52.0,89.0,0.0,86.0,1000.0,0.0,1000.0,1000.0,1000.0,874.0,999.0,999.0,999.0,999.0,377.0,1000.0,0.0,0.0, 0.958465576171875,-0.150390625,-0.0479888916015625,-0.2375030517578125, 0.3568115234375,-0.1226959228515625,-0.2032928466796875,0.9034881591796875
45700, 46.107566833496094, 1000.0,373.0,193.0,57.0,147.0,52.0,89.0,0.0,86.0,1000.0,0.0,1000.0,1000.0,1000.0,874.0,999.0,999.0,999.0,999.0,377.0,1000.0,0.0,0.0, 0.9585113525390625,-0.1501922607421875,-0.0481719970703125,-0.237396240234375, 0.356842041015625,-0.1223907470703125,-0.2021636962890625,0.9037628173828125
45710, 46.110687255859375, 1000.0,374.0,193.0,56.0,147.0,52.0,89.0,0.0,85.0,1000.0,0.0,1000.0,1000.0,1000.0,874.0,999.0,999.0,999.0,999.0,377.0,1000.0,0.0,0.0, 0.9585723876953125,-0.1500701904296875,-0.04815673828125,-0.2372283935546875, 0.356536865234375,-0.123504638671875,-0.20196533203125,0.903778076171875
45720, 46.11932373046875, 1000.0,374.0,193.0,56.0,147.0,52.0,89.0,0.0,85.0,1000.0,0.0,750.0,1000.0,1000.0,873.0,999.0,999.0,999.0,999.0,377.0,1000.0,0.0,0.0, 0.958648681640625,-0.1497955322265625,-0.0481109619140625,-0.2370758056640625, 0.3563232421875,-0.1244964599609375,-0.2024383544921875,0.90362548828125
45730, 46.12956619262695, 1000.0,374.0,193.0,56.0,147.0,52.0,89.0,0.0,85.0,1000.0,0.0,750.0,1000.0,1000.0,873.0,999.0,999.0,999.0,999.0,377.0,1000.0,0.0,0.0, 0.9586944580078125,-0.14971923828125,-0.0482940673828125,-0.2369384765625, 0.3564453125,-0.1238861083984375,-0.2023162841796875,0.9036865234375
45740, 46.13936233520508, 1000.0,371.0,193.0,56.0,147.0,52.0,89.0,0.0,85.0,1000.0,0.0,1000.0,1000.0,1000.0,873.0,999.0,999.0,999.0,999.0,377.0,1000.0,0.0,0.0, 0.9586944580078125,-0.150177001953125,-0.048675537109375,-0.236541748046875, 0.3563690185546875,-0.124267578125,-0.20257568359375,0.903594970703125
45750, 46.14934158325195, 1000.0,371.0,192.0,56.0,146.0,52.0,89.0,0.0,85.0,1000.0,0.0,1000.0,1000.0,1000.0,872.0,999.0,999.0,999.0,999.0,377.0,1000.0,0.0,0.0, 0.9587249755859375,-0.1505889892578125,-0.0482940673828125,-0.2362518310546875, 0.356109619140625,-0.125274658203125,-0.2028350830078125,0.90350341796875
45760, 46.15951919555664, 1000.0,371.0,192.0,56.0,146.0,52.0,89.0,0.0,85.0,1000.0,0.0,1000.0,1000.0,1000.0,871.0,999.0,999.0,999.0,999.0,377.0,1000.0,0.0,0.0, 0.958740234375,-0.1506195068359375,-0.048126220703125,-0.2362213134765625, 0.35638427734375,-0.12420654296875,-0.2029876708984375,0.90350341796875
45770, 46.16938781738281, 1000.0,372.0,192.0,56.0,147.0,52.0,89.0,0.0,85.0,1000.0,0.0,1000.0,1000.0,1000.0,871.0,999.0,999.0,999.0,999.0,377.0,1000.0,0.0,0.0, 0.9587860107421875,-0.1506500244140625,-0.048065185546875,-0.2360382080078125, 0.3565521240234375,-0.1233673095703125,-0.2024078369140625,0.9036865234375
45780, 46.17935562133789, 1000.0,372.0,192.0,56.0,147.0,51.0,89.0,0.0,85.0,1000.0,0.0,1000.0,1000.0,1000.0,872.0,999.0,999.0,999.0,999.0,377.0,1000.0,0.0,0.0, 0.9588165283203125,-0.1507110595703125,-0.048126220703125,-0.23583984375, 0.3560943603515625,-0.1255035400390625,-0.20379638671875,0.90325927734375
45790, 46.18954849243164, 1000.0,372.0,192.0,56.0,146.0,51.0,89.0,0.0,85.0,1000.0,0.0,750.0,1000.0,1000.0,871.0,999.0,999.0,999.0,999.0,377.0,1000.0,0.0,0.0, 0.9588165283203125,-0.151123046875,-0.048065185546875,-0.235565185546875, 0.355926513671875,-0.1261138916015625,-0.2034454345703125,0.9033203125
45800, 46.19951248168945, 1000.0,374.0,192.0,56.0,146.0,51.0,89.0,0.0,85.0,1000.0,0.0,750.0,1000.0,1000.0,870.0,999.0,999.0,999.0,999.0,377.0,1000.0,0.0,0.0, 0.9588470458984375,-0.1511688232421875,-0.0483856201171875,-0.2353973388671875, 0.3560333251953125,-0.125762939453125,-0.204437255859375,0.903106689453125
45810, 46.21112823486328, 1000.0,374.0,192.0,56.0,146.0,51.0,89.0,0.0,85.0,1000.0,0.0,750.0,1000.0,1000.0,870.0,999.0,999.0,999.0,999.0,377.0,1000.0,0.0,0.0, 0.958892822265625,-0.1511993408203125,-0.0483551025390625,-0.2351837158203125, 0.3563079833984375,-0.12493896484375,-0.20574951171875,0.9028167724609375
45820, 46.219364166259766, 1000.0,374.0,192.0,56.0,146.0,51.0,89.0,0.0,85.0,1000.0,0.0,750.0,1000.0,1000.0,870.0,999.0,999.0,999.0,999.0,377.0,1000.0,0.0,0.0, 0.9589385986328125,-0.1512298583984375,-0.048370361328125,-0.2349853515625, 0.3557891845703125,-0.1272125244140625,-0.2068328857421875,0.9024658203125
45830, 46.22956085205078, 1000.0,373.0,192.0,56.0,146.0,51.0,89.0,0.0,85.0,1000.0,0.0,750.0,1000.0,1000.0,869.0,999.0,999.0,999.0,999.0,377.0,1000.0,0.0,0.0, 0.9589691162109375,-0.1512298583984375,-0.0483856201171875,-0.23480224609375, 0.3560028076171875,-0.1262359619140625,-0.2065582275390625,0.9025726318359375
45840, 46.23942184448242, 1000.0,374.0,192.0,56.0,146.0,51.0,89.0,0.0,85.0,1000.0,0.0,750.0,1000.0,1000.0,869.0,999.0,999.0,999.0,999.0,377.0,1000.0,0.0,0.0, 0.959014892578125,-0.1512603759765625,-0.0484466552734375,-0.234619140625, 0.3560638427734375,-0.126007080078125,-0.20684814453125,0.9025115966796875
45850, 46.249595642089844, 1000.0,374.0,192.0,56.0,146.0,51.0,89.0,0.0,85.0,1000.0,0.0,750.0,1000.0,1000.0,869.0,999.0,999.0,999.0,999.0,377.0,1000.0,0.0,0.0, 0.9590606689453125,-0.1512451171875,-0.04852294921875,-0.2344207763671875, 0.3562774658203125,-0.1253662109375,-0.2078094482421875,0.9022979736328125
45860, 46.269535064697266, 1000.0,374.0,192.0,56.0,146.0,51.0,88.0,0.0,85.0,1000.0,0.0,750.0,1000.0,1000.0,869.0,999.0,999.0,999.0,999.0,377.0,1000.0,0.0,0.0, 0.9590911865234375,-0.1512298583984375,-0.0486602783203125,-0.2342529296875, 0.3564605712890625,-0.124664306640625,-0.2078857421875,0.902313232421875
45870, 46.279354095458984, 1000.0,374.0,192.0,56.0,146.0,51.0,88.0,0.0,84.0,1000.0,0.0,750.0,1000.0,1000.0,869.0,999.0,999.0,999.0,999.0,377.0,1000.0,0.0,0.0, 0.959136962890625,-0.15118408203125,-0.0487823486328125,-0.23406982421875, 0.356689453125,-0.1234130859375,-0.2063751220703125,0.9027252197265625
45880, 46.2896842956543, 1000.0,375.0,192.0,56.0,146.0,51.0,88.0,0.0,84.0,1000.0,0.0,750.0,1000.0,1000.0,871.0,999.0,999.0,999.0,999.0,377.0,1000.0,0.0,0.0, 0.9591827392578125,-0.15118408203125,-0.0488739013671875,-0.2339019775390625, 0.3563995361328125,-0.1247711181640625,-0.2068939208984375,0.9025421142578125
45890, 46.29946517944336, 1000.0,375.0,192.0,56.0,146.0,51.0,88.0,0.0,84.0,1000.0,0.0,750.0,1000.0,1000.0,872.0,999.0,999.0,999.0,999.0,377.0,1000.0,0.0,0.0, 0.959228515625,-0.1511077880859375,-0.0489959716796875,-0.233734130859375, 0.356414794921875,-0.1246337890625,-0.2065582275390625,0.9026336669921875
45900, 46.309349060058594, 1000.0,375.0,192.0,56.0,146.0,51.0,88.0,0.0,84.0,1000.0,0.0,750.0,1000.0,1000.0,871.0,999.0,999.0,999.0,999.0,377.0,1000.0,0.0,0.0, 0.959259033203125,-0.151031494140625,-0.04913330078125,-0.23358154296875, 0.3567047119140625,-0.1236572265625,-0.20758056640625,0.9024200439453125
45910, 46.319557189941406, 1000.0,375.0,192.0,56.0,146.0,51.0,88.0,0.0,84.0,1000.0,0.0,750.0,1000.0,1000.0,871.0,999.0,999.0,999.0,999.0,377.0,1000.0,0.0,0.0, 0.9593048095703125,-0.150970458984375,-0.049224853515625,-0.2334136962890625, 0.356292724609375,-0.1251983642578125,-0.2061309814453125,0.9026947021484375
45920, 46.32965087890625, 1000.0,375.0,192.0,56.0,146.0,51.0,88.0,0.0,84.0,1000.0,0.0,750.0,1000.0,1000.0,872.0,999.0,999.0,999.0,999.0,377.0,1000.0,0.0,0.0, 0.9593658447265625,-0.1509246826171875,-0.049285888671875,-0.233245849609375, 0.35614013671875,-0.125762939453125,-0.2056732177734375,0.9027862548828125
45930, 46.33936309814453, 1000.0,374.0,192.0,56.0,146.0,51.0,88.0,0.0,84.0,1000.0,0.0,750.0,1000.0,1000.0,872.0,999.0,999.0,999.0,999.0,377.0,1000.0,0.0,0.0, 0.95941162109375,-0.1508026123046875,-0.0493316650390625,-0.233062744140625, 0.3560791015625,-0.1258544921875,-0.2042236328125,0.9031219482421875
45940, 46.349464416503906, 1000.0,374.0,192.0,56.0,146.0,51.0,88.0,0.0,84.0,1000.0,0.0,750.0,1000.0,1000.0,872.0,999.0,999.0,999.0,999.0,377.0,1000.0,0.0,0.0, 0.9594879150390625,-0.1506500244140625,-0.0492401123046875,-0.2328948974609375, 0.35675048828125,-0.1232757568359375,-0.20538330078125,0.9029541015625
45950, 46.359535217285156, 1000.0,374.0,192.0,56.0,146.0,51.0,88.0,0.0,84.0,1000.0,0.0,750.0,1000.0,1000.0,872.0,999.0,999.0,999.0,999.0,377.0,1000.0,0.0,0.0, 0.9594879150390625,-0.1506500244140625,-0.0492401123046875,-0.2328948974609375, 0.356964111328125,-0.1225738525390625,-0.206634521484375,0.902679443359375
45960, 46.36951446533203, 1000.0,375.0,192.0,56.0,146.0,51.0,88.0,0.0,84.0,1000.0,0.0,1000.0,1000.0,1000.0,871.0,999.0,999.0,999.0,999.0,377.0,1000.0,0.0,0.0, 0.9595947265625,-0.1505126953125,-0.0492095947265625,-0.2325439453125, 0.35626220703125,-0.1256561279296875,-0.2076873779296875,0.9022979736328125
45970, 46.37910842895508, 1000.0,375.0,192.0,56.0,146.0,51.0,88.0,0.0,84.0,1000.0,0.0,750.0,1000.0,1000.0,871.0,999.0,999.0,999.0,999.0,377.0,1000.0,0.0,0.0, 0.9596405029296875,-0.150543212890625,-0.0492401123046875,-0.23236083984375, 0.3563232421875,-0.12548828125,-0.20782470703125,0.902252197265625
45980, 46.389461517333984, 1000.0,374.0,192.0,56.0,146.0,51.0,88.0,0.0,84.0,1000.0,0.0,750.0,1000.0,1000.0,871.0,999.0,999.0,999.0,999.0,377.0,1000.0,0.0,0.0, 0.9596710205078125,-0.15057373046875,-0.0493011474609375,-0.232208251953125, 0.3562164306640625,-0.1257476806640625,-0.2061614990234375,0.90264892578125
45990, 46.39955139160156, 1000.0,375.0,192.0,56.0,146.0,51.0,88.0,0.0,84.0,1000.0,0.0,750.0,1000.0,1000.0,871.0,999.0,999.0,999.0,999.0,377.0,1000.0,0.0,0.0, 0.9597015380859375,-0.150634765625,-0.0492706298828125,-0.2320404052734375, 0.356658935546875,-0.1239166259765625,-0.2056121826171875,0.9028472900390625
46000, 46.40935134887695, 1000.0,374.0,192.0,55.0,146.0,51.0,88.0,0.0,84.0,1000.0,0.0,750.0,1000.0,1000.0,872.0,999.0,999.0,999.0,999.0,376.0,1000.0,0.0,0.0, 0.959716796875,-0.150787353515625,-0.0492095947265625,-0.2318878173828125, 0.3561248779296875,-0.126251220703125,-0.206939697265625,0.902435302734375
46010, 46.41945266723633, 1000.0,375.0,192.0,55.0,146.0,51.0,88.0,0.0,84.0,1000.0,0.0,1000.0,1000.0,1000.0,875.0,999.0,999.0,999.0,999.0,376.0,1000.0,0.0,0.0, 0.959716796875,-0.15130615234375,-0.049163818359375,-0.2315521240234375, 0.35614013671875,-0.1262664794921875,-0.2069091796875,0.902435302734375
46020, 46.42952346801758, 1000.0,375.0,192.0,55.0,146.0,51.0,88.0,0.0,84.0,1000.0,0.0,1000.0,1000.0,1000.0,875.0,999.0,999.0,999.0,999.0,376.0,1000.0,0.0,0.0, 0.959716796875,-0.15130615234375,-0.049163818359375,-0.2315521240234375, 0.3561553955078125,-0.1262969970703125,-0.206817626953125,0.9024505615234375
46030, 46.439369201660156, 1000.0,375.0,192.0,55.0,146.0,51.0,88.0,0.0,84.0,1000.0,0.0,750.0,1000.0,1000.0,873.0,999.0,999.0,999.0,999.0,376.0,1000.0,0.0,0.0, 0.9597015380859375,-0.151611328125,-0.0491790771484375,-0.2313690185546875, 0.356201171875,-0.1261444091796875,-0.206756591796875,0.9024658203125
46040, 46.44942092895508, 1000.0,376.0,192.0,55.0,145.0,51.0,88.0,0.0,83.0,1000.0,0.0,750.0,1000.0,1000.0,872.0,999.0,999.0,999.0,999.0,377.0,1000.0,0.0,0.0, 0.9597015380859375,-0.15228271484375,-0.0490570068359375,-0.2310028076171875, 0.356201171875,-0.1261749267578125,-0.2065887451171875,0.902496337890625
46050, 46.459510803222656, 1000.0,376.0,192.0,55.0,145.0,51.0,88.0,0.0,83.0,1000.0,0.0,1000.0,1000.0,1000.0,873.0,999.0,999.0,999.0,999.0,377.0,1000.0,0.0,0.0, 0.9596710205078125,-0.1525726318359375,-0.04888916015625,-0.23095703125, 0.3562164306640625,-0.126068115234375,-0.206298828125,0.9025726318359375
46060, 46.46949768066406, 1000.0,376.0,192.0,55.0,145.0,51.0,88.0,0.0,83.0,1000.0,0.0,750.0,1000.0,1000.0,873.0,999.0,999.0,999.0,999.0,376.0,1000.0,0.0,0.0, 0.959686279296875,-0.1527557373046875,-0.0488739013671875,-0.230804443359375, 0.3562469482421875,-0.1259613037109375,-0.20623779296875,0.902587890625
46070, 46.47930908203125, 1000.0,376.0,192.0,55.0,145.0,51.0,88.0,0.0,84.0,1000.0,0.0,750.0,1000.0,1000.0,873.0,999.0,999.0,999.0,999.0,376.0,1000.0,0.0,0.0, 0.959686279296875,-0.1529693603515625,-0.0488128662109375,-0.230621337890625, 0.3563232421875,-0.125579833984375,-0.2061614990234375,0.9026336669921875
46080, 46.48944091796875, 1000.0,376.0,192.0,55.0,145.0,51.0,88.0,0.0,83.0,1000.0,0.0,750.0,1000.0,1000.0,873.0,999.0,999.0,999.0,999.0,376.0,1000.0,0.0,0.0, 0.9596710205078125,-0.1532440185546875,-0.0489349365234375,-0.230499267578125, 0.356353759765625,-0.125457763671875,-0.206085205078125,0.90264892578125
46090, 46.49947738647461, 1000.0,376.0,192.0,55.0,145.0,50.0,88.0,0.0,83.0,1000.0,0.0,750.0,1000.0,1000.0,873.0,999.0,999.0,999.0,999.0,376.0,1000.0,0.0,0.0, 0.9596710205078125,-0.1533966064453125,-0.0490570068359375,-0.2303466796875, 0.35638427734375,-0.1253662109375,-0.2063140869140625,0.9026031494140625
46100, 46.50933837890625, 1000.0,376.0,192.0,55.0,145.0,50.0,88.0,0.0,83.0,1000.0,0.0,750.0,1000.0,1000.0,873.0,999.0,999.0,999.0,999.0,376.0,1000.0,0.0,0.0, 0.9597015380859375,-0.1533203125,-0.0491790771484375,-0.230255126953125, 0.35626220703125,-0.125762939453125,-0.206268310546875,0.9026031494140625
46110, 46.519561767578125, 1000.0,376.0,192.0,55.0,145.0,50.0,88.0,0.0,83.0,1000.0,0.0,1000.0,1000.0,1000.0,872.0,999.0,999.0,999.0,999.0,376.0,1000.0,0.0,0.0, 0.9597320556640625,-0.1533050537109375,-0.04925537109375,-0.2301483154296875, 0.356292724609375,-0.125732421875,-0.2063446044921875,0.9025726318359375
46120, 46.529518127441406, 1000.0,376.0,192.0,55.0,145.0,50.0,88.0,0.0,83.0,1000.0,0.0,750.0,1000.0,1000.0,872.0,999.0,999.0,999.0,999.0,376.0,1000.0,0.0,0.0, 0.9597625732421875,-0.1532745361328125,-0.0493621826171875,-0.2300262451171875, 0.3561859130859375,-0.1260833740234375,-0.20611572265625,0.902618408203125
46130, 46.54079055786133, 1000.0,376.0,192.0,55.0,145.0,50.0,88.0,0.0,83.0,1000.0,0.0,750.0,1000.0,1000.0,872.0,999.0,999.0,999.0,999.0,376.0,1000.0,0.0,0.0, 0.95977783203125,-0.153289794921875,-0.0495147705078125,-0.2299346923828125, 0.3563232421875,-0.125457763671875,-0.2053680419921875,0.9028167724609375
46140, 46.54943084716797, 1000.0,376.0,192.0,55.0,145.0,50.0,88.0,0.0,83.0,1000.0,0.0,750.0,1000.0,1000.0,872.0,999.0,999.0,999.0,999.0,377.0,1000.0,0.0,0.0, 0.9597930908203125,-0.1531829833984375,-0.0497894287109375,-0.2298431396484375, 0.3562469482421875,-0.125762939453125,-0.205474853515625,0.9027862548828125
46150, 46.55931091308594, 1000.0,375.0,191.0,55.0,145.0,50.0,88.0,0.0,83.0,1000.0,0.0,1000.0,1000.0,1000.0,872.0,999.0,999.0,999.0,999.0,377.0,1000.0,0.0,0.0, 0.959808349609375,-0.153045654296875,-0.05023193359375,-0.2297821044921875, 0.356353759765625,-0.125152587890625,-0.2045745849609375,0.9030303955078125
46160, 46.5694694519043, 1000.0,375.0,192.0,55.0,145.0,50.0,87.0,0.0,83.0,1000.0,0.0,1000.0,1000.0,1000.0,872.0,999.0,999.0,999.0,999.0,376.0,1000.0,0.0,0.0, 0.9598388671875,-0.152923583984375,-0.050567626953125,-0.22967529296875, 0.3565216064453125,-0.124481201171875,-0.2046661376953125,0.903045654296875
46170, 46.57939147949219, 1000.0,375.0,192.0,55.0,145.0,50.0,87.0,0.0,83.0,1000.0,0.0,1000.0,1000.0,1000.0,872.0,999.0,999.0,999.0,999.0,376.0,1000.0,0.0,0.0, 0.9598846435546875,-0.1527099609375,-0.0507049560546875,-0.229583740234375, 0.3565521240234375,-0.124267578125,-0.2046966552734375,0.903045654296875
46180, 46.5894775390625, 1000.0,376.0,191.0,55.0,145.0,50.0,88.0,0.0,83.0,1000.0,0.0,1000.0,1000.0,1000.0,872.0,999.0,999.0,999.0,999.0,377.0,1000.0,0.0,0.0, 0.9599761962890625,-0.15228271484375,-0.0507659912109375,-0.2294769287109375, 0.35650634765625,-0.124359130859375,-0.2039337158203125,0.903228759765625
46190, 46.59957504272461, 1000.0,376.0,192.0,55.0,145.0,50.0,88.0,0.0,83.0,1000.0,0.0,1000.0,1000.0,1000.0,872.0,999.0,999.0,999.0,999.0,376.0,1000.0,0.0,0.0, 0.960052490234375,-0.1519927978515625,-0.0506744384765625,-0.2293548583984375, 0.3567352294921875,-0.1236114501953125,-0.205108642578125,0.9029693603515625
46200, 46.60932922363281, 1000.0,375.0,192.0,55.0,145.0,50.0,87.0,0.0,83.0,1000.0,0.0,750.0,1000.0,1000.0,872.0,999.0,999.0,999.0,999.0,376.0,1000.0,0.0,0.0, 0.9601287841796875,-0.151641845703125,-0.05078125,-0.229248046875, 0.3564910888671875,-0.124755859375,-0.2054595947265625,0.90283203125
46210, 46.61946487426758, 1000.0,374.0,192.0,55.0,145.0,50.0,87.0,0.0,83.0,1000.0,0.0,750.0,1000.0,1000.0,872.0,999.0,999.0,999.0,999.0,376.0,1000.0,0.0,0.0, 0.9601593017578125,-0.1516265869140625,-0.050994873046875,-0.2291107177734375, 0.3564605712890625,-0.125030517578125,-0.2061767578125,0.90264892578125
46220, 46.629554748535156, 1000.0,374.0,192.0,55.0,145.0,50.0,87.0,0.0,83.0,1000.0,0.0,750.0,1000.0,1000.0,872.0,999.0,999.0,999.0,999.0,376.0,1000.0,0.0,0.0, 0.9601593017578125,-0.1516265869140625,-0.050994873046875,-0.2291107177734375, 0.3565826416015625,-0.1247406005859375,-0.2071075439453125,0.9024200439453125
46230, 46.639381408691406, 1000.0,370.0,191.0,55.0,145.0,50.0,87.0,0.0,83.0,1000.0,0.0,750.0,1000.0,1000.0,873.0,999.0,999.0,999.0,999.0,376.0,1000.0,0.0,0.0, 0.9602508544921875,-0.1514739990234375,-0.0511322021484375,-0.2287750244140625, 0.3563995361328125,-0.1253814697265625,-0.206756591796875,0.9024810791015625
46240, 46.65121078491211, 1000.0,371.0,191.0,55.0,145.0,50.0,87.0,0.0,83.0,1000.0,0.0,750.0,1000.0,1000.0,873.0,999.0,999.0,999.0,999.0,376.0,1000.0,0.0,0.0, 0.9603271484375,-0.1510467529296875,-0.0512847900390625,-0.22869873046875, 0.3562774658203125,-0.1260833740234375,-0.2071533203125,0.90234375
46250, 46.65950012207031, 1000.0,371.0,191.0,55.0,145.0,50.0,87.0,0.0,83.0,1000.0,0.0,750.0,1000.0,1000.0,873.0,999.0,999.0,999.0,999.0,376.0,1000.0,0.0,0.0, 0.9603271484375,-0.1510467529296875,-0.0512847900390625,-0.22869873046875, 0.3560943603515625,-0.12664794921875,-0.20654296875,0.9024810791015625
46260, 46.669551849365234, 1000.0,369.0,191.0,55.0,145.0,50.0,87.0,0.0,83.0,1000.0,0.0,1000.0,1000.0,1000.0,871.0,999.0,999.0,999.0,999.0,376.0,1000.0,0.0,0.0, 0.9603729248046875,-0.1512908935546875,-0.0511322021484375,-0.2283477783203125, 0.3565216064453125,-0.125244140625,-0.207763671875,0.9022369384765625
46270, 46.67936706542969, 1000.0,369.0,191.0,55.0,145.0,50.0,87.0,0.0,83.0,1000.0,0.0,1000.0,1000.0,1000.0,871.0,999.0,999.0,999.0,999.0,376.0,1000.0,0.0,0.0, 0.96038818359375,-0.1513214111328125,-0.05126953125,-0.2282562255859375, 0.356231689453125,-0.126129150390625,-0.2063140869140625,0.9025421142578125
46280, 46.689613342285156, 1000.0,370.0,191.0,55.0,145.0,50.0,87.0,0.0,83.0,1000.0,0.0,750.0,1000.0,1000.0,871.0,999.0,999.0,999.0,999.0,376.0,1000.0,0.0,0.0, 0.960418701171875,-0.151336669921875,-0.0513763427734375,-0.228118896484375, 0.3561553955078125,-0.1266021728515625,-0.2071533203125,0.9023284912109375
46290, 46.69949722290039, 1000.0,372.0,191.0,55.0,145.0,50.0,87.0,0.0,82.0,1000.0,0.0,750.0,1000.0,1000.0,871.0,999.0,999.0,999.0,999.0,376.0,1000.0,0.0,0.0, 0.960418701171875,-0.151458740234375,-0.0515594482421875,-0.227996826171875, 0.356170654296875,-0.1267547607421875,-0.2086639404296875,0.901947021484375
46300, 46.709320068359375, 1000.0,373.0,191.0,55.0,145.0,50.0,87.0,0.0,82.0,1000.0,0.0,750.0,1000.0,1000.0,871.0,999.0,999.0,999.0,999.0,376.0,1000.0,0.0,0.0, 0.9604339599609375,-0.15167236328125,-0.0513153076171875,-0.227813720703125, 0.3561859130859375,-0.1264190673828125,-0.207977294921875,0.9021453857421875
46310, 46.7194709777832, 1000.0,374.0,191.0,55.0,145.0,50.0,87.0,0.0,82.0,1000.0,0.0,750.0,1000.0,1000.0,872.0,999.0,999.0,999.0,999.0,376.0,1000.0,0.0,0.0, 0.960540771484375,-0.151611328125,-0.0511016845703125,-0.227508544921875, 0.3562774658203125,-0.1257781982421875,-0.20709228515625,0.90240478515625
46320, 46.729637145996094, 1000.0,373.0,191.0,55.0,145.0,50.0,87.0,0.0,82.0,1000.0,0.0,750.0,1000.0,1000.0,872.0,999.0,999.0,999.0,999.0,376.0,1000.0,0.0,0.0, 0.960540771484375,-0.151611328125,-0.05108642578125,-0.227508544921875, 0.35650634765625,-0.125091552734375,-0.2080078125,0.9022064208984375
46330, 46.73938751220703, 1000.0,372.0,191.0,55.0,145.0,49.0,87.0,0.0,82.0,1000.0,0.0,750.0,1000.0,1000.0,872.0,999.0,999.0,999.0,999.0,376.0,1000.0,0.0,0.0, 0.9605712890625,-0.151611328125,-0.051055908203125,-0.22735595703125, 0.35638427734375,-0.1251220703125,-0.2057342529296875,0.90277099609375
46340, 46.749473571777344, 1000.0,371.0,191.0,55.0,145.0,49.0,87.0,0.0,82.0,1000.0,0.0,750.0,1000.0,1000.0,873.0,999.0,999.0,999.0,999.0,376.0,1000.0,0.0,0.0, 0.9606170654296875,-0.151611328125,-0.0510101318359375,-0.2271881103515625, 0.356353759765625,-0.1253509521484375,-0.20635986328125,0.9026031494140625
46350, 46.759521484375, 1000.0,370.0,191.0,55.0,145.0,49.0,87.0,0.0,82.0,1000.0,0.0,1000.0,1000.0,1000.0,872.0,999.0,999.0,999.0,999.0,376.0,1000.0,0.0,0.0, 0.960662841796875,-0.1515960693359375,-0.050933837890625,-0.2270355224609375, 0.3564605712890625,-0.1248779296875,-0.2065277099609375,0.902587890625
46360, 46.76945877075195, 1000.0,370.0,191.0,55.0,145.0,49.0,87.0,0.0,82.0,1000.0,0.0,1000.0,1000.0,1000.0,872.0,999.0,999.0,999.0,999.0,376.0,1000.0,0.0,0.0, 0.960693359375,-0.1515960693359375,-0.0509033203125,-0.2268829345703125, 0.35650634765625,-0.1248626708984375,-0.206695556640625,0.9025421142578125
46370, 46.77936935424805, 1000.0,370.0,191.0,55.0,145.0,49.0,87.0,0.0,82.0,1000.0,0.0,750.0,1000.0,1000.0,872.0,999.0,999.0,999.0,999.0,376.0,1000.0,0.0,0.0, 0.9607391357421875,-0.151641845703125,-0.05084228515625,-0.2266998291015625, 0.3562774658203125,-0.125640869140625,-0.2056121826171875,0.9027557373046875
46380, 46.78955841064453, 1000.0,371.0,191.0,55.0,145.0,49.0,87.0,0.0,82.0,1000.0,0.0,750.0,1000.0,1000.0,872.0,999.0,999.0,999.0,999.0,376.0,1000.0,0.0,0.0, 0.960784912109375,-0.15167236328125,-0.0507659912109375,-0.22650146484375, 0.35638427734375,-0.125701904296875,-0.2076568603515625,0.902252197265625
46390, 46.79946517944336, 1000.0,371.0,191.0,55.0,145.0,49.0,87.0,0.0,82.0,1000.0,0.0,750.0,1000.0,1000.0,872.0,999.0,999.0,999.0,999.0,376.0,1000.0,0.0,0.0, 0.9608306884765625,-0.1516265869140625,-0.0506591796875,-0.226318359375, 0.3564605712890625,-0.1256256103515625,-0.2096405029296875,0.901763916015625
46400, 46.81264877319336, 1000.0,373.0,191.0,55.0,145.0,49.0,87.0,0.0,82.0,1000.0,0.0,750.0,1000.0,1000.0,872.0,999.0,999.0,999.0,999.0,376.0,1000.0,0.0,0.0, 0.9608917236328125,-0.1515655517578125,-0.0505523681640625,-0.2261505126953125, 0.3561248779296875,-0.1268768310546875,-0.2086181640625,0.9019622802734375
46410, 46.81930923461914, 1000.0,373.0,191.0,55.0,145.0,49.0,87.0,0.0,82.0,1000.0,0.0,750.0,1000.0,1000.0,872.0,999.0,999.0,999.0,999.0,376.0,1000.0,0.0,0.0, 0.9609375,-0.15155029296875,-0.0504608154296875,-0.225982666015625, 0.3562164306640625,-0.12646484375,-0.2081146240234375,0.902099609375
46420, 46.82954788208008, 1000.0,373.0,191.0,55.0,145.0,49.0,87.0,0.0,82.0,1000.0,0.0,750.0,1000.0,1000.0,871.0,999.0,999.0,999.0,999.0,376.0,1000.0,0.0,0.0, 0.9609832763671875,-0.151458740234375,-0.0503997802734375,-0.225830078125, 0.35626220703125,-0.1266021728515625,-0.2099609375,0.901641845703125
46430, 46.839393615722656, 1000.0,371.0,191.0,55.0,145.0,49.0,87.0,0.0,82.0,1000.0,0.0,750.0,1000.0,1000.0,871.0,999.0,999.0,999.0,999.0,376.0,1000.0,0.0,0.0, 0.9610443115234375,-0.151458740234375,-0.050262451171875,-0.225616455078125, 0.3567657470703125,-0.12408447265625,-0.206817626953125,0.9025115966796875
46440, 46.8494758605957, 1000.0,370.0,191.0,55.0,145.0,49.0,86.0,0.0,82.0,1000.0,0.0,750.0,1000.0,1000.0,872.0,999.0,999.0,999.0,999.0,376.0,1000.0,0.0,0.0, 0.961090087890625,-0.1515350341796875,-0.050140380859375,-0.2253875732421875, 0.3565673828125,-0.1247711181640625,-0.20660400390625,0.9025421142578125
46450, 46.8594970703125, 1000.0,370.0,191.0,55.0,145.0,49.0,86.0,0.0,82.0,1000.0,0.0,750.0,1000.0,1000.0,871.0,999.0,999.0,999.0,999.0,376.0,1000.0,0.0,0.0, 0.9611358642578125,-0.1516265869140625,-0.04998779296875,-0.225189208984375, 0.35662841796875,-0.1247711181640625,-0.207855224609375,0.9022216796875
46460, 46.86944580078125, 1000.0,371.0,191.0,55.0,145.0,49.0,86.0,0.0,82.0,1000.0,0.0,750.0,1000.0,1000.0,872.0,999.0,999.0,999.0,999.0,376.0,1000.0,0.0,0.0, 0.961151123046875,-0.1519012451171875,-0.0499114990234375,-0.2249603271484375, 0.3568115234375,-0.1239471435546875,-0.207244873046875,0.9024200439453125
46470, 46.87934494018555, 1000.0,370.0,191.0,54.0,145.0,49.0,86.0,0.0,82.0,1000.0,0.0,750.0,1000.0,1000.0,872.0,999.0,999.0,999.0,999.0,376.0,1000.0,0.0,0.0, 0.961151123046875,-0.1521453857421875,-0.0498809814453125,-0.2247772216796875, 0.3562774658203125,-0.1263885498046875,-0.2088623046875,0.90191650390625
46480, 46.88953399658203, 1000.0,369.0,191.0,54.0,144.0,49.0,86.0,0.0,82.0,1000.0,0.0,750.0,1000.0,1000.0,872.0,999.0,999.0,999.0,999.0,376.0,1000.0,0.0,0.0, 0.961151123046875,-0.1524200439453125,-0.0498504638671875,-0.2245941162109375, 0.3565826416015625,-0.1254119873046875,-0.2099761962890625,0.90167236328125
46490, 46.89956283569336, 1000.0,371.0,191.0,54.0,145.0,49.0,86.0,0.0,82.0,1000.0,0.0,750.0,1000.0,1000.0,872.0,999.0,999.0,999.0,999.0,376.0,1000.0,0.0,0.0, 0.9611663818359375,-0.152618408203125,-0.049774169921875,-0.224395751953125, 0.3562469482421875,-0.1264495849609375,-0.2083282470703125,0.90203857421875
46500, 46.909324645996094, 1000.0,373.0,191.0,54.0,144.0,49.0,86.0,0.0,82.0,1000.0,0.0,750.0,1000.0,1000.0,872.0,999.0,999.0,999.0,999.0,376.0,1000.0,0.0,0.0, 0.9611663818359375,-0.15289306640625,-0.0498504638671875,-0.2242431640625, 0.3557891845703125,-0.1284637451171875,-0.2093505859375,0.901702880859375
46510, 46.92271423339844, 1000.0,371.0,191.0,54.0,144.0,49.0,86.0,0.0,82.0,1000.0,0.0,750.0,1000.0,1000.0,873.0,999.0,999.0,999.0,999.0,376.0,1000.0,0.0,0.0, 0.9611663818359375,-0.1530914306640625,-0.04986572265625,-0.22406005859375, 0.3557891845703125,-0.1284942626953125,-0.209381103515625,0.9016876220703125
46520, 46.92945861816406, 1000.0,371.0,191.0,54.0,144.0,49.0,86.0,0.0,82.0,1000.0,0.0,750.0,1000.0,1000.0,873.0,999.0,999.0,999.0,999.0,376.0,1000.0,0.0,0.0, 0.9611663818359375,-0.1530914306640625,-0.04986572265625,-0.22406005859375, 0.3558197021484375,-0.1284027099609375,-0.2093658447265625,0.9016876220703125
46530, 46.939388275146484, 1000.0,372.0,191.0,54.0,145.0,49.0,86.0,0.0,81.0,1000.0,0.0,750.0,1000.0,1000.0,871.0,999.0,999.0,999.0,999.0,376.0,1000.0,0.0,0.0, 0.961212158203125,-0.15325927734375,-0.0500946044921875,-0.2237548828125, 0.3558349609375,-0.1283721923828125,-0.2091522216796875,0.9017486572265625
46540, 46.9493293762207, 1000.0,371.0,190.0,54.0,144.0,49.0,86.0,0.0,82.0,1000.0,0.0,750.0,1000.0,1000.0,870.0,999.0,999.0,999.0,999.0,376.0,1000.0,0.0,0.0, 0.9612274169921875,-0.1532440185546875,-0.050262451171875,-0.2236328125, 0.3558502197265625,-0.128326416015625,-0.209228515625,0.9017181396484375
46550, 46.95949172973633, 1000.0,370.0,190.0,54.0,144.0,49.0,86.0,0.0,81.0,1000.0,0.0,750.0,1000.0,1000.0,870.0,999.0,999.0,999.0,999.0,376.0,1000.0,0.0,0.0, 0.9612579345703125,-0.1531829833984375,-0.0503387451171875,-0.2234954833984375, 0.3558502197265625,-0.1284027099609375,-0.2092132568359375,0.9017181396484375
46560, 46.969459533691406, 1000.0,369.0,190.0,54.0,144.0,49.0,86.0,0.0,81.0,1000.0,0.0,1000.0,1000.0,1000.0,869.0,999.0,999.0,999.0,999.0,376.0,1000.0,0.0,0.0, 0.9613037109375,-0.153167724609375,-0.0503997802734375,-0.2233428955078125, 0.3558197021484375,-0.128570556640625,-0.2091827392578125,0.9017181396484375
46570, 46.97934341430664, 1000.0,370.0,190.0,54.0,144.0,48.0,86.0,0.0,81.0,1000.0,0.0,750.0,1000.0,1000.0,869.0,999.0,999.0,999.0,999.0,376.0,1000.0,0.0,0.0, 0.9613494873046875,-0.15301513671875,-0.050506591796875,-0.2232208251953125, 0.3558349609375,-0.12841796875,-0.208892822265625,0.90179443359375
46580, 46.98970413208008, 1000.0,371.0,190.0,54.0,144.0,48.0,86.0,0.0,81.0,1000.0,0.0,750.0,1000.0,1000.0,870.0,999.0,999.0,999.0,999.0,376.0,1000.0,0.0,0.0, 0.9614105224609375,-0.152862548828125,-0.0504913330078125,-0.223052978515625, 0.3558349609375,-0.1283416748046875,-0.2090301513671875,0.901763916015625
46590, 46.99955749511719, 1000.0,372.0,190.0,54.0,144.0,48.0,86.0,0.0,81.0,1000.0,0.0,1000.0,1000.0,1000.0,870.0,999.0,999.0,999.0,999.0,376.0,1000.0,0.0,0.0, 0.961456298828125,-0.15277099609375,-0.05047607421875,-0.222900390625, 0.355804443359375,-0.1284942626953125,-0.2093505859375,0.9016876220703125
46600, 47.00933074951172, 1000.0,371.0,190.0,54.0,144.0,48.0,86.0,0.0,81.0,1000.0,0.0,750.0,1000.0,1000.0,869.0,999.0,999.0,999.0,999.0,376.0,1000.0,0.0,0.0, 0.9615936279296875,-0.152374267578125,-0.0504913330078125,-0.2225799560546875, 0.3558502197265625,-0.1285247802734375,-0.2096710205078125,0.9015960693359375
46610, 47.01949691772461, 1000.0,372.0,190.0,54.0,144.0,48.0,86.0,0.0,81.0,1000.0,0.0,750.0,1000.0,1000.0,869.0,999.0,999.0,999.0,999.0,376.0,1000.0,0.0,0.0, 0.9616851806640625,-0.152130126953125,-0.0503387451171875,-0.222412109375, 0.3559417724609375,-0.128082275390625,-0.209442138671875,0.90167236328125
46620, 47.02946090698242, 1000.0,372.0,190.0,54.0,144.0,48.0,86.0,0.0,81.0,1000.0,0.0,750.0,1000.0,1000.0,869.0,999.0,999.0,999.0,999.0,376.0,1000.0,0.0,0.0, 0.9617462158203125,-0.15185546875,-0.0501251220703125,-0.2223968505859375, 0.3559112548828125,-0.1282196044921875,-0.209075927734375,0.9017486572265625
46630, 47.039371490478516, 1000.0,373.0,190.0,54.0,144.0,48.0,86.0,0.0,81.0,1000.0,0.0,1000.0,1000.0,1000.0,868.0,999.0,999.0,999.0,999.0,376.0,1000.0,0.0,0.0, 0.9618072509765625,-0.1517333984375,-0.04998779296875,-0.222198486328125, 0.355682373046875,-0.129058837890625,-0.20892333984375,0.9017486572265625
