1105300, 1109.939453125, [1000.0, 145.0, 459.0, 121.0, 165.0, 167.0, 127.0, 150.0, 64.0, 1000.0, 90.0, 750.0, 0.0, 666.0, 872.0, 999.0, 999.0, 999.0, 999.0, 455.0, 722.0, 0.0, 141.0], [-19.419902801513672, 0.44074228405952454, -166.85845947265625], [-0.113433837890625, 0.015533447265625, -0.1679840087890625, 0.9791107177734375], [-31.653671264648438, 12.271416664123535, -77.522705078125], [0.7641448974609375, -0.147064208984375, 0.2499542236328125, -0.5761566162109375]
1105360, 1109.99951171875, [1000.0, 145.0, 458.0, 121.0, 165.0, 167.0, 127.0, 150.0, 63.0, 1000.0, 89.0, 750.0, 0.0, 1000.0, 871.0, 999.0, 999.0, 999.0, 999.0, 455.0, 722.0, 0.0, 139.0], [-19.46634292602539, 0.4198603332042694, -166.78273010253906], [-0.114044189453125, 0.015869140625, -0.1683502197265625, 0.978973388671875], [-31.812355041503906, 12.5302152633667, -77.57308197021484], [0.763885498046875, -0.1466064453125, 0.2524566650390625, -0.5755157470703125]
1105410, 1110.0496826171875, [1000.0, 145.0, 458.0, 121.0, 165.0, 167.0, 127.0, 150.0, 63.0, 1000.0, 89.0, 750.0, 0.0, 666.0, 873.0, 999.0, 999.0, 999.0, 999.0, 455.0, 722.0, 0.0, 139.0], [-19.49704933166504, 0.3139444887638092, -166.74444580078125], [-0.1142120361328125, 0.0168609619140625, -0.1685028076171875, 0.978912353515625], [-31.64046287536621, 12.497307777404785, -77.56362915039062], [0.764129638671875, -0.145660400390625, 0.251373291015625, -0.5759124755859375]
1105460, 1110.099609375, [1000.0, 145.0, 457.0, 121.0, 165.0, 167.0, 126.0, 150.0, 63.0, 1000.0, 88.0, 750.0, 0.0, 1000.0, 874.0, 999.0, 999.0, 999.0, 999.0, 455.0, 722.0, 0.0, 138.0], [-19.470144271850586, 0.2609682083129883, -166.70179748535156], [-0.114501953125, 0.0173492431640625, -0.168212890625, 0.978912353515625], [-31.4617977142334, 12.181510925292969, -77.53058624267578], [0.7642822265625, -0.1462554931640625, 0.2484283447265625, -0.57684326171875]
1105520, 1110.1595458984375, [1000.0, 145.0, 458.0, 121.0, 164.0, 166.0, 126.0, 150.0, 63.0, 1000.0, 88.0, 750.0, 0.0, 666.0, 867.0, 999.0, 999.0, 999.0, 999.0, 454.0, 722.0, 0.0, 138.0], [-19.32750701904297, 0.2373436838388443, -166.63783264160156], [-0.1150360107421875, 0.0175018310546875, -0.166961669921875, 0.97906494140625], [-31.32490348815918, 12.433286666870117, -77.49923706054688], [0.764801025390625, -0.14404296875, 0.249298095703125, -0.576324462890625]
1105570, 1110.20947265625, [1000.0, 145.0, 457.0, 121.0, 164.0, 166.0, 125.0, 149.0, 63.0, 1000.0, 88.0, 750.0, 0.0, 666.0, 867.0, 999.0, 999.0, 999.0, 999.0, 454.0, 722.0, 0.0, 136.0], [-19.24287986755371, 0.23744986951351166, -166.57861328125], [-0.1155548095703125, 0.0175018310546875, -0.166229248046875, 0.9791259765625], [-31.17351531982422, 12.183722496032715, -77.46095275878906], [0.7649993896484375, -0.14447021484375, 0.2469024658203125, -0.576995849609375]
1105630, 1110.2694091796875, [1000.0, 145.0, 457.0, 121.0, 163.0, 166.0, 125.0, 149.0, 63.0, 1000.0, 87.0, 750.0, 0.0, 1000.0, 868.0, 999.0, 999.0, 999.0, 999.0, 454.0, 722.0, 0.0, 136.0], [-19.26291275024414, 0.23081029951572418, -166.49505615234375], [-0.1162567138671875, 0.0177001953125, -0.1663818359375, 0.9790191650390625], [-31.518949508666992, 12.191082954406738, -77.52058410644531], [0.7642669677734375, -0.1466064453125, 0.2487640380859375, -0.576629638671875]
1105680, 1110.3194580078125, [1000.0, 145.0, 457.0, 120.0, 163.0, 166.0, 125.0, 149.0, 62.0, 1000.0, 87.0, 750.0, 0.0, 666.0, 869.0, 999.0, 999.0, 999.0, 999.0, 454.0, 722.0, 0.0, 136.0], [-19.275402069091797, 0.2001454383134842, -166.41091918945312], [-0.1169281005859375, 0.018096923828125, -0.16644287109375, 0.978912353515625], [-31.600122451782227, 12.270696640014648, -77.53524780273438], [0.7641448974609375, -0.1466827392578125, 0.24969482421875, -0.57635498046875]
1105730, 1110.3695068359375, [1000.0, 145.0, 456.0, 120.0, 163.0, 166.0, 124.0, 149.0, 62.0, 1000.0, 87.0, 750.0, 0.0, 666.0, 869.0, 999.0, 999.0, 999.0, 999.0, 454.0, 722.0, 0.0, 135.0], [-19.32875633239746, 0.2565721571445465, -166.33750915527344], [-0.1176300048828125, 0.0177764892578125, -0.1669464111328125, 0.978759765625], [-31.623878479003906, 12.129339218139648, -77.54685974121094], [0.763946533203125, -0.1475830078125, 0.248931884765625, -0.57672119140625]
1105790, 1110.429443359375, [1000.0, 144.0, 456.0, 120.0, 163.0, 166.0, 124.0, 148.0, 62.0, 1000.0, 86.0, 750.0, 0.0, 666.0, 855.0, 999.0, 999.0, 999.0, 999.0, 454.0, 721.0, 0.0, 134.0], [-19.450464248657227, 0.19901607930660248, -166.22702026367188], [-0.11846923828125, 0.0185546875, -0.16790771484375, 0.9784698486328125], [-31.588769912719727, 12.165689468383789, -77.53858184814453], [0.764068603515625, -0.1471710205078125, 0.2489776611328125, -0.57666015625]
1105840, 1110.479736328125, [1000.0, 144.0, 454.0, 120.0, 163.0, 165.0, 123.0, 148.0, 62.0, 1000.0, 86.0, 750.0, 0.0, 666.0, 851.0, 999.0, 999.0, 999.0, 999.0, 454.0, 721.0, 0.0, 134.0], [-19.452903747558594, 0.22323746979236603, -166.12930297851562], [-0.1193389892578125, 0.01849365234375, -0.167938232421875, 0.978363037109375], [-32.0641975402832, 12.2711181640625, -77.65070343017578], [0.762969970703125, -0.1495208740234375, 0.2521820068359375, -0.57611083984375]
1105890, 1110.529296875, [1000.0, 144.0, 455.0, 120.0, 162.0, 165.0, 123.0, 148.0, 62.0, 1000.0, 86.0, 750.0, 0.0, 666.0, 851.0, 999.0, 999.0, 999.0, 999.0, 453.0, 721.0, 0.0, 133.0], [-19.43743133544922, 0.1713085174560547, -166.05633544921875], [-0.1198883056640625, 0.0190277099609375, -0.1677398681640625, 0.9783172607421875], [-31.366525650024414, 12.889869689941406, -77.5878677368164], [0.7646484375, -0.1416473388671875, 0.2525177001953125, -0.5757293701171875]
1105950, 1110.58935546875, [1000.0, 144.0, 455.0, 120.0, 162.0, 164.0, 123.0, 148.0, 61.0, 1000.0, 87.0, 750.0, 0.0, 666.0, 861.0, 999.0, 999.0, 999.0, 999.0, 453.0, 722.0, 0.0, 132.0], [-19.310693740844727, 0.10774767398834229, -165.80328369140625], [-0.121978759765625, 0.019805908203125, -0.1665496826171875, 0.9782562255859375], [-31.23749542236328, 12.033242225646973, -77.42143249511719], [0.7649993896484375, -0.1457977294921875, 0.2462158203125, -0.5769500732421875]
1106000, 1110.639404296875, [1000.0, 144.0, 454.0, 119.0, 162.0, 163.0, 122.0, 147.0, 61.0, 1000.0, 86.0, 750.0, 0.0, 666.0, 863.0, 999.0, 999.0, 999.0, 999.0, 453.0, 721.0, 0.0, 132.0], [-19.005996704101562, -0.06558636575937271, -165.52305603027344], [-0.124176025390625, 0.0213623046875, -0.1637115478515625, 0.978424072265625], [-30.711952209472656, 11.363414764404297, -77.15697479248047], [0.7664794921875, -0.1464691162109375, 0.23895263671875, -0.5778656005859375]
1106060, 1110.6998291015625, [1000.0, 144.0, 454.0, 119.0, 162.0, 162.0, 122.0, 147.0, 61.0, 1000.0, 85.0, 750.0, 0.0, 666.0, 874.0, 999.0, 999.0, 999.0, 999.0, 453.0, 720.0, 0.0, 130.0], [-18.970869064331055, -0.2998143136501312, -165.1859893798828], [-0.1267242431640625, 0.0238037109375, -0.1630859375, 0.9781341552734375], [-31.545801162719727, 12.297429084777832, -77.17560577392578], [0.7660369873046875, -0.1469573974609375, 0.2491302490234375, -0.574005126953125]
1106110, 1110.74951171875, [1000.0, 144.0, 454.0, 119.0, 161.0, 161.0, 121.0, 146.0, 61.0, 1000.0, 84.0, 750.0, 0.0, 666.0, 888.0, 999.0, 999.0, 999.0, 999.0, 453.0, 721.0, 0.0, 129.0], [-18.985776901245117, -0.17112532258033752, -164.97305297851562], [-0.12872314453125, 0.0230255126953125, -0.1633148193359375, 0.9778594970703125], [-30.776050567626953, 11.714080810546875, -76.92496490478516], [0.7678375244140625, -0.1454925537109375, 0.2412261962890625, -0.5753631591796875]
1106140, 1110.7999267578125, [1000.0, 144.0, 454.0, 119.0, 161.0, 161.0, 121.0, 146.0, 61.0, 1000.0, 83.0, 750.0, 0.0, 666.0, 887.0, 999.0, 999.0, 999.0, 999.0, 453.0, 720.0, 0.0, 129.0], [-19.134506225585938, -0.39929234981536865, -164.8827362060547], [-0.1291351318359375, 0.0252685546875, -0.164306640625, 0.9775848388671875], [-30.87110137939453, 11.610309600830078, -76.96411895751953], [0.7674407958984375, -0.1466064453125, 0.2410888671875, -0.5756683349609375]
1106160, 1110.8094482421875, [1000.0, 144.0, 454.0, 119.0, 161.0, 160.0, 121.0, 146.0, 61.0, 1000.0, 83.0, 750.0, 0.0, 666.0, 887.0, 999.0, 999.0, 999.0, 999.0, 453.0, 720.0, 0.0, 128.0], [-19.21839714050293, -0.48113787174224854, -164.8291015625], [-0.12945556640625, 0.0261383056640625, -0.1649169921875, 0.9774169921875], [-30.907581329345703, 11.584345817565918, -77.00933837890625], [0.76715087890625, -0.1468963623046875, 0.2411651611328125, -0.575958251953125]
1106220, 1110.859619140625, [1000.0, 144.0, 455.0, 118.0, 160.0, 160.0, 120.0, 146.0, 60.0, 1000.0, 82.0, 1000.0, 0.0, 666.0, 884.0, 999.0, 999.0, 999.0, 999.0, 454.0, 720.0, 0.0, 127.0], [-19.034679412841797, -0.28569668531417847, -164.6915740966797], [-0.130950927734375, 0.0244598388671875, -0.163543701171875, 0.9774932861328125], [-30.666677474975586, 11.473745346069336, -77.06973266601562], [0.767059326171875, -0.145751953125, 0.23931884765625, -0.577117919921875]
1106270, 1110.90966796875, [1000.0, 144.0, 455.0, 118.0, 161.0, 159.0, 120.0, 145.0, 60.0, 1000.0, 81.0, 750.0, 0.0, 666.0, 866.0, 999.0, 999.0, 999.0, 999.0, 453.0, 720.0, 0.0, 127.0], [-18.53569984436035, -0.6101220846176147, -164.6702880859375], [-0.1307830810546875, 0.0266876220703125, -0.158905029296875, 0.97821044921875], [-31.11842918395996, 12.869422912597656, -77.16802978515625], [0.7670440673828125, -0.141021728515625, 0.2506256103515625, -0.573516845703125]
1106330, 1110.9696044921875, [1000.0, 143.0, 457.0, 123.0, 164.0, 172.0, 120.0, 146.0, 64.0, 1000.0, 81.0, 750.0, 0.0, 666.0, 911.0, 999.0, 999.0, 999.0, 999.0, 461.0, 725.0, 0.0, 128.0], [-17.826168060302734, 2.556509017944336, -165.7271728515625], [-0.126129150390625, -0.00262451171875, -0.15643310546875, 0.979583740234375], [-29.808103561401367, 14.680139541625977, -76.67471313476562], [0.7721405029296875, -0.123504638671875, 0.25506591796875, -0.5687255859375]
1106380, 1111.01953125, [1000.0, 143.0, 479.0, 129.0, 169.0, 195.0, 121.0, 147.0, 69.0, 1000.0, 80.0, 750.0, 0.0, 666.0, 904.0, 999.0, 999.0, 999.0, 999.0, 454.0, 730.0, 0.0, 132.0], [-15.889810562133789, 7.575539588928223, -166.70953369140625], [-0.1234283447265625, -0.0490264892578125, -0.144561767578125, 0.98052978515625], [-28.011369705200195, 17.256986618041992, -76.16460418701172], [0.7774658203125, -0.0985565185546875, 0.2621612548828125, -0.5630950927734375]
1106390, 1111.0694580078125, [1000.0, 143.0, 487.0, 131.0, 172.0, 201.0, 123.0, 147.0, 71.0, 1000.0, 80.0, 750.0, 0.0, 666.0, 904.0, 999.0, 999.0, 999.0, 999.0, 453.0, 731.0, 0.0, 131.0], [-15.823970794677734, 7.966463088989258, -166.86280822753906], [-0.122528076171875, -0.052642822265625, -0.144287109375, 0.980499267578125], [-27.7235107421875, 17.934375762939453, -76.06934356689453], [0.778350830078125, -0.0931549072265625, 0.2649993896484375, -0.56146240234375]
1106430, 1111.0794677734375, [1000.0, 143.0, 501.0, 134.0, 179.0, 206.0, 132.0, 146.0, 74.0, 1000.0, 77.0, 750.0, 0.0, 1000.0, 902.0, 999.0, 999.0, 999.0, 999.0, 449.0, 732.0, 0.0, 130.0], [-14.15479564666748, 8.821940422058105, -167.6239776611328], [-0.1160736083984375, -0.0626373291015625, -0.1303558349609375, 0.9826507568359375], [-24.968263626098633, 20.264881134033203, -75.29792785644531], [0.784210205078125, -0.063568115234375, 0.2659759521484375, -0.5569610595703125]
1106490, 1111.1295166015625, [1000.0, 142.0, 503.0, 136.0, 187.0, 197.0, 146.0, 145.0, 78.0, 1000.0, 74.0, 750.0, 0.0, 666.0, 922.0, 999.0, 999.0, 999.0, 999.0, 442.0, 737.0, 0.0, 130.0], [-13.210203170776367, 13.166090965270996, -169.26327514648438], [-0.1054534912109375, -0.102691650390625, -0.124420166015625, 0.9812469482421875], [-21.095596313476562, 22.90473747253418, -74.03661346435547], [0.79119873046875, -0.025726318359375, 0.2638702392578125, -0.55108642578125]
1106540, 1111.179443359375, [1000.0, 141.0, 502.0, 138.0, 191.0, 196.0, 156.0, 145.0, 82.0, 1000.0, 70.0, 750.0, 0.0, 666.0, 920.0, 999.0, 999.0, 999.0, 999.0, 438.0, 736.0, 0.0, 134.0], [-11.786218643188477, 14.111139297485352, -169.70782470703125], [-0.101104736328125, -0.112548828125, -0.1124420166015625, 0.9820556640625], [-18.2005672454834, 24.836971282958984, -72.79142761230469], [0.79638671875, 0.0016632080078125, 0.2625732421875, -0.5447998046875]
1106600, 1111.2398681640625, [1000.0, 141.0, 500.0, 137.0, 193.0, 193.0, 170.0, 145.0, 85.0, 1000.0, 67.0, 750.0, 0.0, 666.0, 927.0, 999.0, 999.0, 999.0, 999.0, 434.0, 735.0, 0.0, 135.0], [-8.842811584472656, 11.853352546691895, -170.36666870117188], [-0.0912017822265625, -0.0961456298828125, -0.085052490234375, 0.987518310546875], [-15.119890213012695, 25.953630447387695, -71.46173858642578], [0.8014068603515625, 0.0259246826171875, 0.2555694580078125, -0.540130615234375]
1106650, 1111.2894287109375, [1000.0, 140.0, 493.0, 136.0, 192.0, 186.0, 182.0, 145.0, 89.0, 1000.0, 64.0, 750.0, 0.0, 666.0, 930.0, 999.0, 999.0, 999.0, 999.0, 433.0, 735.0, 0.0, 136.0], [-7.477102279663086, 6.6544694900512695, -170.6204376220703], [-0.0852203369140625, -0.052398681640625, -0.069610595703125, 0.9925384521484375], [-13.629029273986816, 26.40738296508789, -70.70889282226562], [0.8040924072265625, 0.037017822265625, 0.2518157958984375, -0.5372467041015625]
1106700, 1111.349853515625, [1000.0, 140.0, 490.0, 136.0, 193.0, 185.0, 210.0, 146.0, 94.0, 1000.0, 62.0, 750.0, 0.0, 666.0, 932.0, 999.0, 999.0, 999.0, 999.0, 434.0, 734.0, 0.0, 137.0], [-5.252434730529785, 3.02101993560791, -172.14239501953125], [-0.0696258544921875, -0.02313232421875, -0.0475006103515625, 0.9961700439453125], [-11.337885856628418, 26.480627059936523, -70.15668487548828], [0.8057098388671875, 0.0522918701171875, 0.2417755126953125, -0.5381622314453125]
1106760, 1111.3994140625, [1000.0, 140.0, 479.0, 133.0, 196.0, 184.0, 235.0, 147.0, 99.0, 1000.0, 59.0, 750.0, 0.0, 1000.0, 909.0, 999.0, 999.0, 999.0, 999.0, 446.0, 727.0, 0.0, 139.0], [-2.902604341506958, -3.817403554916382, -175.24676513671875], [-0.04058837890625, 0.0343170166015625, -0.0239105224609375, 0.998291015625], [-12.009834289550781, 21.35063362121582, -70.96534729003906], [0.8070526123046875, 0.023223876953125, 0.209686279296875, -0.5514984130859375]
1106810, 1111.459716796875, [1000.0, 139.0, 473.0, 132.0, 197.0, 185.0, 247.0, 148.0, 104.0, 1000.0, 57.0, 750.0, 0.0, 666.0, 915.0, 999.0, 999.0, 999.0, 999.0, 455.0, 724.0, 0.0, 143.0], [1.6771835088729858, -10.620129585266113, -177.5968017578125], [-0.0222320556640625, 0.0922088623046875, 0.016510009765625, 0.9953460693359375], [-10.653220176696777, 21.176189422607422, -70.8272476196289], [0.807525634765625, 0.031646728515625, 0.2019805908203125, -0.5532379150390625]
1106870, 1111.509521484375, [1000.0, 139.0, 471.0, 132.0, 197.0, 187.0, 256.0, 151.0, 109.0, 1000.0, 54.0, 750.0, 0.0, 666.0, 922.0, 999.0, 999.0, 999.0, 999.0, 454.0, 714.0, 0.0, 146.0], [4.563475131988525, -17.043167114257812, 178.4276123046875], [0.007659912109375, 0.148590087890625, 0.0373382568359375, 0.9881591796875], [-9.667729377746582, 21.318174362182617, -70.99353790283203], [0.8062896728515625, 0.0395965576171875, 0.1981353759765625, -0.555908203125]
1106920, 1111.5594482421875, [1000.0, 138.0, 463.0, 131.0, 193.0, 194.0, 249.0, 156.0, 110.0, 1000.0, 52.0, 750.0, 0.0, 666.0, 914.0, 999.0, 999.0, 999.0, 999.0, 449.0, 708.0, 0.0, 166.0], [6.526166915893555, -20.781890869140625, 175.2119903564453], [0.03076171875, 0.1822509765625, 0.0484161376953125, 0.9815673828125], [-9.40162181854248, 21.134204864501953, -71.14042663574219], [0.8056488037109375, 0.0407867431640625, 0.195526123046875, -0.55767822265625]
1106970, 1111.6197509765625, [1000.0, 136.0, 454.0, 132.0, 188.0, 211.0, 235.0, 177.0, 107.0, 1000.0, 52.0, 750.0, 0.0, 666.0, 874.0, 999.0, 999.0, 999.0, 999.0, 438.0, 702.0, 0.0, 259.0], [7.641718864440918, -23.492286682128906, 172.0537109375], [0.0541534423828125, 0.2071533203125, 0.0510101318359375, 0.9754638671875], [-9.27535629272461, 22.520183563232422, -71.83958435058594], [0.8009033203125, 0.049957275390625, 0.204132080078125, -0.5606842041015625]
1107000, 1111.6697998046875, [1000.0, 135.0, 450.0, 131.0, 183.0, 242.0, 251.0, 250.0, 106.0, 1000.0, 55.0, 750.0, 0.0, 666.0, 882.0, 999.0, 999.0, 999.0, 999.0, 434.0, 697.0, 0.0, 323.0], [7.5937819480896, -24.67684555053711, 170.6217498779297], [0.065582275390625, 0.2177886962890625, 0.0470428466796875, 0.9726409912109375], [-9.532565116882324, 23.345979690551758, -72.47748565673828], [0.7970733642578125, 0.053558349609375, 0.210723876953125, -0.5633544921875]
1107030, 1111.679443359375, [1000.0, 134.0, 446.0, 131.0, 179.0, 290.0, 233.0, 326.0, 106.0, 1000.0, 61.0, 750.0, 0.0, 666.0, 883.0, 999.0, 999.0, 999.0, 999.0, 432.0, 698.0, 0.0, 401.0], [7.413186550140381, -26.32114601135254, 169.623291015625], [0.073211669921875, 0.231964111328125, 0.042144775390625, 0.9690399169921875], [-10.193073272705078, 24.09297752380371, -73.12987518310547], [0.793426513671875, 0.0540618896484375, 0.218719482421875, -0.5654144287109375]
1107080, 1111.729736328125, [1000.0, 135.0, 436.0, 134.0, 202.0, 403.0, 245.0, 504.0, 105.0, 1000.0, 95.0, 750.0, 0.0, 1000.0, 913.0, 999.0, 999.0, 999.0, 999.0, 427.0, 713.0, 0.0, 532.0], [7.477458953857422, -28.03398895263672, 168.32774353027344], [0.082733154296875, 0.2468719482421875, 0.038360595703125, 0.9647369384765625], [-7.41606330871582, 25.71234703063965, -72.48309326171875], [0.7931671142578125, 0.080413818359375, 0.2163543701171875, -0.5635528564453125]
1107130, 1111.7794189453125, [1000.0, 136.0, 428.0, 137.0, 290.0, 426.0, 308.0, 615.0, 99.0, 1000.0, 177.0, 750.0, 0.0, 666.0, 897.0, 999.0, 863.0, 999.0, 999.0, 423.0, 733.0, 0.0, 607.0], [7.749486923217773, -29.866090774536133, 167.0656280517578], [0.091278076171875, 0.2628173828125, 0.035919189453125, 0.9598388671875], [-8.096653938293457, 26.324840545654297, -73.88513946533203], [0.78594970703125, 0.081573486328125, 0.2228546142578125, -0.5709075927734375]
1107190, 1111.839599609375, [1000.0, 137.0, 427.0, 137.0, 481.0, 395.0, 485.0, 702.0, 87.0, 1000.0, 249.0, 750.0, 0.0, 666.0, 877.0, 999.0, 775.0, 999.0, 999.0, 416.0, 774.0, 0.0, 641.0], [5.296000003814697, -32.34892654418945, 165.945556640625], [0.1045989990234375, 0.2816009521484375, 0.0099945068359375, 0.9537506103515625], [-11.8349609375, 27.231460571289062, -77.95014953613281], [0.7667999267578125, 0.0693817138671875, 0.24505615234375, -0.58917236328125]
1107240, 1111.8892822265625, [1000.0, 136.0, 438.0, 141.0, 784.0, 347.0, 692.0, 525.0, 78.0, 1000.0, 245.0, 750.0, 0.0, 1000.0, 886.0, 999.0, 757.0, 999.0, 999.0, 408.0, 800.0, 0.0, 609.0], [2.734866142272949, -34.959991455078125, 165.34732055664062], [0.1144866943359375, 0.3007354736328125, -0.015716552734375, 0.9466705322265625], [-15.93857479095459, 27.568387985229492, -82.00309753417969], [0.7475433349609375, 0.053192138671875, 0.26641845703125, -0.6060943603515625]
1107300, 1111.9495849609375, [1000.0, 134.0, 728.0, 141.0, 936.0, 276.0, 929.0, 427.0, 77.0, 1000.0, 208.0, 750.0, 0.0, 666.0, 969.0, 999.0, 998.0, 999.0, 999.0, 400.0, 805.0, 0.0, 542.0], [-1.4197252988815308, -38.64723205566406, 165.5888671875], [0.1224212646484375, 0.3267974853515625, -0.0531005859375, 0.9356231689453125], [-21.769128799438477, 27.260013580322266, -86.73528289794922], [0.7243194580078125, 0.0254974365234375, 0.2942352294921875, -0.6229705810546875]
1107350, 1111.999755859375, [1000.0, 132.0, 891.0, 131.0, 984.0, 214.0, 971.0, 291.0, 130.0, 1000.0, 183.0, 750.0, 0.0, 666.0, 859.0, 999.0, 999.0, 999.0, 999.0, 392.0, 818.0, 0.0, 495.0], [-4.5809006690979, -41.05048751831055, 166.5225830078125], [0.12371826171875, 0.3435211181640625, -0.078277587890625, 0.927642822265625], [-25.256912231445312, 26.679691314697266, -88.863037109375], [0.71331787109375, 0.005706787109375, 0.3096923828125, -0.628662109375]
1107400, 1112.0496826171875, [1000.0, 131.0, 958.0, 118.0, 1000.0, 146.0, 998.0, 253.0, 818.0, 1000.0, 161.0, 750.0, 0.0, 666.0, 664.0, 999.0, 999.0, 999.0, 999.0, 384.0, 837.0, 0.0, 466.0], [-5.848577976226807, -41.355499267578125, 166.8487548828125], [0.1248931884765625, 0.3448638916015625, -0.087799072265625, 0.9261474609375], [-32.22602844238281, 24.48099136352539, -91.8447265625], [0.69537353515625, -0.0423431396484375, 0.3365325927734375, -0.633544921875]
1107460, 1112.109619140625, [1000.0, 130.0, 972.0, 113.0, 1000.0, 120.0, 1000.0, 230.0, 934.0, 1000.0, 147.0, 750.0, 0.0, 666.0, 394.0, 999.0, 999.0, 997.0, 999.0, 376.0, 857.0, 0.0, 465.0], [-4.544591426849365, -39.979347229003906, 165.95167541503906], [0.1282806396484375, 0.3344573974609375, -0.0787506103515625, 0.9302978515625], [-27.77106475830078, 26.41084861755371, -89.8482666015625], [0.7078857421875, -0.008819580078125, 0.3220062255859375, -0.6285858154296875]
1107510, 1112.15966796875, [1000.0, 129.0, 990.0, 114.0, 1000.0, 160.0, 1000.0, 221.0, 962.0, 1000.0, 140.0, 750.0, 0.0, 666.0, 229.0, 999.0, 999.0, 992.0, 999.0, 371.0, 865.0, 0.0, 460.0], [-4.868475914001465, -39.15519332885742, 166.6822509765625], [0.123291015625, 0.327880859375, -0.0785675048828125, 0.9333343505859375], [-24.01376724243164, 27.106496810913086, -87.41372680664062], [0.7210540771484375, 0.0121917724609375, 0.3054351806640625, -0.6217803955078125]
1107570, 1112.2196044921875, [1000.0, 128.0, 1000.0, 123.0, 1000.0, 176.0, 1000.0, 213.0, 984.0, 1000.0, 129.0, 750.0, 0.0, 1000.0, 217.0, 999.0, 945.0, 999.0, 999.0, 366.0, 881.0, 0.0, 411.0], [-7.05705451965332, -36.795284271240234, 169.87498474121094], [0.1029205322265625, 0.308624267578125, -0.085968017578125, 0.9416656494140625], [-24.324951171875, 27.289396286010742, -85.04219818115234], [0.733734130859375, 0.0049591064453125, 0.3083343505859375, -0.60540771484375]
1107620, 1112.26953125, [1000.0, 127.0, 1000.0, 126.0, 1000.0, 187.0, 1000.0, 202.0, 940.0, 1000.0, 115.0, 750.0, 0.0, 1000.0, 246.0, 999.0, 999.0, 999.0, 999.0, 362.0, 873.0, 0.0, 528.0], [-6.15137243270874, -30.844512939453125, 170.494140625], [0.0939788818359375, 0.260345458984375, -0.07354736328125, 0.958099365234375], [-21.804222106933594, 28.136198043823242, -82.76541900634766], [0.74505615234375, 0.0201416015625, 0.3003692626953125, -0.595184326171875]
1107670, 1112.31982421875, [1000.0, 132.0, 1000.0, 129.0, 1000.0, 210.0, 973.0, 394.0, 813.0, 1000.0, 193.0, 750.0, 0.0, 1000.0, 281.0, 999.0, 999.0, 999.0, 999.0, 356.0, 868.0, 0.0, 734.0], [-8.568665504455566, -28.177059173583984, 171.93917846679688], [0.08612060546875, 0.2370452880859375, -0.0893402099609375, 0.963531494140625], [-24.592754364013672, 29.19033432006836, -82.43504333496094], [0.7465972900390625, 0.0072021484375, 0.3209991455078125, -0.5826568603515625]
1107730, 1112.3795166015625, [1000.0, 142.0, 1000.0, 135.0, 763.0, 694.0, 748.0, 910.0, 557.0, 1000.0, 776.0, 750.0, 0.0, 666.0, 304.0, 999.0, 999.0, 999.0, 999.0, 352.0, 862.0, 0.0, 852.0], [-16.11827278137207, -25.107620239257812, 176.4715118408203], [0.060211181640625, 0.2108917236328125, -0.143402099609375, 0.9650421142578125], [-30.43486785888672, 29.966999053955078, -83.46279907226562], [0.74078369140625, -0.023162841796875, 0.354949951171875, -0.5698089599609375]
1107780, 1112.4296875, [1000.0, 145.0, 1000.0, 146.0, 596.0, 832.0, 484.0, 970.0, 325.0, 1000.0, 877.0, 750.0, 0.0, 1000.0, 227.0, 999.0, 999.0, 999.0, 999.0, 352.0, 831.0, 0.0, 896.0], [-23.902193069458008, -25.438547134399414, -179.58786010742188], [0.0421600341796875, 0.21612548828125, -0.2012176513671875, 0.9544677734375], [-39.20315933227539, 30.13642692565918, -86.51754760742188], [0.72222900390625, -0.068084716796875, 0.4003448486328125, -0.5598602294921875]
1107840, 1112.4898681640625, [1000.0, 147.0, 987.0, 172.0, 552.0, 842.0, 416.0, 983.0, 244.0, 1000.0, 900.0, 750.0, 0.0, 1000.0, 150.0, 999.0, 828.0, 999.0, 999.0, 353.0, 816.0, 0.0, 901.0], [-35.69707489013672, -25.60132598876953, -175.21286010742188], [0.029083251953125, 0.2231903076171875, -0.2898101806640625, 0.9302215576171875], [-53.15071487426758, 29.572214126586914, -92.39436340332031], [0.680938720703125, -0.134674072265625, 0.4701690673828125, -0.5450592041015625]
1107890, 1112.53955078125, [1000.0, 149.0, 979.0, 193.0, 557.0, 846.0, 389.0, 980.0, 214.0, 1000.0, 907.0, 750.0, 0.0, 666.0, 119.0, 999.0, 459.0, 999.0, 999.0, 353.0, 814.0, 0.0, 909.0], [-47.427024841308594, -26.36022186279297, -171.0580291748047], [0.0219268798828125, 0.2386474609375, -0.3740997314453125, 0.8958740234375], [-65.44122314453125, 28.93007469177246, -97.69422912597656], [0.63775634765625, -0.1862030029296875, 0.5323944091796875, -0.5245361328125]
1107940, 1112.5897216796875, [1000.0, 150.0, 958.0, 211.0, 544.0, 842.0, 387.0, 980.0, 199.0, 1000.0, 917.0, 750.0, 0.0, 666.0, 131.0, 999.0, 531.0, 999.0, 999.0, 355.0, 810.0, 0.0, 920.0], [-60.762142181396484, -24.1108455657959, -165.5417938232422], [-0.001373291015625, 0.2409820556640625, -0.467987060546875, 0.8502349853515625], [-77.70687866210938, 28.56777572631836, -102.32459259033203], [0.5938262939453125, -0.2315826416015625, 0.594024658203125, -0.4907684326171875]
1108000, 1112.6495361328125, [1000.0, 151.0, 952.0, 206.0, 555.0, 802.0, 388.0, 970.0, 166.0, 1000.0, 935.0, 1000.0, 0.0, 1000.0, 149.0, 999.0, 719.0, 999.0, 999.0, 356.0, 803.0, 0.0, 912.0], [-76.24662017822266, -20.716001510620117, -159.86520385742188], [-0.0259857177734375, 0.24542236328125, -0.573211669921875, 0.781341552734375], [-90.62723541259766, 28.24095916748047, -106.89457702636719], [0.5454864501953125, -0.2728118896484375, 0.656036376953125, -0.4445343017578125]
1108050, 1112.6995849609375, [1000.0, 151.0, 954.0, 198.0, 558.0, 775.0, 379.0, 959.0, 151.0, 1000.0, 942.0, 750.0, 0.0, 666.0, 181.0, 999.0, 832.0, 999.0, 999.0, 357.0, 797.0, 0.0, 908.0], [-87.10400390625, -15.881865501403809, -156.75189208984375], [-0.0513916015625, 0.235565185546875, -0.648223876953125, 0.7222442626953125], [-100.3707504272461, 28.17707633972168, -109.53301239013672], [0.5110015869140625, -0.302490234375, 0.6984405517578125, -0.3993988037109375]
1108110, 1112.759521484375, [1000.0, 153.0, 960.0, 182.0, 530.0, 740.0, 309.0, 919.0, 123.0, 1000.0, 947.0, 750.0, 0.0, 1000.0, 194.0, 999.0, 915.0, 999.0, 999.0, 357.0, 777.0, 0.0, 890.0], [-95.76860046386719, -10.230822563171387, -155.5740509033203], [-0.07666015625, 0.2147369384765625, -0.7094573974609375, 0.6668243408203125], [-107.84800720214844, 28.72196388244629, -111.70427703857422], [0.486114501953125, -0.318634033203125, 0.7299652099609375, -0.3595733642578125]
1108160, 1112.8096923828125, [1000.0, 154.0, 948.0, 178.0, 523.0, 731.0, 296.0, 910.0, 114.0, 1000.0, 941.0, 750.0, 0.0, 1000.0, 211.0, 999.0, 895.0, 999.0, 999.0, 357.0, 771.0, 0.0, 884.0], [-97.60640716552734, -5.079675197601318, -156.4732666015625], [-0.10150146484375, 0.18182373046875, -0.7299652099609375, 0.650970458984375], [-109.2702407836914, 30.13056182861328, -112.54364013671875], [0.486602783203125, -0.3121185302734375, 0.738433837890625, -0.3471221923828125]
1108210, 1112.859619140625, [1000.0, 155.0, 943.0, 175.0, 516.0, 718.0, 290.0, 903.0, 107.0, 1000.0, 936.0, 750.0, 0.0, 666.0, 202.0, 999.0, 875.0, 999.0, 999.0, 358.0, 764.0, 0.0, 877.0], [-98.63690185546875, -1.05423903465271, -156.3372802734375], [-0.1268157958984375, 0.161346435546875, -0.740966796875, 0.639404296875], [-111.19035339355469, 31.600488662719727, -113.19041442871094], [0.4868621826171875, -0.3086395263671875, 0.7474365234375, -0.3301849365234375]
1108270, 1112.9193115234375, [1000.0, 156.0, 933.0, 176.0, 502.0, 708.0, 290.0, 891.0, 100.0, 1000.0, 924.0, 750.0, 0.0, 1000.0, 193.0, 999.0, 787.0, 999.0, 999.0, 357.0, 752.0, 0.0, 858.0], [-99.33729553222656, 6.6875505447387695, -156.56309509277344], [-0.1747589111328125, 0.1175994873046875, -0.7528076171875, 0.62359619140625], [-111.82685089111328, 33.621971130371094, -113.49905395507812], [0.4944610595703125, -0.29913330078125, 0.751861572265625, -0.31732177734375]
1108320, 1112.9696044921875, [1000.0, 157.0, 931.0, 177.0, 497.0, 696.0, 287.0, 884.0, 96.0, 1000.0, 919.0, 750.0, 0.0, 1000.0, 185.0, 999.0, 881.0, 999.0, 999.0, 357.0, 743.0, 0.0, 847.0], [-100.19590759277344, 8.518787384033203, -156.49734497070312], [-0.186065673828125, 0.109161376953125, -0.7586822509765625, 0.61468505859375], [-113.02435302734375, 34.951934814453125, -113.91666412353516], [0.4969024658203125, -0.2948455810546875, 0.7571868896484375, -0.3046112060546875]
1108370, 1113.0196533203125, [1000.0, 158.0, 926.0, 177.0, 486.0, 691.0, 281.0, 880.0, 93.0, 1000.0, 915.0, 750.0, 0.0, 666.0, 185.0, 999.0, 884.0, 999.0, 999.0, 356.0, 739.0, 0.0, 843.0], [-99.54951477050781, 10.563647270202637, -157.01315307617188], [-0.1970062255859375, 0.093231201171875, -0.756866455078125, 0.61614990234375], [-112.26698303222656, 35.789188385009766, -113.78099822998047], [0.5033721923828125, -0.2881927490234375, 0.7553863525390625, -0.3048248291015625]
1108430, 1113.0797119140625, [1000.0, 158.0, 922.0, 177.0, 483.0, 680.0, 277.0, 873.0, 90.0, 1000.0, 910.0, 750.0, 0.0, 666.0, 179.0, 999.0, 817.0, 999.0, 999.0, 355.0, 734.0, 0.0, 835.0], [-98.45983123779297, 11.05386734008789, -157.6420440673828], [-0.19757080078125, 0.084442138671875, -0.7516937255859375, 0.623504638671875], [-113.37798309326172, 37.63724899291992, -114.83294677734375], [0.507080078125, -0.2767181396484375, 0.7619171142578125, -0.2928314208984375]
1108480, 1113.129638671875, [1000.0, 159.0, 920.0, 177.0, 479.0, 676.0, 264.0, 867.0, 87.0, 1000.0, 908.0, 750.0, 0.0, 666.0, 179.0, 999.0, 795.0, 999.0, 999.0, 354.0, 730.0, 0.0, 830.0], [-96.84101867675781, 10.216167449951172, -158.2321014404297], [-0.190216064453125, 0.0826568603515625, -0.7428131103515625, 0.6365509033203125], [-111.3927001953125, 36.861907958984375, -114.18959045410156], [0.5097198486328125, -0.2761383056640625, 0.7547454833984375, -0.3070068359375]
1108540, 1113.189697265625, [1000.0, 160.0, 919.0, 180.0, 473.0, 674.0, 258.0, 865.0, 85.0, 1000.0, 902.0, 750.0, 0.0, 666.0, 177.0, 999.0, 741.0, 999.0, 999.0, 353.0, 729.0, 0.0, 827.0], [-96.33775329589844, 9.33088207244873, -158.6544189453125], [-0.1826629638671875, 0.084228515625, -0.739837646484375, 0.641998291015625], [-110.31534576416016, 36.81005096435547, -112.47252655029297], [0.516693115234375, -0.2828369140625, 0.7476348876953125, -0.306640625]
1108590, 1113.2396240234375, [1000.0, 161.0, 917.0, 182.0, 470.0, 675.0, 254.0, 865.0, 83.0, 1000.0, 899.0, 750.0, 0.0, 666.0, 173.0, 999.0, 710.0, 999.0, 999.0, 352.0, 729.0, 0.0, 826.0], [-97.27256774902344, 8.907478332519531, -158.9453125], [-0.17767333984375, 0.0862579345703125, -0.7450408935546875, 0.6371002197265625], [-110.23261260986328, 37.307403564453125, -111.1915283203125], [0.52264404296875, -0.2882232666015625, 0.7446136474609375, -0.298828125]
1108600, 1113.28955078125, [1000.0, 161.0, 917.0, 182.0, 470.0, 674.0, 253.0, 864.0, 82.0, 1000.0, 899.0, 750.0, 0.0, 666.0, 172.0, 999.0, 705.0, 999.0, 999.0, 352.0, 728.0, 0.0, 825.0], [-97.4732894897461, 8.803752899169922, -159.00006103515625], [-0.1765594482421875, 0.0868072509765625, -0.7461395263671875, 0.63604736328125], [-110.12722778320312, 37.36558532714844, -110.9300308227539], [0.52386474609375, -0.2891387939453125, 0.7437286376953125, -0.2980194091796875]
1108640, 1113.2994384765625, [1000.0, 161.0, 916.0, 181.0, 468.0, 670.0, 252.0, 861.0, 81.0, 1000.0, 897.0, 750.0, 0.0, 666.0, 170.0, 999.0, 704.0, 999.0, 999.0, 351.0, 726.0, 0.0, 822.0], [-97.58418273925781, 8.45982551574707, -159.1129913330078], [-0.1736602783203125, 0.0882110595703125, -0.74664306640625, 0.63604736328125], [-108.08024597167969, 33.86558532714844, -109.30072021484375], [0.5172882080078125, -0.308502197265625, 0.7305145263671875, -0.3217926025390625]
1108700, 1113.3494873046875, [1000.0, 162.0, 915.0, 181.0, 467.0, 669.0, 249.0, 861.0, 79.0, 1000.0, 895.0, 750.0, 0.0, 1000.0, 173.0, 999.0, 713.0, 999.0, 999.0, 350.0, 725.0, 0.0, 822.0], [-96.39948272705078, 8.887619018554688, -158.7152099609375], [-0.1794891357421875, 0.0865020751953125, -0.7399749755859375, 0.642425537109375], [-110.34724426269531, 30.715131759643555, -110.91201782226562], [0.4913330078125, -0.3242645263671875, 0.737762451171875, -0.330322265625]
1108750, 1113.3995361328125, [1000.0, 162.0, 914.0, 181.0, 466.0, 667.0, 247.0, 859.0, 78.0, 1000.0, 893.0, 750.0, 0.0, 666.0, 171.0, 999.0, 714.0, 999.0, 999.0, 350.0, 721.0, 0.0, 821.0], [-97.00057220458984, 9.304548263549805, -158.7063446044922], [-0.1817169189453125, 0.0850982666015625, -0.743560791015625, 0.6378326416015625], [-110.0877456665039, 29.804819107055664, -111.05811309814453], [0.4871368408203125, -0.3267974853515625, 0.7363433837890625, -0.337158203125]
1108810, 1113.459716796875, [1000.0, 163.0, 913.0, 182.0, 465.0, 666.0, 245.0, 857.0, 76.0, 1000.0, 891.0, 750.0, 0.0, 1000.0, 172.0, 999.0, 697.0, 999.0, 999.0, 349.0, 720.0, 0.0, 819.0], [-97.77555084228516, 8.684122085571289, -158.57492065429688], [-0.17791748046875, 0.090728759765625, -0.747406005859375, 0.63360595703125], [-111.27367401123047, 29.109264373779297, -111.71109771728516], [0.4783172607421875, -0.3310546875, 0.7408599853515625, -0.3357086181640625]
1108860, 1113.509521484375, [1000.0, 163.0, 913.0, 182.0, 464.0, 665.0, 243.0, 855.0, 75.0, 1000.0, 889.0, 750.0, 0.0, 1000.0, 173.0, 999.0, 681.0, 999.0, 999.0, 349.0, 718.0, 0.0, 818.0], [-97.8663330078125, 8.284677505493164, -158.75904846191406], [-0.174285888671875, 0.091949462890625, -0.747833251953125, 0.6339569091796875], [-110.98387145996094, 29.375152587890625, -111.62406921386719], [0.4807586669921875, -0.3290863037109375, 0.740081787109375, -0.335906982421875]
1108910, 1113.569580078125, [1000.0, 164.0, 912.0, 182.0, 463.0, 665.0, 241.0, 854.0, 74.0, 1000.0, 888.0, 750.0, 0.0, 1000.0, 173.0, 999.0, 672.0, 999.0, 999.0, 348.0, 718.0, 0.0, 817.0], [-98.63656616210938, 9.106225967407227, -158.90420532226562], [-0.178131103515625, 0.0875091552734375, -0.7526397705078125, 0.6277923583984375], [-110.86624145507812, 29.369657516479492, -111.49930572509766], [0.4814300537109375, -0.3294219970703125, 0.7393646240234375, -0.3361663818359375]
1108970, 1113.6195068359375, [1000.0, 164.0, 912.0, 182.0, 463.0, 664.0, 238.0, 853.0, 73.0, 1000.0, 885.0, 750.0, 0.0, 666.0, 179.0, 999.0, 680.0, 999.0, 999.0, 347.0, 717.0, 0.0, 815.0], [-97.74205780029297, 9.256881713867188, -159.08926391601562], [-0.178741455078125, 0.08404541015625, -0.7479248046875, 0.6336822509765625], [-109.00005340576172, 28.950353622436523, -111.05413055419922], [0.4860076904296875, -0.326507568359375, 0.73199462890625, -0.3483428955078125]
1109000, 1113.6693115234375, [1000.0, 165.0, 912.0, 182.0, 463.0, 662.0, 237.0, 851.0, 72.0, 1000.0, 883.0, 750.0, 0.0, 666.0, 181.0, 999.0, 683.0, 999.0, 999.0, 347.0, 716.0, 0.0, 814.0], [-96.33244323730469, 8.320276260375977, -158.84658813476562], [-0.17523193359375, 0.088836669921875, -0.7393646240234375, 0.64398193359375], [-107.95320129394531, 28.7495174407959, -110.77110290527344], [0.488861083984375, -0.3248748779296875, 0.7277069091796875, -0.35479736328125]
1109020, 1113.679443359375, [1000.0, 165.0, 912.0, 182.0, 462.0, 662.0, 236.0, 850.0, 72.0, 1000.0, 883.0, 750.0, 0.0, 1000.0, 184.0, 999.0, 683.0, 999.0, 999.0, 347.0, 716.0, 0.0, 813.0], [-95.62361145019531, 7.589142322540283, -158.75657653808594], [-0.1717071533203125, 0.09259033203125, -0.734832763671875, 0.649566650390625], [-107.61941528320312, 28.595895767211914, -110.67256927490234], [0.4893646240234375, -0.324859619140625, 0.7261810302734375, -0.3572540283203125]
1109080, 1113.7293701171875, [1000.0, 165.0, 912.0, 182.0, 462.0, 661.0, 234.0, 847.0, 71.0, 1000.0, 881.0, 750.0, 0.0, 666.0, 187.0, 999.0, 691.0, 999.0, 999.0, 347.0, 716.0, 0.0, 813.0], [-94.58129119873047, 6.905239582061768, -158.9053497314453], [-0.1674346923828125, 0.0941009521484375, -0.728546142578125, 0.657501220703125], [-105.9050064086914, 29.607576370239258, -109.9169921875], [0.50140380859375, -0.3170166015625, 0.72015380859375, -0.35980224609375]
1109110, 1113.779541015625, [1000.0, 166.0, 912.0, 182.0, 461.0, 659.0, 233.0, 846.0, 70.0, 1000.0, 880.0, 750.0, 0.0, 1000.0, 188.0, 999.0, 694.0, 999.0, 999.0, 346.0, 716.0, 0.0, 812.0], [-94.37325286865234, 6.864661693572998, -158.95770263671875], [-0.16705322265625, 0.0937042236328125, -0.7273712158203125, 0.658966064453125], [-105.73486328125, 30.046388626098633, -109.71940612792969], [0.5045623779296875, -0.3152313232421875, 0.7197113037109375, -0.357818603515625]
1109130, 1113.7894287109375, [1000.0, 166.0, 912.0, 181.0, 461.0, 659.0, 232.0, 845.0, 69.0, 1000.0, 879.0, 750.0, 0.0, 666.0, 188.0, 999.0, 681.0, 999.0, 999.0, 346.0, 716.0, 0.0, 810.0], [-94.22782135009766, 6.847907543182373, -159.10580444335938], [-0.1662139892578125, 0.0926513671875, -0.7266387939453125, 0.660125732421875], [-105.38615417480469, 30.234445571899414, -109.49819946289062], [0.5070953369140625, -0.3141021728515625, 0.718292236328125, -0.35809326171875]
1109180, 1113.8397216796875, [1000.0, 167.0, 911.0, 181.0, 460.0, 656.0, 230.0, 843.0, 69.0, 1000.0, 878.0, 1000.0, 0.0, 666.0, 189.0, 999.0, 679.0, 999.0, 999.0, 346.0, 714.0, 0.0, 809.0], [-93.60437774658203, 7.030911445617676, -159.53477478027344], [-0.1653594970703125, 0.08795166015625, -0.7234954833984375, 0.6644134521484375], [-104.74593353271484, 31.432920455932617, -109.35712432861328], [0.5148162841796875, -0.30584716796875, 0.7176513671875, -0.35546875]
1109240, 1113.889404296875, [1000.0, 167.0, 910.0, 181.0, 460.0, 655.0, 229.0, 840.0, 67.0, 1000.0, 876.0, 750.0, 0.0, 666.0, 194.0, 999.0, 687.0, 999.0, 999.0, 345.0, 713.0, 0.0, 809.0], [-93.62704467773438, 7.782203197479248, -159.86753845214844], [-0.168060302734375, 0.0814208984375, -0.724365234375, 0.66363525390625], [-105.15612030029297, 31.08444595336914, -109.93438720703125], [0.51031494140625, -0.3058929443359375, 0.719970703125, -0.3572235107421875]
