1149030, 1153.859130859375, [1000.0, 153.0, 478.0, 96.0, 185.0, 133.0, 112.0, 152.0, 32.0, 1000.0, 65.0, 750.0, 0.0, 666.0, 871.0, 999.0, 999.0, 999.0, 999.0, 531.0, 697.0, 0.0, 176.0], [-19.255430221557617, -4.361935138702393, -107.59864044189453], [-0.5767364501953125, 0.1289825439453125, -0.112701416015625, 0.79876708984375], [-33.1201286315918, 7.335724353790283, -92.45283508300781], [0.6749114990234375, -0.152496337890625, 0.247802734375, -0.6780853271484375]
1149080, 1153.909423828125, [1000.0, 153.0, 478.0, 96.0, 184.0, 133.0, 111.0, 151.0, 32.0, 1000.0, 64.0, 750.0, 0.0, 666.0, 870.0, 999.0, 999.0, 999.0, 999.0, 530.0, 698.0, 0.0, 176.0], [-19.344568252563477, -4.348407745361328, -107.55548858642578], [-0.5769500732421875, 0.1293792724609375, -0.11334228515625, 0.7984466552734375], [-33.02650833129883, 7.263463497161865, -92.54487609863281], [0.6743927001953125, -0.152191162109375, 0.2469635009765625, -0.678985595703125]
1149130, 1153.95947265625, [1000.0, 153.0, 478.0, 96.0, 184.0, 132.0, 111.0, 151.0, 31.0, 1000.0, 64.0, 750.0, 0.0, 1000.0, 872.0, 999.0, 999.0, 999.0, 999.0, 530.0, 697.0, 0.0, 174.0], [-19.30103874206543, -4.342240810394287, -107.56735229492188], [-0.5769195556640625, 0.1291046142578125, -0.1130828857421875, 0.7985382080078125], [-32.601600646972656, 6.84373664855957, -92.52352905273438], [0.6744842529296875, -0.152313232421875, 0.242034912109375, -0.680633544921875]
1149190, 1154.0194091796875, [1000.0, 153.0, 477.0, 95.0, 183.0, 132.0, 110.0, 150.0, 31.0, 1000.0, 63.0, 750.0, 0.0, 1000.0, 870.0, 999.0, 999.0, 999.0, 999.0, 530.0, 697.0, 0.0, 174.0], [-19.25904655456543, -4.380072593688965, -107.51060485839844], [-0.5773162841796875, 0.12921142578125, -0.1125335693359375, 0.7983245849609375], [-32.51765060424805, 6.586365222930908, -92.49549865722656], [0.6743927001953125, -0.1534576416015625, 0.2400360107421875, -0.6811676025390625]
1149240, 1154.0697021484375, [1000.0, 153.0, 477.0, 95.0, 182.0, 131.0, 110.0, 150.0, 31.0, 1000.0, 62.0, 750.0, 0.0, 666.0, 873.0, 999.0, 999.0, 999.0, 999.0, 529.0, 696.0, 0.0, 171.0], [-19.132076263427734, -4.377834320068359, -107.43255615234375], [-0.5780029296875, 0.128631591796875, -0.111572265625, 0.7980499267578125], [-31.928123474121094, 6.198331356048584, -92.38898468017578], [0.675262451171875, -0.152587890625, 0.2341766357421875, -0.6825408935546875]
1149290, 1154.11962890625, [1000.0, 153.0, 476.0, 95.0, 182.0, 131.0, 109.0, 150.0, 30.0, 1000.0, 62.0, 750.0, 0.0, 1000.0, 874.0, 999.0, 999.0, 999.0, 999.0, 529.0, 696.0, 0.0, 170.0], [-18.951337814331055, -4.368467807769775, -107.36903381347656], [-0.5786590576171875, 0.127716064453125, -0.11029052734375, 0.7978973388671875], [-31.967567443847656, 5.755185604095459, -92.36957550048828], [0.6746978759765625, -0.15557861328125, 0.2318572998046875, -0.6832275390625]
1149350, 1154.179443359375, [1000.0, 153.0, 475.0, 94.0, 181.0, 130.0, 108.0, 149.0, 30.0, 1000.0, 61.0, 750.0, 0.0, 666.0, 874.0, 999.0, 999.0, 999.0, 999.0, 529.0, 696.0, 0.0, 168.0], [-18.711881637573242, -4.605832576751709, -107.289794921875], [-0.57916259765625, 0.1282196044921875, -0.1073150634765625, 0.7978668212890625], [-32.107765197753906, 5.80880069732666, -92.39551544189453], [0.6744232177734375, -0.1560211181640625, 0.2330322265625, -0.6829833984375]
1149400, 1154.2296142578125, [1000.0, 153.0, 475.0, 94.0, 181.0, 130.0, 108.0, 149.0, 30.0, 1000.0, 60.0, 750.0, 0.0, 666.0, 874.0, 999.0, 999.0, 999.0, 999.0, 529.0, 696.0, 0.0, 168.0], [-18.682415008544922, -4.76380729675293, -107.21817779541016], [-0.5794830322265625, 0.1292266845703125, -0.1062164306640625, 0.7976226806640625], [-32.087459564208984, 5.384694576263428, -92.39177703857422], [0.673858642578125, -0.15850830078125, 0.2304840087890625, -0.683837890625]
1149460, 1154.2894287109375, [1000.0, 153.0, 474.0, 94.0, 180.0, 130.0, 107.0, 148.0, 30.0, 1000.0, 60.0, 750.0, 0.0, 1000.0, 881.0, 999.0, 999.0, 999.0, 999.0, 529.0, 695.0, 0.0, 166.0], [-18.65789222717285, -4.694549083709717, -107.07975769042969], [-0.58056640625, 0.128753662109375, -0.1062469482421875, 0.796905517578125], [-31.12575340270996, 6.183019161224365, -92.19136810302734], [0.6774749755859375, -0.148345947265625, 0.2290496826171875, -0.6830291748046875]
1149510, 1154.3394775390625, [1000.0, 152.0, 474.0, 93.0, 179.0, 129.0, 107.0, 147.0, 29.0, 1000.0, 59.0, 750.0, 0.0, 1000.0, 880.0, 999.0, 999.0, 999.0, 999.0, 529.0, 695.0, 0.0, 164.0], [-18.336584091186523, -4.233566761016846, -106.73575592041016], [-0.58392333984375, 0.124267578125, -0.10601806640625, 0.795196533203125], [-31.004837036132812, 5.192541122436523, -91.94076538085938], [0.6777496337890625, -0.1541900634765625, 0.2223052978515625, -0.683685302734375]
1149560, 1154.3895263671875, [1000.0, 152.0, 473.0, 93.0, 179.0, 128.0, 106.0, 146.0, 29.0, 1000.0, 59.0, 750.0, 0.0, 666.0, 886.0, 999.0, 999.0, 999.0, 999.0, 529.0, 694.0, 0.0, 161.0], [-18.68644142150879, -4.067087173461914, -106.3940200805664], [-0.58612060546875, 0.1252288818359375, -0.1089324951171875, 0.7930145263671875], [-30.884891510009766, 4.6845622062683105, -91.54891967773438], [0.679534912109375, -0.1573333740234375, 0.2181243896484375, -0.68255615234375]
1149620, 1154.4493408203125, [1000.0, 152.0, 473.0, 92.0, 178.0, 126.0, 106.0, 145.0, 29.0, 1000.0, 60.0, 750.0, 0.0, 666.0, 884.0, 999.0, 999.0, 999.0, 999.0, 530.0, 695.0, 0.0, 156.0], [-18.250986099243164, -4.895309925079346, -106.03884887695312], [-0.5879669189453125, 0.128997802734375, -0.1012115478515625, 0.7920684814453125], [-30.920948028564453, 3.8875958919525146, -91.08717346191406], [0.6810760498046875, -0.1632537841796875, 0.2130584716796875, -0.68121337890625]
1149670, 1154.499267578125, [1000.0, 151.0, 472.0, 92.0, 178.0, 125.0, 105.0, 143.0, 28.0, 1000.0, 61.0, 750.0, 0.0, 666.0, 890.0, 999.0, 999.0, 999.0, 999.0, 530.0, 696.0, 0.0, 152.0], [-17.506332397460938, -5.920137405395508, -105.8116455078125], [-0.5890350341796875, 0.1323699951171875, -0.0904388427734375, 0.7920379638671875], [-30.240556716918945, 3.567988395690918, -90.58637237548828], [0.6845550537109375, -0.16204833984375, 0.2064361572265625, -0.6800537109375]
1149730, 1154.5594482421875, [1000.0, 151.0, 470.0, 91.0, 178.0, 124.0, 105.0, 142.0, 28.0, 1000.0, 63.0, 750.0, 0.0, 666.0, 898.0, 999.0, 999.0, 999.0, 999.0, 529.0, 698.0, 0.0, 143.0], [-16.544586181640625, -7.093849182128906, -105.59503936767578], [-0.5901031494140625, 0.135589599609375, -0.077362060546875, 0.792083740234375], [-28.962339401245117, 3.0730090141296387, -89.8804702758789], [0.6898345947265625, -0.158599853515625, 0.1949462890625, -0.678924560546875]
1149780, 1154.6094970703125, [1000.0, 150.0, 468.0, 91.0, 177.0, 122.0, 104.0, 140.0, 28.0, 1000.0, 64.0, 750.0, 0.0, 666.0, 912.0, 999.0, 999.0, 999.0, 999.0, 529.0, 699.0, 0.0, 140.0], [-14.869057655334473, -9.045602798461914, -105.21114349365234], [-0.5922088623046875, 0.1404571533203125, -0.05499267578125, 0.791534423828125], [-27.577177047729492, 2.9938056468963623, -89.24099731445312], [0.6953887939453125, -0.151763916015625, 0.1854095458984375, -0.677490234375]
1149830, 1154.659423828125, [1000.0, 150.0, 466.0, 90.0, 177.0, 120.0, 103.0, 139.0, 31.0, 1000.0, 65.0, 750.0, 0.0, 666.0, 914.0, 999.0, 999.0, 999.0, 999.0, 528.0, 701.0, 0.0, 140.0], [-12.515951156616211, -10.637835502624512, -105.17797088623047], [-0.5932769775390625, 0.139129638671875, -0.0302276611328125, 0.79229736328125], [-25.59260368347168, 3.5027825832366943, -88.4642105102539], [0.7031097412109375, -0.1378326416015625, 0.17578125, -0.6750640869140625]
1149890, 1154.719482421875, [1000.0, 150.0, 462.0, 95.0, 175.0, 131.0, 102.0, 139.0, 38.0, 1000.0, 68.0, 750.0, 0.0, 666.0, 914.0, 999.0, 999.0, 999.0, 999.0, 529.0, 701.0, 0.0, 143.0], [-9.93397331237793, -9.99365234375, -105.50963592529297], [-0.5946502685546875, 0.12127685546875, -0.016143798828125, 0.7946014404296875], [-23.831439971923828, 5.467114448547363, -87.82325744628906], [0.710906982421875, -0.1162109375, 0.1766510009765625, -0.6707305908203125]
1149940, 1154.76953125, [1000.0, 149.0, 465.0, 102.0, 173.0, 156.0, 100.0, 142.0, 44.0, 1000.0, 73.0, 750.0, 0.0, 666.0, 907.0, 999.0, 999.0, 999.0, 999.0, 521.0, 699.0, 0.0, 140.0], [-10.416872024536133, -7.812763214111328, -107.4603500366211], [-0.5827789306640625, 0.1082763671875, -0.0328826904296875, 0.8046875], [-23.57492446899414, 8.22460651397705, -87.96049499511719], [0.7127532958984375, -0.097869873046875, 0.1920013427734375, -0.6674652099609375]
1150000, 1154.8294677734375, [1000.0, 149.0, 484.0, 110.0, 175.0, 191.0, 113.0, 144.0, 51.0, 1000.0, 75.0, 750.0, 0.0, 1000.0, 907.0, 999.0, 999.0, 999.0, 999.0, 514.0, 700.0, 0.0, 158.0], [-9.18217945098877, -4.659514427185059, -109.81604766845703], [-0.5699005126953125, 0.079132080078125, -0.042144775390625, 0.8167877197265625], [-20.50027084350586, 12.135180473327637, -87.52685546875], [0.719696044921875, -0.05584716796875, 0.197509765625, -0.663238525390625]
1150050, 1154.8795166015625, [1000.0, 149.0, 490.0, 111.0, 178.0, 191.0, 137.0, 145.0, 57.0, 1000.0, 74.0, 750.0, 0.0, 666.0, 907.0, 999.0, 999.0, 999.0, 999.0, 508.0, 706.0, 0.0, 167.0], [-6.088950157165527, -4.492170810699463, -112.9538345336914], [-0.5493316650390625, 0.0619354248046875, -0.0226287841796875, 0.8329925537109375], [-16.4754581451416, 14.715264320373535, -87.07978057861328], [0.7241363525390625, -0.0157012939453125, 0.18975830078125, -0.6628265380859375]
1150100, 1154.929443359375, [1000.0, 150.0, 486.0, 110.0, 181.0, 184.0, 184.0, 145.0, 67.0, 1000.0, 74.0, 750.0, 0.0, 666.0, 910.0, 999.0, 999.0, 999.0, 999.0, 507.0, 714.0, 0.0, 174.0], [-5.1025190353393555, -5.572676181793213, -116.58218383789062], [-0.522613525390625, 0.0646820068359375, -0.012298583984375, 0.850006103515625], [-15.180888175964355, 16.511127471923828, -87.97267150878906], [0.7189788818359375, 0.004791259765625, 0.1931915283203125, -0.6676177978515625]
1150160, 1154.989501953125, [1000.0, 150.0, 478.0, 108.0, 188.0, 183.0, 261.0, 147.0, 81.0, 1000.0, 74.0, 750.0, 0.0, 666.0, 880.0, 999.0, 999.0, 999.0, 999.0, 514.0, 704.0, 0.0, 190.0], [-3.8030292987823486, -9.126315116882324, -120.70054626464844], [-0.4905548095703125, 0.0854644775390625, 0.010589599609375, 0.86712646484375], [-14.24691390991211, 17.151920318603516, -89.31804656982422], [0.710906982421875, 0.01678466796875, 0.191436767578125, -0.6764984130859375]
1150210, 1155.03955078125, [1000.0, 149.0, 473.0, 107.0, 196.0, 185.0, 324.0, 151.0, 100.0, 1000.0, 72.0, 750.0, 0.0, 666.0, 890.0, 999.0, 999.0, 999.0, 999.0, 519.0, 699.0, 0.0, 202.0], [-1.5787007808685303, -12.733552932739258, -123.9873046875], [-0.46527099609375, 0.1043243408203125, 0.03997802734375, 0.8780670166015625], [-13.234869956970215, 16.69856834411621, -90.30177307128906], [0.7049713134765625, 0.0218505859375, 0.18255615234375, -0.684967041015625]
1150270, 1155.0994873046875, [1000.0, 148.0, 466.0, 107.0, 208.0, 189.0, 367.0, 158.0, 128.0, 1000.0, 68.0, 750.0, 0.0, 666.0, 894.0, 999.0, 999.0, 999.0, 999.0, 520.0, 695.0, 0.0, 213.0], [0.30938151478767395, -18.078794479370117, -127.98333740234375], [-0.4334259033203125, 0.1400299072265625, 0.0712890625, 0.887359619140625], [-12.941983222961426, 15.675100326538086, -92.06147766113281], [0.6944580078125, 0.0200042724609375, 0.1744232177734375, -0.6977691650390625]
1150320, 1155.1494140625, [1000.0, 146.0, 463.0, 107.0, 219.0, 195.0, 425.0, 166.0, 158.0, 1000.0, 65.0, 750.0, 0.0, 666.0, 893.0, 999.0, 999.0, 999.0, 999.0, 512.0, 690.0, 0.0, 236.0], [3.078596353530884, -22.250267028808594, -131.48629760742188], [-0.407684326171875, 0.1650238037109375, 0.103271484375, 0.892120361328125], [-11.996432304382324, 14.826784133911133, -92.89913177490234], [0.6892547607421875, 0.0216064453125, 0.16351318359375, -0.705474853515625]
1150360, 1155.19970703125, [1000.0, 145.0, 460.0, 107.0, 245.0, 200.0, 477.0, 175.0, 204.0, 1000.0, 64.0, 1000.0, 0.0, 666.0, 894.0, 999.0, 999.0, 999.0, 999.0, 503.0, 687.0, 0.0, 263.0], [3.484280586242676, -23.78667640686035, -133.17771911621094], [-0.3943634033203125, 0.177215576171875, 0.1091461181640625, 0.8950653076171875], [-12.613569259643555, 11.973088264465332, -93.4718246459961], [0.6858367919921875, 0.0006103515625, 0.150604248046875, -0.7119903564453125]
1150370, 1155.209228515625, [1000.0, 145.0, 459.0, 107.0, 255.0, 202.0, 491.0, 179.0, 218.0, 1000.0, 65.0, 1000.0, 0.0, 666.0, 894.0, 999.0, 999.0, 999.0, 999.0, 501.0, 688.0, 0.0, 278.0], [3.6253390312194824, -24.34339141845703, -133.71670532226562], [-0.390106201171875, 0.1816253662109375, 0.1112518310546875, 0.895782470703125], [-12.523674011230469, 11.66387939453125, -93.59480285644531], [0.6850433349609375, -0.0006561279296875, 0.1482391357421875, -0.7132415771484375]
1150430, 1155.259521484375, [1000.0, 143.0, 450.0, 108.0, 336.0, 213.0, 516.0, 211.0, 271.0, 1000.0, 65.0, 1000.0, 0.0, 666.0, 853.0, 999.0, 999.0, 999.0, 999.0, 483.0, 700.0, 0.0, 396.0], [7.877070426940918, -28.855024337768555, -138.30673217773438], [-0.3598175048828125, 0.2086181640625, 0.1506195068359375, 0.896820068359375], [-11.310202598571777, 10.10393238067627, -94.53214263916016], [0.6790313720703125, -0.0022430419921875, 0.131561279296875, -0.722198486328125]
1150480, 1155.3094482421875, [1000.0, 143.0, 442.0, 109.0, 419.0, 213.0, 521.0, 235.0, 269.0, 1000.0, 72.0, 750.0, 0.0, 1000.0, 390.0, 999.0, 999.0, 999.0, 999.0, 474.0, 717.0, 0.0, 465.0], [7.2310662269592285, -31.3494930267334, -140.3739471435547], [-0.3417205810546875, 0.23309326171875, 0.1485137939453125, 0.898223876953125], [-13.736275672912598, 10.617449760437012, -96.77864837646484], [0.66473388671875, -0.0103912353515625, 0.1500244140625, -0.7317657470703125]
1150530, 1155.3695068359375, [1000.0, 144.0, 434.0, 110.0, 715.0, 205.0, 553.0, 275.0, 238.0, 1000.0, 96.0, 750.0, 0.0, 1000.0, 279.0, 999.0, 927.0, 999.0, 999.0, 465.0, 746.0, 0.0, 560.0], [7.042568683624268, -33.88459014892578, -143.41920471191406], [-0.3166351318359375, 0.257720947265625, 0.147064208984375, 0.9009246826171875], [-14.988702774047852, 10.915534973144531, -99.30419921875], [0.6484375, -0.0121917724609375, 0.160003662109375, -0.7441558837890625]
1150590, 1155.4195556640625, [1000.0, 142.0, 424.0, 112.0, 884.0, 199.0, 714.0, 301.0, 207.0, 1000.0, 121.0, 1000.0, 0.0, 666.0, 186.0, 999.0, 461.0, 999.0, 999.0, 456.0, 766.0, 0.0, 551.0], [6.934211254119873, -37.540618896484375, -146.86331176757812], [-0.28814697265625, 0.2915191650390625, 0.1464691162109375, 0.9002838134765625], [-17.515827178955078, 10.70526123046875, -103.04896545410156], [0.62335205078125, -0.0221405029296875, 0.1760406494140625, -0.7615203857421875]
1150640, 1155.4794921875, [1000.0, 141.0, 458.0, 112.0, 945.0, 191.0, 871.0, 250.0, 234.0, 1000.0, 120.0, 750.0, 0.0, 666.0, 145.0, 999.0, 573.0, 999.0, 999.0, 446.0, 774.0, 0.0, 488.0], [5.426021099090576, -40.690223693847656, -148.86888122558594], [-0.2671661376953125, 0.3226318359375, 0.1359405517578125, 0.8977813720703125], [-20.441068649291992, 10.165830612182617, -106.32628631591797], [0.60028076171875, -0.0361785888671875, 0.1937255859375, -0.775115966796875]
1150700, 1155.5294189453125, [1000.0, 138.0, 797.0, 102.0, 986.0, 174.0, 949.0, 227.0, 324.0, 1000.0, 109.0, 750.0, 0.0, 666.0, 119.0, 999.0, 753.0, 999.0, 999.0, 434.0, 775.0, 0.0, 430.0], [3.7420148849487305, -42.9808464050293, -149.44168090820312], [-0.2566070556640625, 0.3451995849609375, 0.12579345703125, 0.893951416015625], [-23.466318130493164, 8.060178756713867, -108.20183563232422], [0.584259033203125, -0.063201904296875, 0.2046661376953125, -0.78277587890625]
1150710, 1155.5797119140625, [1000.0, 138.0, 845.0, 100.0, 994.0, 168.0, 961.0, 222.0, 366.0, 1000.0, 107.0, 750.0, 0.0, 666.0, 117.0, 999.0, 822.0, 999.0, 999.0, 432.0, 777.0, 0.0, 417.0], [4.585490703582764, -43.6777229309082, -150.10150146484375], [-0.253631591796875, 0.3495330810546875, 0.1317596435546875, 0.892242431640625], [-24.59038543701172, 6.739029407501221, -108.3142318725586], [0.5812835693359375, -0.0779266357421875, 0.2059478759765625, -0.7833251953125]
1150750, 1155.5894775390625, [1000.0, 136.0, 936.0, 92.0, 1000.0, 144.0, 987.0, 202.0, 639.0, 1000.0, 100.0, 750.0, 0.0, 1000.0, 129.0, 999.0, 999.0, 999.0, 999.0, 423.0, 779.0, 0.0, 387.0], [5.825612545013428, -44.68399429321289, -150.57510375976562], [-0.2532806396484375, 0.355255126953125, 0.141876220703125, 0.8885345458984375], [-25.2217960357666, 6.024430274963379, -107.37847900390625], [0.5863189697265625, -0.0877838134765625, 0.2060546875, -0.7784881591796875]
1150800, 1155.639404296875, [1000.0, 134.0, 989.0, 89.0, 1000.0, 134.0, 998.0, 189.0, 835.0, 1000.0, 85.0, 1000.0, 0.0, 1000.0, 255.0, 999.0, 738.0, 999.0, 999.0, 415.0, 782.0, 0.0, 414.0], [2.480314016342163, -42.56362533569336, -147.24183654785156], [-0.270233154296875, 0.3424530029296875, 0.121673583984375, 0.8915557861328125], [-27.264970779418945, 7.337074279785156, -105.88502502441406], [0.596466064453125, -0.0921173095703125, 0.2251739501953125, -0.764862060546875]
1150830, 1155.689697265625, [1000.0, 133.0, 1000.0, 89.0, 1000.0, 142.0, 1000.0, 183.0, 872.0, 1000.0, 94.0, 750.0, 0.0, 666.0, 362.0, 999.0, 999.0, 999.0, 999.0, 408.0, 787.0, 0.0, 485.0], [-1.4254605770111084, -40.0117073059082, -143.79397583007812], [-0.28790283203125, 0.3287811279296875, 0.095184326171875, 0.894378662109375], [-28.15030288696289, 8.792298316955566, -104.48487854003906], [0.6069183349609375, -0.089691162109375, 0.2372283935546875, -0.7531890869140625]
1150860, 1155.6993408203125, [1000.0, 134.0, 1000.0, 91.0, 1000.0, 151.0, 999.0, 198.0, 881.0, 1000.0, 142.0, 750.0, 0.0, 666.0, 279.0, 999.0, 999.0, 999.0, 999.0, 400.0, 793.0, 0.0, 615.0], [-1.8581491708755493, -35.26887512207031, -142.22952270507812], [-0.30377197265625, 0.291595458984375, 0.0834197998046875, 0.903167724609375], [-26.174880981445312, 10.245813369750977, -102.8201675415039], [0.62091064453125, -0.07269287109375, 0.23052978515625, -0.74566650390625]
1150910, 1155.74951171875, [1000.0, 144.0, 1000.0, 93.0, 1000.0, 201.0, 962.0, 685.0, 637.0, 1000.0, 652.0, 750.0, 0.0, 1000.0, 488.0, 999.0, 999.0, 999.0, 999.0, 393.0, 786.0, 0.0, 749.0], [-6.543422698974609, -30.2713565826416, -138.38296508789062], [-0.32843017578125, 0.26324462890625, 0.041107177734375, 0.906158447265625], [-27.992177963256836, 13.37152099609375, -101.1271743774414], [0.6339111328125, -0.065338134765625, 0.2572784423828125, -0.726409912109375]
1150950, 1155.799560546875, [1000.0, 150.0, 1000.0, 90.0, 943.0, 379.0, 872.0, 864.0, 405.0, 1000.0, 846.0, 750.0, 0.0, 1000.0, 434.0, 999.0, 999.0, 999.0, 999.0, 389.0, 786.0, 0.0, 805.0], [-9.302522659301758, -29.51582145690918, -136.4315185546875], [-0.3385009765625, 0.264862060546875, 0.0214080810546875, 0.90264892578125], [-30.115842819213867, 15.783385276794434, -101.2560806274414], [0.63433837890625, -0.0607452392578125, 0.2830352783203125, -0.716796875]
1150970, 1155.8094482421875, [1000.0, 154.0, 1000.0, 89.0, 890.0, 557.0, 761.0, 930.0, 344.0, 1000.0, 903.0, 750.0, 0.0, 666.0, 362.0, 999.0, 999.0, 999.0, 999.0, 386.0, 778.0, 0.0, 846.0], [-11.996987342834473, -30.107812881469727, -134.56475830078125], [-0.345855712890625, 0.2772369384765625, 0.0066680908203125, 0.8963623046875], [-31.520645141601562, 17.03597068786621, -101.60924530029297], [0.6326751708984375, -0.0592803955078125, 0.2982635498046875, -0.7122039794921875]
1151020, 1155.8592529296875, [1000.0, 158.0, 1000.0, 92.0, 806.0, 734.0, 500.0, 966.0, 237.0, 1000.0, 939.0, 750.0, 0.0, 666.0, 319.0, 999.0, 999.0, 999.0, 999.0, 390.0, 748.0, 0.0, 888.0], [-17.692602157592773, -31.19384002685547, -130.39418029785156], [-0.3617095947265625, 0.3032989501953125, -0.02301025390625, 0.8812713623046875], [-37.53791809082031, 18.681903839111328, -103.25130462646484], [0.6209259033203125, -0.0766143798828125, 0.34429931640625, -0.70001220703125]
1151070, 1155.9095458984375, [1000.0, 161.0, 1000.0, 97.0, 713.0, 781.0, 379.0, 966.0, 163.0, 1000.0, 952.0, 750.0, 0.0, 666.0, 170.0, 999.0, 833.0, 989.0, 999.0, 394.0, 725.0, 0.0, 891.0], [-21.53155517578125, -29.850852966308594, -127.55934143066406], [-0.3762359619140625, 0.306732177734375, -0.0501251220703125, 0.8728179931640625], [-45.80278396606445, 18.640560150146484, -106.38797760009766], [0.5950469970703125, -0.1106109619140625, 0.3968353271484375, -0.6900482177734375]
1151130, 1155.9697265625, [1000.0, 163.0, 1000.0, 103.0, 675.0, 774.0, 345.0, 952.0, 135.0, 1000.0, 948.0, 750.0, 0.0, 1000.0, 112.0, 999.0, 402.0, 973.0, 999.0, 397.0, 718.0, 0.0, 871.0], [-37.47413635253906, -30.742294311523438, -120.83882904052734], [-0.376708984375, 0.3712005615234375, -0.14544677734375, 0.8361358642578125], [-60.90049743652344, 17.526025772094727, -112.36056518554688], [0.5383453369140625, -0.1696624755859375, 0.4892120361328125, -0.66485595703125]
1151180, 1156.01953125, [1000.0, 164.0, 988.0, 108.0, 660.0, 788.0, 327.0, 957.0, 123.0, 1000.0, 953.0, 1000.0, 0.0, 666.0, 105.0, 999.0, 363.0, 968.0, 999.0, 398.0, 721.0, 0.0, 872.0], [-48.889095306396484, -29.030410766601562, -114.69284057617188], [-0.38818359375, 0.4082489013671875, -0.21417236328125, 0.7979583740234375], [-68.59724426269531, 16.983427047729492, -115.62664031982422], [0.505645751953125, -0.193634033203125, 0.536651611328125, -0.64715576171875]
1151240, 1156.0794677734375, [1000.0, 165.0, 975.0, 114.0, 639.0, 761.0, 314.0, 939.0, 111.0, 1000.0, 953.0, 750.0, 0.0, 666.0, 102.0, 999.0, 372.0, 970.0, 999.0, 399.0, 706.0, 0.0, 864.0], [-64.15387725830078, -24.96558952331543, -108.54344940185547], [-0.3899078369140625, 0.451446533203125, -0.31396484375, 0.738616943359375], [-83.00104522705078, 15.707014083862305, -119.77381896972656], [0.4505462646484375, -0.2407989501953125, 0.6191558837890625, -0.5963592529296875]
1151290, 1156.1295166015625, [1000.0, 166.0, 977.0, 118.0, 619.0, 748.0, 304.0, 927.0, 98.0, 1000.0, 954.0, 750.0, 0.0, 1000.0, 92.0, 999.0, 324.0, 971.0, 999.0, 398.0, 702.0, 0.0, 854.0], [-75.8230972290039, -21.339218139648438, -106.2656478881836], [-0.3741455078125, 0.4791259765625, -0.3954315185546875, 0.6885223388671875], [-92.15174865722656, 14.794695854187012, -122.78996276855469], [0.4107666015625, -0.2635498046875, 0.669830322265625, -0.5595550537109375]
1151340, 1156.1795654296875, [1000.0, 167.0, 973.0, 124.0, 610.0, 750.0, 296.0, 924.0, 91.0, 1000.0, 954.0, 750.0, 0.0, 666.0, 95.0, 999.0, 391.0, 972.0, 999.0, 396.0, 705.0, 0.0, 851.0], [-85.29131317138672, -17.462265014648438, -106.16496276855469], [-0.3544769287109375, 0.4914703369140625, -0.4682769775390625, 0.6430206298828125], [-100.10914611816406, 14.308206558227539, -124.74134063720703], [0.3800201416015625, -0.28192138671875, 0.7110137939453125, -0.5201263427734375]
1151400, 1156.239501953125, [1000.0, 169.0, 967.0, 124.0, 597.0, 712.0, 288.0, 895.0, 82.0, 1000.0, 949.0, 750.0, 0.0, 1000.0, 124.0, 999.0, 542.0, 973.0, 999.0, 396.0, 691.0, 0.0, 840.0], [-93.17990112304688, -11.783283233642578, -106.30402374267578], [-0.3502655029296875, 0.4897918701171875, -0.53594970703125, 0.59173583984375], [-106.0647201538086, 14.430425643920898, -125.93096160888672], [0.3605499267578125, -0.292999267578125, 0.7403564453125, -0.4857940673828125]
1151450, 1156.28955078125, [1000.0, 170.0, 962.0, 125.0, 597.0, 692.0, 284.0, 877.0, 80.0, 1000.0, 941.0, 750.0, 0.0, 1000.0, 152.0, 999.0, 675.0, 976.0, 999.0, 396.0, 688.0, 0.0, 835.0], [-96.1258773803711, -5.978621482849121, -106.72113037109375], [-0.367156982421875, 0.471282958984375, -0.5752716064453125, 0.5586700439453125], [-108.0946273803711, 15.34965705871582, -126.09880828857422], [0.360076904296875, -0.293701171875, 0.7506561279296875, -0.46966552734375]
1151510, 1156.3494873046875, [1000.0, 171.0, 960.0, 125.0, 589.0, 659.0, 279.0, 857.0, 74.0, 1000.0, 934.0, 1000.0, 0.0, 666.0, 152.0, 999.0, 639.0, 977.0, 999.0, 395.0, 683.0, 0.0, 821.0], [-97.76734161376953, -0.031909454613924026, -106.8543701171875], [-0.3916473388671875, 0.44903564453125, -0.60491943359375, 0.528228759765625], [-109.22801971435547, 17.955991744995117, -126.01205444335938], [0.37298583984375, -0.2849884033203125, 0.7585601806640625, -0.4519195556640625]
1151560, 1156.3995361328125, [1000.0, 171.0, 956.0, 126.0, 583.0, 651.0, 277.0, 850.0, 72.0, 1000.0, 931.0, 750.0, 0.0, 666.0, 159.0, 999.0, 700.0, 986.0, 999.0, 395.0, 680.0, 0.0, 816.0], [-97.81573486328125, 2.8712141513824463, -106.8892822265625], [-0.4065093994140625, 0.4355010986328125, -0.6150054931640625, 0.5165557861328125], [-108.79531860351562, 19.685171127319336, -125.63789367675781], [0.385650634765625, -0.2774200439453125, 0.758087158203125, -0.446746826171875]
1151610, 1156.4495849609375, [1000.0, 171.0, 954.0, 126.0, 580.0, 629.0, 274.0, 832.0, 69.0, 1000.0, 929.0, 750.0, 0.0, 1000.0, 154.0, 999.0, 647.0, 992.0, 999.0, 394.0, 677.0, 0.0, 805.0], [-97.70365142822266, 6.1767988204956055, -106.6129379272461], [-0.425140380859375, 0.420867919921875, -0.6240997314453125, 0.5026092529296875], [-109.38655090332031, 21.020015716552734, -125.66924285888672], [0.391876220703125, -0.2725372314453125, 0.761993408203125, -0.4376068115234375]
1151670, 1156.509521484375, [1000.0, 171.0, 949.0, 127.0, 576.0, 622.0, 270.0, 826.0, 66.0, 1000.0, 927.0, 750.0, 0.0, 666.0, 155.0, 999.0, 675.0, 992.0, 999.0, 392.0, 671.0, 0.0, 796.0], [-97.15258026123047, 7.615198135375977, -107.13042449951172], [-0.43212890625, 0.40899658203125, -0.628021240234375, 0.5015411376953125], [-108.59310150146484, 22.224023818969727, -125.1022720336914], [0.4028472900390625, -0.267486572265625, 0.7589569091796875, -0.43603515625]
1151720, 1156.5595703125, [1000.0, 171.0, 946.0, 128.0, 574.0, 608.0, 270.0, 816.0, 65.0, 1000.0, 923.0, 750.0, 0.0, 666.0, 155.0, 999.0, 590.0, 989.0, 999.0, 391.0, 668.0, 0.0, 791.0], [-97.19859313964844, 8.874093055725098, -107.18135833740234], [-0.43804931640625, 0.4027099609375, -0.632232666015625, 0.496185302734375], [-108.63623046875, 22.989599227905273, -124.39168548583984], [0.4097900390625, -0.268463134765625, 0.7582855224609375, -0.430084228515625]
1151770, 1156.6094970703125, [1000.0, 171.0, 944.0, 129.0, 569.0, 604.0, 266.0, 812.0, 63.0, 1000.0, 921.0, 750.0, 0.0, 666.0, 149.0, 999.0, 586.0, 986.0, 999.0, 390.0, 662.0, 0.0, 784.0], [-95.92713165283203, 7.901363372802734, -107.28942108154297], [-0.43719482421875, 0.402069091796875, -0.6240692138671875, 0.5076446533203125], [-108.1778793334961, 23.481874465942383, -123.46907806396484], [0.4170989990234375, -0.2704010009765625, 0.75494384765625, -0.427734375]
1151830, 1156.6695556640625, [1000.0, 172.0, 940.0, 130.0, 563.0, 600.0, 264.0, 809.0, 61.0, 1000.0, 919.0, 750.0, 0.0, 666.0, 142.0, 999.0, 543.0, 982.0, 999.0, 388.0, 660.0, 0.0, 780.0], [-95.29576873779297, 7.896270275115967, -107.67559814453125], [-0.437652587890625, 0.3975830078125, -0.622589111328125, 0.5125732421875], [-105.19503784179688, 26.048044204711914, -121.81865692138672], [0.44415283203125, -0.2566680908203125, 0.74285888671875, -0.430084228515625]
1151880, 1156.7196044921875, [1000.0, 172.0, 940.0, 131.0, 562.0, 602.0, 262.0, 811.0, 59.0, 1000.0, 917.0, 750.0, 0.0, 1000.0, 142.0, 999.0, 551.0, 977.0, 999.0, 387.0, 658.0, 0.0, 780.0], [-94.56806945800781, 7.997042655944824, -107.72138214111328], [-0.440460205078125, 0.39404296875, -0.6197967529296875, 0.5162811279296875], [-105.0978775024414, 26.40987777709961, -122.16947937011719], [0.444976806640625, -0.252105712890625, 0.743682861328125, -0.430511474609375]
1151940, 1156.77978515625, [1000.0, 172.0, 936.0, 132.0, 556.0, 596.0, 260.0, 805.0, 58.0, 1000.0, 915.0, 750.0, 0.0, 1000.0, 143.0, 999.0, 539.0, 978.0, 999.0, 386.0, 656.0, 0.0, 777.0], [-95.4813461303711, 8.196820259094238, -108.32991027832031], [-0.435577392578125, 0.393218994140625, -0.6266021728515625, 0.5128173828125], [-104.38896179199219, 27.638105392456055, -122.07312774658203], [0.4533538818359375, -0.2434234619140625, 0.742156982421875, -0.4293975830078125]
1151990, 1156.82958984375, [1000.0, 172.0, 936.0, 133.0, 553.0, 598.0, 258.0, 806.0, 57.0, 1000.0, 914.0, 1000.0, 0.0, 666.0, 138.0, 999.0, 524.0, 972.0, 999.0, 385.0, 652.0, 0.0, 773.0], [-96.58304595947266, 8.396623611450195, -108.48872375488281], [-0.4320831298828125, 0.3955230712890625, -0.632659912109375, 0.5065460205078125], [-106.04361724853516, 26.899364471435547, -122.82786560058594], [0.4430694580078125, -0.2489013671875, 0.749176025390625, -0.4247894287109375]
1152040, 1156.87939453125, [1000.0, 173.0, 935.0, 134.0, 547.0, 598.0, 256.0, 805.0, 56.0, 1000.0, 913.0, 750.0, 0.0, 1000.0, 138.0, 999.0, 541.0, 971.0, 999.0, 384.0, 651.0, 0.0, 770.0], [-95.70423889160156, 7.9160966873168945, -108.39874267578125], [-0.43310546875, 0.3950958251953125, -0.626983642578125, 0.5130157470703125], [-103.33036041259766, 26.29279899597168, -121.70771789550781], [0.449981689453125, -0.248809814453125, 0.7358245849609375, -0.4406280517578125]
1152100, 1156.9395751953125, [1000.0, 173.0, 933.0, 134.0, 544.0, 595.0, 255.0, 802.0, 55.0, 1000.0, 911.0, 750.0, 0.0, 666.0, 140.0, 999.0, 540.0, 973.0, 999.0, 383.0, 649.0, 0.0, 768.0], [-94.40077209472656, 6.761849403381348, -108.00625610351562], [-0.4336395263671875, 0.3980712890625, -0.6161346435546875, 0.5233001708984375], [-104.70315551757812, 26.31535530090332, -122.08084106445312], [0.4456787109375, -0.25164794921875, 0.7418975830078125, -0.433135986328125]
1152150, 1156.989501953125, [1000.0, 174.0, 932.0, 135.0, 541.0, 593.0, 253.0, 801.0, 54.0, 1000.0, 910.0, 750.0, 0.0, 1000.0, 141.0, 999.0, 544.0, 979.0, 999.0, 382.0, 648.0, 0.0, 767.0], [-94.62094116210938, 6.5900774002075195, -107.96940612792969], [-0.43218994140625, 0.39996337890625, -0.6164703369140625, 0.522674560546875], [-102.62650299072266, 26.916133880615234, -120.62432861328125], [0.458892822265625, -0.249603271484375, 0.731536865234375, -0.4381256103515625]
1152210, 1157.049560546875, [1000.0, 174.0, 931.0, 136.0, 538.0, 592.0, 252.0, 800.0, 53.0, 1000.0, 908.0, 750.0, 0.0, 666.0, 142.0, 999.0, 539.0, 981.0, 999.0, 381.0, 647.0, 0.0, 766.0], [-94.03262329101562, 6.881665229797363, -107.8616943359375], [-0.4361724853515625, 0.3968505859375, -0.6143341064453125, 0.5242462158203125], [-102.76873016357422, 26.957258224487305, -120.89337158203125], [0.457763671875, -0.24822998046875, 0.7327117919921875, -0.4381103515625]
1152260, 1157.0994873046875, [1000.0, 174.0, 930.0, 136.0, 536.0, 591.0, 251.0, 799.0, 52.0, 1000.0, 908.0, 750.0, 0.0, 666.0, 141.0, 999.0, 541.0, 982.0, 999.0, 381.0, 644.0, 0.0, 765.0], [-93.78282165527344, 7.164357662200928, -107.79092407226562], [-0.438751220703125, 0.3948516845703125, -0.6138458251953125, 0.524169921875], [-102.93199920654297, 26.490901947021484, -121.06563568115234], [0.454345703125, -0.2502899169921875, 0.7331390380859375, -0.439788818359375]
1152310, 1157.1495361328125, [1000.0, 174.0, 930.0, 137.0, 535.0, 590.0, 250.0, 798.0, 51.0, 1000.0, 907.0, 750.0, 0.0, 666.0, 140.0, 999.0, 515.0, 981.0, 999.0, 380.0, 644.0, 0.0, 763.0], [-93.53411102294922, 6.756715774536133, -107.82332611083984], [-0.4374542236328125, 0.395782470703125, -0.61151123046875, 0.5272674560546875], [-102.60322570800781, 26.34953498840332, -120.82022094726562], [0.4552764892578125, -0.251312255859375, 0.7311553955078125, -0.4415283203125]
1152370, 1157.2098388671875, [1000.0, 175.0, 930.0, 137.0, 533.0, 589.0, 249.0, 798.0, 50.0, 1000.0, 906.0, 750.0, 0.0, 666.0, 138.0, 999.0, 503.0, 977.0, 999.0, 379.0, 643.0, 0.0, 762.0], [-93.2860107421875, 6.618474006652832, -107.6939697265625], [-0.438232421875, 0.3962249755859375, -0.6094818115234375, 0.528656005859375], [-103.07942199707031, 26.4010066986084, -121.03926849365234], [0.4536590576171875, -0.25152587890625, 0.7335357666015625, -0.4391326904296875]
1152420, 1157.2596435546875, [1000.0, 175.0, 929.0, 137.0, 532.0, 591.0, 247.0, 800.0, 49.0, 1000.0, 905.0, 1000.0, 0.0, 666.0, 137.0, 999.0, 492.0, 974.0, 999.0, 379.0, 642.0, 0.0, 762.0], [-93.265869140625, 7.193997383117676, -107.44515991210938], [-0.4422607421875, 0.394561767578125, -0.610382080078125, 0.525482177734375], [-103.75665283203125, 26.17689323425293, -121.66048431396484], [0.4486236572265625, -0.25140380859375, 0.737213134765625, -0.438201904296875]
1152480, 1157.319580078125, [1000.0, 175.0, 929.0, 138.0, 530.0, 590.0, 245.0, 798.0, 48.0, 1000.0, 903.0, 750.0, 0.0, 666.0, 136.0, 999.0, 484.0, 976.0, 999.0, 378.0, 641.0, 0.0, 760.0], [-93.37349700927734, 6.8600921630859375, -107.36135864257812], [-0.440643310546875, 0.3971099853515625, -0.6095123291015625, 0.52593994140625], [-103.3149185180664, 27.06344223022461, -121.55988311767578], [0.45458984375, -0.2455596923828125, 0.736358642578125, -0.436798095703125]
1152530, 1157.3695068359375, [1000.0, 175.0, 929.0, 138.0, 529.0, 589.0, 244.0, 798.0, 48.0, 1000.0, 902.0, 750.0, 0.0, 1000.0, 136.0, 999.0, 485.0, 976.0, 999.0, 378.0, 640.0, 0.0, 759.0], [-93.66053771972656, 6.664089202880859, -107.1797103881836], [-0.43951416015625, 0.4001617431640625, -0.60955810546875, 0.524505615234375], [-104.35388946533203, 27.074636459350586, -121.93162536621094], [0.4510040283203125, -0.2472076416015625, 0.7411041259765625, -0.4315185546875]
1152580, 1157.41943359375, [1000.0, 176.0, 929.0, 139.0, 528.0, 588.0, 243.0, 797.0, 47.0, 1000.0, 902.0, 750.0, 0.0, 666.0, 139.0, 999.0, 490.0, 981.0, 999.0, 377.0, 639.0, 0.0, 759.0], [-93.1773910522461, 7.323261260986328, -107.16659545898438], [-0.4444732666015625, 0.395050048828125, -0.60943603515625, 0.52435302734375], [-105.02498626708984, 27.327651977539062, -122.199462890625], [0.44989013671875, -0.24676513671875, 0.744476318359375, -0.4271240234375]
1152640, 1157.4794921875, [1000.0, 176.0, 928.0, 140.0, 527.0, 588.0, 241.0, 797.0, 46.0, 1000.0, 899.0, 750.0, 0.0, 666.0, 146.0, 999.0, 501.0, 983.0, 999.0, 376.0, 637.0, 0.0, 759.0], [-93.55648803710938, 7.120741367340088, -107.44136047363281], [-0.44091796875, 0.3960723876953125, -0.6114654541015625, 0.5242156982421875], [-102.52276611328125, 27.379261016845703, -120.87903594970703], [0.46051025390625, -0.24505615234375, 0.7322540283203125, -0.437774658203125]
1152690, 1157.5294189453125, [1000.0, 177.0, 928.0, 140.0, 528.0, 587.0, 240.0, 796.0, 46.0, 1000.0, 897.0, 750.0, 0.0, 666.0, 151.0, 999.0, 515.0, 984.0, 999.0, 375.0, 636.0, 0.0, 757.0], [-93.72077178955078, 6.86617374420166, -107.29027557373047], [-0.439788818359375, 0.3987884521484375, -0.610870361328125, 0.5237884521484375], [-102.95299530029297, 26.959367752075195, -121.08766174316406], [0.456634521484375, -0.247711181640625, 0.7338409423828125, -0.4376983642578125]
1152750, 1157.5894775390625, [1000.0, 177.0, 929.0, 141.0, 529.0, 590.0, 239.0, 797.0, 45.0, 1000.0, 896.0, 750.0, 0.0, 666.0, 156.0, 999.0, 527.0, 984.0, 999.0, 374.0, 635.0, 0.0, 756.0], [-92.73004913330078, 6.2329020500183105, -107.84668731689453], [-0.4375457763671875, 0.395233154296875, -0.606170654296875, 0.533721923828125], [-102.21503448486328, 26.910985946655273, -121.18809509277344], [0.45758056640625, -0.244384765625, 0.7311553955078125, -0.443023681640625]
1152800, 1157.6395263671875, [1000.0, 178.0, 928.0, 141.0, 529.0, 593.0, 238.0, 798.0, 45.0, 1000.0, 894.0, 750.0, 0.0, 666.0, 159.0, 999.0, 528.0, 981.0, 999.0, 374.0, 634.0, 0.0, 756.0], [-91.83574676513672, 5.513831615447998, -108.32010650634766], [-0.43487548828125, 0.3929901123046875, -0.6012420654296875, 0.5430755615234375], [-101.38467407226562, 27.438528060913086, -121.05518341064453], [0.4625396728515625, -0.2390289306640625, 0.7283172607421875, -0.4454803466796875]
1152850, 1157.6995849609375, [1000.0, 178.0, 927.0, 142.0, 532.0, 602.0, 236.0, 803.0, 44.0, 1000.0, 891.0, 750.0, 0.0, 1000.0, 160.0, 999.0, 531.0, 976.0, 999.0, 372.0, 632.0, 0.0, 758.0], [-91.35468292236328, 4.840604305267334, -108.4054183959961], [-0.4328155517578125, 0.3941497802734375, -0.5970001220703125, 0.54852294921875], [-101.99171447753906, 27.34688377380371, -121.40178680419922], [0.4594573974609375, -0.2397613525390625, 0.7312774658203125, -0.4434051513671875]
1152910, 1157.74951171875, [1000.0, 178.0, 924.0, 143.0, 534.0, 606.0, 234.0, 803.0, 43.0, 1000.0, 888.0, 750.0, 0.0, 1000.0, 159.0, 999.0, 493.0, 974.0, 999.0, 370.0, 629.0, 0.0, 754.0], [-90.81111907958984, 4.238483428955078, -108.70856475830078], [-0.430267333984375, 0.3936004638671875, -0.5933990478515625, 0.5547943115234375], [-101.90046691894531, 27.77539825439453, -121.73656463623047], [0.460540771484375, -0.23492431640625, 0.7321319580078125, -0.4434661865234375]
1152960, 1157.8095703125, [1000.0, 179.0, 922.0, 144.0, 539.0, 607.0, 233.0, 804.0, 43.0, 1000.0, 885.0, 750.0, 0.0, 666.0, 159.0, 999.0, 505.0, 973.0, 999.0, 370.0, 628.0, 0.0, 757.0], [-90.34260559082031, 3.3341307640075684, -109.17977905273438], [-0.4251251220703125, 0.39404296875, -0.58966064453125, 0.5623779296875], [-102.89483642578125, 27.309106826782227, -122.42186737060547], [0.4534454345703125, -0.237030029296875, 0.736846923828125, -0.4418487548828125]
1153010, 1157.8597412109375, [1000.0, 179.0, 921.0, 145.0, 541.0, 607.0, 232.0, 802.0, 43.0, 1000.0, 883.0, 750.0, 0.0, 666.0, 165.0, 999.0, 511.0, 974.0, 999.0, 369.0, 625.0, 0.0, 755.0], [-89.51815795898438, 1.9800729751586914, -109.9494857788086], [-0.4174346923828125, 0.394012451171875, -0.58355712890625, 0.57440185546875], [-101.19429779052734, 27.543981552124023, -121.70259857177734], [0.4609375, -0.2335662841796875, 0.729034423828125, -0.4488372802734375]
1153050, 1157.9093017578125, [1000.0, 179.0, 921.0, 146.0, 545.0, 608.0, 232.0, 802.0, 43.0, 1000.0, 879.0, 750.0, 0.0, 666.0, 173.0, 999.0, 523.0, 973.0, 999.0, 368.0, 624.0, 0.0, 757.0], [-89.01692962646484, 0.522270679473877, -110.56932067871094], [-0.40875244140625, 0.39654541015625, -0.57806396484375, 0.5843658447265625], [-102.32487487792969, 27.018268585205078, -122.01065063476562], [0.4547119140625, -0.238983154296875, 0.7334442138671875, -0.44512939453125]
1153070, 1157.91943359375, [1000.0, 180.0, 920.0, 147.0, 547.0, 613.0, 231.0, 803.0, 43.0, 1000.0, 877.0, 750.0, 0.0, 1000.0, 174.0, 999.0, 539.0, 973.0, 999.0, 367.0, 624.0, 0.0, 759.0], [-88.70307922363281, -0.24485965073108673, -111.1067886352539], [-0.403228759765625, 0.39666748046875, -0.5756072998046875, 0.59051513671875], [-101.73170471191406, 26.285751342773438, -121.66578674316406], [0.4535369873046875, -0.2428131103515625, 0.7295074462890625, -0.450714111328125]
