1048260, 1052.6392822265625, [1000.0, 166.0, 440.0, 94.0, 151.0, 109.0, 91.0, 105.0, 33.0, 1000.0, 0.0, 750.0, 0.0, 666.0, 889.0, 999.0, 999.0, 999.0, 999.0, 520.0, 641.0, 0.0, 73.0], [-17.017398834228516, -6.12515115737915, 122.3122329711914], [0.4833526611328125, -0.024993896484375, -0.1549072265625, 0.861236572265625], [-26.85908317565918, 13.008356094360352, -83.45011138916016], [0.73876953125, -0.0988922119140625, 0.235809326171875, -0.6235504150390625]
1048320, 1052.69970703125, [1000.0, 167.0, 439.0, 93.0, 151.0, 108.0, 90.0, 105.0, 33.0, 1000.0, 0.0, 750.0, 0.0, 666.0, 888.0, 999.0, 999.0, 999.0, 999.0, 520.0, 641.0, 0.0, 73.0], [-17.030838012695312, -6.132591724395752, 122.41381072998047], [0.4825897216796875, -0.0248565673828125, -0.155059814453125, 0.86163330078125], [-27.44838523864746, 13.044412612915039, -83.56158447265625], [0.7376708984375, -0.1022491455078125, 0.2393341064453125, -0.6229705810546875]
1048370, 1052.74951171875, [1000.0, 167.0, 439.0, 93.0, 150.0, 108.0, 90.0, 105.0, 32.0, 1000.0, 0.0, 750.0, 0.0, 1000.0, 887.0, 999.0, 999.0, 999.0, 999.0, 521.0, 641.0, 0.0, 72.0], [-17.038522720336914, -6.1707258224487305, 122.48323822021484], [0.4821014404296875, -0.024505615234375, -0.1552886962890625, 0.86187744140625], [-26.502458572387695, 13.133685111999512, -83.3736801147461], [0.73956298828125, -0.0960235595703125, 0.2345733642578125, -0.6235198974609375]
1048420, 1052.799560546875, [1000.0, 166.0, 439.0, 92.0, 149.0, 107.0, 89.0, 105.0, 32.0, 1000.0, 0.0, 750.0, 0.0, 1000.0, 888.0, 999.0, 999.0, 999.0, 999.0, 521.0, 641.0, 0.0, 72.0], [-17.060054779052734, -6.216611862182617, 122.56320190429688], [0.481536865234375, -0.024139404296875, -0.1556549072265625, 0.8621368408203125], [-26.628643035888672, 13.067968368530273, -83.39838409423828], [0.739288330078125, -0.09716796875, 0.2348785400390625, -0.623565673828125]
1048480, 1052.859375, [1000.0, 166.0, 438.0, 92.0, 148.0, 106.0, 88.0, 104.0, 32.0, 1000.0, 0.0, 1000.0, 0.0, 1000.0, 886.0, 999.0, 999.0, 999.0, 999.0, 522.0, 640.0, 0.0, 72.0], [-17.005859375, -6.2289557456970215, 122.66387176513672], [0.480804443359375, -0.023681640625, -0.1553192138671875, 0.8626251220703125], [-26.7362003326416, 12.951744079589844, -83.40921783447266], [0.7390594482421875, -0.0985107421875, 0.2347564697265625, -0.6236572265625]
1048530, 1052.909423828125, [1000.0, 166.0, 437.0, 92.0, 148.0, 106.0, 88.0, 104.0, 32.0, 1000.0, 0.0, 750.0, 0.0, 666.0, 887.0, 999.0, 999.0, 999.0, 999.0, 523.0, 640.0, 0.0, 71.0], [-16.91354751586914, -6.227165699005127, 122.74858093261719], [0.4801788330078125, -0.023193359375, -0.154632568359375, 0.86309814453125], [-26.83256721496582, 12.903206825256348, -83.44735717773438], [0.738739013671875, -0.099334716796875, 0.235015869140625, -0.623809814453125]
1048590, 1052.969482421875, [1000.0, 166.0, 439.0, 91.0, 147.0, 105.0, 87.0, 103.0, 31.0, 1000.0, 0.0, 750.0, 0.0, 666.0, 887.0, 999.0, 999.0, 999.0, 999.0, 523.0, 639.0, 0.0, 70.0], [-16.817018508911133, -6.157025337219238, 122.8445816040039], [0.4794158935546875, -0.023193359375, -0.1536407470703125, 0.86370849609375], [-27.004405975341797, 12.770925521850586, -83.48223876953125], [0.738311767578125, -0.10113525390625, 0.23516845703125, -0.62396240234375]
1048640, 1053.019287109375, [1000.0, 166.0, 439.0, 91.0, 146.0, 105.0, 86.0, 103.0, 31.0, 1000.0, 0.0, 750.0, 0.0, 666.0, 883.0, 999.0, 999.0, 999.0, 999.0, 524.0, 639.0, 0.0, 69.0], [-16.76186180114746, -6.064328193664551, 122.91397857666016], [0.47882080078125, -0.0235748291015625, -0.152862548828125, 0.864166259765625], [-26.79313850402832, 12.839680671691895, -83.4427490234375], [0.7387542724609375, -0.099456787109375, 0.234405517578125, -0.623992919921875]
1048690, 1053.0694580078125, [1000.0, 166.0, 437.0, 91.0, 146.0, 104.0, 86.0, 103.0, 31.0, 1000.0, 0.0, 750.0, 0.0, 1000.0, 883.0, 999.0, 999.0, 999.0, 999.0, 525.0, 639.0, 0.0, 70.0], [-16.782772064208984, -6.148033142089844, 123.0167236328125], [0.478118896484375, -0.02288818359375, -0.15338134765625, 0.8644866943359375], [-26.620193481445312, 12.620766639709473, -83.3892822265625], [0.7390594482421875, -0.0997161865234375, 0.2320709228515625, -0.6244659423828125]
1048750, 1053.12939453125, [1000.0, 166.0, 436.0, 90.0, 145.0, 103.0, 85.0, 102.0, 30.0, 1000.0, 0.0, 750.0, 0.0, 666.0, 887.0, 999.0, 999.0, 999.0, 999.0, 525.0, 638.0, 0.0, 69.0], [-16.77711296081543, -6.257961273193359, 123.14889526367188], [0.4772186279296875, -0.0218505859375, -0.15380859375, 0.86492919921875], [-27.253856658935547, 12.664109230041504, -83.51741027832031], [0.737823486328125, -0.1032867431640625, 0.23590087890625, -0.6239013671875]
1048800, 1053.1795654296875, [1000.0, 166.0, 436.0, 90.0, 145.0, 103.0, 85.0, 102.0, 30.0, 1000.0, 0.0, 750.0, 0.0, 666.0, 887.0, 999.0, 999.0, 999.0, 999.0, 527.0, 638.0, 0.0, 69.0], [-16.767641067504883, -6.400333404541016, 123.31178283691406], [0.4761199951171875, -0.0205078125, -0.1543426513671875, 0.865478515625], [-26.282821655273438, 12.383731842041016, -83.30644989013672], [0.739654541015625, -0.0990753173828125, 0.22869873046875, -0.6251068115234375]
1048850, 1053.239501953125, [1000.0, 166.0, 435.0, 90.0, 145.0, 103.0, 85.0, 101.0, 30.0, 1000.0, 0.0, 750.0, 0.0, 1000.0, 888.0, 999.0, 999.0, 999.0, 999.0, 528.0, 638.0, 0.0, 67.0], [-16.73453140258789, -6.444655895233154, 123.46858978271484], [0.4749755859375, -0.0198211669921875, -0.154296875, 0.866119384765625], [-27.00514030456543, 12.346280097961426, -83.47659301757812], [0.738067626953125, -0.103607177734375, 0.2325592041015625, -0.6248321533203125]
1048910, 1053.2894287109375, [1000.0, 166.0, 433.0, 89.0, 144.0, 102.0, 84.0, 101.0, 29.0, 1000.0, 0.0, 750.0, 0.0, 666.0, 888.0, 999.0, 999.0, 999.0, 999.0, 530.0, 638.0, 0.0, 66.0], [-16.557069778442383, -6.555043697357178, 123.6352767944336], [0.473846435546875, -0.0180206298828125, -0.1534271240234375, 0.866943359375], [-26.41441535949707, 12.368171691894531, -83.3795166015625], [0.7391357421875, -0.0998687744140625, 0.2293853759765625, -0.6253509521484375]
1048930, 1053.3399658203125, [1000.0, 166.0, 433.0, 89.0, 144.0, 102.0, 84.0, 101.0, 29.0, 1000.0, 0.0, 1000.0, 0.0, 666.0, 888.0, 999.0, 999.0, 999.0, 999.0, 530.0, 638.0, 0.0, 66.0], [-16.499053955078125, -6.578310012817383, 123.6996841430664], [0.473388671875, -0.01751708984375, -0.1530914306640625, 0.8672637939453125], [-26.303958892822266, 12.328949928283691, -83.40364837646484], [0.73907470703125, -0.099334716796875, 0.2285614013671875, -0.6258087158203125]
1048960, 1053.349365234375, [1000.0, 166.0, 433.0, 89.0, 143.0, 101.0, 83.0, 101.0, 29.0, 1000.0, 0.0, 750.0, 0.0, 1000.0, 889.0, 999.0, 999.0, 999.0, 999.0, 530.0, 637.0, 0.0, 66.0], [-16.31038475036621, -6.504989147186279, 123.78765106201172], [0.472686767578125, -0.017181396484375, -0.1513824462890625, 0.867950439453125], [-26.25123405456543, 12.616679191589355, -83.52297973632812], [0.7386474609375, -0.0970916748046875, 0.2301483154296875, -0.6260833740234375]
1049020, 1053.3995361328125, [1000.0, 166.0, 433.0, 88.0, 143.0, 101.0, 83.0, 100.0, 29.0, 1000.0, 0.0, 750.0, 0.0, 666.0, 890.0, 999.0, 999.0, 999.0, 999.0, 530.0, 639.0, 0.0, 65.0], [-15.908653259277344, -7.11154317855835, 124.02586364746094], [0.471435546875, -0.0105743408203125, -0.150787353515625, 0.86883544921875], [-26.792251586914062, 13.38094711303711, -83.46814727783203], [0.73895263671875, -0.0962677001953125, 0.2377471923828125, -0.6230010986328125]
1049040, 1053.4498291015625, [1000.0, 166.0, 431.0, 88.0, 142.0, 100.0, 83.0, 100.0, 29.0, 1000.0, 0.0, 750.0, 0.0, 666.0, 896.0, 999.0, 999.0, 999.0, 999.0, 530.0, 640.0, 0.0, 64.0], [-15.39115047454834, -7.460219860076904, 124.06739044189453], [0.471435546875, -0.0057220458984375, -0.14825439453125, 0.86932373046875], [-26.114505767822266, 13.434222221374512, -83.1711196899414], [0.74114990234375, -0.092193603515625, 0.2341461181640625, -0.6223602294921875]
1049070, 1053.45947265625, [1000.0, 165.0, 430.0, 88.0, 142.0, 99.0, 82.0, 99.0, 29.0, 1000.0, 0.0, 750.0, 0.0, 1000.0, 895.0, 999.0, 999.0, 999.0, 999.0, 528.0, 644.0, 0.0, 66.0], [-14.230389595031738, -7.431843280792236, 124.17127227783203], [0.4706573486328125, -0.00103759765625, -0.1393280029296875, 0.8712310791015625], [-25.433799743652344, 13.616320610046387, -82.70581817626953], [0.7443084716796875, -0.087677001953125, 0.2312164306640625, -0.6203460693359375]
1049120, 1053.5093994140625, [1000.0, 165.0, 431.0, 88.0, 141.0, 102.0, 81.0, 99.0, 29.0, 1000.0, 0.0, 750.0, 0.0, 666.0, 923.0, 999.0, 999.0, 999.0, 999.0, 525.0, 655.0, 0.0, 81.0], [-12.492619514465332, -5.150051593780518, 123.62446594238281], [0.473388671875, -0.0119781494140625, -0.1168975830078125, 0.8729705810546875], [-23.85024070739746, 14.8187837600708, -81.9608154296875], [0.74993896484375, -0.0719451904296875, 0.2296295166015625, -0.6161651611328125]
1049140, 1053.5594482421875, [1000.0, 165.0, 430.0, 91.0, 139.0, 108.0, 79.0, 99.0, 32.0, 1000.0, 0.0, 750.0, 0.0, 666.0, 925.0, 999.0, 999.0, 999.0, 999.0, 524.0, 656.0, 0.0, 94.0], [-11.633543968200684, -3.5749635696411133, 123.29354858398438], [0.475006103515625, -0.0207977294921875, -0.1038818359375, 0.873565673828125], [-22.773658752441406, 15.446860313415527, -81.43931579589844], [0.7535552978515625, -0.0623321533203125, 0.22747802734375, -0.6136016845703125]
1049180, 1053.5693359375, [1000.0, 165.0, 435.0, 100.0, 136.0, 136.0, 78.0, 100.0, 43.0, 1000.0, 0.0, 750.0, 0.0, 666.0, 920.0, 999.0, 999.0, 999.0, 999.0, 517.0, 662.0, 0.0, 109.0], [-11.969715118408203, 0.9177677035331726, 122.48431396484375], [0.4777374267578125, -0.0571441650390625, -0.0875701904296875, 0.87225341796875], [-22.622520446777344, 17.209270477294922, -80.76470184326172], [0.757537841796875, -0.05267333984375, 0.237396240234375, -0.6057891845703125]
1049230, 1053.61962890625, [1000.0, 165.0, 462.0, 109.0, 140.0, 186.0, 88.0, 103.0, 53.0, 1000.0, 0.0, 750.0, 0.0, 666.0, 919.0, 999.0, 999.0, 999.0, 999.0, 512.0, 665.0, 0.0, 118.0], [-12.086701393127441, 5.7596025466918945, 121.23486328125], [0.4826812744140625, -0.095123291015625, -0.067108154296875, 0.868011474609375], [-21.32685661315918, 19.729093551635742, -79.4735107421875], [0.7647857666015625, -0.032562255859375, 0.246002197265625, -0.59454345703125]
1049280, 1053.66943359375, [1000.0, 165.0, 506.0, 120.0, 151.0, 242.0, 124.0, 105.0, 73.0, 1000.0, 0.0, 750.0, 0.0, 666.0, 919.0, 999.0, 999.0, 999.0, 999.0, 506.0, 671.0, 0.0, 139.0], [-11.635295867919922, 8.510428428649902, 119.53945922851562], [0.4929962158203125, -0.1146697998046875, -0.0501708984375, 0.8609619140625], [-19.578857421875, 22.521038055419922, -78.25200653076172], [0.77069091796875, -0.0079345703125, 0.2545013427734375, -0.5841064453125]
1049290, 1053.6793212890625, [1000.0, 164.0, 514.0, 123.0, 155.0, 249.0, 144.0, 105.0, 81.0, 1000.0, 0.0, 750.0, 0.0, 666.0, 924.0, 999.0, 999.0, 999.0, 999.0, 504.0, 673.0, 0.0, 148.0], [-11.516399383544922, 8.370162010192871, 119.15262603759766], [0.4961700439453125, -0.11328125, -0.0495147705078125, 0.8593597412109375], [-19.23723030090332, 23.138668060302734, -78.04046630859375], [0.7715301513671875, -0.002685546875, 0.256683349609375, -0.58209228515625]
1049340, 1053.7294921875, [1000.0, 164.0, 519.0, 127.0, 165.0, 241.0, 251.0, 106.0, 107.0, 1000.0, 0.0, 750.0, 0.0, 666.0, 914.0, 999.0, 999.0, 999.0, 999.0, 496.0, 685.0, 0.0, 171.0], [-9.707024574279785, 5.712602615356445, 116.58268737792969], [0.51947021484375, -0.0866546630859375, -0.0457916259765625, 0.8488311767578125], [-16.671438217163086, 25.07280921936035, -76.87989044189453], [0.77606201171875, 0.022674560546875, 0.256195068359375, -0.5758056640625]
1049390, 1053.7794189453125, [1000.0, 165.0, 503.0, 126.0, 178.0, 229.0, 359.0, 107.0, 147.0, 1000.0, 0.0, 750.0, 0.0, 666.0, 917.0, 999.0, 999.0, 999.0, 999.0, 495.0, 696.0, 0.0, 188.0], [-9.212270736694336, 5.297995567321777, 114.30224609375], [0.5369720458984375, -0.08221435546875, -0.0424041748046875, 0.8385009765625], [-14.58133602142334, 25.57868194580078, -76.08130645751953], [0.7791290283203125, 0.037841796875, 0.2491912841796875, -0.573944091796875]
1049450, 1053.8394775390625, [1000.0, 165.0, 498.0, 130.0, 383.0, 212.0, 670.0, 108.0, 266.0, 1000.0, 0.0, 750.0, 0.0, 666.0, 897.0, 999.0, 999.0, 999.0, 999.0, 502.0, 689.0, 0.0, 219.0], [-4.30634069442749, -4.675501346588135, 108.7061996459961], [0.5831298828125, 0.0112457275390625, -0.05426025390625, 0.8104705810546875], [-10.764572143554688, 24.85849380493164, -75.50115203857422], [0.781097412109375, 0.0587615966796875, 0.2255096435546875, -0.5792694091796875]
1049500, 1053.8896484375, [1000.0, 165.0, 504.0, 137.0, 531.0, 200.0, 751.0, 111.0, 374.0, 1000.0, 0.0, 750.0, 0.0, 1000.0, 897.0, 999.0, 999.0, 999.0, 999.0, 507.0, 685.0, 0.0, 269.0], [-0.3036825954914093, -10.58969783782959, 104.38259887695312], [0.610595703125, 0.0712890625, -0.05865478515625, 0.786529541015625], [-7.797628879547119, 23.367639541625977, -75.4223403930664], [0.7813262939453125, 0.0709075927734375, 0.2005615234375, -0.5867156982421875]
1049560, 1053.9498291015625, [1000.0, 164.0, 506.0, 133.0, 695.0, 197.0, 812.0, 124.0, 459.0, 1000.0, 0.0, 750.0, 0.0, 666.0, 918.0, 999.0, 999.0, 999.0, 999.0, 503.0, 682.0, 0.0, 326.0], [5.498706817626953, -18.538236618041992, 98.47974395751953], [0.6377716064453125, 0.15277099609375, -0.069183349609375, 0.751739501953125], [-6.340397357940674, 20.071853637695312, -75.7521743774414], [0.781982421875, 0.0638427734375, 0.1707763671875, -0.5960235595703125]
1049610, 1053.999755859375, [1000.0, 162.0, 506.0, 130.0, 800.0, 193.0, 833.0, 146.0, 512.0, 1000.0, 0.0, 750.0, 0.0, 666.0, 914.0, 999.0, 999.0, 999.0, 999.0, 490.0, 682.0, 0.0, 371.0], [8.848365783691406, -24.25128746032715, 94.68867492675781], [0.6485748291015625, 0.2051239013671875, -0.0864410400390625, 0.7278594970703125], [-5.835151195526123, 19.671476364135742, -76.47167205810547], [0.778289794921875, 0.066192626953125, 0.1650390625, -0.6021728515625]
1049660, 1054.0498046875, [1000.0, 161.0, 500.0, 126.0, 806.0, 184.0, 814.0, 157.0, 504.0, 1000.0, 0.0, 750.0, 0.0, 1000.0, 926.0, 999.0, 999.0, 999.0, 999.0, 478.0, 690.0, 0.0, 403.0], [10.778929710388184, -28.3150691986084, 91.3704605102539], [0.6579437255859375, 0.23785400390625, -0.104949951171875, 0.706756591796875], [-6.104074001312256, 19.691320419311523, -77.5517578125], [0.7727203369140625, 0.0660400390625, 0.1659698486328125, -0.60906982421875]
1049720, 1054.109619140625, [1000.0, 161.0, 490.0, 121.0, 847.0, 178.0, 819.0, 248.0, 495.0, 1000.0, 0.0, 750.0, 0.0, 666.0, 772.0, 999.0, 999.0, 999.0, 999.0, 469.0, 712.0, 0.0, 460.0], [12.20936393737793, -34.125972747802734, 88.84769439697266], [0.6570281982421875, 0.276824951171875, -0.13720703125, 0.6876373291015625], [-8.135424613952637, 18.744184494018555, -79.4120101928711], [0.7645263671875, 0.0499267578125, 0.169677734375, -0.619842529296875]
1049770, 1054.159423828125, [1000.0, 161.0, 484.0, 116.0, 895.0, 171.0, 820.0, 259.0, 488.0, 1000.0, 8.0, 750.0, 0.0, 666.0, 515.0, 999.0, 999.0, 999.0, 999.0, 463.0, 736.0, 0.0, 482.0], [15.16718864440918, -37.27422332763672, 85.40647888183594], [0.6616363525390625, 0.306732177734375, -0.147979736328125, 0.667999267578125], [-10.798027992248535, 17.99017333984375, -81.9714584350586], [0.751922607421875, 0.0319366455078125, 0.1784515380859375, -0.633819580078125]
1049830, 1054.219482421875, [1000.0, 161.0, 478.0, 115.0, 913.0, 166.0, 812.0, 273.0, 469.0, 1000.0, 31.0, 750.0, 0.0, 1000.0, 247.0, 999.0, 999.0, 999.0, 999.0, 455.0, 763.0, 0.0, 549.0], [14.469693183898926, -39.47932815551758, 82.27412414550781], [0.6752471923828125, 0.3096923828125, -0.1743621826171875, 0.64630126953125], [-13.873196601867676, 17.100271224975586, -86.08106994628906], [0.729705810546875, 0.0134429931640625, 0.1893768310546875, -0.6568603515625]
1049880, 1054.26953125, [1000.0, 165.0, 559.0, 119.0, 940.0, 164.0, 874.0, 246.0, 466.0, 1000.0, 41.0, 750.0, 0.0, 666.0, 181.0, 999.0, 999.0, 999.0, 999.0, 447.0, 779.0, 0.0, 521.0], [12.627297401428223, -41.36905288696289, 81.12842559814453], [0.681121826171875, 0.30645751953125, -0.199798583984375, 0.634185791015625], [-17.09269142150879, 15.996670722961426, -89.50689697265625], [0.7099761962890625, -0.00762939453125, 0.201324462890625, -0.674774169921875]
1049930, 1054.319580078125, [1000.0, 164.0, 718.0, 123.0, 965.0, 155.0, 927.0, 215.0, 554.0, 1000.0, 43.0, 750.0, 0.0, 1000.0, 148.0, 999.0, 993.0, 999.0, 999.0, 437.0, 788.0, 0.0, 472.0], [10.361855506896973, -43.65829086303711, 80.14407348632812], [0.6858367919921875, 0.3025360107421875, -0.2294158935546875, 0.6208343505859375], [-20.313840866088867, 14.974733352661133, -92.56845092773438], [0.6910552978515625, -0.0281219482421875, 0.2150115966796875, -0.6894989013671875]
1049990, 1054.3795166015625, [1000.0, 168.0, 901.0, 114.0, 988.0, 141.0, 955.0, 192.0, 636.0, 1000.0, 41.0, 1000.0, 0.0, 666.0, 119.0, 999.0, 999.0, 999.0, 999.0, 427.0, 791.0, 0.0, 420.0], [8.661712646484375, -45.38398742675781, 79.46897888183594], [0.6888275146484375, 0.299468994140625, -0.25128173828125, 0.6104583740234375], [-22.60673713684082, 13.810501098632812, -94.70722198486328], [0.6768341064453125, -0.04510498046875, 0.222991943359375, -0.7000732421875]
1050040, 1054.4295654296875, [1000.0, 170.0, 945.0, 103.0, 1000.0, 123.0, 969.0, 177.0, 735.0, 1000.0, 37.0, 750.0, 0.0, 666.0, 114.0, 999.0, 999.0, 999.0, 999.0, 419.0, 792.0, 0.0, 406.0], [7.288954257965088, -45.783935546875, 79.66929626464844], [0.6901397705078125, 0.29364013671875, -0.260589599609375, 0.60791015625], [-24.21555519104004, 12.328445434570312, -95.5145492553711], [0.6701812744140625, -0.062469482421875, 0.2249603271484375, -0.704498291015625]
1050090, 1054.4798583984375, [1000.0, 168.0, 964.0, 95.0, 1000.0, 109.0, 980.0, 165.0, 816.0, 1000.0, 34.0, 750.0, 0.0, 666.0, 115.0, 999.0, 999.0, 999.0, 999.0, 410.0, 787.0, 0.0, 404.0], [7.556360244750977, -48.37832260131836, 79.52334594726562], [0.6824188232421875, 0.307708740234375, -0.275848388671875, 0.6029205322265625], [-25.367002487182617, 9.569792747497559, -95.46246337890625], [0.667449951171875, -0.086944580078125, 0.216644287109375, -0.70709228515625]
1050150, 1054.53955078125, [1000.0, 170.0, 990.0, 94.0, 1000.0, 98.0, 991.0, 156.0, 910.0, 1000.0, 27.0, 750.0, 0.0, 666.0, 151.0, 999.0, 999.0, 999.0, 999.0, 403.0, 798.0, 0.0, 459.0], [7.036050319671631, -45.17380142211914, 81.2492904663086], [0.6840972900390625, 0.2926025390625, -0.2540740966796875, 0.6179046630859375], [-24.206567764282227, 10.93177318572998, -94.05546569824219], [0.678070068359375, -0.074127197265625, 0.2162017822265625, -0.69854736328125]
1050200, 1054.58984375, [1000.0, 172.0, 1000.0, 98.0, 1000.0, 94.0, 996.0, 149.0, 959.0, 1000.0, 21.0, 750.0, 0.0, 1000.0, 191.0, 999.0, 999.0, 999.0, 999.0, 396.0, 823.0, 0.0, 528.0], [5.1206207275390625, -42.24899673461914, 83.55134582519531], [0.6842193603515625, 0.27093505859375, -0.2407379150390625, 0.6328277587890625], [-24.61357879638672, 12.189011573791504, -93.53520965576172], [0.681915283203125, -0.0695953369140625, 0.2254638671875, -0.6923065185546875]
1050260, 1054.6495361328125, [1000.0, 172.0, 1000.0, 96.0, 1000.0, 94.0, 999.0, 144.0, 967.0, 1000.0, 10.0, 750.0, 0.0, 666.0, 250.0, 999.0, 999.0, 999.0, 999.0, 388.0, 823.0, 0.0, 508.0], [-2.6431097984313965, -39.18614959716797, 89.33152770996094], [0.67529296875, 0.22021484375, -0.2537078857421875, 0.656585693359375], [-28.957378387451172, 13.213899612426758, -92.90460205078125], [0.6834869384765625, -0.090362548828125, 0.2567596435546875, -0.6772918701171875]
1050310, 1054.69970703125, [1000.0, 174.0, 1000.0, 94.0, 1000.0, 102.0, 979.0, 143.0, 921.0, 1000.0, 42.0, 750.0, 0.0, 666.0, 281.0, 999.0, 999.0, 999.0, 999.0, 382.0, 819.0, 0.0, 568.0], [-6.895917892456055, -34.010623931884766, 92.68890380859375], [0.671661376953125, 0.1715087890625, -0.243133544921875, 0.678466796875], [-29.837434768676758, 14.268726348876953, -91.84283447265625], [0.6899566650390625, -0.09149169921875, 0.266998291015625, -0.6665496826171875]
1050360, 1054.749755859375, [1000.0, 183.0, 1000.0, 99.0, 914.0, 165.0, 920.0, 567.0, 831.0, 1000.0, 610.0, 750.0, 0.0, 666.0, 509.0, 999.0, 999.0, 999.0, 999.0, 375.0, 816.0, 0.0, 767.0], [-13.086287498474121, -28.87148094177246, 95.7962417602539], [0.6661224365234375, 0.109771728515625, -0.2479248046875, 0.694793701171875], [-33.2745246887207, 15.840086936950684, -91.71068572998047], [0.6892547607421875, -0.1027679443359375, 0.295440673828125, -0.65350341796875]
1050420, 1054.8095703125, [1000.0, 182.0, 1000.0, 106.0, 814.0, 741.0, 741.0, 954.0, 593.0, 1000.0, 891.0, 750.0, 0.0, 666.0, 311.0, 999.0, 999.0, 999.0, 999.0, 371.0, 781.0, 0.0, 863.0], [-16.128267288208008, -25.40333366394043, 97.68275451660156], [0.658905029296875, 0.0738372802734375, -0.246307373046875, 0.7068939208984375], [-38.29996109008789, 17.54832649230957, -92.85991668701172], [0.6797332763671875, -0.119049072265625, 0.3342132568359375, -0.641937255859375]
1050470, 1054.8594970703125, [1000.0, 182.0, 1000.0, 116.0, 763.0, 841.0, 527.0, 984.0, 403.0, 1000.0, 922.0, 750.0, 0.0, 666.0, 241.0, 999.0, 999.0, 999.0, 999.0, 371.0, 745.0, 0.0, 900.0], [-22.378389358520508, -25.799970626831055, 100.69390106201172], [0.6435546875, 0.04791259765625, -0.2853851318359375, 0.7085723876953125], [-44.934566497802734, 18.152572631835938, -95.13235473632812], [0.6602020263671875, -0.14703369140625, 0.3768768310546875, -0.6328125]
1050530, 1054.9193115234375, [1000.0, 182.0, 998.0, 125.0, 707.0, 859.0, 425.0, 987.0, 318.0, 1000.0, 931.0, 750.0, 0.0, 1000.0, 167.0, 999.0, 999.0, 999.0, 999.0, 373.0, 729.0, 0.0, 922.0], [-34.180049896240234, -28.921676635742188, 105.77557373046875], [0.616973876953125, 0.018646240234375, -0.370941162109375, 0.6938018798828125], [-58.31911849975586, 17.22612953186035, -99.75711822509766], [0.6121826171875, -0.2104339599609375, 0.4526519775390625, -0.6132049560546875]
1050580, 1054.9696044921875, [1000.0, 186.0, 991.0, 133.0, 669.0, 853.0, 377.0, 978.0, 266.0, 1000.0, 937.0, 750.0, 0.0, 1000.0, 133.0, 999.0, 862.0, 999.0, 999.0, 374.0, 726.0, 0.0, 918.0], [-51.13504409790039, -31.832931518554688, 113.01087188720703], [0.577423095703125, -0.022735595703125, -0.4826202392578125, 0.658111572265625], [-73.43758392333984, 15.930108070373535, -104.59159851074219], [0.5510406494140625, -0.2742462158203125, 0.5363922119140625, -0.577392578125]
1050630, 1055.019775390625, [1000.0, 187.0, 987.0, 137.0, 652.0, 837.0, 351.0, 977.0, 234.0, 1000.0, 945.0, 750.0, 0.0, 666.0, 122.0, 999.0, 891.0, 999.0, 999.0, 377.0, 728.0, 0.0, 926.0], [-67.27928161621094, -30.323991775512695, 120.79121398925781], [0.5229339599609375, -0.0748138427734375, -0.57244873046875, 0.6270751953125], [-85.71607208251953, 15.416129112243652, -108.4499282836914], [0.4986724853515625, -0.31427001953125, 0.6043243408203125, -0.5360107421875]
1050690, 1055.079833984375, [1000.0, 188.0, 975.0, 140.0, 556.0, 824.0, 301.0, 951.0, 172.0, 1000.0, 961.0, 1000.0, 0.0, 666.0, 157.0, 999.0, 999.0, 999.0, 999.0, 381.0, 719.0, 0.0, 908.0], [-83.1876220703125, -27.594558715820312, 125.89146423339844], [0.4713287353515625, -0.1343841552734375, -0.6552581787109375, 0.574798583984375], [-96.20042419433594, 15.737164497375488, -112.03053283691406], [0.4542694091796875, -0.3363189697265625, 0.6624603271484375, -0.4915771484375]
1050740, 1055.129638671875, [1000.0, 189.0, 964.0, 139.0, 500.0, 811.0, 280.0, 942.0, 145.0, 1000.0, 966.0, 750.0, 0.0, 666.0, 183.0, 999.0, 999.0, 999.0, 999.0, 384.0, 713.0, 0.0, 897.0], [-89.78937530517578, -22.6788387298584, 127.6250991821289], [0.4310455322265625, -0.1804046630859375, -0.6824493408203125, 0.5620269775390625], [-101.61042022705078, 16.848316192626953, -113.39989471435547], [0.4381103515625, -0.3435211181640625, 0.69158935546875, -0.4601593017578125]
1050800, 1055.1895751953125, [1000.0, 190.0, 940.0, 140.0, 417.0, 802.0, 388.0, 965.0, 121.0, 1000.0, 970.0, 750.0, 0.0, 1000.0, 204.0, 999.0, 999.0, 999.0, 999.0, 387.0, 702.0, 0.0, 884.0], [-91.8311996459961, -16.869413375854492, 127.57752990722656], [0.3984832763671875, -0.2222747802734375, -0.6825408935546875, 0.5708770751953125], [-102.99363708496094, 19.216899871826172, -113.52049255371094], [0.445709228515625, -0.336029052734375, 0.702301025390625, -0.4417877197265625]
1050850, 1055.239501953125, [1000.0, 190.0, 915.0, 142.0, 387.0, 797.0, 326.0, 946.0, 110.0, 1000.0, 963.0, 750.0, 0.0, 666.0, 214.0, 999.0, 999.0, 999.0, 999.0, 389.0, 701.0, 0.0, 882.0], [-89.82394409179688, -10.819337844848633, 127.95518493652344], [0.3691253662109375, -0.2483673095703125, -0.6609039306640625, 0.6043548583984375], [-101.91507720947266, 21.95524787902832, -112.67169952392578], [0.4658660888671875, -0.32281494140625, 0.701080322265625, -0.43267822265625]
1050900, 1055.2896728515625, [1000.0, 191.0, 903.0, 129.0, 377.0, 756.0, 322.0, 921.0, 102.0, 1000.0, 956.0, 750.0, 0.0, 1000.0, 218.0, 999.0, 999.0, 999.0, 999.0, 391.0, 696.0, 0.0, 863.0], [-90.52385711669922, -3.5758283138275146, 129.66421508789062], [0.319244384765625, -0.2820587158203125, -0.65191650390625, 0.6273040771484375], [-103.74282836914062, 24.961061477661133, -112.36266326904297], [0.47674560546875, -0.3166046142578125, 0.71234130859375, -0.406219482421875]
1050960, 1055.3494873046875, [1000.0, 191.0, 886.0, 133.0, 369.0, 739.0, 225.0, 877.0, 93.0, 1000.0, 949.0, 750.0, 0.0, 666.0, 193.0, 999.0, 999.0, 999.0, 999.0, 392.0, 686.0, 0.0, 852.0], [-93.85662078857422, 5.140176296234131, 132.84475708007812], [0.24285888671875, -0.3199615478515625, -0.656585693359375, 0.63836669921875], [-107.17547607421875, 28.651594161987305, -112.04592895507812], [0.486541748046875, -0.31396484375, 0.7286834716796875, -0.3656463623046875]
1051010, 1055.3995361328125, [1000.0, 191.0, 877.0, 128.0, 369.0, 725.0, 212.0, 869.0, 88.0, 1000.0, 944.0, 750.0, 0.0, 1000.0, 187.0, 999.0, 999.0, 999.0, 999.0, 393.0, 681.0, 0.0, 845.0], [-95.26825714111328, 8.55827808380127, 133.67608642578125], [0.213623046875, -0.336029052734375, -0.657623291015625, 0.639495849609375], [-108.63843536376953, 31.77588653564453, -112.1330795288086], [0.497650146484375, -0.3036346435546875, 0.7373199462890625, -0.34130859375]
1051070, 1055.4595947265625, [1000.0, 189.0, 873.0, 127.0, 366.0, 719.0, 209.0, 867.0, 83.0, 1000.0, 942.0, 750.0, 0.0, 666.0, 179.0, 999.0, 999.0, 999.0, 999.0, 392.0, 672.0, 0.0, 841.0], [-95.0449447631836, 12.543074607849121, 134.71365356445312], [0.1840667724609375, -0.3503265380859375, -0.6482086181640625, 0.6505279541015625], [-110.13186645507812, 34.5212516784668, -112.22045135498047], [0.5068359375, -0.2954864501953125, 0.7446136474609375, -0.31829833984375]
1051120, 1055.5093994140625, [1000.0, 189.0, 872.0, 126.0, 367.0, 712.0, 246.0, 875.0, 80.0, 1000.0, 940.0, 750.0, 0.0, 1000.0, 171.0, 999.0, 999.0, 999.0, 999.0, 393.0, 670.0, 0.0, 838.0], [-94.22881317138672, 14.454313278198242, 134.92227172851562], [0.17364501953125, -0.357696533203125, -0.6385498046875, 0.6588897705078125], [-110.05799865722656, 35.82422637939453, -111.9620590209961], [0.514007568359375, -0.2901153564453125, 0.7448883056640625, -0.31103515625]
1051170, 1055.569580078125, [1000.0, 190.0, 869.0, 127.0, 367.0, 709.0, 313.0, 899.0, 78.0, 1000.0, 937.0, 750.0, 0.0, 666.0, 170.0, 999.0, 999.0, 999.0, 999.0, 392.0, 667.0, 0.0, 836.0], [-92.41832733154297, 17.105621337890625, 135.31234741210938], [0.160858154296875, -0.3665618896484375, -0.6211090087890625, 0.6737518310546875], [-110.11380004882812, 36.48386001586914, -110.81861114501953], [0.520050048828125, -0.29437255859375, 0.74267578125, -0.3021392822265625]
1051230, 1055.619873046875, [1000.0, 190.0, 867.0, 127.0, 368.0, 699.0, 314.0, 895.0, 76.0, 1000.0, 933.0, 750.0, 0.0, 666.0, 171.0, 999.0, 999.0, 999.0, 999.0, 391.0, 666.0, 0.0, 832.0], [-92.53764343261719, 17.508798599243164, 135.3552703857422], [0.1577606201171875, -0.3685760498046875, -0.6206817626953125, 0.6737823486328125], [-109.7854995727539, 36.87187576293945, -108.75701904296875], [0.5280609130859375, -0.304168701171875, 0.736785888671875, -0.292816162109375]
1051280, 1055.6798095703125, [1000.0, 189.0, 867.0, 128.0, 370.0, 691.0, 323.0, 895.0, 73.0, 1000.0, 930.0, 750.0, 0.0, 1000.0, 179.0, 999.0, 999.0, 999.0, 999.0, 390.0, 663.0, 0.0, 828.0], [-92.77625274658203, 16.41553497314453, 134.771240234375], [0.1670989990234375, -0.366455078125, -0.6236419677734375, 0.669952392578125], [-108.8939437866211, 36.837562561035156, -106.60845184326172], [0.5357666015625, -0.3139495849609375, 0.72869873046875, -0.288726806640625]
1051330, 1055.7293701171875, [1000.0, 190.0, 867.0, 128.0, 370.0, 684.0, 304.0, 886.0, 71.0, 1000.0, 926.0, 750.0, 0.0, 666.0, 187.0, 999.0, 999.0, 999.0, 999.0, 389.0, 662.0, 0.0, 825.0], [-93.79092407226562, 15.067778587341309, 134.42555236816406], [0.1741180419921875, -0.3629302978515625, -0.632598876953125, 0.66162109375], [-108.3737564086914, 36.28134536743164, -104.21923065185547], [0.5407562255859375, -0.329498291015625, 0.7200469970703125, -0.2837677001953125]
1051390, 1055.78955078125, [1000.0, 191.0, 867.0, 129.0, 372.0, 678.0, 310.0, 885.0, 69.0, 1000.0, 923.0, 750.0, 0.0, 666.0, 203.0, 999.0, 999.0, 999.0, 999.0, 388.0, 660.0, 0.0, 823.0], [-94.01222229003906, 13.545140266418457, 134.68161010742188], [0.1812744140625, -0.3540191650390625, -0.6392669677734375, 0.658111572265625], [-108.31393432617188, 34.95331954956055, -103.3489990234375], [0.5373382568359375, -0.341522216796875, 0.7156219482421875, -0.287200927734375]
1051440, 1055.8397216796875, [1000.0, 192.0, 864.0, 129.0, 371.0, 674.0, 308.0, 881.0, 68.0, 1000.0, 920.0, 750.0, 0.0, 1000.0, 198.0, 999.0, 999.0, 999.0, 999.0, 387.0, 659.0, 0.0, 820.0], [-95.09610748291016, 12.774393081665039, 134.9241943359375], [0.1812896728515625, -0.35040283203125, -0.648468017578125, 0.6510009765625], [-108.30033111572266, 33.91579055786133, -102.33977508544922], [0.5354156494140625, -0.353057861328125, 0.7110748291015625, -0.2881622314453125]
1051500, 1055.889404296875, [1000.0, 193.0, 862.0, 130.0, 373.0, 666.0, 273.0, 860.0, 67.0, 1000.0, 917.0, 750.0, 0.0, 666.0, 216.0, 999.0, 999.0, 999.0, 999.0, 386.0, 657.0, 0.0, 816.0], [-96.3128433227539, 11.449923515319824, 134.86215209960938], [0.186126708984375, -0.3459320068359375, -0.658935546875, 0.641448974609375], [-108.51162719726562, 33.906463623046875, -102.11023712158203], [0.5352935791015625, -0.3555145263671875, 0.71087646484375, -0.28582763671875]
1051550, 1055.9495849609375, [1000.0, 194.0, 861.0, 131.0, 372.0, 661.0, 283.0, 862.0, 65.0, 1000.0, 911.0, 750.0, 0.0, 666.0, 218.0, 999.0, 999.0, 999.0, 999.0, 385.0, 655.0, 0.0, 812.0], [-94.8540267944336, 9.825115203857422, 134.881591796875], [0.200347900390625, -0.3349761962890625, -0.65533447265625, 0.6466522216796875], [-107.2712173461914, 33.75214385986328, -101.12635040283203], [0.54095458984375, -0.3565521240234375, 0.7044677734375, -0.289703369140625]
1051600, 1055.999755859375, [1000.0, 194.0, 858.0, 131.0, 371.0, 655.0, 263.0, 853.0, 64.0, 1000.0, 908.0, 750.0, 0.0, 666.0, 231.0, 999.0, 999.0, 999.0, 999.0, 385.0, 654.0, 0.0, 809.0], [-94.09199523925781, 8.944103240966797, 134.82728576660156], [0.208221435546875, -0.3292999267578125, -0.653289794921875, 0.649139404296875], [-105.94535827636719, 33.70341491699219, -100.44638061523438], [0.546600341796875, -0.35467529296875, 0.6988983154296875, -0.29486083984375]
1051660, 1056.0595703125, [1000.0, 195.0, 852.0, 132.0, 368.0, 652.0, 267.0, 854.0, 62.0, 1000.0, 906.0, 750.0, 0.0, 1000.0, 218.0, 999.0, 999.0, 999.0, 999.0, 384.0, 651.0, 0.0, 805.0], [-93.7286148071289, 8.437650680541992, 134.65725708007812], [0.213287353515625, -0.3269195556640625, -0.652130126953125, 0.649871826171875], [-104.73882293701172, 34.59809494018555, -99.46109008789062], [0.556488037109375, -0.3502197265625, 0.6942901611328125, -0.292572021484375]
1051710, 1056.109619140625, [1000.0, 195.0, 851.0, 133.0, 367.0, 650.0, 246.0, 844.0, 61.0, 1000.0, 905.0, 750.0, 0.0, 666.0, 209.0, 999.0, 999.0, 999.0, 999.0, 383.0, 648.0, 0.0, 803.0], [-93.41488647460938, 8.47568130493164, 134.40086364746094], [0.2154083251953125, -0.3279876708984375, -0.649505615234375, 0.6512451171875], [-101.13860321044922, 32.96422576904297, -97.60893249511719], [0.5660247802734375, -0.3522186279296875, 0.675994873046875, -0.3139495849609375]
1051770, 1056.1695556640625, [1000.0, 197.0, 850.0, 133.0, 367.0, 648.0, 251.0, 846.0, 60.0, 1000.0, 904.0, 1000.0, 0.0, 666.0, 217.0, 999.0, 999.0, 999.0, 999.0, 383.0, 647.0, 0.0, 803.0], [-92.65681457519531, 8.579144477844238, 134.05799865722656], [0.2189178466796875, -0.32904052734375, -0.6439208984375, 0.65509033203125], [-102.4245376586914, 35.77241897583008, -98.64279174804688], [0.57012939453125, -0.3376007080078125, 0.687957763671875, -0.2960662841796875]
1051820, 1056.2196044921875, [1000.0, 198.0, 852.0, 133.0, 366.0, 644.0, 249.0, 845.0, 59.0, 1000.0, 901.0, 750.0, 0.0, 666.0, 221.0, 999.0, 999.0, 999.0, 999.0, 382.0, 644.0, 0.0, 799.0], [-92.8095703125, 8.498292922973633, 133.69154357910156], [0.2210540771484375, -0.330963134765625, -0.6439666748046875, 0.6533660888671875], [-102.01798248291016, 34.202964782714844, -98.43453979492188], [0.5658721923828125, -0.3451385498046875, 0.683349609375, -0.306060791015625]
1051870, 1056.2698974609375, [1000.0, 198.0, 853.0, 134.0, 368.0, 641.0, 242.0, 839.0, 58.0, 1000.0, 899.0, 750.0, 0.0, 666.0, 224.0, 999.0, 999.0, 999.0, 999.0, 381.0, 643.0, 0.0, 797.0], [-92.37432098388672, 8.850301742553711, 133.65928649902344], [0.22039794921875, -0.332183837890625, -0.6403961181640625, 0.656463623046875], [-104.04911804199219, 33.88956832885742, -99.94319915771484], [0.5544891357421875, -0.34765625, 0.6927337646484375, -0.302947998046875]
1051930, 1056.329833984375, [1000.0, 199.0, 852.0, 134.0, 367.0, 640.0, 234.0, 835.0, 57.0, 1000.0, 897.0, 750.0, 0.0, 666.0, 220.0, 999.0, 999.0, 999.0, 999.0, 380.0, 641.0, 0.0, 796.0], [-92.78105163574219, 8.230923652648926, 133.5117645263672], [0.2237548828125, -0.3304901123046875, -0.6440277099609375, 0.652618408203125], [-103.12842559814453, 33.72291946411133, -99.3125], [0.55828857421875, -0.3478546142578125, 0.6880645751953125, -0.30633544921875]
1051980, 1056.3798828125, [1000.0, 201.0, 851.0, 135.0, 366.0, 639.0, 232.0, 834.0, 56.0, 1000.0, 897.0, 750.0, 0.0, 666.0, 221.0, 999.0, 999.0, 999.0, 999.0, 379.0, 639.0, 0.0, 795.0], [-92.50566101074219, 7.6752610206604, 133.48890686035156], [0.2279815673828125, -0.3271026611328125, -0.6439361572265625, 0.6529541015625], [-102.67090606689453, 33.313232421875, -99.19200897216797], [0.558380126953125, -0.3484954833984375, 0.685699462890625, -0.3107147216796875]
1052040, 1056.4395751953125, [1000.0, 201.0, 851.0, 135.0, 366.0, 637.0, 230.0, 832.0, 55.0, 1000.0, 895.0, 750.0, 0.0, 666.0, 225.0, 999.0, 999.0, 999.0, 999.0, 379.0, 638.0, 0.0, 794.0], [-91.7876205444336, 7.313869953155518, 133.587158203125], [0.231597900390625, -0.3231658935546875, -0.64111328125, 0.6564178466796875], [-102.2782974243164, 33.54955291748047, -99.18231964111328], [0.5605316162109375, -0.34539794921875, 0.68505859375, -0.311737060546875]
1052090, 1056.48974609375, [1000.0, 202.0, 849.0, 135.0, 366.0, 636.0, 233.0, 833.0, 54.0, 1000.0, 893.0, 750.0, 0.0, 1000.0, 222.0, 999.0, 999.0, 999.0, 999.0, 378.0, 638.0, 0.0, 793.0], [-91.8071060180664, 7.2540106773376465, 133.61500549316406], [0.2317352294921875, -0.322723388671875, -0.6414642333984375, 0.6562347412109375], [-102.7374496459961, 33.124820709228516, -99.44960021972656], [0.556732177734375, -0.3482666015625, 0.686309814453125, -0.312591552734375]
1052140, 1056.539794921875, [1000.0, 203.0, 848.0, 135.0, 366.0, 634.0, 228.0, 830.0, 53.0, 1000.0, 892.0, 750.0, 0.0, 666.0, 225.0, 999.0, 999.0, 999.0, 999.0, 378.0, 637.0, 0.0, 792.0], [-91.28118133544922, 6.994787693023682, 133.44676208496094], [0.2357025146484375, -0.3211822509765625, -0.6386871337890625, 0.6582794189453125], [-101.91600799560547, 33.589508056640625, -99.14620971679688], [0.5618743896484375, -0.3436279296875, 0.6840362548828125, -0.313507080078125]
