1751478289630 0.16666666666666666 1
1751478289837 0.16666666666666666 2
1751478290049 0.16666666666666666 3
1751478290262 0.16666666666666666 4
1751478290478 0.16666666666666666 5
1751478290695 0.16666666666666666 6
1751478290911 0.16666666666666666 7
1751478291124 0.16666666666666666 8
1751478291337 0.8333333333333334 9
1751478291555 1.0 10
1751478291768 0.6666666666666666 11
1751478291983 0.8333333333333334 12
1751478292291 1.0 13
1751478292544 0.8333333333333334 14
1751478292763 0.8333333333333334 15
1751478292963 0.8333333333333334 16
1751478293170 0.8333333333333334 17
1751478293369 0.8333333333333334 18
1751478293575 0.8333333333333334 19
1751478293858 0.8333333333333334 20
1751478294076 0.8333333333333334 21
1751478294296 0.8333333333333334 22
1751478294516 0.8333333333333334 23
1751478294736 0.8333333333333334 24
1751478294956 0.8333333333333334 25
1751478295173 0.8333333333333334 26
1751478295392 0.8333333333333334 27
1751478295611 0.8333333333333334 28
1751478295831 0.8333333333333334 29
1751478296054 0.8333333333333334 30
1751478296271 0.8333333333333334 31
1751478296481 0.8333333333333334 32
1751478296696 0.8333333333333334 33
1751478296910 0.8333333333333334 34
1751478297132 0.8333333333333334 35
1751478297349 0.8333333333333334 36
1751478297571 0.8333333333333334 37
1751478297792 0.8333333333333334 38
1751478298006 0.8333333333333334 39
1751478298221 0.8333333333333334 40
1751478298437 0.8333333333333334 41
1751478298661 0.8333333333333334 42
1751478298882 0.8333333333333334 43
1751478299106 0.8333333333333334 44
1751478299332 0.8333333333333334 45
1751478299552 0.8333333333333334 46
1751478299770 0.8333333333333334 47
1751478299992 0.8333333333333334 48
1751478300207 0.8333333333333334 49
1751478300431 0.8333333333333334 50
1751478300645 0.8333333333333334 51
1751478300862 0.8333333333333334 52
1751478301086 0.8333333333333334 53
1751478301311 0.8333333333333334 54
1751478301537 0.8333333333333334 55
1751478301765 0.8333333333333334 56
1751478301990 0.8333333333333334 57
1751478302218 0.8333333333333334 58
1751478302441 0.8333333333333334 59
1751478302665 0.8333333333333334 60
1751478302884 0.8333333333333334 61
1751478303102 0.8333333333333334 62
1751478303322 0.8333333333333334 63
1751478303550 0.8333333333333334 64
1751478303771 0.8333333333333334 65
1751478303991 0.8333333333333334 66
1751478304220 0.8333333333333334 67
1751478304444 0.8333333333333334 68
1751478304667 0.8333333333333334 69
1751478304884 0.8333333333333334 70
1751478305105 0.8333333333333334 71
1751478305329 0.8333333333333334 72
1751478305553 0.8333333333333334 73
1751478305768 0.8333333333333334 74
1751478305989 0.8333333333333334 75
1751478306217 0.8333333333333334 76
1751478306442 0.8333333333333334 77
1751478306676 0.8333333333333334 78
1751478306916 0.8333333333333334 79
1751478307159 0.8333333333333334 80
1751478307383 0.8333333333333334 81
1751478307621 0.8333333333333334 82
1751478307857 0.8333333333333334 83
1751478308096 0.8333333333333334 84
1751478308332 0.8333333333333334 85
1751478308553 0.8333333333333334 86
1751478308782 0.8333333333333334 87
1751478309004 0.8333333333333334 88
1751478309220 0.8333333333333334 89
1751478309438 0.8333333333333334 90
1751478309657 0.8333333333333334 91
1751478309882 0.8333333333333334 92
1751478310105 0.8333333333333334 93
1751478310320 0.8333333333333334 94
1751478310540 0.8333333333333334 95
1751478310759 0.8333333333333334 96
1751478310983 0.8333333333333334 97
1751478311209 0.8333333333333334 98
1751478311433 0.8333333333333334 99
1751478311654 0.8333333333333334 100
1751478311877 0.8333333333333334 101
1751478312099 0.8333333333333334 102
1751478312318 0.8333333333333334 103
1751478312535 0.8333333333333334 104
1751478312758 0.8333333333333334 105
1751478312976 0.8333333333333334 106
1751478313195 0.8333333333333334 107
1751478313411 0.8333333333333334 108
1751478313630 0.8333333333333334 109
1751478313856 0.8333333333333334 110
1751478314081 0.8333333333333334 111
1751478314302 0.8333333333333334 112
1751478314522 0.8333333333333334 113
1751478314742 0.8333333333333334 114
1751478314965 0.8333333333333334 115
1751478315185 0.8333333333333334 116
1751478315403 0.8333333333333334 117
1751478315620 0.8333333333333334 118
1751478315842 0.8333333333333334 119
1751478316061 0.8333333333333334 120
1751478316304 0.8333333333333334 121
1751478316530 0.8333333333333334 122
1751478316752 0.8333333333333334 123
1751478316974 0.8333333333333334 124
1751478317198 0.8333333333333334 125
1751478317413 0.8333333333333334 126
1751478317634 0.8333333333333334 127
1751478317851 0.8333333333333334 128
1751478318071 0.8333333333333334 129
1751478318293 0.8333333333333334 130
1751478318535 0.8333333333333334 131
1751478318773 0.8333333333333334 132
1751478319004 0.8333333333333334 133
1751478319227 0.8333333333333334 134
1751478319454 0.8333333333333334 135
1751478319677 0.8333333333333334 136
1751478319902 0.8333333333333334 137
1751478320130 0.8333333333333334 138
1751478320356 0.8333333333333334 139
1751478320580 0.8333333333333334 140
1751478320807 0.8333333333333334 141
1751478321035 0.8333333333333334 142
1751478321262 0.8333333333333334 143
1751478321488 0.8333333333333334 144
1751478321715 0.8333333333333334 145
1751478321939 0.8333333333333334 146
1751478322156 0.8333333333333334 147
1751478322381 0.8333333333333334 148
1751478322601 0.8333333333333334 149
1751478322820 0.8333333333333334 150
1751478323042 0.8333333333333334 151
1751478323266 0.8333333333333334 152
1751478323489 0.8333333333333334 153
1751478323721 0.8333333333333334 154
1751478323951 0.8333333333333334 155
1751478324177 0.8333333333333334 156
1751478324396 0.8333333333333334 157
1751478324612 0.8333333333333334 158
1751478324837 0.8333333333333334 159
1751478325061 0.8333333333333334 160
1751478325290 0.8333333333333334 161
1751478325515 0.8333333333333334 162
1751478325740 0.8333333333333334 163
1751478325964 0.8333333333333334 164
1751478326185 0.8333333333333334 165
1751478326408 0.8333333333333334 166
1751478326629 0.8333333333333334 167
1751478326852 0.8333333333333334 168
1751478327073 0.8333333333333334 169
1751478327291 0.8333333333333334 170
1751478327515 0.8333333333333334 171
1751478327767 0.8333333333333334 172
1751478328029 0.8333333333333334 173
1751478328294 0.8333333333333334 174
1751478328511 0.8333333333333334 175
1751478328723 0.8333333333333334 176
1751478328931 0.8333333333333334 177
1751478329142 0.8333333333333334 178
1751478329349 0.8333333333333334 179
1751478329560 0.8333333333333334 180
1751478329767 0.8333333333333334 181
1751478329973 0.8333333333333334 182
1751478330186 0.8333333333333334 183
1751478330415 0.8333333333333334 184
1751478330666 0.8333333333333334 185
1751478330888 0.8333333333333334 186
1751478331110 0.8333333333333334 187
1751478331337 0.8333333333333334 188
1751478331560 0.8333333333333334 189
1751478331784 0.8333333333333334 190
1751478332009 0.8333333333333334 191
1751478332230 0.8333333333333334 192
1751478332455 0.8333333333333334 193
1751478332681 0.8333333333333334 194
1751478332902 0.8333333333333334 195
1751478333140 0.8333333333333334 196
