1751478289624 1.0047272443771362 1
1751478289831 1.1505415439605713 2
1751478290042 1.0071152448654175 3
1751478290256 1.146953821182251 4
1751478290472 1.1146801710128784 5
1751478290689 1.1299632787704468 6
1751478290902 0.9970908164978027 7
1751478291118 0.991791844367981 8
1751478291331 1.025824785232544 9
1751478291549 0.9632980227470398 10
1751478291762 0.8639202117919922 11
1751478291977 0.9153266549110413 12
1751478292285 0.6856204867362976 13
1751478292538 0.649164617061615 14
1751478292757 0.6828957200050354 15
1751478292957 0.6327528953552246 16
1751478293164 0.7602599263191223 17
1751478293363 0.5724678635597229 18
1751478293567 0.5935607552528381 19
1751478293851 0.6624360084533691 20
1751478294070 0.6423279047012329 21
1751478294290 0.6224387288093567 22
1751478294510 0.5774117112159729 23
1751478294729 0.6001079082489014 24
1751478294949 0.5940290689468384 25
1751478295166 0.5893996357917786 26
1751478295386 0.564117431640625 27
1751478295605 0.5559439659118652 28
1751478295825 0.5644686818122864 29
1751478296047 0.5551726222038269 30
1751478296265 0.5597847104072571 31
1751478296474 0.5590015649795532 32
1751478296689 0.5585230588912964 33
1751478296902 0.5540874004364014 34
1751478297124 0.5539045929908752 35
1751478297341 0.5537530183792114 36
1751478297565 0.5565608739852905 37
1751478297785 0.5579235553741455 38
1751478297999 0.5612035989761353 39
1751478298214 0.560563862323761 40
1751478298430 0.5553662776947021 41
1751478298653 0.553037703037262 42
1751478298875 0.5529704093933105 43
1751478299099 0.556243360042572 44
1751478299326 0.5580556988716125 45
1751478299545 0.5527489185333252 46
1751478299764 0.5542333722114563 47
1751478299985 0.5553162097930908 48
1751478300200 0.5570637583732605 49
1751478300424 0.5525137782096863 50
1751478300638 0.5537434816360474 51
1751478300855 0.5524167418479919 52
1751478301079 0.5545937418937683 53
1751478301303 0.5523442029953003 54
1751478301530 0.555753231048584 55
1751478301757 0.5522708892822266 56
1751478301983 0.552244246006012 57
1751478302209 0.5551407933235168 58
1751478302433 0.5521771907806396 59
1751478302657 0.5546558499336243 60
1751478302876 0.552936315536499 61
1751478303094 0.5536412596702576 62
1751478303315 0.552073061466217 63
1751478303542 0.5534948110580444 64
1751478303763 0.5534863471984863 65
1751478303984 0.5541579723358154 66
1751478304212 0.5539026856422424 67
1751478304436 0.5538182258605957 68
1751478304659 0.5539272427558899 69
1751478304876 0.5519447922706604 70
1751478305097 0.5535843968391418 71
1751478305321 0.5530821681022644 72
1751478305545 0.5534633994102478 73
1751478305759 0.5518922805786133 74
1751478305981 0.5533309578895569 75
1751478306206 0.5518655180931091 76
1751478306434 0.5518569350242615 77
1751478306668 0.5531668066978455 78
1751478306906 0.5522696375846863 79
1751478307151 0.5518173575401306 80
1751478307374 0.5518047213554382 81
1751478307612 0.5521916151046753 82
1751478307849 0.5530512928962708 83
1751478308087 0.5517808198928833 84
1751478308324 0.5525615215301514 85
1751478308546 0.5527976751327515 86
1751478308774 0.5528597235679626 87
1751478308996 0.5528240203857422 88
1751478309212 0.5520583391189575 89
1751478309430 0.5517337322235107 90
1751478309649 0.5526402592658997 91
1751478309874 0.5527169108390808 92
1751478310097 0.5526573061943054 93
1751478310312 0.5525429844856262 94
1751478310532 0.5516988635063171 95
1751478310751 0.5516955256462097 96
1751478310974 0.551687479019165 97
1751478311200 0.5516842007637024 98
1751478311423 0.5516785383224487 99
1751478311645 0.5516679883003235 100
1751478311868 0.5522254705429077 101
1751478312090 0.5520550608634949 102
1751478312309 0.5523358583450317 103
1751478312526 0.5516543984413147 104
1751478312750 0.5521751046180725 105
1751478312968 0.5516524314880371 106
1751478313186 0.5518558025360107 107
1751478313402 0.552135169506073 108
1751478313621 0.551633358001709 109
1751478313847 0.5518287420272827 110
1751478314071 0.5521816611289978 111
1751478314294 0.5521830916404724 112
1751478314514 0.552163302898407 113
1751478314734 0.5521352291107178 114
1751478314956 0.5521329641342163 115
1751478315175 0.551608145236969 116
1751478315394 0.5520943999290466 117
1751478315611 0.552002489566803 118
1751478315834 0.5515976548194885 119
1751478316052 0.5515943765640259 120
1751478316295 0.5517485737800598 121
1751478316521 0.5515894293785095 122
1751478316743 0.5519753098487854 123
1751478316965 0.5520147085189819 124
1751478317188 0.552004337310791 125
1751478317404 0.5520026683807373 126
1751478317624 0.5515754222869873 127
1751478317841 0.5515726804733276 128
1751478318062 0.5515701174736023 129
1751478318284 0.5519537329673767 130
1751478318525 0.5516941547393799 131
1751478318764 0.5519407987594604 132
1751478318993 0.5517034530639648 133
1751478319218 0.5516826510429382 134
1751478319444 0.5516777634620667 135
1751478319668 0.5518978238105774 136
1751478319891 0.5518895983695984 137
1751478320119 0.551667332649231 138
1751478320347 0.5516701936721802 139
1751478320570 0.5518680214881897 140
1751478320798 0.551868200302124 141
1751478321025 0.551664412021637 142
1751478321252 0.551651656627655 143
1751478321477 0.5516487956047058 144
1751478321704 0.5518282055854797 145
1751478321929 0.5515375137329102 146
1751478322146 0.55181485414505 147
1751478322371 0.5515339374542236 148
1751478322591 0.5515334010124207 149
1751478322810 0.5515316724777222 150
1751478323033 0.5517928004264832 151
1751478323255 0.5515283942222595 152
1751478323479 0.5515276193618774 153
1751478323711 0.5516205430030823 154
1751478323941 0.5517768859863281 155
1751478324167 0.5515244007110596 156
1751478324386 0.5517591238021851 157
1751478324602 0.5517529249191284 158
1751478324827 0.5516117215156555 159
1751478325051 0.5516045093536377 160
1751478325280 0.5516034364700317 161
1751478325504 0.5515172481536865 162
1751478325730 0.55173259973526 163
1751478325954 0.5517248511314392 164
1751478326174 0.5515944361686707 165
1751478326398 0.5515126585960388 166
1751478326619 0.5515109300613403 167
1751478326842 0.5517075657844543 168
1751478327063 0.5515862703323364 169
1751478327282 0.5515079498291016 170
1751478327505 0.5516988635063171 171
1751478327756 0.5515061020851135 172
1751478328013 0.5515812039375305 173
1751478328281 0.5515042543411255 174
1751478328501 0.5515041351318359 175
1751478328713 0.5516760349273682 176
1751478328921 0.5515702366828918 177
1751478329132 0.5515010952949524 178
1751478329339 0.5516649484634399 179
1751478329550 0.55166095495224 180
1751478329756 0.551659107208252 181
1751478329963 0.5516594648361206 182
1751478330176 0.5515617728233337 183
1751478330403 0.5514964461326599 184
1751478330655 0.5515584945678711 185
1751478330878 0.5515559911727905 186
1751478331099 0.5515543222427368 187
1751478331326 0.5516370534896851 188
1751478331548 0.5516345500946045 189
1751478331774 0.5515534281730652 190
1751478331998 0.5515487790107727 191
1751478332219 0.5516290664672852 192
1751478332445 0.5514901876449585 193
1751478332670 0.5515478849411011 194
1751478332891 0.5516212582588196 195
1751478333127 0.5514882802963257 196
