1752238643097 0.17391304347826086 1
1752238643873 0.17391304347826086 2
1752238644614 0.17391304347826086 3
1752238645457 0.17391304347826086 4
1752238646361 0.17391304347826086 5
1752238647083 0.7391304347826086 6
1752238647773 0.6956521739130435 7
1752238648471 0.6086956521739131 8
1752238649171 0.7391304347826086 9
1752238650004 0.6956521739130435 10
1752238650860 0.782608695652174 11
1752238651716 0.782608695652174 12
1752238652413 0.782608695652174 13
1752238653183 0.782608695652174 14
1752238654082 0.782608695652174 15
1752238654917 0.7391304347826086 16
1752238655760 0.6956521739130435 17
1752238656562 0.6521739130434783 18
1752238657320 0.6956521739130435 19
1752238658120 0.6956521739130435 20
1752238658914 0.6956521739130435 21
1752238659681 0.6956521739130435 22
1752238660429 0.5217391304347826 23
1752238661145 0.6956521739130435 24
1752238661886 0.6956521739130435 25
1752238662633 0.6956521739130435 26
1752238663399 0.6956521739130435 27
1752238664162 0.6956521739130435 28
1752238664911 0.6956521739130435 29
1752238665685 0.6956521739130435 30
1752238666432 0.6956521739130435 31
1752238667214 0.782608695652174 32
1752238668005 0.9130434782608695 33
1752238668760 0.9130434782608695 34
1752238669483 0.782608695652174 35
1752238670242 0.6956521739130435 36
1752238671002 0.7391304347826086 37
1752238671755 0.8260869565217391 38
1752238672513 0.9130434782608695 39
1752238673293 0.9130434782608695 40
1752238674005 0.9130434782608695 41
1752238674764 0.9130434782608695 42
1752238675519 0.9130434782608695 43
1752238676286 0.9130434782608695 44
1752238677047 0.9130434782608695 45
1752238677806 0.9130434782608695 46
1752238678556 0.8695652173913043 47
1752238679314 0.8695652173913043 48
1752238680059 0.8695652173913043 49
1752238680812 0.8695652173913043 50
1752238681573 0.8695652173913043 51
1752238682318 0.8695652173913043 52
1752238683070 0.8695652173913043 53
1752238683811 0.8695652173913043 54
1752238684583 0.8695652173913043 55
1752238685328 0.8695652173913043 56
1752238686072 0.8695652173913043 57
1752238686819 0.8695652173913043 58
1752238687567 0.8695652173913043 59
1752238688349 0.8695652173913043 60
1752238689145 0.8695652173913043 61
1752238689887 0.8695652173913043 62
1752238690656 0.8695652173913043 63
1752238691418 0.8695652173913043 64
1752238692153 0.8695652173913043 65
1752238692923 0.8695652173913043 66
1752238693680 0.8695652173913043 67
1752238694436 0.8695652173913043 68
1752238695220 0.8695652173913043 69
1752238695991 0.8695652173913043 70
1752238696764 0.8695652173913043 71
1752238697514 0.8695652173913043 72
1752238698274 0.8695652173913043 73
1752238699027 0.8695652173913043 74
1752238699803 0.8695652173913043 75
1752238700556 0.8695652173913043 76
1752238701329 0.8695652173913043 77
1752238702092 0.8695652173913043 78
1752238702851 0.8695652173913043 79
1752238703603 0.8695652173913043 80
1752238704360 0.8695652173913043 81
1752238705132 0.8695652173913043 82
1752238705906 0.8695652173913043 83
1752238706663 0.8695652173913043 84
1752238707433 0.8695652173913043 85
1752238708216 0.8695652173913043 86
1752238708948 0.8695652173913043 87
1752238709709 0.8695652173913043 88
1752238710455 0.8695652173913043 89
1752238711205 0.8695652173913043 90
1752238711950 0.8695652173913043 91
1752238712697 0.8695652173913043 92
1752238713452 0.8695652173913043 93
1752238714218 0.8695652173913043 94
