1752238643087 1.4078292846679688 1
1752238643861 1.3693456649780273 2
1752238644603 1.3850253820419312 3
1752238645437 1.3395006656646729 4
1752238646351 1.3144274950027466 5
1752238647073 1.2200164794921875 6
1752238647764 1.437481164932251 7
1752238648461 1.0192633867263794 8
1752238649162 0.9745464324951172 9
1752238649987 0.9646355509757996 10
1752238650849 1.0093029737472534 11
1752238651700 0.9795114398002625 12
1752238652404 1.049207091331482 13
1752238653169 0.9552519917488098 14
1752238654069 0.7710979580879211 15
1752238654907 0.9342912435531616 16
1752238655749 0.9364630579948425 17
1752238656550 0.9473276138305664 18
1752238657306 0.7659866213798523 19
1752238658106 0.9233714938163757 20
1752238658901 0.936898410320282 21
1752238659668 1.1354557275772095 22
1752238660419 0.9399243593215942 23
1752238661133 0.9496793746948242 24
1752238661875 0.753527820110321 25
1752238662623 0.7514845728874207 26
1752238663386 0.927028477191925 27
1752238664151 0.9232139587402344 28
1752238664899 0.901457667350769 29
1752238665673 0.8848334550857544 30
1752238666420 0.8822410702705383 31
1752238667200 0.8194659948348999 32
1752238667992 0.7605006694793701 33
1752238668749 1.052954912185669 34
1752238669471 1.0400221347808838 35
1752238670230 0.7912039756774902 36
1752238670990 0.8492640256881714 37
1752238671743 0.7681115865707397 38
1752238672500 0.8059104681015015 39
1752238673282 0.7697583436965942 40
1752238673994 0.768395721912384 41
1752238674750 0.7568885087966919 42
1752238675507 0.7524495720863342 43
1752238676275 0.7508981823921204 44
1752238677034 0.7516711354255676 45
1752238677792 0.7525972723960876 46
1752238678543 0.7487256526947021 47
1752238679301 0.7476366758346558 48
1752238680046 0.7490705847740173 49
1752238680800 0.749297559261322 50
1752238681561 0.7559821009635925 51
1752238682305 0.7468955516815186 52
1752238683059 0.7484949827194214 53
1752238683799 0.7531206011772156 54
1752238684570 0.7461536526679993 55
1752238685315 0.7530715465545654 56
1752238686061 0.7463502883911133 57
1752238686806 0.7457743287086487 58
1752238687552 0.7456728219985962 59
1752238688337 0.7457379698753357 60
1752238689130 0.7460552453994751 61
1752238689875 0.7498090863227844 62
1752238690645 0.7460275888442993 63
1752238691407 0.7451704740524292 64
1752238692141 0.745019257068634 65
1752238692911 0.7453091740608215 66
1752238693667 0.745528519153595 67
1752238694424 0.7489603757858276 68
1752238695205 0.7455856204032898 69
1752238695977 0.7456123232841492 70
1752238696751 0.748808741569519 71
1752238697501 0.7452346682548523 72
1752238698261 0.7455248832702637 73
1752238699013 0.7449570894241333 74
1752238699791 0.7447267770767212 75
1752238700543 0.7445851564407349 76
1752238701315 0.7447778582572937 77
1752238702079 0.7449377179145813 78
1752238702838 0.7446280717849731 79
1752238703589 0.744844377040863 80
1752238704346 0.7473927736282349 81
1752238705112 0.7445805668830872 82
1752238705893 0.7445329427719116 83
1752238706651 0.7443034648895264 84
1752238707418 0.7444517016410828 85
1752238708200 0.7464825510978699 86
1752238708934 0.7445305585861206 87
1752238709696 0.7445019483566284 88
1752238710442 0.744363009929657 89
1752238711191 0.7445297241210938 90
1752238711935 0.7443775534629822 91
1752238712682 0.7442571520805359 92
1752238713438 0.7443623542785645 93
1752238714204 0.7442421317100525 94
