1751536833777 0.0967741935483871 1
1751536834847 0.1935483870967742 2
1751536835849 0.1935483870967742 3
1751536836893 0.16129032258064516 4
1751536837908 0.0967741935483871 5
1751536839025 0.16129032258064516 6
1751536840066 0.12903225806451613 7
1751536841102 0.16129032258064516 8
1751536842130 0.3225806451612903 9
1751536843153 0.3548387096774194 10
1751536844144 0.3548387096774194 11
1751536845157 0.3225806451612903 12
1751536846197 0.2903225806451613 13
1751536847204 0.25806451612903225 14
1751536848232 0.3548387096774194 15
1751536849249 0.1935483870967742 16
1751536850274 0.3548387096774194 17
1751536851291 0.3548387096774194 18
1751536852303 0.3548387096774194 19
1751536853330 0.41935483870967744 20
1751536854353 0.45161290322580644 21
1751536855357 0.4838709677419355 22
1751536856346 0.45161290322580644 23
1751536857357 0.5483870967741935 24
1751536858377 0.6774193548387096 25
1751536859396 0.3225806451612903 26
1751536860397 0.41935483870967744 27
1751536861413 0.3870967741935484 28
1751536862441 0.5161290322580645 29
1751536863466 0.6774193548387096 30
1751536864502 0.7096774193548387 31
1751536865534 0.7741935483870968 32
1751536866543 0.8064516129032258 33
1751536867569 0.7741935483870968 34
1751536868620 0.9032258064516129 35
1751536869636 0.9032258064516129 36
1751536870645 0.7419354838709677 37
1751536871685 0.8387096774193549 38
1751536872702 0.9354838709677419 39
1751536873754 0.967741935483871 40
1751536874787 0.6774193548387096 41
1751536875811 0.9354838709677419 42
1751536876825 0.9354838709677419 43
1751536877844 0.9032258064516129 44
1751536878877 0.9032258064516129 45
1751536879915 0.9354838709677419 46
1751536880958 0.9032258064516129 47
1751536881968 0.9032258064516129 48
1751536883000 0.9032258064516129 49
1751536884035 0.9032258064516129 50
1751536885053 0.9032258064516129 51
1751536886083 0.9032258064516129 52
1751536887107 0.9032258064516129 53
1751536888132 0.9032258064516129 54
