1751536833767 1.8003753423690796 1
1751536834837 1.7841954231262207 2
1751536835840 1.7621185779571533 3
1751536836882 1.7725127935409546 4
1751536837898 1.744166374206543 5
1751536839013 1.7010210752487183 6
1751536840056 1.643650770187378 7
1751536841093 1.7823691368103027 8
1751536842121 1.5533572435379028 9
1751536843143 1.5993475914001465 10
1751536844133 1.390304446220398 11
1751536845147 1.5875020027160645 12
1751536846184 1.3663733005523682 13
1751536847193 1.3350075483322144 14
1751536848221 1.6565430164337158 15
1751536849239 1.787287950515747 16
1751536850261 1.5586521625518799 17
1751536851280 1.299731731414795 18
1751536852292 1.7720403671264648 19
1751536853318 1.4868606328964233 20
1751536854343 1.2733104228973389 21
1751536855347 1.3774676322937012 22
1751536856335 1.253356695175171 23
1751536857347 1.3343653678894043 24
1751536858366 1.4629573822021484 25
1751536859385 1.4838840961456299 26
1751536860384 1.5404807329177856 27
1751536861402 1.4169907569885254 28
1751536862430 1.5016651153564453 29
1751536863456 1.2976877689361572 30
1751536864492 1.4172301292419434 31
1751536865523 1.2219233512878418 32
1751536866531 1.1636055707931519 33
1751536867557 1.2165583372116089 34
1751536868609 1.0616661310195923 35
1751536869625 1.065417766571045 36
1751536870634 1.1080149412155151 37
1751536871674 1.2634549140930176 38
1751536872692 1.0870369672775269 39
1751536873743 1.068999171257019 40
1751536874776 1.069074273109436 41
1751536875800 1.065417766571045 42
1751536876813 1.0603218078613281 43
1751536877833 1.063838005065918 44
1751536878866 1.0625569820404053 45
1751536879903 1.0537346601486206 46
1751536880947 1.0491222143173218 47
1751536881958 1.245837926864624 48
1751536882988 1.0531255006790161 49
1751536884024 1.0499029159545898 50
1751536885043 1.049086570739746 51
1751536886070 1.0496606826782227 52
1751536887095 1.0466601848602295 53
1751536888120 1.0464082956314087 54
