188350, 189.08963012695312, 1000.0, 240.0, 337.0, 49.0, 172.0, 23.0, 131.0, 0.0, 58.0, 1000.0, 0.0, 750.0, 0.0, 1000.0, 999.0, 999.0, 999.0, 999.0, 999.0, 677.0, 678.0, 0.0, 0.0, -19.476806640625, -8.266044616699219, -172.4932861328125, 0.05218505859375, -0.0819244384765625, 0.1636962890625, -0.9817047119140625, -29.306344985961914, 12.292119979858398, -98.91213989257812, 0.645843505859375, -0.08477783203125, 0.258453369140625, -0.713348388671875
188400, 189.13943481445312, 1000.0, 240.0, 336.0, 49.0, 172.0, 23.0, 130.0, 0.0, 57.0, 1000.0, 0.0, 1000.0, 0.0, 1000.0, 999.0, 999.0, 999.0, 999.0, 999.0, 676.0, 678.0, 0.0, 0.0, -19.415132522583008, -8.253311157226562, -172.4080810546875, 0.052978515625, -0.0819091796875, 0.163116455078125, -0.9817657470703125, -29.032808303833008, 12.533331871032715, -98.84895324707031, 0.646697998046875, -0.0818023681640625, 0.2579803466796875, -0.713104248046875
188460, 189.19956970214844, 1000.0, 239.0, 336.0, 49.0, 172.0, 23.0, 130.0, 0.0, 57.0, 1000.0, 0.0, 1000.0, 0.0, 1000.0, 999.0, 999.0, 999.0, 999.0, 999.0, 676.0, 678.0, 0.0, 0.0, -19.354352951049805, -8.15599536895752, -172.33938598632812, 0.0537567138671875, -0.081146240234375, 0.1626129150390625, -0.98187255859375, -29.56756019592285, 12.576224327087402, -98.95836639404297, 0.6456756591796875, -0.08428955078125, 0.2616119384765625, -0.7124176025390625
188510, 189.24964904785156, 1000.0, 239.0, 335.0, 49.0, 172.0, 22.0, 129.0, 0.0, 57.0, 1000.0, 0.0, 1000.0, 0.0, 1000.0, 999.0, 999.0, 999.0, 999.0, 999.0, 676.0, 678.0, 0.0, 0.0, -19.380752563476562, -8.146514892578125, -172.248046875, 0.054534912109375, -0.081207275390625, 0.16278076171875, -0.9817962646484375, -29.468366622924805, 12.56800651550293, -98.92391967773438, 0.6459503173828125, -0.0838623046875, 0.26092529296875, -0.71246337890625
188560, 189.29946899414062, 1000.0, 237.0, 335.0, 49.0, 172.0, 22.0, 129.0, 0.0, 56.0, 1000.0, 0.0, 1000.0, 0.0, 1000.0, 999.0, 999.0, 999.0, 999.0, 999.0, 676.0, 677.0, 0.0, 0.0, -19.467493057250977, -8.108059883117676, -172.15321350097656, 0.0553436279296875, -0.0810546875, 0.163482666015625, -0.9816436767578125, -29.44269561767578, 12.446163177490234, -98.93521118164062, 0.6457672119140625, -0.0844879150390625, 0.2601318359375, -0.7128448486328125
188620, 189.3594512939453, 1000.0, 240.0, 335.0, 49.0, 171.0, 22.0, 129.0, 0.0, 56.0, 1000.0, 0.0, 750.0, 0.0, 1000.0, 999.0, 999.0, 999.0, 999.0, 999.0, 676.0, 677.0, 0.0, 0.0, -19.48335075378418, -8.163074493408203, -172.08160400390625, 0.0558624267578125, -0.081634521484375, 0.1635284423828125, -0.9815521240234375, -29.308073043823242, 12.3482666015625, -98.90946960449219, 0.6459197998046875, -0.0844268798828125, 0.258758544921875, -0.7132110595703125
188670, 189.4097900390625, 1000.0, 240.0, 335.0, 49.0, 171.0, 22.0, 129.0, 0.0, 56.0, 1000.0, 0.0, 750.0, 0.0, 1000.0, 999.0, 999.0, 999.0, 999.0, 999.0, 675.0, 677.0, 0.0, 0.0, -19.456697463989258, -8.190357208251953, -172.00062561035156, 0.0565338134765625, -0.08197021484375, 0.1632232666015625, -0.981536865234375, -29.148351669311523, 12.183257102966309, -98.87309265136719, 0.646087646484375, -0.084686279296875, 0.256866455078125, -0.713714599609375
188730, 189.46946716308594, 1000.0, 243.0, 334.0, 49.0, 171.0, 22.0, 128.0, 0.0, 56.0, 1000.0, 0.0, 750.0, 0.0, 1000.0, 999.0, 999.0, 999.0, 999.0, 999.0, 675.0, 675.0, 0.0, 0.0, -19.46174430847168, -8.254712104797363, -171.91763305664062, 0.0571441650390625, -0.0826416015625, 0.1631622314453125, -0.9814605712890625, -29.22584342956543, 12.271093368530273, -98.89363861083984, 0.64599609375, -0.084503173828125, 0.2578277587890625, -0.713470458984375
188780, 189.5198211669922, 1000.0, 246.0, 334.0, 48.0, 170.0, 22.0, 128.0, 0.0, 55.0, 1000.0, 0.0, 1000.0, 0.0, 1000.0, 999.0, 999.0, 999.0, 999.0, 999.0, 675.0, 675.0, 0.0, 0.0, -19.48810577392578, -8.32016372680664, -171.83795166015625, 0.057708740234375, -0.0833282470703125, 0.1632843017578125, -0.981353759765625, -28.919185638427734, 12.141196250915527, -98.83422088623047, 0.646453857421875, -0.0837554931640625, 0.25518798828125, -0.7140960693359375
188830, 189.56980895996094, 1000.0, 244.0, 334.0, 48.0, 170.0, 22.0, 128.0, 0.0, 55.0, 1000.0, 0.0, 1000.0, 0.0, 1000.0, 999.0, 999.0, 999.0, 999.0, 999.0, 674.0, 674.0, 0.0, 0.0, -19.502843856811523, -8.303243637084961, -171.7737579345703, 0.0582733154296875, -0.083282470703125, 0.1633758544921875, -0.9813079833984375, -29.225902557373047, 11.965063095092773, -98.90788269042969, 0.6455841064453125, -0.0864715576171875, 0.2562255859375, -0.714202880859375
188890, 189.6297607421875, 1000.0, 246.0, 334.0, 48.0, 170.0, 22.0, 127.0, 0.0, 55.0, 1000.0, 0.0, 1000.0, 0.0, 1000.0, 999.0, 999.0, 999.0, 999.0, 999.0, 674.0, 675.0, 0.0, 0.0, -19.690195083618164, -8.154251098632812, -171.68637084960938, 0.059112548828125, -0.0822296142578125, 0.1650238037109375, -0.9810638427734375, -28.794713973999023, 12.285257339477539, -98.8296127319336, 0.646728515625, -0.082122802734375, 0.2551727294921875, -0.71405029296875
188940, 189.67938232421875, 1000.0, 244.0, 334.0, 48.0, 169.0, 22.0, 127.0, 0.0, 55.0, 1000.0, 0.0, 1000.0, 0.0, 1000.0, 999.0, 999.0, 999.0, 999.0, 999.0, 674.0, 674.0, 0.0, 0.0, -19.71934700012207, -8.210341453552246, -171.62762451171875, 0.05950927734375, -0.0828094482421875, 0.165191650390625, -0.9809722900390625, -29.1049861907959, 12.231063842773438, -98.87653350830078, 0.646148681640625, -0.0841217041015625, 0.2568511962890625, -0.7137298583984375
189000, 189.73944091796875, 1000.0, 244.0, 334.0, 48.0, 169.0, 22.0, 127.0, 0.0, 54.0, 1000.0, 0.0, 750.0, 0.0, 1000.0, 999.0, 999.0, 999.0, 999.0, 999.0, 674.0, 674.0, 0.0, 0.0, -19.539854049682617, -8.395394325256348, -171.5582275390625, 0.0599517822265625, -0.0843963623046875, 0.1634674072265625, -0.9810943603515625, -29.169233322143555, 12.316853523254395, -98.87679290771484, 0.6461944580078125, -0.08392333984375, 0.2577056884765625, -0.713409423828125
189050, 189.78958129882812, 1000.0, 244.0, 333.0, 48.0, 169.0, 21.0, 126.0, 0.0, 54.0, 1000.0, 0.0, 1000.0, 0.0, 1000.0, 999.0, 999.0, 999.0, 999.0, 999.0, 674.0, 674.0, 0.0, 0.0, -19.343107223510742, -8.464335441589355, -171.4703826904297, 0.0607452392578125, -0.0850067138671875, 0.1616668701171875, -0.981292724609375, -28.76181411743164, 12.28030776977539, -98.74702453613281, 0.6472625732421875, -0.0821533203125, 0.2548828125, -0.7136688232421875
189100, 189.83949279785156, 1000.0, 245.0, 332.0, 48.0, 168.0, 21.0, 126.0, 0.0, 53.0, 1000.0, 0.0, 1000.0, 0.0, 1000.0, 999.0, 999.0, 999.0, 999.0, 999.0, 674.0, 673.0, 0.0, 0.0, -19.27137565612793, -8.587370872497559, -171.355224609375, 0.0615997314453125, -0.086181640625, 0.1608734130859375, -0.98126220703125, -28.4849853515625, 12.232833862304688, -98.78041076660156, 0.6472015380859375, -0.0808258056640625, 0.2529296875, -0.714569091796875
189160, 189.89947509765625, 1000.0, 243.0, 332.0, 48.0, 168.0, 21.0, 126.0, 0.0, 53.0, 1000.0, 0.0, 750.0, 0.0, 1000.0, 999.0, 999.0, 999.0, 999.0, 999.0, 673.0, 673.0, 0.0, 0.0, -19.388710021972656, -8.779122352600098, -171.1881561279297, 0.062652587890625, -0.0881195068359375, 0.1616058349609375, -0.9809112548828125, -28.693586349487305, 11.941950798034668, -98.86121368408203, 0.646240234375, -0.0837249755859375, 0.25274658203125, -0.7151641845703125
189210, 189.9495849609375, 1000.0, 241.0, 331.0, 48.0, 168.0, 21.0, 125.0, 0.0, 53.0, 1000.0, 0.0, 750.0, 0.0, 1000.0, 999.0, 999.0, 999.0, 999.0, 999.0, 674.0, 673.0, 0.0, 0.0, -19.426475524902344, -8.982783317565918, -170.99713134765625, 0.0639495849609375, -0.09014892578125, 0.16162109375, -0.9806365966796875, -28.074100494384766, 11.826252937316895, -98.70985412597656, 0.6475067138671875, -0.0813140869140625, 0.2481536865234375, -0.7158966064453125
189270, 190.0098876953125, 1000.0, 236.0, 331.0, 48.0, 167.0, 20.0, 125.0, 0.0, 52.0, 1000.0, 0.0, 750.0, 0.0, 1000.0, 999.0, 999.0, 999.0, 999.0, 999.0, 674.0, 672.0, 0.0, 0.0, -19.30666732788086, -9.070551872253418, -170.8197021484375, 0.0654296875, -0.0910797119140625, 0.1603851318359375, -0.98065185546875, -28.202529907226562, 11.752252578735352, -98.79618072509766, 0.6468048095703125, -0.08233642578125, 0.248626708984375, -0.7162628173828125
189320, 190.0597381591797, 1000.0, 247.0, 331.0, 48.0, 167.0, 20.0, 124.0, 0.0, 52.0, 1000.0, 0.0, 750.0, 0.0, 1000.0, 999.0, 999.0, 999.0, 999.0, 999.0, 674.0, 673.0, 0.0, 0.0, -19.538888931274414, -8.926304817199707, -170.6686553955078, 0.0667572021484375, -0.0901947021484375, 0.1623687744140625, -0.980316162109375, -26.48393440246582, 12.34963321685791, -98.56551361083984, 0.64996337890625, -0.0691986083984375, 0.24090576171875, -0.7174224853515625
189370, 190.10958862304688, 1000.0, 245.0, 334.0, 49.0, 168.0, 19.0, 125.0, 0.0, 52.0, 1000.0, 0.0, 1000.0, 0.0, 1000.0, 999.0, 999.0, 999.0, 999.0, 999.0, 676.0, 672.0, 0.0, 0.0, -20.35610008239746, -8.47776985168457, -170.67282104492188, 0.0667877197265625, -0.0868377685546875, 0.1697235107421875, -0.9793701171875, -28.058629989624023, 12.918777465820312, -99.07040405273438, 0.6463623046875, -0.0732879638671875, 0.25408935546875, -0.7157135009765625
189430, 190.1697235107422, 1000.0, 243.0, 350.0, 51.0, 173.0, 22.0, 130.0, 0.0, 52.0, 1000.0, 0.0, 750.0, 0.0, 1000.0, 999.0, 999.0, 999.0, 999.0, 999.0, 669.0, 670.0, 0.0, 0.0, -22.06990623474121, -7.017623424530029, -171.51678466796875, 0.0607757568359375, -0.07403564453125, 0.1860809326171875, -0.97784423828125, -29.595624923706055, 14.101417541503906, -99.38467407226562, 0.6446075439453125, -0.0734710693359375, 0.2700653076171875, -0.71142578125
189480, 190.21957397460938, 1000.0, 244.0, 379.0, 53.0, 177.0, 27.0, 138.0, 0.0, 56.0, 1000.0, 0.0, 1000.0, 0.0, 1000.0, 999.0, 999.0, 999.0, 999.0, 999.0, 655.0, 666.0, 0.0, 0.0, -24.591751098632812, -4.844019889831543, -172.3091278076172, 0.056488037109375, -0.0554656982421875, 0.2095184326171875, -0.974578857421875, -31.69600486755371, 16.00821876525879, -99.8090591430664, 0.6426239013671875, -0.0717010498046875, 0.2931365966796875, -0.7042236328125
189530, 190.26943969726562, 1000.0, 241.0, 415.0, 54.0, 183.0, 29.0, 178.0, 0.0, 60.0, 1000.0, 0.0, 1000.0, 0.0, 1000.0, 999.0, 999.0, 999.0, 999.0, 999.0, 645.0, 662.0, 0.0, 0.0, -26.6455078125, -1.1071006059646606, -173.1284637451172, 0.05609130859375, -0.023193359375, 0.2294464111328125, -0.9714202880859375, -33.75099563598633, 18.101348876953125, -100.2165756225586, 0.64111328125, -0.068359375, 0.316497802734375, -0.6957855224609375
189590, 190.32972717285156, 1000.0, 243.0, 447.0, 54.0, 193.0, 29.0, 224.0, 0.0, 61.0, 1000.0, 0.0, 1000.0, 0.0, 1000.0, 999.0, 999.0, 999.0, 999.0, 999.0, 633.0, 659.0, 0.0, 0.0, -28.062082290649414, 2.48933744430542, -174.1307373046875, 0.0549163818359375, 0.008636474609375, 0.2431488037109375, -0.9683837890625, -34.168792724609375, 20.926910400390625, -100.23011779785156, 0.6436920166015625, -0.0520477294921875, 0.3329925537109375, -0.6870574951171875
189640, 190.37942504882812, 1000.0, 245.0, 461.0, 54.0, 205.0, 28.0, 253.0, 0.0, 62.0, 1000.0, 0.0, 750.0, 0.0, 1000.0, 999.0, 999.0, 999.0, 999.0, 999.0, 620.0, 657.0, 0.0, 0.0, -30.197710037231445, 5.32823371887207, -174.9775848388672, 0.054351806640625, 0.0334320068359375, 0.2619171142578125, -0.9629669189453125, -35.5757942199707, 22.977588653564453, -100.65670776367188, 0.64251708984375, -0.045135498046875, 0.35150146484375, -0.67938232421875
189700, 190.43960571289062, 1000.0, 243.0, 465.0, 53.0, 217.0, 27.0, 270.0, 0.0, 63.0, 1000.0, 0.0, 1000.0, 0.0, 1000.0, 999.0, 999.0, 999.0, 999.0, 999.0, 609.0, 654.0, 0.0, 0.0, -34.32927322387695, 7.255415916442871, -176.01820373535156, 0.051788330078125, 0.0501861572265625, 0.29644775390625, -0.9523162841796875, -39.2182731628418, 24.8145694732666, -101.73270416259766, 0.636566162109375, -0.04986572265625, 0.3819732666015625, -0.6681060791015625
189750, 190.48944091796875, 1000.0, 240.0, 464.0, 52.0, 226.0, 27.0, 280.0, 0.0, 63.0, 1000.0, 0.0, 1000.0, 0.0, 1000.0, 999.0, 999.0, 999.0, 999.0, 999.0, 597.0, 650.0, 0.0, 0.0, -38.440555572509766, 7.749871253967285, -177.0049591064453, 0.0468597412109375, 0.055206298828125, 0.3300018310546875, -0.941192626953125, -42.99663543701172, 25.623422622680664, -102.97349548339844, 0.6285247802734375, -0.0610809326171875, 0.4080810546875, -0.6592864990234375
189780, 190.53948974609375, 1000.0, 242.0, 459.0, 52.0, 230.0, 27.0, 284.0, 0.0, 63.0, 1000.0, 0.0, 750.0, 0.0, 1000.0, 999.0, 999.0, 999.0, 999.0, 999.0, 591.0, 650.0, 0.0, 0.0, -40.9678840637207, 7.492037296295166, -177.29666137695312, 0.0449066162109375, 0.052947998046875, 0.3505401611328125, -0.9339599609375, -45.55461120605469, 25.8377685546875, -103.76813507080078, 0.622802734375, -0.07073974609375, 0.4241180419921875, -0.6536102294921875
189800, 190.5493621826172, 1000.0, 245.0, 452.0, 51.0, 234.0, 27.0, 286.0, 0.0, 64.0, 1000.0, 0.0, 750.0, 0.0, 1000.0, 999.0, 999.0, 999.0, 999.0, 999.0, 586.0, 650.0, 0.0, 0.0, -42.76258850097656, 7.456596851348877, -177.48995971679688, 0.0440521240234375, 0.0525665283203125, 0.3650360107421875, -0.9284515380859375, -47.292720794677734, 25.908432006835938, -104.30304718017578, 0.618743896484375, -0.0776824951171875, 0.4346466064453125, -0.649749755859375
189860, 190.59947204589844, 1000.0, 240.0, 431.0, 51.0, 245.0, 27.0, 291.0, 0.0, 64.0, 1000.0, 0.0, 1000.0, 0.0, 1000.0, 986.0, 999.0, 999.0, 999.0, 999.0, 572.0, 655.0, 0.0, 0.0, -48.727081298828125, 7.052156448364258, -177.80442810058594, 0.04278564453125, 0.048126220703125, 0.4127349853515625, -0.9085540771484375, -52.850685119628906, 26.086294174194336, -106.3450927734375, 0.6033172607421875, -0.0980987548828125, 0.468170166015625, -0.6381072998046875
189890, 190.64968872070312, 1000.0, 238.0, 421.0, 51.0, 250.0, 27.0, 295.0, 0.0, 63.0, 1000.0, 0.0, 750.0, 0.0, 1000.0, 955.0, 999.0, 999.0, 999.0, 999.0, 562.0, 660.0, 0.0, 0.0, -51.708858489990234, 6.674405574798584, -177.52847290039062, 0.0447540283203125, 0.0429840087890625, 0.436370849609375, -0.897613525390625, -55.404205322265625, 25.585847854614258, -107.37367248535156, 0.59423828125, -0.1104888916015625, 0.48138427734375, -0.6347503662109375
189910, 190.6593780517578, 1000.0, 244.0, 412.0, 50.0, 255.0, 27.0, 298.0, 0.0, 62.0, 1000.0, 0.0, 1000.0, 0.0, 1000.0, 965.0, 999.0, 999.0, 999.0, 999.0, 553.0, 668.0, 0.0, 0.0, -54.458213806152344, 6.590378284454346, -177.27972412109375, 0.04736328125, 0.040252685546875, 0.4578704833984375, -0.8868255615234375, -56.953392028808594, 25.28076171875, -107.81777954101562, 0.5895538330078125, -0.118621826171875, 0.4892578125, -0.631622314453125
189970, 190.70965576171875, 1000.0, 243.0, 398.0, 50.0, 263.0, 27.0, 288.0, 0.0, 59.0, 1000.0, 0.0, 750.0, 0.0, 1000.0, 982.0, 999.0, 999.0, 999.0, 999.0, 535.0, 687.0, 0.0, 0.0, -57.799556732177734, 4.673089981079102, -176.92080688476562, 0.0431976318359375, 0.022705078125, 0.4836578369140625, -0.8738861083984375, -59.82000732421875, 24.3824520111084, -108.75381469726562, 0.579071044921875, -0.1350860595703125, 0.5027923583984375, -0.6273651123046875
190020, 190.75946044921875, 1000.0, 242.0, 388.0, 49.0, 272.0, 24.0, 276.0, 0.0, 57.0, 1000.0, 0.0, 1000.0, 0.0, 1000.0, 983.0, 999.0, 999.0, 999.0, 999.0, 520.0, 705.0, 0.0, 0.0, -58.82896423339844, 5.637502193450928, -176.4241485595703, 0.0512847900390625, 0.0275115966796875, 0.4916229248046875, -0.8688507080078125, -59.9732666015625, 23.62019157409668, -108.42013549804688, 0.5787811279296875, -0.142303466796875, 0.5005035400390625, -0.6278839111328125
190060, 190.8099365234375, 1000.0, 241.0, 384.0, 49.0, 285.0, 22.0, 267.0, 0.0, 56.0, 1000.0, 0.0, 750.0, 0.0, 1000.0, 955.0, 999.0, 999.0, 999.0, 999.0, 509.0, 718.0, 0.0, 0.0, -59.702362060546875, 6.551349639892578, -176.2270050048828, 0.0569305419921875, 0.033172607421875, 0.498291015625, -0.8644866943359375, -61.03056335449219, 23.032678604125977, -108.17599487304688, 0.5772247314453125, -0.15252685546875, 0.50384521484375, -0.6242218017578125
190070, 190.8193817138672, 1000.0, 241.0, 383.0, 49.0, 293.0, 21.0, 265.0, 0.0, 55.0, 1000.0, 0.0, 750.0, 0.0, 1000.0, 955.0, 999.0, 999.0, 999.0, 999.0, 507.0, 720.0, 0.0, 0.0, -60.097015380859375, 6.739426136016846, -176.2230224609375, 0.057891845703125, 0.0343780517578125, 0.5012664794921875, -0.8626556396484375, -61.489830017089844, 22.870513916015625, -108.15978240966797, 0.576263427734375, -0.1559600830078125, 0.5057373046875, -0.6227264404296875
190130, 190.8693389892578, 1000.0, 243.0, 407.0, 48.0, 379.0, 15.0, 268.0, 0.0, 52.0, 1000.0, 0.0, 1000.0, 0.0, 1000.0, 961.0, 999.0, 999.0, 999.0, 999.0, 495.0, 732.0, 0.0, 0.0, -62.2683219909668, 8.045467376708984, -177.09445190429688, 0.0579071044921875, 0.0469512939453125, 0.517120361328125, -0.8526458740234375, -63.51994705200195, 22.01239013671875, -107.96046447753906, 0.57208251953125, -0.17254638671875, 0.5133514404296875, -0.6159515380859375
190180, 190.9296417236328, 1000.0, 242.0, 562.0, 45.0, 595.0, 13.0, 354.0, 0.0, 48.0, 1000.0, 0.0, 1000.0, 0.0, 1000.0, 999.0, 999.0, 999.0, 999.0, 999.0, 481.0, 745.0, 0.0, 0.0, -64.73806762695312, 9.5970458984375, -179.36001586914062, 0.0494842529296875, 0.0676727294921875, 0.53387451171875, -0.8413848876953125, -65.57853698730469, 21.57321548461914, -108.15572357177734, 0.566558837890625, -0.1846923828125, 0.523101806640625, -0.609283447265625
190240, 190.9796600341797, 1000.0, 241.0, 747.0, 42.0, 776.0, 19.0, 565.0, 0.0, 46.0, 1000.0, 0.0, 1000.0, 0.0, 1000.0, 961.0, 999.0, 999.0, 999.0, 999.0, 472.0, 748.0, 0.0, 0.0, -64.2906494140625, 7.998974800109863, 178.63597106933594, 0.0270538330078125, 0.06536865234375, 0.530029296875, -0.8450164794921875, -68.06192779541016, 21.236371994018555, -108.75196075439453, 0.558258056640625, -0.196258544921875, 0.5360565185546875, -0.6020355224609375
190290, 191.02952575683594, 1000.0, 247.0, 863.0, 41.0, 869.0, 27.0, 745.0, 0.0, 55.0, 1000.0, 0.0, 750.0, 0.0, 1000.0, 943.0, 999.0, 999.0, 999.0, 999.0, 466.0, 740.0, 0.0, 0.0, -64.080322265625, 9.089872360229492, 177.55319213867188, 0.02398681640625, 0.0784454345703125, 0.52728271484375, -0.845703125, -71.58104705810547, 16.91550064086914, -109.85596466064453, 0.5314178466796875, -0.2347412109375, 0.5419769287109375, -0.6072235107421875
190340, 191.0895538330078, 1000.0, 245.0, 910.0, 40.0, 906.0, 33.0, 827.0, 0.0, 64.0, 1000.0, 0.0, 1000.0, 0.0, 1000.0, 918.0, 999.0, 887.0, 999.0, 999.0, 458.0, 740.0, 0.0, 0.0, -66.74089813232422, 7.710995197296143, 176.5919952392578, 0.0121917724609375, 0.07244873046875, 0.5468902587890625, -0.8339691162109375, -72.3392333984375, 17.836605072021484, -109.89466094970703, 0.532928466796875, -0.2324066162109375, 0.549163818359375, -0.600311279296875
190400, 191.13967895507812, 1000.0, 243.0, 929.0, 40.0, 921.0, 39.0, 863.0, 0.0, 75.0, 1000.0, 7.0, 750.0, 0.0, 1000.0, 904.0, 999.0, 406.0, 999.0, 999.0, 451.0, 744.0, 0.0, 0.0, -66.8895492553711, 8.127079010009766, 176.38978576660156, 0.0128173828125, 0.076416015625, 0.547607421875, -0.8331298828125, -69.17760467529297, 19.32487678527832, -108.63542938232422, 0.5507659912109375, -0.2141876220703125, 0.53515625, -0.6036224365234375
190450, 191.1998748779297, 1000.0, 242.0, 933.0, 40.0, 924.0, 47.0, 875.0, 0.0, 110.0, 1000.0, 23.0, 1000.0, 0.0, 1000.0, 929.0, 999.0, 311.0, 999.0, 999.0, 445.0, 749.0, 0.0, 0.0, -67.91996765136719, 10.694113731384277, 176.4150848388672, 0.0261993408203125, 0.0946502685546875, 0.5534820556640625, -0.8270263671875, -68.49832153320312, 18.816720962524414, -108.27214813232422, 0.55230712890625, -0.2157745361328125, 0.52911376953125, -0.606964111328125
190510, 191.24945068359375, 1000.0, 243.0, 929.0, 41.0, 926.0, 56.0, 882.0, 0.0, 323.0, 1000.0, 40.0, 1000.0, 0.0, 1000.0, 971.0, 999.0, 266.0, 999.0, 999.0, 438.0, 755.0, 0.0, 0.0, -67.01448822021484, 11.032743453979492, 176.8173065185547, 0.029998779296875, 0.0953826904296875, 0.5470428466796875, -0.8311004638671875, -69.41283416748047, 18.32521629333496, -108.45415496826172, 0.5479888916015625, -0.222381591796875, 0.5325775146484375, -0.60546875
190560, 191.30963134765625, 1000.0, 244.0, 925.0, 41.0, 925.0, 62.0, 883.0, 0.0, 450.0, 1000.0, 41.0, 1000.0, 0.0, 1000.0, 999.0, 999.0, 265.0, 999.0, 999.0, 434.0, 756.0, 0.0, 0.0, -67.03791046142578, 10.753528594970703, 176.9684295654297, 0.0297698974609375, 0.0926361083984375, 0.547515869140625, -0.8311004638671875, -69.56473541259766, 18.95516014099121, -108.66044616699219, 0.5486907958984375, -0.218231201171875, 0.5359649658203125, -0.6033477783203125
190610, 191.35987854003906, 1000.0, 243.0, 921.0, 42.0, 923.0, 66.0, 882.0, 0.0, 515.0, 1000.0, 43.0, 1000.0, 0.0, 1000.0, 999.0, 999.0, 280.0, 999.0, 999.0, 431.0, 757.0, 0.0, 0.0, -67.23661041259766, 11.607134819030762, 177.3109130859375, 0.036529541015625, 0.09710693359375, 0.5486907958984375, -0.829559326171875, -69.66574096679688, 20.177080154418945, -109.11578369140625, 0.5501251220703125, -0.208953857421875, 0.5415191650390625, -0.6003570556640625
190670, 191.41952514648438, 1000.0, 243.0, 917.0, 42.0, 920.0, 72.0, 881.0, 0.0, 554.0, 1000.0, 43.0, 1000.0, 0.0, 1000.0, 999.0, 999.0, 308.0, 999.0, 999.0, 428.0, 757.0, 0.0, 0.0, -67.11573791503906, 12.944031715393066, 177.6231231689453, 0.0451202392578125, 0.1053009033203125, 0.54718017578125, -0.8291168212890625, -69.47093200683594, 22.071455001831055, -110.0864486694336, 0.5515289306640625, -0.191497802734375, 0.5484771728515625, -0.59857177734375
190720, 191.4695587158203, 1000.0, 245.0, 914.0, 43.0, 917.0, 76.0, 879.0, 0.0, 578.0, 1000.0, 40.0, 1000.0, 0.0, 1000.0, 999.0, 999.0, 341.0, 999.0, 999.0, 426.0, 758.0, 0.0, 0.0, -66.99897003173828, 14.221660614013672, 177.80908203125, 0.052490234375, 0.113677978515625, 0.5456085205078125, -0.8286285400390625, -69.15450286865234, 23.863197326660156, -110.35604095458984, 0.5563201904296875, -0.1773223876953125, 0.5530242919921875, -0.5943145751953125
190770, 191.5198516845703, 1000.0, 244.0, 912.0, 43.0, 913.0, 79.0, 876.0, 0.0, 598.0, 1000.0, 35.0, 1000.0, 0.0, 1000.0, 999.0, 999.0, 379.0, 999.0, 999.0, 423.0, 758.0, 0.0, 0.0, -67.03101348876953, 15.333041191101074, 177.85269165039062, 0.05816650390625, 0.1214599609375, 0.5450439453125, -0.8275146484375, -69.08912658691406, 25.663372039794922, -110.77153015136719, 0.559844970703125, -0.16351318359375, 0.558929443359375, -0.58941650390625
190830, 191.57955932617188, 1000.0, 242.0, 908.0, 43.0, 909.0, 83.0, 874.0, 0.0, 617.0, 1000.0, 30.0, 1000.0, 0.0, 1000.0, 999.0, 999.0, 419.0, 999.0, 999.0, 420.0, 757.0, 0.0, 0.0, -68.25340270996094, 16.775114059448242, 177.56605529785156, 0.064422607421875, 0.13250732421875, 0.5523223876953125, -0.8204803466796875, -69.25495147705078, 27.791608810424805, -111.30032348632812, 0.5633697509765625, -0.1480865478515625, 0.5669097900390625, -0.5824737548828125
190880, 191.62965393066406, 1000.0, 241.0, 906.0, 44.0, 905.0, 86.0, 871.0, 0.0, 625.0, 1000.0, 27.0, 1000.0, 0.0, 1000.0, 999.0, 999.0, 433.0, 999.0, 999.0, 418.0, 756.0, 0.0, 0.0, -68.70777130126953, 17.5594482421875, 177.75039672851562, 0.070098876953125, 0.136932373046875, 0.5550994873046875, -0.817413330078125, -69.7717056274414, 29.353002548217773, -111.83973693847656, 0.564666748046875, -0.1378936767578125, 0.57470703125, -0.5760345458984375
190940, 191.68954467773438, 1000.0, 241.0, 902.0, 44.0, 900.0, 90.0, 868.0, 0.0, 635.0, 1000.0, 22.0, 1000.0, 0.0, 1000.0, 999.0, 999.0, 447.0, 999.0, 999.0, 414.0, 756.0, 0.0, 0.0, -70.17266845703125, 18.30071258544922, 177.52561950683594, 0.073944091796875, 0.1423492431640625, 0.564544677734375, -0.8096466064453125, -70.20906829833984, 30.981706619262695, -112.3917007446289, 0.5662384033203125, -0.1267547607421875, 0.5820465087890625, -0.56964111328125
190990, 191.73953247070312, 1000.0, 237.0, 901.0, 45.0, 898.0, 95.0, 867.0, 0.0, 661.0, 1000.0, 18.0, 1000.0, 0.0, 1000.0, 999.0, 999.0, 446.0, 999.0, 999.0, 412.0, 755.0, 0.0, 0.0, -70.57837677001953, 18.59394645690918, 177.681396484375, 0.0770111083984375, 0.14337158203125, 0.56732177734375, -0.8072357177734375, -70.26221466064453, 32.10586166381836, -112.66307067871094, 0.568145751953125, -0.1183624267578125, 0.5856170654296875, -0.565887451171875
191040, 191.7898406982422, 1000.0, 241.0, 900.0, 45.0, 896.0, 98.0, 867.0, 0.0, 670.0, 1000.0, 15.0, 750.0, 0.0, 1000.0, 999.0, 999.0, 443.0, 999.0, 999.0, 410.0, 755.0, 0.0, 0.0, -70.32989501953125, 19.32209014892578, 178.01206970214844, 0.0826568603515625, 0.1470184326171875, 0.5652923583984375, -0.8074493408203125, -70.1375503540039, 33.007720947265625, -112.84820556640625, 0.569976806640625, -0.1109466552734375, 0.587554931640625, -0.56353759765625
191100, 191.849853515625, 1000.0, 243.0, 899.0, 45.0, 894.0, 103.0, 866.0, 0.0, 677.0, 1000.0, 11.0, 750.0, 0.0, 1000.0, 999.0, 999.0, 436.0, 999.0, 999.0, 408.0, 754.0, 0.0, 0.0, -70.29568481445312, 20.040433883666992, 178.24378967285156, 0.0878143310546875, 0.15093994140625, 0.5646514892578125, -0.8066253662109375, -70.9664535522461, 35.979637145996094, -113.55132293701172, 0.574310302734375, -0.0921173095703125, 0.5996246337890625, -0.5496368408203125
191150, 191.89930725097656, 1000.0, 242.0, 898.0, 46.0, 892.0, 107.0, 866.0, 0.0, 685.0, 1000.0, 10.0, 1000.0, 0.0, 1000.0, 999.0, 999.0, 420.0, 999.0, 981.0, 406.0, 754.0, 0.0, 0.0, -70.377685546875, 20.622360229492188, 178.2686309814453, 0.0909881591796875, 0.1548309326171875, 0.5646820068359375, -0.805511474609375, -71.58990478515625, 38.18770980834961, -114.16585540771484, 0.5771331787109375, -0.0776214599609375, 0.608154296875, -0.539459228515625
191210, 191.9599151611328, 1000.0, 236.0, 898.0, 47.0, 891.0, 111.0, 866.0, 0.0, 696.0, 1000.0, 6.0, 1000.0, 0.0, 1000.0, 999.0, 999.0, 406.0, 999.0, 929.0, 405.0, 754.0, 0.0, 0.0, -70.4925765991211, 21.38394546508789, 178.30284118652344, 0.0951690673828125, 0.1598968505859375, 0.56475830078125, -0.803985595703125, -70.48838806152344, 38.778175354003906, -113.54557037353516, 0.5823822021484375, -0.07147216796875, 0.6038970947265625, -0.5394439697265625
191260, 192.00985717773438, 1000.0, 237.0, 898.0, 47.0, 890.0, 116.0, 867.0, 0.0, 709.0, 1000.0, 4.0, 750.0, 0.0, 1000.0, 999.0, 999.0, 388.0, 999.0, 927.0, 403.0, 754.0, 0.0, 0.0, -70.07645416259766, 21.912630081176758, 178.54359436035156, 0.0988922119140625, 0.1627655029296875, 0.5616302490234375, -0.8051605224609375, -70.06039428710938, 38.64204788208008, -113.31266784667969, 0.5833892822265625, -0.0714111328125, 0.6014251708984375, -0.5411376953125
191310, 192.059814453125, 1000.0, 239.0, 898.0, 48.0, 890.0, 119.0, 867.0, 0.0, 714.0, 1000.0, 2.0, 750.0, 0.0, 1000.0, 999.0, 999.0, 370.0, 999.0, 934.0, 402.0, 755.0, 0.0, 0.0, -69.8045425415039, 21.98274040222168, 178.75128173828125, 0.100311279296875, 0.1624755859375, 0.5599365234375, -0.80621337890625, -69.90788269042969, 37.42656326293945, -113.19982147216797, 0.580780029296875, -0.0791778564453125, 0.5977630615234375, -0.5468902587890625
191370, 192.11956787109375, 1000.0, 238.0, 897.0, 48.0, 889.0, 122.0, 866.0, 0.0, 712.0, 1000.0, 0.0, 750.0, 0.0, 1000.0, 999.0, 999.0, 364.0, 999.0, 946.0, 400.0, 754.0, 0.0, 0.0, -69.73251342773438, 20.993576049804688, 179.0095977783203, 0.09716796875, 0.154327392578125, 0.5607757568359375, -0.8076171875, -70.77197265625, 36.952545166015625, -113.5703353881836, 0.5771026611328125, -0.0847015380859375, 0.6010284423828125, -0.54638671875
191420, 192.16983032226562, 1000.0, 239.0, 897.0, 49.0, 888.0, 125.0, 865.0, 0.0, 708.0, 1000.0, 0.0, 750.0, 0.0, 1000.0, 999.0, 999.0, 357.0, 999.0, 954.0, 399.0, 754.0, 0.0, 0.0, -69.0784683227539, 20.303081512451172, 179.46331787109375, 0.09613037109375, 0.147796630859375, 0.557403564453125, -0.8112945556640625, -69.72752380371094, 36.67848205566406, -112.84632110595703, 0.5805816650390625, -0.084991455078125, 0.5948333740234375, -0.549407958984375
191480, 192.229736328125, 1000.0, 239.0, 897.0, 49.0, 887.0, 126.0, 863.0, 0.0, 704.0, 1000.0, 0.0, 1000.0, 0.0, 1000.0, 999.0, 999.0, 351.0, 999.0, 962.0, 398.0, 754.0, 0.0, 0.0, -68.89662170410156, 20.330087661743164, 179.85472106933594, 0.0988006591796875, 0.146240234375, 0.5565948486328125, -0.8118133544921875, -70.13442993164062, 36.91083526611328, -112.99783325195312, 0.5801849365234375, -0.084747314453125, 0.5974578857421875, -0.5470123291015625
191530, 192.27978515625, 1000.0, 239.0, 897.0, 49.0, 886.0, 128.0, 862.0, 0.0, 700.0, 1000.0, 0.0, 750.0, 0.0, 1000.0, 999.0, 999.0, 351.0, 999.0, 963.0, 397.0, 754.0, 0.0, 0.0, -68.85870361328125, 20.52726173400879, -179.90745544433594, 0.1013946533203125, 0.146514892578125, 0.55645751953125, -0.8115386962890625, -69.98983764648438, 37.10711669921875, -112.8310546875, 0.5816192626953125, -0.0836029052734375, 0.5971221923828125, -0.5460357666015625
191580, 192.3295440673828, 1000.0, 240.0, 897.0, 50.0, 886.0, 129.0, 862.0, 0.0, 700.0, 1000.0, 0.0, 1000.0, 0.0, 1000.0, 999.0, 999.0, 345.0, 999.0, 961.0, 396.0, 752.0, 0.0, 0.0, -68.7290267944336, 20.63714599609375, -179.6382598876953, 0.103668212890625, 0.1461029052734375, 0.5557861328125, -0.8117828369140625, -69.90325927734375, 36.64094543457031, -112.76809692382812, 0.580718994140625, -0.0865325927734375, 0.59552001953125, -0.5482635498046875
191640, 192.3898468017578, 1000.0, 239.0, 897.0, 50.0, 885.0, 131.0, 861.0, 0.0, 698.0, 1000.0, 0.0, 1000.0, 0.0, 1000.0, 999.0, 999.0, 341.0, 999.0, 964.0, 395.0, 752.0, 0.0, 0.0, -68.4267807006836, 20.463132858276367, -179.33880615234375, 0.1045684814453125, 0.1436920166015625, 0.554168701171875, -0.813201904296875, -69.80094146728516, 36.25847625732422, -112.78165435791016, 0.5796966552734375, -0.08843994140625, 0.5941009521484375, -0.5505828857421875
191690, 192.4394989013672, 1000.0, 241.0, 897.0, 50.0, 884.0, 132.0, 861.0, 0.0, 698.0, 1000.0, 0.0, 750.0, 0.0, 1000.0, 999.0, 999.0, 331.0, 999.0, 960.0, 395.0, 752.0, 0.0, 0.0, -68.17437744140625, 20.050012588500977, -179.18002319335938, 0.1033935546875, 0.1402130126953125, 0.5529022216796875, -0.8148040771484375, -70.0279541015625, 35.9412727355957, -112.9869155883789, 0.577667236328125, -0.0905914306640625, 0.594573974609375, -0.5518646240234375
191750, 192.49986267089844, 1000.0, 239.0, 897.0, 50.0, 884.0, 133.0, 860.0, 0.0, 698.0, 1000.0, 0.0, 750.0, 0.0, 1000.0, 999.0, 999.0, 321.0, 999.0, 955.0, 394.0, 752.0, 0.0, 0.0, -68.47789764404297, 19.666946411132812, -179.22552490234375, 0.101593017578125, 0.1374359130859375, 0.5553131103515625, -0.813873291015625, -70.29155731201172, 36.28346252441406, -113.20928192138672, 0.57733154296875, -0.088531494140625, 0.5968475341796875, -0.550079345703125
191800, 192.5496368408203, 1000.0, 239.0, 897.0, 51.0, 883.0, 134.0, 860.0, 0.0, 697.0, 1000.0, 0.0, 1000.0, 0.0, 1000.0, 999.0, 999.0, 316.0, 999.0, 954.0, 393.0, 751.0, 0.0, 0.0, -68.88404846191406, 19.43472671508789, -179.23403930664062, 0.10089111328125, 0.135467529296875, 0.5583648681640625, -0.81219482421875, -70.9923324584961, 36.289302825927734, -113.59609985351562, 0.574951171875, -0.089996337890625, 0.60052490234375, -0.54833984375
191850, 192.5997772216797, 1000.0, 237.0, 897.0, 51.0, 883.0, 135.0, 859.0, 1.0, 696.0, 1000.0, 0.0, 1000.0, 0.0, 1000.0, 999.0, 999.0, 314.0, 999.0, 955.0, 392.0, 751.0, 0.0, 0.0, -68.81936645507812, 19.220802307128906, -179.1049346923828, 0.1006927490234375, 0.1333770751953125, 0.5582275390625, -0.8126678466796875, -70.34992218017578, 36.25587463378906, -113.16564178466797, 0.577423095703125, -0.0892333984375, 0.5970306396484375, -0.5496826171875
191910, 192.6595916748047, 1000.0, 236.0, 897.0, 51.0, 883.0, 136.0, 859.0, 1.0, 695.0, 1000.0, 0.0, 1000.0, 0.0, 1000.0, 999.0, 999.0, 311.0, 999.0, 949.0, 392.0, 750.0, 0.0, 0.0, -69.0169906616211, 19.126665115356445, -178.9930419921875, 0.10125732421875, 0.131988525390625, 0.5598297119140625, -0.8117218017578125, -70.86416625976562, 35.646602630615234, -113.43022918701172, 0.57403564453125, -0.0944061279296875, 0.598236083984375, -0.551055908203125
191960, 192.7095947265625, 1000.0, 239.0, 897.0, 52.0, 882.0, 137.0, 859.0, 1.0, 695.0, 1000.0, 0.0, 1000.0, 0.0, 1000.0, 999.0, 999.0, 310.0, 999.0, 946.0, 391.0, 750.0, 0.0, 0.0, -69.01583862304688, 18.924606323242188, -179.05221557617188, 0.099853515625, 0.1308441162109375, 0.559906005859375, -0.8120269775390625, -71.28752899169922, 35.843692779541016, -113.7879638671875, 0.5725250244140625, -0.0933685302734375, 0.6010284423828125, -0.54974365234375
192010, 192.75965881347656, 1000.0, 239.0, 897.0, 52.0, 882.0, 138.0, 858.0, 1.0, 695.0, 1000.0, 0.0, 750.0, 0.0, 1000.0, 999.0, 999.0, 302.0, 999.0, 942.0, 390.0, 750.0, 0.0, 0.0, -69.81034851074219, 18.802139282226562, -179.2140350341797, 0.0990142822265625, 0.1300811767578125, 0.5654296875, -0.80841064453125, -71.42743682861328, 35.896480560302734, -113.86756134033203, 0.5721893310546875, -0.0933074951171875, 0.601898193359375, -0.5491790771484375
192070, 192.81979370117188, 1000.0, 238.0, 897.0, 52.0, 881.0, 139.0, 859.0, 2.0, 695.0, 1000.0, 0.0, 1000.0, 0.0, 1000.0, 999.0, 999.0, 304.0, 999.0, 948.0, 389.0, 750.0, 0.0, 0.0, -69.93818664550781, 18.755260467529297, -179.0375213623047, 0.1001739501953125, 0.1287689208984375, 0.5665740966796875, -0.8076934814453125, -71.96720123291016, 35.924739837646484, -114.16102600097656, 0.5704193115234375, -0.094268798828125, 0.6047821044921875, -0.54766845703125
192120, 192.8693389892578, 1000.0, 241.0, 897.0, 52.0, 881.0, 140.0, 858.0, 2.0, 695.0, 1000.0, 0.0, 1000.0, 0.0, 1000.0, 999.0, 999.0, 302.0, 999.0, 946.0, 389.0, 749.0, 0.0, 0.0, -69.9935073852539, 18.796165466308594, -178.92115783691406, 0.10125732421875, 0.1284332275390625, 0.5670623779296875, -0.8072662353515625, -71.86000061035156, 35.70829391479492, -114.11259460449219, 0.5701141357421875, -0.09539794921875, 0.603729248046875, -0.5489654541015625
192180, 192.92955017089844, 1000.0, 241.0, 896.0, 52.0, 880.0, 139.0, 858.0, 2.0, 693.0, 1000.0, 0.0, 1000.0, 0.0, 1000.0, 999.0, 999.0, 308.0, 999.0, 946.0, 388.0, 748.0, 0.0, 0.0, -70.16641998291016, 18.704898834228516, -178.85423278808594, 0.101470947265625, 0.1273040771484375, 0.56842041015625, -0.80645751953125, -71.58000183105469, 35.79936599731445, -113.96983337402344, 0.5712890625, -0.0941619873046875, 0.60247802734375, -0.54931640625
192230, 192.97955322265625, 1000.0, 240.0, 895.0, 52.0, 880.0, 139.0, 856.0, 2.0, 690.0, 1000.0, 0.0, 1000.0, 0.0, 1000.0, 999.0, 999.0, 312.0, 999.0, 963.0, 387.0, 748.0, 0.0, 0.0, -70.08341217041016, 18.594898223876953, -178.688232421875, 0.1020050048828125, 0.1257781982421875, 0.5680999755859375, -0.806854248046875, -71.24679565429688, 34.664737701416016, -113.8033218383789, 0.569091796875, -0.1007537841796875, 0.5980224609375, -0.5552825927734375
192280, 193.0294647216797, 1000.0, 243.0, 895.0, 52.0, 879.0, 138.0, 854.0, 2.0, 686.0, 1000.0, 0.0, 1000.0, 0.0, 1000.0, 999.0, 999.0, 316.0, 999.0, 971.0, 386.0, 747.0, 0.0, 0.0, -68.79853057861328, 18.193347930908203, -178.23776245117188, 0.101837158203125, 0.121856689453125, 0.559783935546875, -0.813262939453125, -69.22035217285156, 35.92796325683594, -112.74635314941406, 0.5794219970703125, -0.0878448486328125, 0.5904541015625, -0.5548858642578125
192340, 193.08966064453125, 1000.0, 243.0, 894.0, 52.0, 879.0, 135.0, 852.0, 2.0, 682.0, 1000.0, 0.0, 750.0, 0.0, 1000.0, 999.0, 999.0, 329.0, 999.0, 980.0, 386.0, 747.0, 0.0, 0.0, -67.95063781738281, 19.257291793823242, -177.85604858398438, 0.1087493896484375, 0.1283721923828125, 0.5534515380859375, -0.8156890869140625, -68.8845443725586, 37.515899658203125, -112.72337341308594, 0.583984375, -0.07586669921875, 0.5927581787109375, -0.54937744140625
192390, 193.139404296875, 1000.0, 239.0, 895.0, 52.0, 878.0, 134.0, 850.0, 2.0, 679.0, 1000.0, 0.0, 1000.0, 0.0, 1000.0, 999.0, 999.0, 346.0, 999.0, 988.0, 385.0, 746.0, 0.0, 0.0, -67.83441162109375, 20.442401885986328, -177.6266632080078, 0.11590576171875, 0.1358489990234375, 0.55206298828125, -0.8144378662109375, -69.66838073730469, 38.02208709716797, -113.25511169433594, 0.5822601318359375, -0.0737762451171875, 0.5980682373046875, -0.54571533203125
192450, 193.1996612548828, 1000.0, 238.0, 894.0, 52.0, 878.0, 133.0, 849.0, 2.0, 676.0, 1000.0, 0.0, 1000.0, 0.0, 1000.0, 999.0, 999.0, 361.0, 999.0, 999.0, 384.0, 746.0, 0.0, 0.0, -68.54313659667969, 20.6272029876709, -177.5450439453125, 0.1182098388671875, 0.13604736328125, 0.5570526123046875, -0.8106689453125, -72.39224243164062, 38.04651641845703, -114.7456283569336, 0.573455810546875, -0.0794830322265625, 0.6120147705078125, -0.5387420654296875
192500, 193.24966430664062, 1000.0, 238.0, 894.0, 52.0, 877.0, 132.0, 848.0, 3.0, 673.0, 1000.0, 0.0, 1000.0, 0.0, 1000.0, 999.0, 999.0, 369.0, 999.0, 999.0, 384.0, 745.0, 0.0, 0.0, -70.32721710205078, 20.201784133911133, -177.9867401123047, 0.1151275634765625, 0.133392333984375, 0.5694122314453125, -0.8029327392578125, -73.19538879394531, 37.60395050048828, -115.02872467041016, 0.5702667236328125, -0.0848541259765625, 0.6150360107421875, -0.537872314453125
192510, 193.29957580566406, 1000.0, 239.0, 894.0, 52.0, 877.0, 131.0, 847.0, 2.0, 672.0, 1000.0, 0.0, 750.0, 0.0, 1000.0, 999.0, 999.0, 368.0, 999.0, 999.0, 383.0, 745.0, 0.0, 0.0, -70.85694885253906, 19.967790603637695, -178.1380157470703, 0.113525390625, 0.1319732666015625, 0.5731201171875, -0.800750732421875, -73.34306335449219, 37.38247299194336, -115.08377075195312, 0.569244384765625, -0.08673095703125, 0.61529541015625, -0.538360595703125
192550, 193.3094482421875, 1000.0, 240.0, 894.0, 52.0, 877.0, 130.0, 846.0, 3.0, 671.0, 1000.0, 0.0, 750.0, 0.0, 1000.0, 999.0, 999.0, 373.0, 999.0, 999.0, 383.0, 745.0, 0.0, 0.0, -71.89988708496094, 19.06018829345703, -178.37567138671875, 0.1085052490234375, 0.1258087158203125, 0.580810546875, -0.7968902587890625, -74.0136489868164, 35.88485336303711, -115.39060974121094, 0.5627288818359375, -0.0980987548828125, 0.6154632568359375, -0.54302978515625
192610, 193.35951232910156, 1000.0, 241.0, 894.0, 52.0, 877.0, 129.0, 844.0, 3.0, 665.0, 1000.0, 0.0, 1000.0, 0.0, 1000.0, 999.0, 999.0, 377.0, 999.0, 999.0, 383.0, 744.0, 0.0, 0.0, -72.38444519042969, 17.844667434692383, -178.3689727783203, 0.1029205322265625, 0.116851806640625, 0.5850677490234375, -0.7958831787109375, -74.34757995605469, 33.396610260009766, -115.39129638671875, 0.5546112060546875, -0.11578369140625, 0.6115264892578125, -0.5522918701171875
192660, 193.4198760986328, 1000.0, 240.0, 894.0, 52.0, 876.0, 128.0, 842.0, 3.0, 662.0, 1000.0, 0.0, 750.0, 0.0, 1000.0, 999.0, 999.0, 383.0, 999.0, 999.0, 382.0, 744.0, 0.0, 0.0, -72.22972869873047, 16.582347869873047, -178.0713653564453, 0.0984344482421875, 0.106658935546875, 0.585113525390625, -0.7978363037109375, -73.84075927734375, 32.68877029418945, -115.06086730957031, 0.5544586181640625, -0.1196441650390625, 0.607086181640625, -0.5564727783203125
192720, 193.4695281982422, 1000.0, 238.0, 894.0, 52.0, 876.0, 127.0, 841.0, 3.0, 660.0, 1000.0, 0.0, 1000.0, 0.0, 1000.0, 999.0, 999.0, 382.0, 999.0, 999.0, 381.0, 743.0, 0.0, 0.0, -71.08737182617188, 15.961185455322266, -177.7371826171875, 0.0966033935546875, 0.1015777587890625, 0.5778045654296875, -0.8040313720703125, -72.15151977539062, 34.17076110839844, -114.3462905883789, 0.564178466796875, -0.1055908203125, 0.6016998291015625, -0.5554046630859375
