341410, 342.7692565917969, 1000.0, 211.0, 279.0, 102.0, 115.0, 102.0, 105.0, 32.0, 91.0, 1000.0, 0.0, 1000.0, 0.0, 1000.0, 942.0, 999.0, 999.0, 999.0, 999.0, 480.0, 593.0, 0.0, 0.0, -18.578433990478516, -6.6410136222839355, 69.83985137939453, 0.8131866455078125, -0.0994110107421875, -0.1391143798828125, 0.556304931640625, -28.62459945678711, 9.418956756591797, -150.0331573486328, 0.2692718505859375, 0.013153076171875, 0.2585601806640625, -0.9275970458984375
341460, 342.8194274902344, 1000.0, 212.0, 278.0, 102.0, 115.0, 102.0, 105.0, 31.0, 91.0, 1000.0, 0.0, 1000.0, 0.0, 1000.0, 942.0, 999.0, 999.0, 999.0, 999.0, 480.0, 593.0, 0.0, 0.0, -18.729299545288086, -6.55061674118042, 69.93603515625, 0.8125457763671875, -0.1008148193359375, -0.1392974853515625, 0.5569305419921875, -28.18886375427246, 9.651378631591797, -149.96539306640625, 0.27020263671875, 0.01593017578125, 0.2555084228515625, -0.928131103515625
341520, 342.8798522949219, 1000.0, 210.0, 278.0, 102.0, 114.0, 102.0, 104.0, 31.0, 91.0, 1000.0, 0.0, 750.0, 0.0, 1000.0, 940.0, 999.0, 999.0, 999.0, 999.0, 480.0, 592.0, 0.0, 0.0, -18.492637634277344, -6.620553493499756, 69.97592163085938, 0.812591552734375, -0.0987396240234375, -0.138671875, 0.557403564453125, -28.526155471801758, 9.687076568603516, -150.03968811035156, 0.26971435546875, 0.015594482421875, 0.25830078125, -0.9275054931640625
341570, 342.9298095703125, 1000.0, 211.0, 278.0, 102.0, 114.0, 102.0, 104.0, 31.0, 91.0, 1000.0, 0.0, 1000.0, 0.0, 1000.0, 940.0, 999.0, 999.0, 999.0, 999.0, 480.0, 592.0, 0.0, 0.0, -18.462234497070312, -6.6414408683776855, 70.0138931274414, 0.81243896484375, -0.0983734130859375, -0.138702392578125, 0.55767822265625, -28.31646156311035, 9.331048011779785, -150.01773071289062, 0.269195556640625, 0.01312255859375, 0.255889892578125, -0.9283599853515625
341620, 342.97979736328125, 1000.0, 210.0, 278.0, 102.0, 114.0, 101.0, 104.0, 31.0, 91.0, 1000.0, 0.0, 750.0, 0.0, 1000.0, 939.0, 999.0, 999.0, 999.0, 999.0, 480.0, 592.0, 0.0, 0.0, -18.506732940673828, -6.6485137939453125, 70.04292297363281, 0.812255859375, -0.0986175537109375, -0.1389923095703125, 0.5578155517578125, -28.1763973236084, 9.574713706970215, -150.008056640625, 0.26971435546875, 0.0154266357421875, 0.2552490234375, -0.9283599853515625
341680, 343.03973388671875, 1000.0, 210.0, 278.0, 101.0, 114.0, 101.0, 104.0, 31.0, 90.0, 1000.0, 0.0, 1000.0, 0.0, 1000.0, 945.0, 999.0, 999.0, 999.0, 999.0, 480.0, 592.0, 0.0, 0.0, -18.54800796508789, -6.655941486358643, 70.1028060913086, 0.8119354248046875, -0.0988006591796875, -0.1392974853515625, 0.5581817626953125, -28.175275802612305, 9.594913482666016, -150.00112915039062, 0.269805908203125, 0.0155792236328125, 0.255279541015625, -0.928314208984375
341730, 343.08978271484375, 1000.0, 210.0, 278.0, 101.0, 114.0, 101.0, 103.0, 31.0, 90.0, 1000.0, 0.0, 1000.0, 0.0, 1000.0, 944.0, 999.0, 999.0, 999.0, 999.0, 480.0, 592.0, 0.0, 0.0, -18.540830612182617, -6.6726555824279785, 70.1676254272461, 0.8116302490234375, -0.0985870361328125, -0.139434814453125, 0.558624267578125, -28.218687057495117, 9.579787254333496, -150.0135498046875, 0.269683837890625, 0.015380859375, 0.2555999755859375, -0.9282684326171875
341790, 343.14971923828125, 1000.0, 211.0, 277.0, 101.0, 113.0, 101.0, 103.0, 31.0, 90.0, 1000.0, 0.0, 1000.0, 0.0, 1000.0, 943.0, 999.0, 999.0, 999.0, 999.0, 480.0, 592.0, 0.0, 0.0, -18.51576805114746, -6.551801681518555, 70.24414825439453, 0.8112335205078125, -0.0989227294921875, -0.1385345458984375, 0.5593719482421875, -27.98564910888672, 9.43996810913086, -149.9871063232422, 0.2696075439453125, 0.0147247314453125, 0.2534332275390625, -0.92889404296875
341840, 343.1993408203125, 1000.0, 211.0, 277.0, 101.0, 113.0, 101.0, 103.0, 31.0, 89.0, 1000.0, 0.0, 750.0, 0.0, 1000.0, 941.0, 999.0, 999.0, 999.0, 999.0, 480.0, 592.0, 0.0, 0.0, -18.467891693115234, -6.6588311195373535, 70.30255889892578, 0.81103515625, -0.0979766845703125, -0.13909912109375, 0.5596923828125, -28.18267059326172, 9.27000617980957, -150.01893615722656, 0.2690582275390625, 0.012939453125, 0.2546844482421875, -0.928741455078125
341890, 343.24957275390625, 1000.0, 211.0, 277.0, 101.0, 113.0, 101.0, 103.0, 31.0, 89.0, 1000.0, 0.0, 1000.0, 0.0, 1000.0, 945.0, 999.0, 999.0, 999.0, 999.0, 480.0, 592.0, 0.0, 0.0, -18.48213768005371, -6.78224515914917, 70.33948516845703, 0.810882568359375, -0.097412109375, -0.1400604248046875, 0.55975341796875, -27.574174880981445, 9.402203559875488, -149.90223693847656, 0.270172119140625, 0.01519775390625, 0.250030517578125, -0.9296417236328125
341950, 343.3097839355469, 1000.0, 211.0, 277.0, 101.0, 113.0, 101.0, 102.0, 30.0, 89.0, 1000.0, 0.0, 1000.0, 0.0, 1000.0, 944.0, 999.0, 999.0, 999.0, 999.0, 480.0, 592.0, 0.0, 0.0, -18.455078125, -6.736326217651367, 70.45919799804688, 0.810302734375, -0.0973052978515625, -0.13970947265625, 0.560699462890625, -28.474475860595703, 9.573715209960938, -150.0183563232422, 0.2696685791015625, 0.014739990234375, 0.257659912109375, -0.9277191162109375
342000, 343.359619140625, 1000.0, 211.0, 277.0, 101.0, 113.0, 101.0, 102.0, 30.0, 88.0, 1000.0, 0.0, 750.0, 0.0, 1000.0, 946.0, 999.0, 999.0, 999.0, 999.0, 480.0, 592.0, 0.0, 0.0, -18.581144332885742, -6.561283111572266, 70.57411193847656, 0.8095703125, -0.09893798828125, -0.1392059326171875, 0.561614990234375, -26.806934356689453, 8.802175521850586, -149.6604766845703, 0.270965576171875, 0.011566162109375, 0.2425994873046875, -0.931427001953125
342050, 343.40948486328125, 1000.0, 211.0, 276.0, 101.0, 113.0, 100.0, 102.0, 30.0, 88.0, 1000.0, 0.0, 750.0, 0.0, 1000.0, 948.0, 999.0, 999.0, 999.0, 999.0, 480.0, 592.0, 0.0, 0.0, -18.65904426574707, -6.195812702178955, 70.93775939941406, 0.80755615234375, -0.10089111328125, -0.137359619140625, 0.564605712890625, -28.064149856567383, 10.24110221862793, -149.82223510742188, 0.272430419921875, 0.0207366943359375, 0.255706787109375, -0.9273223876953125
342110, 343.46966552734375, 1000.0, 211.0, 276.0, 102.0, 113.0, 104.0, 104.0, 30.0, 91.0, 1000.0, 0.0, 1000.0, 0.0, 1000.0, 972.0, 999.0, 999.0, 999.0, 999.0, 484.0, 597.0, 0.0, 0.0, -17.929386138916016, -4.568271636962891, 70.8848876953125, 0.8076934814453125, -0.1040191650390625, -0.1223602294921875, 0.5672760009765625, -28.376789093017578, 14.622821807861328, -149.6755828857422, 0.2816162109375, 0.0554962158203125, 0.2669219970703125, -0.9199676513671875
342160, 343.5196228027344, 1000.0, 211.0, 292.0, 104.0, 120.0, 108.0, 119.0, 30.0, 104.0, 1000.0, 0.0, 750.0, 0.0, 1000.0, 999.0, 999.0, 999.0, 999.0, 999.0, 497.0, 606.0, 0.0, 0.0, -16.108613967895508, -3.3874704837799072, 69.31546020507812, 0.816436767578125, -0.0985565185546875, -0.1037139892578125, 0.5594024658203125, -26.991252899169922, 16.59925079345703, -149.3504180908203, 0.2867889404296875, 0.0743408203125, 0.2598114013671875, -0.9190826416015625
342220, 343.5794677734375, 1000.0, 210.0, 320.0, 107.0, 140.0, 111.0, 193.0, 30.0, 109.0, 1000.0, 0.0, 750.0, 0.0, 1000.0, 978.0, 999.0, 999.0, 999.0, 999.0, 496.0, 617.0, 0.0, 0.0, -16.52587127685547, 0.8979762196540833, 66.57147979736328, 0.8266143798828125, -0.1243896484375, -0.0723876953125, 0.544036865234375, -25.858388900756836, 19.35036277770996, -149.39955139160156, 0.289794921875, 0.09979248046875, 0.2559661865234375, -0.9167938232421875
342270, 343.6296081542969, 1000.0, 210.0, 339.0, 109.0, 164.0, 112.0, 344.0, 30.0, 122.0, 1000.0, 0.0, 1000.0, 0.0, 1000.0, 976.0, 999.0, 999.0, 999.0, 999.0, 490.0, 633.0, 0.0, 0.0, -14.021733283996582, 3.120840072631836, 64.07148742675781, 0.83929443359375, -0.117767333984375, -0.04180908203125, 0.5290985107421875, -22.269548416137695, 21.442415237426758, -149.18963623046875, 0.2907257080078125, 0.1255645751953125, 0.231414794921875, -0.91986083984375
342320, 343.6795654296875, 1000.0, 211.0, 337.0, 109.0, 179.0, 111.0, 449.0, 30.0, 145.0, 1000.0, 0.0, 1000.0, 0.0, 1000.0, 979.0, 999.0, 999.0, 999.0, 999.0, 482.0, 645.0, 0.0, 0.0, -11.674878120422363, -0.34580379724502563, 60.747745513916016, 0.8584136962890625, -0.0862274169921875, -0.05401611328125, 0.50274658203125, -19.90432357788086, 23.267845153808594, -149.47174072265625, 0.28759765625, 0.1470489501953125, 0.2155914306640625, -0.9214935302734375
342380, 343.7396240234375, 1000.0, 212.0, 323.0, 109.0, 184.0, 108.0, 457.0, 30.0, 163.0, 1000.0, 0.0, 1000.0, 0.0, 1000.0, 984.0, 999.0, 999.0, 999.0, 999.0, 475.0, 643.0, 0.0, 11.0, -9.104314804077148, -5.720402717590332, 57.55311584472656, 0.874542236328125, -0.0455322265625, -0.081756591796875, 0.475799560546875, -17.637069702148438, 23.858810424804688, -149.69830322265625, 0.2832794189453125, 0.157958984375, 0.1981658935546875, -0.9249420166015625
342430, 343.7894592285156, 1000.0, 214.0, 315.0, 107.0, 188.0, 107.0, 444.0, 30.0, 173.0, 1000.0, 0.0, 1000.0, 0.0, 1000.0, 987.0, 999.0, 999.0, 999.0, 999.0, 476.0, 641.0, 0.0, 16.0, -5.101558685302734, -10.949281692504883, 54.618812561035156, 0.8855438232421875, 0.004364013671875, -0.105010986328125, 0.4524688720703125, -14.746685028076172, 23.124292373657227, -149.43356323242188, 0.280914306640625, 0.158599853515625, 0.173675537109375, -0.930450439453125
342490, 343.8497314453125, 1000.0, 214.0, 311.0, 105.0, 184.0, 106.0, 417.0, 31.0, 178.0, 1000.0, 0.0, 1000.0, 0.0, 1000.0, 983.0, 999.0, 999.0, 999.0, 999.0, 476.0, 640.0, 0.0, 23.0, -0.603786826133728, -16.483230590820312, 50.69677734375, 0.894683837890625, 0.0566558837890625, -0.13177490234375, 0.423004150390625, -12.20376205444336, 21.826879501342773, -148.9818572998047, 0.28045654296875, 0.1534881591796875, 0.150909423828125, -0.9354095458984375
342540, 343.8996276855469, 1000.0, 213.0, 303.0, 103.0, 181.0, 114.0, 403.0, 32.0, 182.0, 1000.0, 0.0, 1000.0, 0.0, 1000.0, 994.0, 999.0, 999.0, 999.0, 999.0, 469.0, 637.0, 0.0, 13.0, 2.719709873199463, -20.387758255004883, 47.62619400024414, 0.898468017578125, 0.092803955078125, -0.152435302734375, 0.4011077880859375, -10.346302032470703, 6.343036651611328, -148.17442321777344, 0.277435302734375, 0.0283050537109375, 0.1016845703125, -0.954925537109375
342580, 343.95001220703125, 1000.0, 213.0, 295.0, 102.0, 182.0, 122.0, 389.0, 36.0, 183.0, 1000.0, 0.0, 1000.0, 0.0, 1000.0, 981.0, 999.0, 999.0, 999.0, 999.0, 467.0, 639.0, 0.0, 29.0, 4.30653190612793, -22.58013916015625, 45.195682525634766, 0.901885986328125, 0.10919189453125, -0.1664581298828125, 0.3833465576171875, -11.973294258117676, 6.890506267547607, -148.7279052734375, 0.2736053466796875, 0.0294952392578125, 0.116363525390625, -0.954315185546875
342590, 343.9593811035156, 1000.0, 212.0, 293.0, 102.0, 183.0, 124.0, 386.0, 38.0, 184.0, 1000.0, 0.0, 1000.0, 0.0, 1000.0, 957.0, 999.0, 999.0, 999.0, 999.0, 467.0, 640.0, 0.0, 36.0, 4.801406383514404, -23.145566940307617, 44.459468841552734, 0.9028778076171875, 0.1138153076171875, -0.170013427734375, 0.378082275390625, -11.815411567687988, 6.996658802032471, -149.0489044189453, 0.270965576171875, 0.0310821533203125, 0.115203857421875, -0.9551544189453125
342650, 344.00946044921875, 1000.0, 213.0, 288.0, 101.0, 197.0, 132.0, 385.0, 54.0, 186.0, 1000.0, 0.0, 1000.0, 0.0, 1000.0, 936.0, 999.0, 999.0, 999.0, 999.0, 468.0, 648.0, 0.0, 74.0, 3.4615275859832764, -26.48832893371582, 40.971065521240234, 0.90899658203125, 0.1076812744140625, -0.2042236328125, 0.34698486328125, -13.685373306274414, 8.261714935302734, -152.10655212402344, 0.24700927734375, 0.040771484375, 0.132568359375, -0.9590301513671875
342670, 344.0594787597656, 1000.0, 212.0, 285.0, 101.0, 229.0, 137.0, 395.0, 68.0, 184.0, 1000.0, 0.0, 750.0, 0.0, 1000.0, 813.0, 999.0, 999.0, 999.0, 999.0, 470.0, 655.0, 0.0, 96.0, 3.2918686866760254, -28.35536766052246, 38.9583625793457, 0.91131591796875, 0.1078948974609375, -0.221527099609375, 0.329803466796875, -14.035408973693848, 8.51386833190918, -153.13169860839844, 0.23876953125, 0.0433502197265625, 0.1356201171875, -0.9605712890625
342700, 344.06939697265625, 1000.0, 214.0, 283.0, 102.0, 342.0, 138.0, 428.0, 80.0, 182.0, 1000.0, 0.0, 750.0, 0.0, 1000.0, 513.0, 999.0, 999.0, 999.0, 999.0, 473.0, 664.0, 0.0, 114.0, 2.3821494579315186, -30.09375, 37.745361328125, 0.9118499755859375, 0.1029510498046875, -0.239105224609375, 0.317413330078125, -15.084516525268555, 8.9047269821167, -155.05130004882812, 0.2234344482421875, 0.046875, 0.1443939208984375, -0.9628143310546875
342760, 344.1194763183594, 1000.0, 216.0, 298.0, 102.0, 586.0, 138.0, 529.0, 86.0, 176.0, 1000.0, 0.0, 1000.0, 0.0, 1000.0, 353.0, 999.0, 999.0, 999.0, 999.0, 476.0, 683.0, 0.0, 141.0, 1.6213417053222656, -32.711097717285156, 35.11000061035156, 0.913543701171875, 0.097869873046875, -0.2643585205078125, 0.293182373046875, -16.192108154296875, 9.606499671936035, -158.94444274902344, 0.1918487548828125, 0.0558624267578125, 0.1531219482421875, -0.9677886962890625
342810, 344.16961669921875, 1000.0, 218.0, 366.0, 102.0, 780.0, 138.0, 611.0, 89.0, 179.0, 1000.0, 34.0, 1000.0, 0.0, 1000.0, 282.0, 999.0, 999.0, 999.0, 999.0, 475.0, 694.0, 0.0, 196.0, 1.8287122249603271, -35.34366989135742, 32.360679626464844, 0.9135894775390625, 0.09918212890625, -0.287261962890625, 0.2701263427734375, -16.80788803100586, 9.660578727722168, -161.8675994873047, 0.16748046875, 0.0593109130859375, 0.1569366455078125, -0.9714813232421875
342820, 344.2196960449219, 1000.0, 217.0, 386.0, 101.0, 808.0, 139.0, 634.0, 89.0, 186.0, 1000.0, 46.0, 1000.0, 0.0, 1000.0, 269.0, 999.0, 999.0, 999.0, 999.0, 475.0, 695.0, 0.0, 210.0, 1.7415748834609985, -35.79983901977539, 31.979249954223633, 0.9133758544921875, 0.0985565185546875, -0.29144287109375, 0.2665863037109375, -17.11277961730957, 9.623233795166016, -162.47145080566406, 0.1624755859375, 0.05938720703125, 0.1591644287109375, -0.9719696044921875
342860, 344.2293701171875, 1000.0, 218.0, 472.0, 100.0, 887.0, 140.0, 757.0, 86.0, 257.0, 1000.0, 90.0, 1000.0, 0.0, 1000.0, 223.0, 999.0, 999.0, 999.0, 999.0, 473.0, 698.0, 0.0, 234.0, 1.2141426801681519, -37.668453216552734, 30.53586769104004, 0.9120941162109375, 0.0946807861328125, -0.30877685546875, 0.2525177001953125, -18.5245418548584, 9.271915435791016, -164.9715576171875, 0.14154052734375, 0.05810546875, 0.1694793701171875, -0.97357177734375
342920, 344.27947998046875, 1000.0, 217.0, 566.0, 95.0, 943.0, 139.0, 889.0, 82.0, 493.0, 1000.0, 102.0, 1000.0, 0.0, 1000.0, 175.0, 999.0, 999.0, 999.0, 999.0, 467.0, 703.0, 0.0, 208.0, 0.009458853863179684, -40.27485275268555, 29.62470817565918, 0.90765380859375, 0.0880889892578125, -0.3328094482421875, 0.24005126953125, -20.876699447631836, 8.435778617858887, -168.0972442626953, 0.1149444580078125, 0.0532073974609375, 0.1872100830078125, -0.9741058349609375
342970, 344.33953857421875, 1000.0, 216.0, 783.0, 85.0, 980.0, 122.0, 948.0, 78.0, 704.0, 1000.0, 81.0, 1000.0, 0.0, 1000.0, 143.0, 999.0, 999.0, 999.0, 999.0, 459.0, 708.0, 0.0, 170.0, -1.6290479898452759, -42.75639343261719, 29.177528381347656, 0.902374267578125, 0.0789947509765625, -0.3560638427734375, 0.2295074462890625, -22.595970153808594, 7.825185775756836, -169.773193359375, 0.1005096435546875, 0.049224853515625, 0.2006378173828125, -0.973236083984375
343030, 344.3896789550781, 1000.0, 216.0, 847.0, 78.0, 997.0, 105.0, 971.0, 74.0, 824.0, 1000.0, 56.0, 750.0, 0.0, 1000.0, 134.0, 999.0, 999.0, 999.0, 999.0, 452.0, 716.0, 0.0, 137.0, -2.1934456825256348, -43.56842041015625, 29.05927276611328, 0.9004974365234375, 0.0758819580078125, -0.3636322021484375, 0.226043701171875, -23.9134521484375, 7.296250820159912, -170.8855438232422, 0.0907135009765625, 0.045623779296875, 0.2110443115234375, -0.9721832275390625
343060, 344.440185546875, 1000.0, 214.0, 874.0, 74.0, 1000.0, 96.0, 982.0, 71.0, 860.0, 1000.0, 43.0, 750.0, 0.0, 1000.0, 139.0, 999.0, 999.0, 999.0, 999.0, 447.0, 721.0, 0.0, 126.0, -2.3880019187927246, -44.065860748291016, 29.03489875793457, 0.8991241455078125, 0.0753173828125, -0.367919921875, 0.2247467041015625, -27.84499740600586, 11.03483772277832, -171.72027587890625, 0.0928192138671875, 0.0757904052734375, 0.24560546875, -0.9619293212890625
343080, 344.44940185546875, 1000.0, 215.0, 881.0, 73.0, 1000.0, 93.0, 985.0, 70.0, 867.0, 1000.0, 40.0, 1000.0, 0.0, 1000.0, 139.0, 999.0, 999.0, 999.0, 999.0, 446.0, 724.0, 0.0, 125.0, -2.278496026992798, -44.32802963256836, 29.014955520629883, 0.8982696533203125, 0.07666015625, -0.3697662353515625, 0.2246856689453125, -27.94734764099121, 11.161066055297852, -171.7116241455078, 0.0932159423828125, 0.076751708984375, 0.24652099609375, -0.961578369140625
343130, 344.4996337890625, 1000.0, 217.0, 915.0, 70.0, 1000.0, 80.0, 995.0, 67.0, 915.0, 1000.0, 28.0, 1000.0, 0.0, 1000.0, 142.0, 999.0, 999.0, 999.0, 999.0, 440.0, 730.0, 0.0, 123.0, -2.130580186843872, -45.11199188232422, 29.048004150390625, 0.8956146240234375, 0.079559326171875, -0.3755645751953125, 0.2246551513671875, -28.684423446655273, 13.19135570526123, -171.7915802001953, 0.097259521484375, 0.0933837890625, 0.2534027099609375, -0.9579010009765625
343180, 344.5494689941406, 1000.0, 216.0, 946.0, 70.0, 1000.0, 74.0, 1000.0, 64.0, 955.0, 1000.0, 19.0, 1000.0, 0.0, 1000.0, 141.0, 999.0, 999.0, 999.0, 999.0, 434.0, 745.0, 0.0, 119.0, -1.5977251529693604, -43.20362854003906, 29.457828521728516, 0.900421142578125, 0.0810546875, -0.35931396484375, 0.2313995361328125, -28.016191482543945, 13.525179862976074, -171.10845947265625, 0.1031036376953125, 0.09527587890625, 0.248504638671875, -0.9583892822265625
343190, 344.559326171875, 1000.0, 216.0, 946.0, 70.0, 1000.0, 74.0, 1000.0, 64.0, 955.0, 1000.0, 19.0, 1000.0, 0.0, 1000.0, 141.0, 999.0, 999.0, 999.0, 999.0, 434.0, 745.0, 0.0, 119.0, -1.5977251529693604, -43.20362854003906, 29.457828521728516, 0.900421142578125, 0.0810546875, -0.35931396484375, 0.2313995361328125, -27.709026336669922, 14.167142868041992, -170.9258575439453, 0.10565185546875, 0.100555419921875, 0.2463531494140625, -0.9581298828125
343240, 344.609619140625, 1000.0, 232.0, 1000.0, 76.0, 1000.0, 67.0, 1000.0, 61.0, 984.0, 1000.0, 10.0, 750.0, 0.0, 1000.0, 178.0, 999.0, 999.0, 999.0, 999.0, 428.0, 768.0, 0.0, 106.0, -2.481961250305176, -41.25080490112305, 30.773048400878906, 0.9041595458984375, 0.0738983154296875, -0.3449249267578125, 0.24090576171875, -27.058570861816406, 14.907990455627441, -170.12554931640625, 0.1132049560546875, 0.1056976318359375, 0.2419586181640625, -0.9578399658203125
343290, 344.6595458984375, 1000.0, 243.0, 1000.0, 73.0, 1000.0, 62.0, 1000.0, 70.0, 983.0, 1000.0, 0.0, 750.0, 0.0, 1000.0, 275.0, 999.0, 999.0, 999.0, 999.0, 421.0, 762.0, 0.0, 78.0, -6.555302619934082, -40.12186050415039, 33.65416717529297, 0.9033050537109375, 0.0477294921875, -0.3433380126953125, 0.2527008056640625, -28.152198791503906, 15.434955596923828, -169.32444763183594, 0.1219329833984375, 0.107269287109375, 0.2520751953125, -0.9539642333984375
343350, 344.7195129394531, 1000.0, 247.0, 1000.0, 78.0, 1000.0, 64.0, 1000.0, 56.0, 946.0, 1000.0, 0.0, 750.0, 0.0, 1000.0, 297.0, 999.0, 999.0, 999.0, 999.0, 416.0, 758.0, 0.0, 66.0, -7.153777122497559, -34.6917724609375, 35.45275115966797, 0.9130859375, 0.03387451171875, -0.3015594482421875, 0.2723388671875, -26.887069702148438, 15.835776329040527, -167.060546875, 0.1403656005859375, 0.107177734375, 0.243896484375, -0.9535675048828125
343400, 344.76971435546875, 1000.0, 251.0, 1000.0, 83.0, 1000.0, 85.0, 994.0, 56.0, 930.0, 1000.0, 20.0, 1000.0, 0.0, 1000.0, 509.0, 999.0, 999.0, 999.0, 999.0, 413.0, 771.0, 0.0, 144.0, -12.053912162780762, -32.24441909790039, 37.465614318847656, 0.9141082763671875, -0.0068359375, -0.293914794921875, 0.279205322265625, -29.63201141357422, 16.325124740600586, -167.11932373046875, 0.1434173583984375, 0.108001708984375, 0.2669219970703125, -0.94683837890625
343410, 344.8196105957031, 1000.0, 253.0, 1000.0, 84.0, 1000.0, 89.0, 992.0, 51.0, 932.0, 1000.0, 74.0, 1000.0, 0.0, 1000.0, 578.0, 999.0, 999.0, 999.0, 999.0, 413.0, 782.0, 0.0, 181.0, -13.243475914001465, -32.05719757080078, 37.88536834716797, 0.913330078125, -0.0157928466796875, -0.2953948974609375, 0.2798004150390625, -30.488685607910156, 16.50221824645996, -167.36782836914062, 0.142547607421875, 0.1089935302734375, 0.27386474609375, -0.9448699951171875
343460, 344.82940673828125, 1000.0, 253.0, 1000.0, 91.0, 977.0, 331.0, 973.0, 416.0, 936.0, 1000.0, 616.0, 1000.0, 0.0, 1000.0, 657.0, 999.0, 999.0, 999.0, 999.0, 412.0, 831.0, 0.0, 541.0, -19.59680938720703, -30.706817626953125, 41.29930114746094, 0.9050750732421875, -0.061553955078125, -0.3020172119140625, 0.292938232421875, -35.908660888671875, 17.334070205688477, -169.0421142578125, 0.1360321044921875, 0.1136016845703125, 0.3170318603515625, -0.93170166015625
343510, 344.8793029785156, 1000.0, 253.0, 1000.0, 101.0, 899.0, 685.0, 911.0, 794.0, 888.0, 1000.0, 855.0, 750.0, 0.0, 1000.0, 904.0, 999.0, 999.0, 999.0, 999.0, 411.0, 816.0, 0.0, 720.0, -30.41693115234375, -32.2293586730957, 46.31428146362305, 0.8809967041015625, -0.1263885498046875, -0.345367431640625, 0.2976226806640625, -47.09379959106445, 17.15070343017578, -172.7521514892578, 0.1167449951171875, 0.1114501953125, 0.4028778076171875, -0.9008941650390625
343560, 344.92974853515625, 1000.0, 256.0, 1000.0, 110.0, 871.0, 719.0, 878.0, 850.0, 861.0, 1000.0, 860.0, 750.0, 0.0, 1000.0, 782.0, 999.0, 985.0, 999.0, 999.0, 410.0, 806.0, 0.0, 755.0, -45.32227325439453, -34.645790100097656, 54.23736572265625, 0.8363800048828125, -0.202117919921875, -0.4122161865234375, 0.2994537353515625, -60.735084533691406, 15.922138214111328, -176.8133087158203, 0.09375, 0.10552978515625, 0.5037994384765625, -0.852203369140625
343620, 344.9895324707031, 1000.0, 259.0, 1000.0, 118.0, 866.0, 714.0, 806.0, 879.0, 787.0, 1000.0, 897.0, 1000.0, 0.0, 1000.0, 360.0, 999.0, 903.0, 999.0, 999.0, 413.0, 797.0, 0.0, 849.0, -64.24885559082031, -35.04205322265625, 62.740882873535156, 0.7728729248046875, -0.30023193359375, -0.481658935546875, 0.283721923828125, -77.51361846923828, 14.759124755859375, 178.12161254882812, 0.067718505859375, 0.110321044921875, 0.6190948486328125, -0.7745513916015625
343670, 345.03973388671875, 1000.0, 257.0, 1000.0, 121.0, 849.0, 711.0, 692.0, 883.0, 686.0, 1000.0, 920.0, 750.0, 0.0, 1000.0, 371.0, 999.0, 999.0, 999.0, 999.0, 411.0, 786.0, 0.0, 885.0, -81.29011535644531, -31.049055099487305, 71.01647186279297, 0.6963653564453125, -0.3929290771484375, -0.5298309326171875, 0.2826995849609375, -90.3589096069336, 14.086068153381348, 175.19024658203125, 0.0575408935546875, 0.1158905029296875, 0.69970703125, -0.7025909423828125
343730, 345.09967041015625, 1000.0, 260.0, 1000.0, 131.0, 825.0, 732.0, 518.0, 918.0, 503.0, 1000.0, 942.0, 750.0, 0.0, 1000.0, 269.0, 999.0, 999.0, 998.0, 999.0, 412.0, 773.0, 19.0, 925.0, -102.0142822265625, -25.629106521606445, 79.3482894897461, 0.5822906494140625, -0.4942169189453125, -0.59124755859375, 0.2590179443359375, -107.17101287841797, 12.34372329711914, 173.3052215576172, 0.051910400390625, 0.1104278564453125, 0.79498291015625, -0.5942230224609375
343780, 345.1498107910156, 1000.0, 256.0, 1000.0, 139.0, 826.0, 760.0, 418.0, 946.0, 395.0, 1000.0, 952.0, 1000.0, 0.0, 666.0, 217.0, 999.0, 999.0, 998.0, 999.0, 413.0, 775.0, 38.0, 944.0, -115.55010223388672, -21.362443923950195, 81.7704849243164, 0.498779296875, -0.56378173828125, -0.61883544921875, 0.2244415283203125, -118.20600128173828, 11.137636184692383, 171.82884216308594, 0.0466461181640625, 0.1105499267578125, 0.8483123779296875, -0.5157012939453125
343830, 345.1995544433594, 1000.0, 256.0, 1000.0, 144.0, 793.0, 804.0, 366.0, 946.0, 335.0, 1000.0, 949.0, 1000.0, 0.0, 1000.0, 286.0, 999.0, 999.0, 999.0, 999.0, 412.0, 774.0, 79.0, 957.0, -124.1100082397461, -18.399032592773438, 80.31185913085938, 0.4446258544921875, -0.6181640625, -0.619598388671875, 0.19036865234375, -125.28753662109375, 10.079829216003418, 170.45188903808594, 0.0396575927734375, 0.113861083984375, 0.8782958984375, -0.462646484375
343890, 345.2598571777344, 1000.0, 255.0, 1000.0, 156.0, 585.0, 917.0, 307.0, 943.0, 273.0, 1000.0, 934.0, 1000.0, 0.0, 1000.0, 726.0, 998.0, 999.0, 999.0, 999.0, 411.0, 755.0, 183.0, 973.0, -134.982666015625, -14.732544898986816, 79.49031066894531, 0.367645263671875, -0.673065185546875, -0.6235198974609375, 0.15167236328125, -132.6006622314453, 8.660940170288086, 169.6001434326172, 0.03253173828125, 0.11297607421875, 0.9065399169921875, -0.4054107666015625
343940, 345.3097229003906, 1000.0, 256.0, 998.0, 164.0, 439.0, 939.0, 278.0, 935.0, 246.0, 1000.0, 926.0, 1000.0, 0.0, 1000.0, 648.0, 999.0, 999.0, 999.0, 999.0, 409.0, 724.0, 212.0, 965.0, -133.59400939941406, -11.905035018920898, 78.62407684326172, 0.3635711669921875, -0.681396484375, -0.6107635498046875, 0.1745147705078125, -132.90817260742188, 8.807671546936035, 169.5287322998047, 0.03375244140625, 0.11395263671875, 0.90740966796875, -0.4030609130859375
344000, 345.36956787109375, 1000.0, 258.0, 948.0, 187.0, 370.0, 909.0, 256.0, 928.0, 230.0, 1000.0, 918.0, 1000.0, 0.0, 1000.0, 678.0, 999.0, 999.0, 999.0, 999.0, 407.0, 685.0, 171.0, 936.0, -129.11880493164062, -8.74449634552002, 77.8050765991211, 0.376556396484375, -0.6801300048828125, -0.5909271240234375, 0.2154083251953125, -129.4911651611328, 9.246589660644531, 170.4944610595703, 0.03741455078125, 0.1089630126953125, 0.8955230712890625, -0.4298248291015625
344050, 345.4195251464844, 1000.0, 260.0, 908.0, 199.0, 357.0, 894.0, 244.0, 918.0, 221.0, 1000.0, 918.0, 1000.0, 0.0, 1000.0, 538.0, 999.0, 999.0, 999.0, 999.0, 411.0, 680.0, 165.0, 928.0, -124.6983642578125, -5.876352310180664, 75.67510223388672, 0.3938751220703125, -0.6840362548828125, -0.561431884765625, 0.248443603515625, -125.00724029541016, 9.48874282836914, 171.935791015625, 0.04083251953125, 0.100250244140625, 0.879119873046875, -0.4641265869140625
344100, 345.4696960449219, 1000.0, 257.0, 918.0, 200.0, 361.0, 867.0, 234.0, 894.0, 209.0, 1000.0, 915.0, 1000.0, 0.0, 1000.0, 421.0, 999.0, 999.0, 999.0, 999.0, 411.0, 682.0, 222.0, 919.0, -121.03945922851562, -3.8733224868774414, 73.60608673095703, 0.41143798828125, -0.6866607666015625, -0.534515380859375, 0.271087646484375, -122.36619567871094, 8.956682205200195, 172.56080627441406, 0.0370941162109375, 0.0942230224609375, 0.86920166015625, -0.4839630126953125
344160, 345.5298156738281, 1000.0, 262.0, 899.0, 206.0, 373.0, 855.0, 228.0, 887.0, 196.0, 1000.0, 912.0, 1000.0, 0.0, 1000.0, 341.0, 999.0, 999.0, 999.0, 999.0, 412.0, 672.0, 212.0, 910.0, -119.26402282714844, -2.8149051666259766, 73.35102081298828, 0.417999267578125, -0.684356689453125, -0.5251312255859375, 0.2848663330078125, -121.56060791015625, 8.242286682128906, 172.36546325683594, 0.0301666259765625, 0.09295654296875, 0.8662261962890625, -0.489990234375
344210, 345.5797119140625, 1000.0, 263.0, 890.0, 208.0, 377.0, 846.0, 223.0, 882.0, 189.0, 1000.0, 908.0, 1000.0, 0.0, 1000.0, 360.0, 999.0, 999.0, 999.0, 999.0, 412.0, 668.0, 198.0, 903.0, -116.17259979248047, -2.843249559402466, 73.40205383300781, 0.4362945556640625, -0.672515869140625, -0.5176544189453125, 0.2989501953125, -119.64775085449219, 8.536803245544434, 171.86520385742188, 0.02862548828125, 0.0984649658203125, 0.8572540283203125, -0.5045623779296875
344270, 345.639892578125, 1000.0, 264.0, 889.0, 217.0, 384.0, 843.0, 219.0, 883.0, 185.0, 1000.0, 902.0, 750.0, 0.0, 1000.0, 366.0, 999.0, 999.0, 999.0, 999.0, 410.0, 667.0, 202.0, 899.0, -115.64125061035156, -4.101955890655518, 73.85122680664062, 0.44366455078125, -0.6647186279296875, -0.5233917236328125, 0.2955322265625, -119.44711303710938, 9.329639434814453, 171.78443908691406, 0.0340576171875, 0.1025543212890625, 0.8555908203125, -0.5062408447265625
344320, 345.6897277832031, 1000.0, 261.0, 891.0, 221.0, 383.0, 841.0, 217.0, 879.0, 182.0, 1000.0, 899.0, 1000.0, 0.0, 1000.0, 374.0, 999.0, 999.0, 999.0, 999.0, 409.0, 665.0, 198.0, 898.0, -114.65518951416016, -4.606356620788574, 73.61516571044922, 0.4521331787109375, -0.6604156494140625, -0.5212860107421875, 0.29608154296875, -118.67285919189453, 10.028865814208984, 171.88815307617188, 0.0390625, 0.105072021484375, 0.8515777587890625, -0.5120849609375
344370, 345.73974609375, 1000.0, 263.0, 891.0, 228.0, 379.0, 846.0, 214.0, 884.0, 178.0, 1000.0, 897.0, 1000.0, 0.0, 1000.0, 362.0, 999.0, 999.0, 999.0, 999.0, 408.0, 665.0, 200.0, 899.0, -114.59812927246094, -3.376765489578247, 73.87206268310547, 0.446533203125, -0.662750244140625, -0.5181732177734375, 0.3046875, -120.67446899414062, 10.618388175964355, 171.4346923828125, 0.0433807373046875, 0.1102752685546875, 0.859375, -0.4973907470703125
344430, 345.79986572265625, 1000.0, 263.0, 888.0, 234.0, 377.0, 841.0, 212.0, 880.0, 175.0, 1000.0, 892.0, 1000.0, 0.0, 1000.0, 388.0, 999.0, 999.0, 999.0, 999.0, 406.0, 664.0, 189.0, 895.0, -114.1075439453125, -3.6113510131835938, 73.7092514038086, 0.4508056640625, -0.660858154296875, -0.51678466796875, 0.30487060546875, -120.47193908691406, 11.66402530670166, 171.45704650878906, 0.051177978515625, 0.1146240234375, 0.857421875, -0.499053955078125
344480, 345.8497009277344, 1000.0, 262.0, 889.0, 236.0, 386.0, 837.0, 211.0, 877.0, 172.0, 1000.0, 889.0, 1000.0, 0.0, 1000.0, 369.0, 999.0, 999.0, 999.0, 999.0, 406.0, 666.0, 200.0, 894.0, -114.67599487304688, -4.47349214553833, 73.86331176757812, 0.4508056640625, -0.6597747802734375, -0.5222930908203125, 0.297760009765625, -120.49949645996094, 11.579769134521484, 171.59326171875, 0.0511627197265625, 0.1132354736328125, 0.8577728271484375, -0.498779296875
344530, 345.8993835449219, 1000.0, 263.0, 888.0, 235.0, 394.0, 831.0, 210.0, 874.0, 171.0, 1000.0, 884.0, 750.0, 0.0, 1000.0, 436.0, 999.0, 999.0, 999.0, 999.0, 405.0, 666.0, 192.0, 894.0, -113.65606689453125, -4.554272174835205, 73.63665771484375, 0.4575958251953125, -0.6565093994140625, -0.51861572265625, 0.3010101318359375, -119.96639251708984, 12.331369400024414, 171.55421447753906, 0.056121826171875, 0.116973876953125, 0.8545684814453125, -0.5028533935546875
344590, 345.9595642089844, 1000.0, 264.0, 887.0, 236.0, 396.0, 827.0, 208.0, 872.0, 167.0, 1000.0, 875.0, 1000.0, 0.0, 1000.0, 456.0, 999.0, 999.0, 999.0, 999.0, 405.0, 665.0, 167.0, 892.0, -113.38668060302734, -4.3770527839660645, 73.67145538330078, 0.4582977294921875, -0.65582275390625, -0.5174560546875, 0.3034210205078125, -120.08519744873047, 12.443206787109375, 171.31353759765625, 0.0560302734375, 0.1191864013671875, 0.854705810546875, -0.5020904541015625
344640, 346.009765625, 1000.0, 264.0, 884.0, 238.0, 398.0, 824.0, 207.0, 871.0, 166.0, 1000.0, 872.0, 1000.0, 0.0, 1000.0, 444.0, 999.0, 999.0, 999.0, 999.0, 404.0, 666.0, 173.0, 891.0, -112.96945190429688, -4.0884480476379395, 73.74237060546875, 0.4592742919921875, -0.65472412109375, -0.51568603515625, 0.3072967529296875, -120.29499816894531, 13.473612785339355, 171.01593017578125, 0.062713623046875, 0.12567138671875, 0.854095458984375, -0.5007781982421875
344700, 346.06976318359375, 1000.0, 262.0, 883.0, 237.0, 398.0, 820.0, 206.0, 870.0, 163.0, 1000.0, 868.0, 750.0, 0.0, 1000.0, 455.0, 999.0, 999.0, 999.0, 999.0, 403.0, 667.0, 167.0, 889.0, -112.7955093383789, -4.132181644439697, 73.7444839477539, 0.46044921875, -0.6538848876953125, -0.5153961181640625, 0.307830810546875, -120.21659851074219, 13.69340991973877, 170.97463989257812, 0.0641021728515625, 0.126953125, 0.8534393310546875, -0.50140380859375
344750, 346.1195373535156, 1000.0, 262.0, 882.0, 238.0, 401.0, 817.0, 204.0, 869.0, 161.0, 1000.0, 861.0, 1000.0, 0.0, 1000.0, 446.0, 999.0, 999.0, 999.0, 999.0, 403.0, 666.0, 163.0, 888.0, -112.42633819580078, -4.018590450286865, 73.8143310546875, 0.461883544921875, -0.652435302734375, -0.514373779296875, 0.3104400634765625, -119.90509033203125, 13.863180160522461, 171.01290893554688, 0.0652008056640625, 0.1275634765625, 0.851898193359375, -0.5037078857421875
344800, 346.16949462890625, 1000.0, 264.0, 882.0, 237.0, 401.0, 813.0, 204.0, 868.0, 160.0, 1000.0, 854.0, 1000.0, 0.0, 1000.0, 468.0, 999.0, 999.0, 999.0, 999.0, 402.0, 666.0, 157.0, 882.0, -111.78919219970703, -3.931515693664551, 73.79328918457031, 0.4651947021484375, -0.6502227783203125, -0.5121917724609375, 0.313720703125, -119.45965576171875, 14.128189086914062, 171.15875244140625, 0.0673370361328125, 0.12786865234375, 0.849761962890625, -0.5069427490234375
344860, 346.22955322265625, 1000.0, 265.0, 882.0, 238.0, 402.0, 809.0, 202.0, 866.0, 158.0, 1000.0, 850.0, 1000.0, 0.0, 1000.0, 456.0, 999.0, 999.0, 999.0, 999.0, 402.0, 665.0, 152.0, 880.0, -111.2591552734375, -4.061052322387695, 73.89605712890625, 0.4684600830078125, -0.6472015380859375, -0.511810302734375, 0.3157501220703125, -118.3210220336914, 13.91866683959961, 171.3856201171875, 0.065521240234375, 0.125946044921875, 0.8451995849609375, -0.515228271484375
344910, 346.27972412109375, 1000.0, 267.0, 882.0, 238.0, 403.0, 807.0, 202.0, 865.0, 157.0, 1000.0, 845.0, 1000.0, 0.0, 1000.0, 503.0, 999.0, 999.0, 999.0, 999.0, 402.0, 666.0, 155.0, 878.0, -110.32199096679688, -4.135849952697754, 73.63419342041016, 0.4747772216796875, -0.6442718505859375, -0.508026123046875, 0.3184051513671875, -118.22570037841797, 14.850457191467285, 171.23611450195312, 0.071685791015625, 0.13116455078125, 0.843414306640625, -0.516021728515625
344970, 346.33966064453125, 1000.0, 268.0, 883.0, 238.0, 405.0, 804.0, 201.0, 864.0, 155.0, 1000.0, 838.0, 1000.0, 0.0, 1000.0, 486.0, 999.0, 999.0, 999.0, 999.0, 401.0, 665.0, 163.0, 874.0, -110.65971374511719, -3.84426212310791, 73.76573181152344, 0.4712982177734375, -0.6460113525390625, -0.5085906982421875, 0.31915283203125, -118.79911804199219, 14.205782890319824, 171.2522735595703, 0.067596435546875, 0.127899169921875, 0.846832275390625, -0.51177978515625
345020, 346.3896484375, 1000.0, 270.0, 884.0, 238.0, 407.0, 802.0, 201.0, 863.0, 154.0, 1000.0, 836.0, 1000.0, 0.0, 1000.0, 487.0, 999.0, 999.0, 999.0, 999.0, 401.0, 664.0, 161.0, 873.0, -110.47850036621094, -3.4849202632904053, 73.71006774902344, 0.470977783203125, -0.6466522216796875, -0.5063934326171875, 0.3218231201171875, -119.27851104736328, 14.628311157226562, 171.12692260742188, 0.07073974609375, 0.1303558349609375, 0.8482818603515625, -0.5083160400390625
345030, 346.4397888183594, 1000.0, 271.0, 884.0, 238.0, 407.0, 802.0, 201.0, 863.0, 154.0, 1000.0, 835.0, 1000.0, 0.0, 1000.0, 491.0, 999.0, 999.0, 999.0, 999.0, 401.0, 664.0, 161.0, 873.0, -110.46511840820312, -3.544046640396118, 73.70951843261719, 0.4712982177734375, -0.6464080810546875, -0.5065765380859375, 0.321533203125, -119.64673614501953, 14.75078010559082, 171.06582641601562, 0.071807861328125, 0.131103515625, 0.8496856689453125, -0.5056304931640625
345070, 346.44940185546875, 1000.0, 269.0, 885.0, 238.0, 409.0, 800.0, 200.0, 861.0, 153.0, 1000.0, 832.0, 1000.0, 0.0, 1000.0, 475.0, 999.0, 999.0, 999.0, 999.0, 401.0, 664.0, 155.0, 872.0, -110.95293426513672, -3.7237813472747803, 73.87835693359375, 0.4688262939453125, -0.6470947265625, -0.50958251953125, 0.3190155029296875, -120.26908874511719, 14.477212905883789, 171.10194396972656, 0.07061767578125, 0.1292877197265625, 0.852813720703125, -0.5009765625
345130, 346.4996643066406, 1000.0, 268.0, 885.0, 238.0, 411.0, 799.0, 199.0, 860.0, 151.0, 1000.0, 830.0, 1000.0, 0.0, 1000.0, 462.0, 999.0, 999.0, 999.0, 999.0, 400.0, 663.0, 152.0, 871.0, -111.5516357421875, -3.9201624393463135, 74.00662231445312, 0.465911865234375, -0.648345947265625, -0.5127105712890625, 0.3157196044921875, -120.4329833984375, 14.82235336303711, 171.4291229248047, 0.0748291015625, 0.128204345703125, 0.85345458984375, -0.4995574951171875
345180, 346.5494689941406, 1000.0, 269.0, 885.0, 238.0, 412.0, 797.0, 199.0, 859.0, 150.0, 1000.0, 827.0, 1000.0, 0.0, 1000.0, 471.0, 999.0, 999.0, 999.0, 999.0, 400.0, 663.0, 138.0, 870.0, -111.34363555908203, -3.9354803562164307, 74.02496337890625, 0.46710205078125, -0.647369384765625, -0.512298583984375, 0.3166351318359375, -119.636474609375, 13.974387168884277, 172.04019165039062, 0.0702667236328125, 0.1205596923828125, 0.8516845703125, -0.505096435546875
345240, 346.60955810546875, 1000.0, 269.0, 884.0, 239.0, 414.0, 796.0, 198.0, 858.0, 148.0, 1000.0, 824.0, 750.0, 0.0, 1000.0, 474.0, 999.0, 999.0, 999.0, 999.0, 399.0, 662.0, 150.0, 869.0, -110.02156829833984, -4.717096328735352, 74.0403823852539, 0.4777374267578125, -0.63934326171875, -0.511688232421875, 0.3180389404296875, -117.3680191040039, 13.724573135375977, 172.6426544189453, 0.068756103515625, 0.11639404296875, 0.8424530029296875, -0.521514892578125
345290, 346.6595153808594, 1000.0, 269.0, 882.0, 240.0, 416.0, 795.0, 197.0, 857.0, 147.0, 1000.0, 823.0, 1000.0, 0.0, 1000.0, 468.0, 999.0, 999.0, 999.0, 999.0, 399.0, 662.0, 155.0, 869.0, -109.29387664794922, -4.679165363311768, 74.08021545410156, 0.4815216064453125, -0.6362457275390625, -0.509735107421875, 0.3216705322265625, -117.54878997802734, 14.254998207092285, 172.35963439941406, 0.07159423828125, 0.1207122802734375, 0.84234619140625, -0.52032470703125
