1628150, 1635.0689697265625, 1000.0, 105.0, 433.0, 107.0, 101.0, 99.0, 48.0, 26.0, 8.0, 1000.0, 0.0, 750.0, 0.0, 1000.0, 925.0, 999.0, 999.0, 999.0, 999.0, 450.0, 607.0, 0.0, 0.0, -18.5727596282959, -1.427567481994629, -102.90216064453125, -0.6133880615234375, 0.11016845703125, -0.1185302734375, 0.77301025390625, -31.7796573638916, 18.80109977722168, -150.07041931152344, 0.2882232666015625, 0.0820159912109375, 0.301513671875, -0.9051361083984375
1628200, 1635.1190185546875, 1000.0, 105.0, 433.0, 107.0, 101.0, 98.0, 48.0, 26.0, 8.0, 1000.0, 0.0, 750.0, 0.0, 666.0, 926.0, 999.0, 999.0, 999.0, 999.0, 450.0, 607.0, 0.0, 0.0, -18.471120834350586, -1.395279049873352, -102.79962921142578, -0.6142120361328125, 0.1095123291015625, -0.117919921875, 0.7725372314453125, -31.883041381835938, 18.725711822509766, -150.12876892089844, 0.287689208984375, 0.081298828125, 0.302154541015625, -0.9051513671875
1628260, 1635.17919921875, 1000.0, 105.0, 433.0, 106.0, 101.0, 98.0, 48.0, 26.0, 8.0, 1000.0, 0.0, 750.0, 0.0, 666.0, 925.0, 999.0, 999.0, 999.0, 999.0, 450.0, 607.0, 0.0, 0.0, -18.386817932128906, -1.3071860074996948, -102.70479583740234, -0.6150360107421875, 0.1085662841796875, -0.11773681640625, 0.7720489501953125, -32.06412124633789, 18.46980857849121, -150.1784210205078, 0.28692626953125, 0.0789031982421875, 0.3031005859375, -0.9052886962890625
1628310, 1635.2293701171875, 1000.0, 105.0, 432.0, 106.0, 100.0, 98.0, 47.0, 26.0, 8.0, 1000.0, 0.0, 750.0, 0.0, 666.0, 924.0, 999.0, 999.0, 999.0, 999.0, 450.0, 606.0, 0.0, 0.0, -18.354894638061523, -1.3191934823989868, -102.64595031738281, -0.615447998046875, 0.1085357666015625, -0.117401123046875, 0.7717742919921875, -32.14472198486328, 18.36800193786621, -150.20281982421875, 0.286590576171875, 0.07794189453125, 0.3035430908203125, -0.90533447265625
1628330, 1635.2794189453125, 1000.0, 105.0, 433.0, 106.0, 100.0, 98.0, 47.0, 26.0, 8.0, 1000.0, 0.0, 750.0, 0.0, 1000.0, 924.0, 999.0, 999.0, 999.0, 999.0, 450.0, 606.0, 0.0, 0.0, -18.35222053527832, -1.3312638998031616, -102.62135314941406, -0.6156005859375, 0.1086273193359375, -0.1172943115234375, 0.7716522216796875, -32.28776931762695, 18.48993492126465, -150.24737548828125, 0.2865753173828125, 0.0786895751953125, 0.3048553466796875, -0.9048309326171875
1628370, 1635.289306640625, 1000.0, 105.0, 433.0, 106.0, 100.0, 97.0, 47.0, 26.0, 8.0, 1000.0, 0.0, 750.0, 0.0, 666.0, 924.0, 999.0, 999.0, 999.0, 999.0, 449.0, 606.0, 0.0, 0.0, -18.476804733276367, -1.3173818588256836, -102.55879211425781, -0.6159210205078125, 0.1092681884765625, -0.1181488037109375, 0.77117919921875, -32.402183532714844, 18.49461555480957, -150.28341674804688, 0.286376953125, 0.0785369873046875, 0.3057403564453125, -0.90460205078125
1628420, 1635.33935546875, 1000.0, 105.0, 432.0, 106.0, 99.0, 97.0, 47.0, 26.0, 8.0, 1000.0, 0.0, 1000.0, 0.0, 666.0, 925.0, 999.0, 999.0, 999.0, 999.0, 449.0, 605.0, 0.0, 0.0, -18.55470085144043, -1.3254659175872803, -102.48599243164062, -0.6163330078125, 0.1098175048828125, -0.118560791015625, 0.770721435546875, -32.227569580078125, 18.500032424926758, -150.22323608398438, 0.2867431640625, 0.078857421875, 0.304412841796875, -0.9049072265625
1628470, 1635.389404296875, 1000.0, 105.0, 430.0, 106.0, 99.0, 97.0, 46.0, 26.0, 8.0, 1000.0, 0.0, 750.0, 0.0, 666.0, 924.0, 999.0, 999.0, 999.0, 999.0, 449.0, 605.0, 0.0, 0.0, -18.555278778076172, -1.30522620677948, -102.4162368774414, -0.6168212890625, 0.1097564697265625, -0.1186065673828125, 0.77032470703125, -32.639366149902344, 18.227392196655273, -150.36036682128906, 0.285400390625, 0.07598876953125, 0.307098388671875, -0.9046783447265625
1628530, 1635.4498291015625, 1000.0, 105.0, 431.0, 106.0, 99.0, 97.0, 46.0, 25.0, 8.0, 1000.0, 0.0, 750.0, 0.0, 1000.0, 931.0, 999.0, 999.0, 999.0, 999.0, 449.0, 605.0, 0.0, 0.0, -18.567644119262695, -1.3625110387802124, -102.35028076171875, -0.6171875, 0.1102752685546875, -0.118316650390625, 0.7700042724609375, -32.56147003173828, 18.236791610717773, -150.35629272460938, 0.285400390625, 0.0762481689453125, 0.3065032958984375, -0.9048614501953125
1628580, 1635.4993896484375, 1000.0, 105.0, 430.0, 106.0, 98.0, 97.0, 46.0, 25.0, 8.0, 1000.0, 0.0, 750.0, 0.0, 666.0, 927.0, 999.0, 999.0, 999.0, 999.0, 449.0, 605.0, 0.0, 0.0, -18.482736587524414, -1.234061360359192, -102.30001068115234, -0.6177520751953125, 0.1090087890625, -0.1183929443359375, 0.76971435546875, -32.2714729309082, 18.40435791015625, -150.26318359375, 0.2862701416015625, 0.0780792236328125, 0.3045654296875, -0.9050750732421875
1628640, 1635.5595703125, 1000.0, 105.0, 430.0, 106.0, 98.0, 96.0, 46.0, 25.0, 7.0, 1000.0, 0.0, 750.0, 0.0, 666.0, 926.0, 999.0, 999.0, 999.0, 999.0, 449.0, 605.0, 0.0, 0.0, -18.500402450561523, -1.2403260469436646, -102.19586181640625, -0.6184234619140625, 0.1092529296875, -0.118377685546875, 0.769134521484375, -32.05089569091797, 18.36980628967285, -150.17201232910156, 0.286773681640625, 0.0781097412109375, 0.302825927734375, -0.9055023193359375
1628690, 1635.6094970703125, 1000.0, 105.0, 429.0, 106.0, 98.0, 96.0, 46.0, 25.0, 7.0, 1000.0, 0.0, 750.0, 0.0, 666.0, 925.0, 999.0, 999.0, 999.0, 999.0, 449.0, 605.0, 0.0, 0.0, -18.50861358642578, -1.2538646459579468, -102.11941528320312, -0.6189117431640625, 0.109466552734375, -0.1182861328125, 0.7687225341796875, -32.19061279296875, 18.4153995513916, -150.2280731201172, 0.2865142822265625, 0.078277587890625, 0.3039703369140625, -0.905181884765625
1628740, 1635.659423828125, 1000.0, 105.0, 427.0, 105.0, 97.0, 96.0, 46.0, 25.0, 7.0, 1000.0, 0.0, 750.0, 0.0, 666.0, 925.0, 999.0, 999.0, 999.0, 999.0, 449.0, 605.0, 0.0, 0.0, -18.52141761779785, -1.3048816919326782, -102.03042602539062, -0.61944580078125, 0.1099700927734375, -0.118011474609375, 0.768280029296875, -32.06304168701172, 18.284048080444336, -150.1807861328125, 0.2865447998046875, 0.0774078369140625, 0.302764892578125, -0.9056549072265625
1628800, 1635.719482421875, 1000.0, 105.0, 428.0, 105.0, 97.0, 96.0, 45.0, 25.0, 7.0, 1000.0, 0.0, 750.0, 0.0, 666.0, 920.0, 999.0, 999.0, 999.0, 999.0, 449.0, 605.0, 0.0, 0.0, -18.497800827026367, -1.318079948425293, -101.8882827758789, -0.6204071044921875, 0.110076904296875, -0.117645263671875, 0.767547607421875, -32.19737243652344, 18.28049087524414, -150.2089080810547, 0.286407470703125, 0.077117919921875, 0.303802490234375, -0.9053802490234375
1628850, 1635.7696533203125, 1000.0, 105.0, 427.0, 105.0, 97.0, 96.0, 45.0, 25.0, 7.0, 1000.0, 0.0, 750.0, 0.0, 1000.0, 921.0, 999.0, 999.0, 999.0, 999.0, 449.0, 605.0, 0.0, 0.0, -18.5274715423584, -1.331208348274231, -101.7880859375, -0.62103271484375, 0.1104278564453125, -0.11767578125, 0.7669830322265625, -32.513038635253906, 17.977733612060547, -150.33676147460938, 0.285003662109375, 0.07421875, 0.3056793212890625, -0.905426025390625
1628910, 1635.82958984375, 1000.0, 105.0, 427.0, 105.0, 96.0, 96.0, 45.0, 25.0, 7.0, 1000.0, 0.0, 750.0, 0.0, 1000.0, 925.0, 999.0, 999.0, 999.0, 999.0, 450.0, 605.0, 0.0, 0.0, -18.42105484008789, -1.446073055267334, -101.67342376708984, -0.62176513671875, 0.1107330322265625, -0.1162261962890625, 0.7665557861328125, -31.85228157043457, 17.714420318603516, -150.1519012451172, 0.2855224609375, 0.0732421875, 0.30010986328125, -0.9072113037109375
1628960, 1635.8795166015625, 1000.0, 105.0, 427.0, 104.0, 96.0, 96.0, 45.0, 25.0, 7.0, 1000.0, 0.0, 750.0, 0.0, 666.0, 926.0, 999.0, 999.0, 999.0, 999.0, 450.0, 604.0, 0.0, 0.0, -18.10602378845215, -1.4049888849258423, -101.52012634277344, -0.623138427734375, 0.1089019775390625, -0.11419677734375, 0.7660064697265625, -33.11905288696289, 17.2235050201416, -150.54962158203125, 0.28216552734375, 0.0671844482421875, 0.30902099609375, -0.905731201171875
1629010, 1635.9296875, 1000.0, 104.0, 426.0, 104.0, 96.0, 95.0, 45.0, 25.0, 7.0, 1000.0, 0.0, 750.0, 0.0, 666.0, 937.0, 999.0, 999.0, 999.0, 999.0, 450.0, 605.0, 0.0, 0.0, -17.416860580444336, -3.1335103511810303, -101.2247314453125, -0.623809814453125, 0.1169281005859375, -0.099822998046875, 0.76629638671875, -32.06451416015625, 18.468538284301758, -150.44248962402344, 0.2848358154296875, 0.07958984375, 0.30291748046875, -0.90594482421875
1629070, 1635.9898681640625, 1000.0, 104.0, 425.0, 108.0, 96.0, 100.0, 45.0, 25.0, 12.0, 1000.0, 0.0, 750.0, 0.0, 1000.0, 985.0, 999.0, 999.0, 999.0, 999.0, 459.0, 623.0, 0.0, 0.0, -16.71624183654785, -1.887485146522522, -101.7294921875, -0.62249755859375, 0.1043701171875, -0.102447509765625, 0.7688140869140625, -30.712383270263672, 21.360816955566406, -149.48936462402344, 0.2966766357421875, 0.10394287109375, 0.2980804443359375, -0.901275634765625
1629120, 1636.03955078125, 1000.0, 104.0, 428.0, 115.0, 97.0, 116.0, 50.0, 26.0, 30.0, 1000.0, 0.0, 750.0, 0.0, 666.0, 965.0, 999.0, 999.0, 999.0, 999.0, 453.0, 653.0, 0.0, 0.0, -16.94502067565918, 1.6889184713363647, -103.42761993408203, -0.6144561767578125, 0.079833984375, -0.124664306640625, 0.7749176025390625, -29.47584342956543, 24.258485794067383, -147.60108947753906, 0.3151092529296875, 0.1257476806640625, 0.2955322265625, -0.8930511474609375
1629170, 1636.0894775390625, 1000.0, 105.0, 431.0, 121.0, 98.0, 131.0, 65.0, 27.0, 63.0, 1000.0, 0.0, 750.0, 0.0, 666.0, 962.0, 999.0, 999.0, 999.0, 999.0, 448.0, 662.0, 0.0, 0.0, -15.588250160217285, 5.789488792419434, -103.87007141113281, -0.6154632568359375, 0.0441131591796875, -0.137481689453125, 0.774810791015625, -25.720134735107422, 27.498899459838867, -144.5491180419922, 0.3386993408203125, 0.1548919677734375, 0.2764739990234375, -0.8859100341796875
1629230, 1636.1497802734375, 1000.0, 105.0, 433.0, 122.0, 102.0, 135.0, 218.0, 28.0, 229.0, 1000.0, 0.0, 750.0, 0.0, 666.0, 953.0, 999.0, 999.0, 999.0, 999.0, 440.0, 680.0, 0.0, 68.0, -12.985026359558105, 4.857426166534424, -104.87745666503906, -0.60894775390625, 0.035491943359375, -0.1152191162109375, 0.7839813232421875, -21.588720321655273, 30.387712478637695, -141.70889282226562, 0.357269287109375, 0.183929443359375, 0.2551727294921875, -0.879425048828125
1629280, 1636.19970703125, 1000.0, 104.0, 433.0, 121.0, 108.0, 133.0, 348.0, 28.0, 288.0, 1000.0, 0.0, 750.0, 0.0, 1000.0, 949.0, 999.0, 999.0, 999.0, 999.0, 433.0, 685.0, 0.0, 92.0, -10.570867538452148, 1.7895348072052002, -106.94315338134766, -0.5937652587890625, 0.042327880859375, -0.0832672119140625, 0.7991790771484375, -17.181304931640625, 30.480527877807617, -140.1631622314453, 0.3619232177734375, 0.1952667236328125, 0.2240447998046875, -0.883544921875
1629340, 1636.259521484375, 1000.0, 105.0, 430.0, 120.0, 194.0, 129.0, 588.0, 28.0, 369.0, 1000.0, 0.0, 750.0, 0.0, 1000.0, 939.0, 999.0, 999.0, 999.0, 999.0, 434.0, 685.0, 0.0, 126.0, -3.569155216217041, -7.991501808166504, -113.01297760009766, -0.5484161376953125, 0.075225830078125, 0.0125274658203125, 0.83270263671875, -12.784520149230957, 28.838335037231445, -139.5709228515625, 0.35858154296875, 0.1949615478515625, 0.1866912841796875, -0.8936004638671875
1629390, 1636.309326171875, 1000.0, 106.0, 430.0, 119.0, 295.0, 127.0, 647.0, 30.0, 389.0, 1000.0, 0.0, 750.0, 0.0, 666.0, 942.0, 999.0, 999.0, 999.0, 999.0, 442.0, 680.0, 0.0, 139.0, 4.340358734130859, -17.0628719329834, -118.91203308105469, -0.507049560546875, 0.108642578125, 0.1075897216796875, 0.848236083984375, -9.79357624053955, 25.98787498474121, -139.7076416015625, 0.352386474609375, 0.181671142578125, 0.155242919921875, -0.904815673828125
1629440, 1636.359619140625, 1000.0, 106.0, 428.0, 118.0, 424.0, 127.0, 707.0, 33.0, 420.0, 1000.0, 0.0, 750.0, 0.0, 666.0, 943.0, 999.0, 999.0, 999.0, 999.0, 436.0, 674.0, 0.0, 151.0, 9.533829689025879, -22.575223922729492, -124.27316284179688, -0.4711151123046875, 0.1343536376953125, 0.1632080078125, 0.856353759765625, -8.215145111083984, 23.94194984436035, -140.3729705810547, 0.3447113037109375, 0.1708831787109375, 0.13604736328125, -0.912933349609375
1629500, 1636.41943359375, 1000.0, 106.0, 426.0, 117.0, 483.0, 123.0, 718.0, 35.0, 440.0, 1000.0, 0.0, 750.0, 0.0, 666.0, 947.0, 999.0, 999.0, 999.0, 999.0, 424.0, 674.0, 0.0, 156.0, 12.947124481201172, -27.24801254272461, -128.98516845703125, -0.4398040771484375, 0.1640472412109375, 0.199676513671875, 0.8600921630859375, -8.503300666809082, 22.502405166625977, -142.03427124023438, 0.3318328857421875, 0.16033935546875, 0.132049560546875, -0.9201812744140625
1629550, 1636.4696044921875, 1000.0, 105.0, 424.0, 116.0, 539.0, 120.0, 752.0, 88.0, 478.0, 1000.0, 0.0, 750.0, 0.0, 666.0, 947.0, 999.0, 999.0, 999.0, 999.0, 419.0, 679.0, 0.0, 179.0, 12.040033340454102, -32.06082534790039, -131.90782165527344, -0.4159088134765625, 0.209716796875, 0.203948974609375, 0.861053466796875, -12.93454360961914, 21.488237380981445, -145.9473114013672, 0.3059234619140625, 0.14471435546875, 0.1600494384765625, -0.927276611328125
1629610, 1636.5296630859375, 1000.0, 105.0, 424.0, 115.0, 735.0, 118.0, 761.0, 47.0, 484.0, 1000.0, 0.0, 750.0, 0.0, 1000.0, 401.0, 999.0, 999.0, 999.0, 999.0, 413.0, 695.0, 0.0, 273.0, 8.911067962646484, -36.03774642944336, -133.33053588867188, -0.3975982666015625, 0.25390625, 0.1899871826171875, 0.8610076904296875, -18.035531997680664, 21.048402786254883, -149.88059997558594, 0.279937744140625, 0.1341552734375, 0.1956787109375, -0.9302215576171875
1629660, 1636.57958984375, 1000.0, 105.0, 420.0, 116.0, 852.0, 118.0, 820.0, 76.0, 521.0, 1000.0, 0.0, 750.0, 0.0, 666.0, 284.0, 999.0, 999.0, 999.0, 999.0, 409.0, 703.0, 0.0, 405.0, 7.26931619644165, -38.00261688232422, -135.1026153564453, -0.37939453125, 0.2774200439453125, 0.179473876953125, 0.8642120361328125, -20.345972061157227, 20.533470153808594, -152.71429443359375, 0.259033203125, 0.129486083984375, 0.21026611328125, -0.9337615966796875
1629710, 1636.62939453125, 1000.0, 105.0, 433.0, 117.0, 915.0, 120.0, 861.0, 58.0, 583.0, 1000.0, 0.0, 750.0, 0.0, 666.0, 158.0, 999.0, 999.0, 999.0, 999.0, 401.0, 721.0, 0.0, 469.0, 8.91235065460205, -39.23324203491211, -138.58316040039062, -0.356475830078125, 0.287200927734375, 0.1868133544921875, 0.86920166015625, -23.011871337890625, 19.67172622680664, -155.51963806152344, 0.2379913330078125, 0.121917724609375, 0.2275543212890625, -0.936309814453125
1629770, 1636.689453125, 1000.0, 104.0, 504.0, 114.0, 955.0, 123.0, 934.0, 60.0, 680.0, 1000.0, 0.0, 750.0, 0.0, 666.0, 117.0, 999.0, 999.0, 999.0, 999.0, 391.0, 741.0, 0.0, 434.0, 5.912823677062988, -42.38098907470703, -139.91773986816406, -0.33660888671875, 0.3226470947265625, 0.16888427734375, 0.8683624267578125, -27.543386459350586, 18.555023193359375, -159.62738037109375, 0.2072906494140625, 0.1125640869140625, 0.2589263916015625, -0.9366455078125
1629820, 1636.7393798828125, 1000.0, 103.0, 714.0, 105.0, 977.0, 119.0, 966.0, 62.0, 752.0, 1000.0, 0.0, 750.0, 0.0, 666.0, 95.0, 999.0, 999.0, 999.0, 999.0, 384.0, 749.0, 0.0, 397.0, 4.286633014678955, -44.33765411376953, -140.75306701660156, -0.3240814208984375, 0.343536376953125, 0.1592559814453125, 0.8669281005859375, -29.793184280395508, 17.645462036132812, -161.84767150878906, 0.1895751953125, 0.106292724609375, 0.27423095703125, -0.936767578125
1629880, 1636.799560546875, 1000.0, 103.0, 895.0, 91.0, 1000.0, 107.0, 986.0, 61.0, 814.0, 1000.0, 0.0, 750.0, 0.0, 1000.0, 85.0, 999.0, 999.0, 999.0, 999.0, 374.0, 751.0, 0.0, 369.0, 2.4053092002868652, -46.35221862792969, -140.40716552734375, -0.3190460205078125, 0.363677978515625, 0.1514129638671875, 0.861968994140625, -32.86014938354492, 9.240540504455566, -163.27212524414062, 0.1616058349609375, 0.035430908203125, 0.2901611328125, -0.9425506591796875
1629930, 1636.8494873046875, 1000.0, 103.0, 933.0, 83.0, 1000.0, 92.0, 1000.0, 60.0, 886.0, 1000.0, 0.0, 750.0, 0.0, 1000.0, 88.0, 999.0, 999.0, 999.0, 999.0, 367.0, 754.0, 0.0, 363.0, 2.6384408473968506, -44.277164459228516, -140.220947265625, -0.3231964111328125, 0.347015380859375, 0.148223876953125, 0.867828369140625, -31.60133171081543, 8.253979682922363, -162.4134063720703, 0.16607666015625, 0.02691650390625, 0.2789764404296875, -0.9454345703125
1629970, 1636.900146484375, 1000.0, 103.0, 976.0, 80.0, 1000.0, 82.0, 1000.0, 55.0, 957.0, 1000.0, 0.0, 750.0, 0.0, 666.0, 126.0, 999.0, 999.0, 999.0, 999.0, 359.0, 759.0, 0.0, 457.0, 2.597939968109131, -41.30400848388672, -139.32298278808594, -0.3326416015625, 0.3232421875, 0.1424407958984375, 0.8743896484375, -31.0576171875, 9.117673873901367, -161.6130828857422, 0.1744537353515625, 0.032958984375, 0.2756805419921875, -0.9447021484375
1629980, 1636.9093017578125, 1000.0, 103.0, 985.0, 81.0, 1000.0, 81.0, 1000.0, 54.0, 968.0, 1000.0, 0.0, 750.0, 0.0, 666.0, 133.0, 999.0, 999.0, 999.0, 999.0, 358.0, 763.0, 0.0, 483.0, 5.101621150970459, -43.585933685302734, -141.01242065429688, -0.3251190185546875, 0.3358306884765625, 0.1627197265625, 0.8689117431640625, -31.05443572998047, 9.403532028198242, -161.45558166503906, 0.1763763427734375, 0.0349578857421875, 0.276031494140625, -0.9441680908203125
1630040, 1636.9595947265625, 1000.0, 102.0, 1000.0, 101.0, 1000.0, 88.0, 1000.0, 51.0, 1000.0, 1000.0, 0.0, 750.0, 0.0, 666.0, 224.0, 999.0, 999.0, 999.0, 999.0, 349.0, 771.0, 0.0, 552.0, -0.3263930678367615, -40.7788200378418, -135.56192016601562, -0.3535308837890625, 0.3235321044921875, 0.1292724609375, 0.86810302734375, -33.92852020263672, 10.875327110290527, -160.21243286132812, 0.1908416748046875, 0.0393829345703125, 0.3017120361328125, -0.933258056640625
1630090, 1637.009521484375, 1000.0, 103.0, 1000.0, 113.0, 1000.0, 103.0, 1000.0, 51.0, 970.0, 1000.0, 0.0, 750.0, 0.0, 666.0, 290.0, 999.0, 999.0, 999.0, 999.0, 344.0, 758.0, 0.0, 638.0, -4.673840045928955, -34.65848159790039, -131.07937622070312, -0.383880615234375, 0.287017822265625, 0.087799072265625, 0.87322998046875, -34.25422286987305, 12.638816833496094, -158.48471069335938, 0.209136962890625, 0.0487060546875, 0.30718994140625, -0.927093505859375
1630150, 1637.0697021484375, 1000.0, 112.0, 1000.0, 120.0, 972.0, 148.0, 975.0, 267.0, 908.0, 1000.0, 324.0, 750.0, 0.0, 666.0, 382.0, 999.0, 999.0, 999.0, 999.0, 341.0, 780.0, 0.0, 760.0, -12.15290641784668, -31.76019859313965, -127.17446899414062, -0.399505615234375, 0.288970947265625, 0.02984619140625, 0.8694610595703125, -39.75124740600586, 14.494990348815918, -158.95494079589844, 0.2125396728515625, 0.0550537109375, 0.3532562255859375, -0.909393310546875
1630160, 1637.11962890625, 1000.0, 112.0, 1000.0, 120.0, 972.0, 148.0, 975.0, 267.0, 908.0, 1000.0, 324.0, 750.0, 0.0, 666.0, 382.0, 999.0, 999.0, 999.0, 999.0, 341.0, 780.0, 0.0, 760.0, -12.15290641784668, -31.76019859313965, -127.17446899414062, -0.399505615234375, 0.288970947265625, 0.02984619140625, 0.8694610595703125, -40.70984649658203, 14.733742713928223, -159.11326599121094, 0.21240234375, 0.055694580078125, 0.3610382080078125, -0.9063262939453125
1630200, 1637.12939453125, 1000.0, 117.0, 1000.0, 122.0, 758.0, 598.0, 801.0, 826.0, 706.0, 1000.0, 781.0, 750.0, 0.0, 666.0, 459.0, 999.0, 999.0, 999.0, 999.0, 343.0, 781.0, 0.0, 813.0, -12.467497825622559, -27.4405517578125, -126.5516357421875, -0.4112701416015625, 0.258026123046875, 0.011810302734375, 0.8741302490234375, -46.112213134765625, 15.389060020446777, -160.7351531982422, 0.2042694091796875, 0.0565185546875, 0.4032440185546875, -0.89019775390625
1630250, 1637.1795654296875, 1000.0, 120.0, 1000.0, 130.0, 541.0, 802.0, 465.0, 935.0, 389.0, 1000.0, 875.0, 750.0, 0.0, 1000.0, 272.0, 999.0, 999.0, 999.0, 999.0, 347.0, 747.0, 0.0, 859.0, -21.179941177368164, -28.496278762817383, -122.55025482177734, -0.418212890625, 0.297760009765625, -0.0399322509765625, 0.857208251953125, -52.866554260253906, 15.593175888061523, -163.12261962890625, 0.1899261474609375, 0.0554351806640625, 0.4540863037109375, -0.8686981201171875
1630310, 1637.2294921875, 1000.0, 122.0, 984.0, 144.0, 484.0, 836.0, 361.0, 962.0, 282.0, 1000.0, 905.0, 750.0, 0.0, 666.0, 166.0, 999.0, 999.0, 999.0, 999.0, 352.0, 737.0, 0.0, 876.0, -19.303356170654297, -26.206445693969727, -123.70977020263672, -0.419403076171875, 0.2740936279296875, -0.0385589599609375, 0.86456298828125, -64.1900863647461, 14.978981971740723, -167.0883331298828, 0.1632537841796875, 0.0504913330078125, 0.535858154296875, -0.826812744140625
1630360, 1637.2896728515625, 1000.0, 123.0, 978.0, 152.0, 478.0, 816.0, 324.0, 960.0, 239.0, 1000.0, 913.0, 750.0, 0.0, 666.0, 140.0, 999.0, 884.0, 999.0, 999.0, 355.0, 732.0, 0.0, 875.0, -32.40045166015625, -28.643890380859375, -117.71773529052734, -0.4221038818359375, 0.343109130859375, -0.1085205078125, 0.8320465087890625, -76.09607696533203, 14.265755653381348, -170.6600341796875, 0.139892578125, 0.04766845703125, 0.6174774169921875, -0.7725677490234375
1630410, 1637.339599609375, 1000.0, 124.0, 974.0, 154.0, 470.0, 801.0, 299.0, 960.0, 206.0, 1000.0, 926.0, 750.0, 0.0, 666.0, 133.0, 999.0, 881.0, 999.0, 999.0, 358.0, 731.0, 0.0, 881.0, -48.063087463378906, -27.887428283691406, -109.59642028808594, -0.4307861328125, 0.4076690673828125, -0.1960906982421875, 0.7808685302734375, -87.66554260253906, 14.478806495666504, -174.25120544433594, 0.123046875, 0.05633544921875, 0.6907196044921875, -0.7103271484375
1630470, 1637.3995361328125, 1000.0, 125.0, 972.0, 152.0, 462.0, 781.0, 284.0, 938.0, 182.0, 1000.0, 935.0, 750.0, 0.0, 666.0, 168.0, 999.0, 999.0, 999.0, 999.0, 360.0, 726.0, 0.0, 879.0, -63.68552017211914, -22.908851623535156, -102.02855682373047, -0.442352294921875, 0.4564361572265625, -0.2957916259765625, 0.71307373046875, -101.667236328125, 15.055136680603027, -177.25009155273438, 0.1165618896484375, 0.06427001953125, 0.7703857421875, -0.623504638671875
1630520, 1637.4495849609375, 1000.0, 126.0, 972.0, 148.0, 476.0, 729.0, 273.0, 896.0, 160.0, 1000.0, 942.0, 750.0, 0.0, 666.0, 272.0, 999.0, 999.0, 999.0, 999.0, 363.0, 708.0, 0.0, 852.0, -76.30145263671875, -16.271825790405273, -97.71358489990234, -0.44635009765625, 0.48614501953125, -0.3872833251953125, 0.6437530517578125, -108.94995880126953, 15.979170799255371, -178.61700439453125, 0.12005615234375, 0.0710296630859375, 0.8068695068359375, -0.574005126953125
1630580, 1637.509521484375, 1000.0, 127.0, 963.0, 145.0, 455.0, 723.0, 265.0, 889.0, 147.0, 1000.0, 934.0, 750.0, 0.0, 1000.0, 357.0, 999.0, 999.0, 999.0, 999.0, 362.0, 699.0, 0.0, 844.0, -85.2723388671875, -9.593770027160645, -95.54518127441406, -0.45074462890625, 0.499176025390625, -0.4584503173828125, 0.580902099609375, -111.10372924804688, 18.00310516357422, -178.56015014648438, 0.1360321044921875, 0.0782623291015625, 0.815521240234375, -0.5570220947265625
1630630, 1637.5596923828125, 1000.0, 127.0, 959.0, 146.0, 441.0, 715.0, 259.0, 878.0, 138.0, 1000.0, 930.0, 750.0, 0.0, 666.0, 399.0, 999.0, 999.0, 999.0, 999.0, 364.0, 695.0, 0.0, 837.0, -86.96526336669922, -5.103144645690918, -93.31790924072266, -0.4752197265625, 0.4953155517578125, -0.4777984619140625, 0.5482025146484375, -113.49036407470703, 19.318435668945312, -177.9195098876953, 0.1501007080078125, 0.0770263671875, 0.8259124755859375, -0.5379486083984375
1630680, 1637.6097412109375, 1000.0, 128.0, 954.0, 147.0, 437.0, 710.0, 255.0, 874.0, 131.0, 1000.0, 930.0, 750.0, 0.0, 666.0, 399.0, 999.0, 999.0, 999.0, 999.0, 364.0, 690.0, 0.0, 830.0, -90.7458724975586, -1.850697636604309, -90.75831604003906, -0.4851837158203125, 0.507904052734375, -0.4985198974609375, 0.5080108642578125, -116.78733825683594, 20.07489776611328, -176.99288940429688, 0.16192626953125, 0.069305419921875, 0.840728759765625, -0.5119781494140625
1630740, 1637.6695556640625, 1000.0, 128.0, 951.0, 147.0, 438.0, 696.0, 250.0, 866.0, 120.0, 1000.0, 930.0, 750.0, 0.0, 666.0, 428.0, 999.0, 999.0, 999.0, 999.0, 365.0, 683.0, 0.0, 812.0, -93.41061401367188, 0.35170572996139526, -88.29430389404297, -0.4936065673828125, 0.520782470703125, -0.5084381103515625, 0.47601318359375, -118.97538757324219, 21.046987533569336, -175.7878875732422, 0.1755828857421875, 0.0615386962890625, 0.849853515625, -0.4930572509765625
1630790, 1637.7197265625, 1000.0, 128.0, 950.0, 144.0, 466.0, 680.0, 247.0, 864.0, 110.0, 1000.0, 931.0, 750.0, 0.0, 1000.0, 439.0, 999.0, 999.0, 999.0, 999.0, 366.0, 673.0, 0.0, 804.0, -94.37351989746094, 1.3503296375274658, -87.20672607421875, -0.498046875, 0.525634765625, -0.5116729736328125, 0.46240234375, -118.82858276367188, 22.472537994384766, -174.23553466796875, 0.192626953125, 0.0565643310546875, 0.8482818603515625, -0.4900054931640625
1630850, 1637.779541015625, 1000.0, 129.0, 948.0, 140.0, 492.0, 660.0, 243.0, 855.0, 102.0, 1000.0, 930.0, 750.0, 0.0, 1000.0, 427.0, 999.0, 999.0, 999.0, 999.0, 366.0, 664.0, 0.0, 778.0, -91.93699645996094, 1.6388078927993774, -87.78624725341797, -0.5079498291015625, 0.5111541748046875, -0.5055694580078125, 0.47442626953125, -115.70588684082031, 23.711429595947266, -172.45350646972656, 0.2078399658203125, 0.0545501708984375, 0.834014892578125, -0.5081634521484375
1630900, 1637.8297119140625, 1000.0, 129.0, 944.0, 138.0, 492.0, 657.0, 238.0, 853.0, 97.0, 1000.0, 926.0, 750.0, 0.0, 666.0, 422.0, 999.0, 999.0, 999.0, 999.0, 365.0, 659.0, 0.0, 767.0, -94.25718688964844, 2.964040994644165, -89.37591552734375, -0.496856689453125, 0.50848388671875, -0.5277252197265625, 0.464813232421875, -114.07072448730469, 22.94902992248535, -171.15611267089844, 0.20751953125, 0.044525146484375, 0.828125, -0.5187835693359375
1630950, 1637.8792724609375, 1000.0, 130.0, 943.0, 138.0, 497.0, 653.0, 236.0, 849.0, 93.0, 1000.0, 923.0, 750.0, 0.0, 666.0, 384.0, 999.0, 999.0, 999.0, 999.0, 364.0, 655.0, 0.0, 761.0, -94.96080780029297, 1.9992696046829224, -90.4752197265625, -0.484954833984375, 0.5105438232421875, -0.5315399169921875, 0.470733642578125, -114.26622772216797, 21.738162994384766, -169.77391052246094, 0.2052459716796875, 0.028411865234375, 0.8306884765625, -0.5167083740234375
1631010, 1637.9395751953125, 1000.0, 131.0, 943.0, 137.0, 496.0, 654.0, 234.0, 847.0, 90.0, 1000.0, 917.0, 750.0, 0.0, 666.0, 378.0, 999.0, 999.0, 999.0, 999.0, 363.0, 653.0, 0.0, 757.0, -96.17948913574219, -0.13270118832588196, -91.29042053222656, -0.4663543701171875, 0.52081298828125, -0.5315704345703125, 0.47821044921875, -113.71356201171875, 21.330411911010742, -168.73606872558594, 0.206939697265625, 0.0199432373046875, 0.82879638671875, -0.5194854736328125
1631060, 1637.9896240234375, 1000.0, 132.0, 944.0, 138.0, 485.0, 655.0, 231.0, 843.0, 87.0, 1000.0, 912.0, 750.0, 0.0, 666.0, 379.0, 999.0, 999.0, 999.0, 999.0, 360.0, 651.0, 0.0, 751.0, -97.3189697265625, -1.6692370176315308, -91.61843872070312, -0.4525299072265625, 0.530181884765625, -0.5315704345703125, 0.4811859130859375, -113.69778442382812, 21.87248420715332, -168.0386962890625, 0.2139129638671875, 0.0175323486328125, 0.8283538818359375, -0.5174407958984375
1631120, 1638.049560546875, 1000.0, 133.0, 942.0, 139.0, 469.0, 653.0, 228.0, 838.0, 84.0, 1000.0, 905.0, 750.0, 0.0, 666.0, 375.0, 999.0, 999.0, 999.0, 999.0, 359.0, 645.0, 0.0, 746.0, -97.2159194946289, -1.3779226541519165, -91.77483367919922, -0.4537353515625, 0.527862548828125, -0.533050537109375, 0.4809722900390625, -113.58303833007812, 22.822160720825195, -167.91725158691406, 0.2211151123046875, 0.0214385986328125, 0.8269805908203125, -0.516448974609375
1631170, 1638.099609375, 1000.0, 133.0, 940.0, 142.0, 461.0, 649.0, 226.0, 834.0, 81.0, 1000.0, 895.0, 750.0, 0.0, 666.0, 405.0, 999.0, 999.0, 999.0, 999.0, 356.0, 645.0, 0.0, 739.0, -96.44641876220703, -0.4879125654697418, -91.71253967285156, -0.4617156982421875, 0.5214080810546875, -0.5331573486328125, 0.48028564453125, -113.04362487792969, 23.521747589111328, -167.97396850585938, 0.22564697265625, 0.026275634765625, 0.8238677978515625, -0.519256591796875
1631220, 1638.1497802734375, 1000.0, 134.0, 937.0, 144.0, 455.0, 648.0, 224.0, 831.0, 79.0, 1000.0, 891.0, 750.0, 0.0, 1000.0, 385.0, 999.0, 999.0, 999.0, 999.0, 354.0, 642.0, 0.0, 733.0, -97.15135955810547, -0.08839348703622818, -91.62474060058594, -0.4607391357421875, 0.5229949951171875, -0.5373077392578125, 0.474822998046875, -109.1701431274414, 28.130033493041992, -166.04432678222656, 0.2648773193359375, 0.0437469482421875, 0.801788330078125, -0.5338897705078125
1631280, 1638.20947265625, 1000.0, 134.0, 933.0, 146.0, 448.0, 647.0, 222.0, 829.0, 77.0, 1000.0, 885.0, 750.0, 0.0, 666.0, 371.0, 999.0, 999.0, 999.0, 999.0, 353.0, 641.0, 0.0, 728.0, -96.32173919677734, 0.29892152547836304, -91.77042388916016, -0.4657135009765625, 0.5173492431640625, -0.5360870361328125, 0.4775390625, -105.34765625, 27.72745704650879, -164.6675567626953, 0.267364501953125, 0.0410003662109375, 0.7845001220703125, -0.5579986572265625
1631330, 1638.259521484375, 1000.0, 135.0, 933.0, 148.0, 446.0, 648.0, 221.0, 826.0, 76.0, 1000.0, 880.0, 750.0, 0.0, 666.0, 395.0, 999.0, 999.0, 999.0, 999.0, 352.0, 640.0, 0.0, 725.0, -95.31854248046875, 0.551574170589447, -91.71224975585938, -0.4716339111328125, 0.512451171875, -0.53265380859375, 0.4808349609375, -107.36937713623047, 28.237321853637695, -165.8947296142578, 0.2655792236328125, 0.04742431640625, 0.793243408203125, -0.5458526611328125
1631390, 1638.31982421875, 1000.0, 136.0, 933.0, 150.0, 442.0, 649.0, 220.0, 824.0, 75.0, 1000.0, 877.0, 750.0, 0.0, 1000.0, 403.0, 999.0, 999.0, 999.0, 999.0, 350.0, 641.0, 0.0, 725.0, -95.3010482788086, 0.4494807720184326, -91.86235046386719, -0.470611572265625, 0.512115478515625, -0.5328369140625, 0.48199462890625, -106.6202163696289, 27.769956588745117, -165.2053680419922, 0.2655029296875, 0.041961669921875, 0.7904205322265625, -0.5504150390625
1631440, 1638.3695068359375, 1000.0, 137.0, 930.0, 151.0, 438.0, 648.0, 219.0, 821.0, 73.0, 1000.0, 874.0, 750.0, 0.0, 666.0, 393.0, 999.0, 999.0, 999.0, 999.0, 348.0, 637.0, 0.0, 722.0, -94.23931121826172, 0.18619263172149658, -91.73048400878906, -0.4746856689453125, 0.50946044921875, -0.52667236328125, 0.4875335693359375, -105.8208999633789, 26.930206298828125, -165.28404235839844, 0.2593231201171875, 0.0399169921875, 0.787353515625, -0.557861328125
1631490, 1638.4195556640625, 1000.0, 138.0, 929.0, 152.0, 437.0, 647.0, 218.0, 819.0, 71.0, 1000.0, 870.0, 750.0, 0.0, 666.0, 423.0, 999.0, 999.0, 999.0, 999.0, 347.0, 635.0, 0.0, 718.0, -93.25082397460938, -0.30744847655296326, -91.86395263671875, -0.4762420654296875, 0.506866455078125, -0.5209808349609375, 0.4947967529296875, -105.27799224853516, 27.045888900756836, -165.60104370117188, 0.258331298828125, 0.0439300537109375, 0.7844696044921875, -0.5620574951171875
1631550, 1638.4794921875, 1000.0, 139.0, 929.0, 152.0, 435.0, 644.0, 217.0, 815.0, 70.0, 1000.0, 864.0, 750.0, 0.0, 1000.0, 417.0, 999.0, 999.0, 999.0, 999.0, 347.0, 634.0, 0.0, 713.0, -94.86254119873047, -0.9490715265274048, -91.88412475585938, -0.46600341796875, 0.5161285400390625, -0.52532958984375, 0.4903564453125, -105.62998962402344, 26.784072875976562, -165.782958984375, 0.255859375, 0.042999267578125, 0.786376953125, -0.5605926513671875
1631600, 1638.52978515625, 1000.0, 139.0, 928.0, 153.0, 434.0, 643.0, 216.0, 812.0, 69.0, 1000.0, 861.0, 750.0, 0.0, 666.0, 418.0, 999.0, 999.0, 999.0, 999.0, 346.0, 633.0, 0.0, 710.0, -94.2500228881836, -0.7687855362892151, -92.06522369384766, -0.46881103515625, 0.5120391845703125, -0.524261474609375, 0.49310302734375, -104.53958892822266, 26.972017288208008, -165.4888458251953, 0.25811767578125, 0.04443359375, 0.78094482421875, -0.5670013427734375
1631650, 1638.579833984375, 1000.0, 140.0, 927.0, 154.0, 434.0, 642.0, 215.0, 810.0, 68.0, 1000.0, 856.0, 750.0, 0.0, 666.0, 419.0, 999.0, 999.0, 999.0, 999.0, 345.0, 633.0, 0.0, 707.0, -93.79048156738281, -0.41310909390449524, -92.19873809814453, -0.471923828125, 0.508026123046875, -0.52435302734375, 0.4941864013671875, -105.33013916015625, 27.04854393005371, -166.01947021484375, 0.256317138671875, 0.04669189453125, 0.7845611572265625, -0.5626373291015625
1631710, 1638.6397705078125, 1000.0, 141.0, 927.0, 154.0, 432.0, 639.0, 214.0, 808.0, 67.0, 1000.0, 853.0, 750.0, 0.0, 1000.0, 413.0, 999.0, 999.0, 999.0, 999.0, 344.0, 632.0, 0.0, 702.0, -93.9931869506836, -0.018421921879053116, -92.33524322509766, -0.472259521484375, 0.5065460205078125, -0.5274658203125, 0.4920806884765625, -105.21614837646484, 27.23763084411621, -166.30166625976562, 0.2561187744140625, 0.0498809814453125, 0.78369140625, -0.56365966796875
1631760, 1638.689453125, 1000.0, 141.0, 927.0, 155.0, 431.0, 637.0, 213.0, 805.0, 66.0, 1000.0, 848.0, 750.0, 0.0, 666.0, 424.0, 999.0, 999.0, 999.0, 999.0, 343.0, 632.0, 0.0, 698.0, -94.07250213623047, 0.11972542107105255, -92.51435852050781, -0.471771240234375, 0.5054473876953125, -0.5291595458984375, 0.4918365478515625, -104.87543487548828, 27.13219451904297, -166.27459716796875, 0.2554168701171875, 0.049896240234375, 0.782135009765625, -0.5661468505859375
1631820, 1638.749755859375, 1000.0, 142.0, 927.0, 155.0, 430.0, 635.0, 212.0, 803.0, 65.0, 1000.0, 845.0, 750.0, 0.0, 666.0, 418.0, 999.0, 999.0, 999.0, 999.0, 343.0, 629.0, 0.0, 695.0, -94.23582458496094, 0.10293857008218765, -92.56390380859375, -0.47076416015625, 0.5059661865234375, -0.5300140380859375, 0.491363525390625, -105.09390258789062, 26.853099822998047, -166.63438415527344, 0.2519073486328125, 0.050384521484375, 0.7833251953125, -0.566009521484375
1631870, 1638.799560546875, 1000.0, 143.0, 926.0, 156.0, 429.0, 634.0, 212.0, 802.0, 64.0, 1000.0, 843.0, 750.0, 0.0, 666.0, 420.0, 999.0, 999.0, 999.0, 999.0, 342.0, 628.0, 0.0, 694.0, -94.3371353149414, 0.08955120295286179, -92.62657928466797, -0.4699859619140625, 0.5061492919921875, -0.530670166015625, 0.4912109375, -105.79029083251953, 27.0660457611084, -167.10076904296875, 0.2513275146484375, 0.0531768798828125, 0.7863311767578125, -0.5618438720703125
1631920, 1638.849609375, 1000.0, 143.0, 925.0, 157.0, 428.0, 632.0, 211.0, 800.0, 63.0, 1000.0, 841.0, 750.0, 0.0, 666.0, 424.0, 999.0, 999.0, 999.0, 999.0, 342.0, 627.0, 0.0, 690.0, -94.26073455810547, -0.1871269941329956, -92.67741394042969, -0.4688262939453125, 0.5067901611328125, -0.5294342041015625, 0.4929962158203125, -105.62045288085938, 27.063146591186523, -167.18003845214844, 0.2508392333984375, 0.0540771484375, 0.78546142578125, -0.5631866455078125
1631980, 1638.9093017578125, 1000.0, 144.0, 925.0, 157.0, 427.0, 631.0, 210.0, 799.0, 62.0, 1000.0, 839.0, 750.0, 0.0, 666.0, 432.0, 999.0, 999.0, 999.0, 999.0, 341.0, 626.0, 0.0, 688.0, -93.9744644165039, -0.4085512161254883, -92.7706298828125, -0.468658447265625, 0.506134033203125, -0.5276947021484375, 0.49566650390625, -105.5058364868164, 27.463361740112305, -167.26019287109375, 0.253021240234375, 0.0569915771484375, 0.7844390869140625, -0.5633544921875
1632030, 1638.9595947265625, 1000.0, 144.0, 925.0, 158.0, 425.0, 630.0, 210.0, 798.0, 61.0, 1000.0, 837.0, 1000.0, 0.0, 1000.0, 434.0, 999.0, 999.0, 999.0, 999.0, 340.0, 627.0, 0.0, 687.0, -94.26716613769531, -0.06581081449985504, -92.84648132324219, -0.4686279296875, 0.5055084228515625, -0.53070068359375, 0.4931182861328125, -105.04812622070312, 27.3892822265625, -167.06027221679688, 0.2532958984375, 0.056243896484375, 0.7823638916015625, -0.566192626953125
1632090, 1639.01953125, 1000.0, 145.0, 924.0, 158.0, 425.0, 629.0, 210.0, 795.0, 60.0, 1000.0, 835.0, 750.0, 0.0, 1000.0, 435.0, 999.0, 999.0, 999.0, 999.0, 340.0, 625.0, 0.0, 684.0, -93.87933349609375, 0.21396273374557495, -92.80245971679688, -0.4718170166015625, 0.5029144287109375, -0.5299835205078125, 0.493499755859375, -105.65401458740234, 27.404932022094727, -167.66018676757812, 0.2507476806640625, 0.0590972900390625, 0.7850341796875, -0.5633392333984375
