215900, 216.74925231933594, 1000.0, 224.0, 438.0, 58.0, 233.0, 42.0, 167.0, 0.0, 84.0, 1000.0, 0.0, 750.0, 0.0, 1000.0, 999.0, 999.0, 999.0, 999.0, 999.0, 562.0, 670.0, 0.0, 0.0, -20.53080177307129, -4.6676554679870605, -133.76138305664062, 0.379364013671875, -0.1067657470703125, 0.1480255126953125, -0.9070587158203125, -30.318275451660156, 8.804118156433105, -89.86156463623047, 0.6954803466796875, -0.13226318359375, 0.2365875244140625, -0.6654510498046875
215950, 216.79945373535156, 1000.0, 224.0, 437.0, 58.0, 232.0, 42.0, 166.0, 0.0, 84.0, 1000.0, 0.0, 1000.0, 0.0, 1000.0, 999.0, 999.0, 999.0, 999.0, 999.0, 562.0, 670.0, 0.0, 0.0, -20.47242546081543, -4.585968494415283, -133.64541625976562, 0.380462646484375, -0.1060791015625, 0.147735595703125, -0.9067230224609375, -30.182342529296875, 8.910048484802246, -89.8386001586914, 0.695892333984375, -0.1308441162109375, 0.23638916015625, -0.665374755859375
216010, 216.8594207763672, 1000.0, 224.0, 436.0, 58.0, 232.0, 42.0, 166.0, 0.0, 84.0, 1000.0, 0.0, 1000.0, 0.0, 1000.0, 999.0, 999.0, 999.0, 999.0, 999.0, 562.0, 669.0, 0.0, 0.0, -20.530128479003906, -4.489313125610352, -133.53591918945312, 0.3814239501953125, -0.10565185546875, 0.1484222412109375, -0.90625, -30.648807525634766, 8.906744956970215, -89.9175796508789, 0.69488525390625, -0.1335296630859375, 0.239166259765625, -0.664886474609375
216060, 216.909423828125, 1000.0, 221.0, 436.0, 58.0, 231.0, 42.0, 166.0, 0.0, 83.0, 1000.0, 0.0, 1000.0, 0.0, 1000.0, 999.0, 999.0, 999.0, 999.0, 999.0, 561.0, 669.0, 0.0, 0.0, -20.571624755859375, -4.648708820343018, -133.4439239501953, 0.381866455078125, -0.1071624755859375, 0.1481170654296875, -0.90594482421875, -30.295286178588867, 8.767480850219727, -89.87171936035156, 0.695404052734375, -0.13232421875, 0.2362518310546875, -0.6656341552734375
216110, 216.95944213867188, 1000.0, 220.0, 435.0, 58.0, 231.0, 42.0, 165.0, 0.0, 83.0, 1000.0, 0.0, 1000.0, 0.0, 1000.0, 999.0, 999.0, 999.0, 999.0, 999.0, 561.0, 669.0, 0.0, 0.0, -20.596641540527344, -4.684940338134766, -133.35061645507812, 0.3825225830078125, -0.1076507568359375, 0.148101806640625, -0.905609130859375, -30.357099533081055, 9.140377044677734, -89.89017486572266, 0.695648193359375, -0.130401611328125, 0.238800048828125, -0.6648406982421875
216170, 217.0194549560547, 1000.0, 222.0, 435.0, 58.0, 230.0, 42.0, 165.0, 0.0, 82.0, 1000.0, 0.0, 1000.0, 0.0, 1000.0, 999.0, 999.0, 999.0, 999.0, 999.0, 561.0, 668.0, 0.0, 0.0, -20.491947174072266, -4.692418098449707, -133.26718139648438, 0.383270263671875, -0.1074676513671875, 0.1471710205078125, -0.9054718017578125, -30.228866577148438, 8.933759689331055, -89.8832778930664, 0.6956024169921875, -0.130889892578125, 0.236846923828125, -0.665496826171875
216220, 217.0694580078125, 1000.0, 221.0, 434.0, 58.0, 230.0, 41.0, 165.0, 0.0, 82.0, 1000.0, 0.0, 1000.0, 0.0, 1000.0, 999.0, 999.0, 999.0, 999.0, 999.0, 561.0, 668.0, 0.0, 0.0, -20.580760955810547, -4.730838298797607, -133.1986083984375, 0.3836669921875, -0.108154296875, 0.147674560546875, -0.9051361083984375, -30.764564514160156, 9.076927185058594, -89.98624420166016, 0.694549560546875, -0.133056640625, 0.24090576171875, -0.664703369140625
216280, 217.12942504882812, 1000.0, 220.0, 434.0, 58.0, 229.0, 41.0, 164.0, 0.0, 82.0, 1000.0, 0.0, 1000.0, 0.0, 1000.0, 999.0, 999.0, 999.0, 999.0, 999.0, 561.0, 668.0, 0.0, 0.0, -20.66229248046875, -4.734431743621826, -133.112548828125, 0.3842620849609375, -0.1085662841796875, 0.148223876953125, -0.9047393798828125, -30.724830627441406, 9.036018371582031, -89.96800231933594, 0.6946563720703125, -0.1331024169921875, 0.24041748046875, -0.664764404296875
216330, 217.17950439453125, 1000.0, 222.0, 433.0, 58.0, 229.0, 41.0, 164.0, 0.0, 81.0, 1000.0, 0.0, 1000.0, 0.0, 1000.0, 999.0, 999.0, 999.0, 999.0, 999.0, 561.0, 667.0, 0.0, 0.0, -20.647754669189453, -4.721388816833496, -133.05551147460938, 0.3847503662109375, -0.108489990234375, 0.148101806640625, -0.904571533203125, -30.443504333496094, 8.96631908416748, -89.92298126220703, 0.695159912109375, -0.1319122314453125, 0.2383270263671875, -0.66522216796875
216340, 217.22972106933594, 1000.0, 222.0, 433.0, 58.0, 229.0, 41.0, 164.0, 0.0, 81.0, 1000.0, 0.0, 750.0, 0.0, 1000.0, 999.0, 999.0, 999.0, 999.0, 999.0, 561.0, 667.0, 0.0, 0.0, -20.636171340942383, -4.722051620483398, -133.04139709472656, 0.3848724365234375, -0.1084747314453125, 0.1479949951171875, -0.904541015625, -30.50985336303711, 8.963884353637695, -89.9326400756836, 0.6950225830078125, -0.1323089599609375, 0.23870849609375, -0.6651458740234375
216380, 217.2393341064453, 1000.0, 221.0, 433.0, 58.0, 229.0, 41.0, 163.0, 0.0, 81.0, 1000.0, 0.0, 1000.0, 0.0, 1000.0, 999.0, 999.0, 999.0, 999.0, 999.0, 561.0, 667.0, 0.0, 0.0, -20.571317672729492, -4.717798709869385, -132.98768615722656, 0.3853607177734375, -0.1082916259765625, 0.1474456787109375, -0.9044342041015625, -30.23696517944336, 8.822044372558594, -89.87940216064453, 0.6954803466796875, -0.131622314453125, 0.236236572265625, -0.665679931640625
216440, 217.28958129882812, 1000.0, 219.0, 433.0, 58.0, 228.0, 41.0, 163.0, 0.0, 81.0, 1000.0, 0.0, 1000.0, 0.0, 1000.0, 999.0, 999.0, 999.0, 999.0, 999.0, 561.0, 666.0, 0.0, 0.0, -20.4831485748291, -4.643228054046631, -132.8834686279297, 0.386383056640625, -0.1075439453125, 0.14691162109375, -0.9041748046875, -30.203495025634766, 8.70093822479248, -89.86344909667969, 0.6954803466796875, -0.1321868896484375, 0.235321044921875, -0.6659088134765625
216490, 217.3394012451172, 1000.0, 222.0, 433.0, 58.0, 228.0, 41.0, 163.0, 0.0, 81.0, 1000.0, 0.0, 1000.0, 0.0, 1000.0, 999.0, 999.0, 999.0, 999.0, 999.0, 561.0, 667.0, 0.0, 0.0, -20.48668098449707, -4.609395980834961, -132.7930145263672, 0.38714599609375, -0.1074066162109375, 0.14697265625, -0.9038543701171875, -30.4205379486084, 8.704991340637207, -89.91313171386719, 0.6949462890625, -0.1333770751953125, 0.236663818359375, -0.6657562255859375
216550, 217.39952087402344, 1000.0, 222.0, 433.0, 58.0, 227.0, 41.0, 163.0, 0.0, 80.0, 1000.0, 0.0, 750.0, 0.0, 1000.0, 999.0, 999.0, 999.0, 999.0, 999.0, 560.0, 666.0, 0.0, 0.0, -20.499475479125977, -4.697809219360352, -132.6891326904297, 0.3878173828125, -0.1082763671875, 0.14666748046875, -0.9035186767578125, -30.328235626220703, 8.607170104980469, -89.9065933227539, 0.694976806640625, -0.1334228515625, 0.2355499267578125, -0.666107177734375
216600, 217.4494171142578, 1000.0, 223.0, 432.0, 58.0, 227.0, 41.0, 162.0, 0.0, 80.0, 1000.0, 0.0, 1000.0, 0.0, 1000.0, 999.0, 999.0, 999.0, 999.0, 999.0, 560.0, 665.0, 0.0, 0.0, -20.510202407836914, -4.833074569702148, -132.60250854492188, 0.388275146484375, -0.1094818115234375, 0.1461944580078125, -0.9032440185546875, -30.197004318237305, 8.851079940795898, -89.89189910888672, 0.69549560546875, -0.1311798095703125, 0.2361907958984375, -0.6657867431640625
216610, 217.49978637695312, 1000.0, 223.0, 432.0, 58.0, 227.0, 41.0, 162.0, 0.0, 80.0, 1000.0, 0.0, 750.0, 0.0, 1000.0, 999.0, 999.0, 999.0, 999.0, 999.0, 560.0, 665.0, 0.0, 0.0, -20.520931243896484, -4.852604389190674, -132.58424377441406, 0.3883819580078125, -0.1096954345703125, 0.1461944580078125, -0.9031829833984375, -30.095396041870117, 8.693525314331055, -89.8776626586914, 0.6955108642578125, -0.1315460205078125, 0.2346649169921875, -0.666229248046875
216650, 217.5093536376953, 1000.0, 224.0, 432.0, 58.0, 227.0, 40.0, 162.0, 0.0, 80.0, 1000.0, 0.0, 750.0, 0.0, 1000.0, 999.0, 999.0, 999.0, 999.0, 999.0, 560.0, 665.0, 0.0, 0.0, -20.413793563842773, -4.909063816070557, -132.5260009765625, 0.38885498046875, -0.1098480224609375, 0.1450958251953125, -0.90313720703125, -29.86821937561035, 8.784199714660645, -89.83714294433594, 0.69610595703125, -0.12969970703125, 0.23382568359375, -0.666259765625
216710, 217.55941772460938, 1000.0, 222.0, 432.0, 58.0, 226.0, 40.0, 162.0, 0.0, 80.0, 1000.0, 0.0, 1000.0, 0.0, 1000.0, 999.0, 999.0, 999.0, 999.0, 999.0, 560.0, 665.0, 0.0, 0.0, -20.334152221679688, -4.750288486480713, -132.43902587890625, 0.389862060546875, -0.1084442138671875, 0.1449432373046875, -0.90289306640625, -30.03740882873535, 8.688447952270508, -89.8629379272461, 0.6956634521484375, -0.131256103515625, 0.234283447265625, -0.6662750244140625
216760, 217.61984252929688, 1000.0, 224.0, 431.0, 58.0, 226.0, 40.0, 161.0, 0.0, 80.0, 1000.0, 0.0, 1000.0, 0.0, 1000.0, 999.0, 999.0, 999.0, 999.0, 999.0, 560.0, 665.0, 0.0, 0.0, -20.349876403808594, -4.7746171951293945, -132.3665008544922, 0.390380859375, -0.1087799072265625, 0.1449127197265625, -0.9026336669921875, -30.015640258789062, 8.621694564819336, -89.86136627197266, 0.69561767578125, -0.13153076171875, 0.2337646484375, -0.66644287109375
216810, 217.66983032226562, 1000.0, 223.0, 431.0, 58.0, 226.0, 40.0, 161.0, 0.0, 79.0, 1000.0, 0.0, 750.0, 0.0, 1000.0, 999.0, 999.0, 999.0, 999.0, 999.0, 560.0, 664.0, 0.0, 0.0, -20.297182083129883, -4.9226789474487305, -132.2465057373047, 0.391143798828125, -0.1099090576171875, 0.14385986328125, -0.9023284912109375, -28.40199851989746, 8.865643501281738, -89.61408233642578, 0.6990966796875, -0.1207275390625, 0.22552490234375, -0.6676788330078125
216870, 217.72947692871094, 1000.0, 225.0, 431.0, 59.0, 226.0, 43.0, 161.0, 0.0, 79.0, 1000.0, 0.0, 1000.0, 0.0, 1000.0, 999.0, 999.0, 999.0, 999.0, 999.0, 562.0, 665.0, 0.0, 0.0, -21.926979064941406, -4.241058349609375, -131.74510192871094, 0.3946075439453125, -0.11083984375, 0.158599853515625, -0.8982391357421875, -30.75396728515625, 9.091584205627441, -89.83379364013672, 0.695465087890625, -0.1332244873046875, 0.240753173828125, -0.6637725830078125
216920, 217.77981567382812, 1000.0, 226.0, 443.0, 62.0, 228.0, 48.0, 164.0, 0.0, 80.0, 1000.0, 0.0, 1000.0, 0.0, 1000.0, 999.0, 999.0, 999.0, 999.0, 999.0, 556.0, 664.0, 0.0, 0.0, -22.392627716064453, -2.8334569931030273, -132.57550048828125, 0.3899688720703125, -0.1002655029296875, 0.16796875, -0.8997955322265625, -30.909029006958008, 10.33287239074707, -89.62252044677734, 0.697906494140625, -0.127105712890625, 0.2486114501953125, -0.6595001220703125
216970, 217.83006286621094, 1000.0, 226.0, 468.0, 63.0, 230.0, 50.0, 178.0, 0.0, 83.0, 1000.0, 0.0, 1000.0, 0.0, 1000.0, 999.0, 999.0, 999.0, 999.0, 999.0, 546.0, 660.0, 0.0, 0.0, -24.781890869140625, -0.7805534601211548, -132.90240478515625, 0.3888702392578125, -0.091827392578125, 0.1940460205078125, -0.8959197998046875, -32.63079833984375, 13.000604629516602, -89.793212890625, 0.6979217529296875, -0.12103271484375, 0.2739715576171875, -0.6505126953125
216980, 217.83934020996094, 1000.0, 226.0, 474.0, 64.0, 232.0, 50.0, 183.0, 0.0, 84.0, 1000.0, 0.0, 1000.0, 0.0, 1000.0, 999.0, 999.0, 999.0, 999.0, 999.0, 545.0, 659.0, 0.0, 0.0, -25.333059310913086, -0.16978487372398376, -133.0085906982422, 0.388671875, -0.0887451171875, 0.2005157470703125, -0.8948822021484375, -32.91384506225586, 13.656750679016113, -89.8243637084961, 0.6981353759765625, -0.1186981201171875, 0.2793426513671875, -0.6484375
217030, 217.88958740234375, 1000.0, 225.0, 493.0, 64.0, 238.0, 49.0, 204.0, 0.0, 85.0, 1000.0, 0.0, 1000.0, 0.0, 1000.0, 999.0, 999.0, 999.0, 999.0, 999.0, 539.0, 655.0, 0.0, 0.0, -27.318410873413086, 3.1867728233337402, -133.4359893798828, 0.38995361328125, -0.0684814453125, 0.227508544921875, -0.8896331787109375, -33.452213287353516, 17.025676727294922, -89.85572814941406, 0.700653076171875, -0.1013946533203125, 0.3013763427734375, -0.6387176513671875
217080, 217.93946838378906, 1000.0, 225.0, 499.0, 63.0, 247.0, 48.0, 219.0, 0.0, 86.0, 1000.0, 0.0, 1000.0, 0.0, 1000.0, 999.0, 999.0, 999.0, 999.0, 999.0, 535.0, 653.0, 0.0, 0.0, -28.63031578063965, 6.0800042152404785, -133.62217712402344, 0.3930511474609375, -0.04998779296875, 0.2471923828125, -0.884246826171875, -33.956363677978516, 20.195096969604492, -89.74243927001953, 0.7034149169921875, -0.0854339599609375, 0.3216552734375, -0.628021240234375
217140, 217.9994659423828, 1000.0, 227.0, 497.0, 62.0, 258.0, 46.0, 247.0, 0.0, 86.0, 1000.0, 0.0, 1000.0, 0.0, 1000.0, 999.0, 999.0, 999.0, 999.0, 999.0, 527.0, 649.0, 0.0, 0.0, -32.3744010925293, 9.209786415100098, -134.03248596191406, 0.394378662109375, -0.0375213623046875, 0.285919189453125, -0.8725128173828125, -36.2742805480957, 23.64427947998047, -90.21367645263672, 0.70166015625, -0.077117919921875, 0.3532562255859375, -0.613922119140625
217190, 218.04983520507812, 1000.0, 228.0, 494.0, 63.0, 266.0, 47.0, 265.0, 0.0, 87.0, 1000.0, 0.0, 1000.0, 0.0, 1000.0, 999.0, 999.0, 999.0, 999.0, 999.0, 520.0, 649.0, 0.0, 0.0, -34.305179595947266, 10.29822826385498, -134.29379272460938, 0.39398193359375, -0.0350494384765625, 0.3039703369140625, -0.866668701171875, -38.115234375, 25.65665054321289, -90.71228790283203, 0.6991729736328125, -0.07440185546875, 0.3739776611328125, -0.6047515869140625
217250, 218.1095733642578, 1000.0, 228.0, 488.0, 62.0, 274.0, 47.0, 282.0, 0.0, 87.0, 1000.0, 0.0, 1000.0, 0.0, 1000.0, 999.0, 999.0, 999.0, 999.0, 999.0, 511.0, 648.0, 0.0, 0.0, -37.16412353515625, 10.885496139526367, -134.78775024414062, 0.3906097412109375, -0.0389404296875, 0.3274078369140625, -0.859466552734375, -40.66916275024414, 27.004505157470703, -91.55146789550781, 0.694061279296875, -0.0787811279296875, 0.39483642578125, -0.5967864990234375
217300, 218.1598358154297, 1000.0, 229.0, 475.0, 62.0, 281.0, 46.0, 292.0, 0.0, 88.0, 1000.0, 0.0, 750.0, 0.0, 1000.0, 999.0, 999.0, 999.0, 999.0, 999.0, 502.0, 648.0, 0.0, 0.0, -40.47932052612305, 10.31784439086914, -135.16384887695312, 0.3851165771484375, -0.05340576171875, 0.350677490234375, -0.851959228515625, -44.09779357910156, 27.458757400512695, -92.7125015258789, 0.685882568359375, -0.092498779296875, 0.41571044921875, -0.590057373046875
217350, 218.2097930908203, 1000.0, 228.0, 463.0, 61.0, 287.0, 45.0, 300.0, 0.0, 87.0, 1000.0, 0.0, 1000.0, 0.0, 1000.0, 999.0, 999.0, 999.0, 999.0, 999.0, 492.0, 652.0, 0.0, 0.0, -45.274574279785156, 8.948512077331543, -135.68634033203125, 0.3748321533203125, -0.078033447265625, 0.382537841796875, -0.8408660888671875, -49.04137420654297, 27.580322265625, -94.48260498046875, 0.6725006103515625, -0.114410400390625, 0.4431610107421875, -0.581573486328125
217410, 218.26986694335938, 1000.0, 227.0, 450.0, 60.0, 293.0, 44.0, 307.0, 0.0, 86.0, 1000.0, 0.0, 1000.0, 0.0, 1000.0, 999.0, 999.0, 999.0, 999.0, 999.0, 479.0, 664.0, 0.0, 0.0, -50.56965637207031, 6.731623649597168, -135.77224731445312, 0.3630218505859375, -0.111328125, 0.4149932861328125, -0.8267822265625, -54.032901763916016, 27.133705139160156, -96.76065063476562, 0.65484619140625, -0.137054443359375, 0.468902587890625, -0.576629638671875
217460, 218.31961059570312, 1000.0, 228.0, 436.0, 59.0, 298.0, 43.0, 312.0, 0.0, 84.0, 1000.0, 0.0, 1000.0, 0.0, 1000.0, 999.0, 999.0, 999.0, 999.0, 999.0, 465.0, 681.0, 0.0, 0.0, -54.17047119140625, 5.948400974273682, -135.6687774658203, 0.357330322265625, -0.1287689208984375, 0.4385223388671875, -0.8144989013671875, -56.60593032836914, 26.505645751953125, -97.84479522705078, 0.645050048828125, -0.151092529296875, 0.4805145263671875, -0.5746002197265625
217520, 218.3794708251953, 1000.0, 229.0, 421.0, 59.0, 303.0, 41.0, 294.0, 0.0, 83.0, 1000.0, 0.0, 750.0, 0.0, 1000.0, 999.0, 999.0, 999.0, 999.0, 999.0, 450.0, 699.0, 0.0, 0.0, -57.97663879394531, 6.292335510253906, -134.9703826904297, 0.3590087890625, -0.1409454345703125, 0.46539306640625, -0.796630859375, -59.493438720703125, 25.62163543701172, -98.65731048583984, 0.63519287109375, -0.1692962646484375, 0.4924163818359375, -0.5704193115234375
217570, 218.42979431152344, 1000.0, 226.0, 410.0, 58.0, 308.0, 38.0, 274.0, 0.0, 88.0, 1000.0, 0.0, 750.0, 0.0, 1000.0, 999.0, 999.0, 999.0, 999.0, 999.0, 440.0, 712.0, 0.0, 0.0, -61.39582443237305, 6.9861369132995605, -134.8585662841797, 0.3581390380859375, -0.1472015380859375, 0.490631103515625, -0.78057861328125, -62.133216857910156, 24.696178436279297, -98.99939727783203, 0.6273345947265625, -0.1880950927734375, 0.5022735595703125, -0.5645904541015625
217620, 218.47976684570312, 1000.0, 228.0, 396.0, 57.0, 327.0, 34.0, 251.0, 0.0, 82.0, 1000.0, 0.0, 1000.0, 0.0, 1000.0, 999.0, 999.0, 999.0, 999.0, 999.0, 429.0, 722.0, 0.0, 0.0, -63.97708511352539, 7.708966255187988, -135.87527465820312, 0.350860595703125, -0.14569091796875, 0.511260986328125, -0.7708892822265625, -64.08432006835938, 23.719175338745117, -99.38009643554688, 0.6197967529296875, -0.2030487060546875, 0.5086212158203125, -0.562042236328125
217680, 218.53956604003906, 1000.0, 225.0, 424.0, 55.0, 466.0, 29.0, 235.0, 0.0, 75.0, 1000.0, 0.0, 1000.0, 0.0, 1000.0, 999.0, 999.0, 999.0, 999.0, 999.0, 419.0, 732.0, 0.0, 0.0, -66.01145935058594, 8.4818115234375, -137.4243927001953, 0.341156005859375, -0.139434814453125, 0.5286712646484375, -0.764617919921875, -65.7503433227539, 22.66814613342285, -99.59406280517578, 0.6130218505859375, -0.2174835205078125, 0.513031005859375, -0.5600738525390625
217730, 218.58946228027344, 1000.0, 221.0, 551.0, 54.0, 641.0, 27.0, 322.0, 0.0, 69.0, 1000.0, 0.0, 1000.0, 0.0, 1000.0, 947.0, 999.0, 999.0, 999.0, 999.0, 409.0, 737.0, 0.0, 0.0, -67.50619506835938, 9.29258918762207, -138.9730987548828, 0.332550048828125, -0.1309814453125, 0.542266845703125, -0.7603759765625, -67.35742950439453, 22.201534271240234, -99.94064331054688, 0.606964111328125, -0.2273101806640625, 0.51971435546875, -0.5565948486328125
217790, 218.6497802734375, 1000.0, 227.0, 791.0, 51.0, 841.0, 39.0, 722.0, 0.0, 85.0, 1000.0, 0.0, 1000.0, 0.0, 1000.0, 970.0, 999.0, 999.0, 999.0, 999.0, 398.0, 728.0, 0.0, 0.0, -67.83002471923828, 10.18271541595459, -140.3789520263672, 0.32672119140625, -0.1190643310546875, 0.547821044921875, -0.7608795166015625, -67.84638977050781, 21.280550003051758, -99.94353485107422, 0.6034088134765625, -0.235443115234375, 0.518524169921875, -0.5581817626953125
217840, 218.69964599609375, 1000.0, 228.0, 891.0, 50.0, 913.0, 50.0, 853.0, 0.0, 120.0, 1000.0, 0.0, 750.0, 0.0, 1000.0, 940.0, 999.0, 596.0, 999.0, 999.0, 390.0, 727.0, 0.0, 0.0, -67.84588623046875, 10.649275779724121, -140.89781188964844, 0.325286865234375, -0.1133880615234375, 0.5493927001953125, -0.76123046875, -68.970947265625, 19.4057674407959, -100.06287384033203, 0.59503173828125, -0.2520294189453125, 0.5169525146484375, -0.561370849609375
217890, 218.74977111816406, 1000.0, 227.0, 918.0, 49.0, 928.0, 59.0, 884.0, 0.0, 223.0, 1000.0, 0.0, 750.0, 0.0, 1000.0, 899.0, 999.0, 271.0, 999.0, 999.0, 385.0, 733.0, 0.0, 0.0, -67.46521759033203, 11.037699699401855, -141.1784210205078, 0.325469970703125, -0.1082611083984375, 0.5478973388671875, -0.762969970703125, -69.03113555908203, 18.411832809448242, -99.78936767578125, 0.593292236328125, -0.259490966796875, 0.512725830078125, -0.5637054443359375
217950, 218.80984497070312, 1000.0, 228.0, 925.0, 49.0, 931.0, 68.0, 891.0, 0.0, 375.0, 1000.0, 7.0, 750.0, 0.0, 1000.0, 947.0, 999.0, 190.0, 999.0, 999.0, 379.0, 740.0, 0.0, 0.0, -66.54690551757812, 10.497029304504395, -140.86436462402344, 0.3261260986328125, -0.1109161376953125, 0.5403900146484375, -0.7676544189453125, -69.6579360961914, 17.543134689331055, -99.71379089355469, 0.5895843505859375, -0.2682037353515625, 0.512176513671875, -0.563995361328125
218000, 218.8597412109375, 1000.0, 228.0, 924.0, 50.0, 929.0, 75.0, 894.0, 0.0, 496.0, 1000.0, 20.0, 750.0, 0.0, 1000.0, 991.0, 999.0, 171.0, 999.0, 999.0, 376.0, 744.0, 0.0, 0.0, -66.56121063232422, 10.708874702453613, -140.66903686523438, 0.3283233642578125, -0.1103973388671875, 0.5407257080078125, -0.7665557861328125, -70.72592163085938, 16.7189884185791, -99.6497573852539, 0.5847930908203125, -0.27880859375, 0.5139923095703125, -0.56219482421875
218050, 218.90928649902344, 1000.0, 228.0, 921.0, 50.0, 927.0, 81.0, 892.0, 0.0, 571.0, 1000.0, 29.0, 1000.0, 0.0, 1000.0, 999.0, 999.0, 171.0, 999.0, 999.0, 373.0, 746.0, 0.0, 0.0, -67.0903091430664, 10.200072288513184, -140.6647491455078, 0.325653076171875, -0.115478515625, 0.5432281494140625, -0.7651824951171875, -70.91893768310547, 17.118789672851562, -99.83312225341797, 0.584686279296875, -0.2766265869140625, 0.5169677734375, -0.5606536865234375
218110, 218.96954345703125, 1000.0, 228.0, 916.0, 50.0, 925.0, 87.0, 891.0, 0.0, 633.0, 1000.0, 34.0, 750.0, 0.0, 1000.0, 999.0, 999.0, 199.0, 999.0, 999.0, 369.0, 747.0, 0.0, 0.0, -67.5648422241211, 10.4489107131958, -140.25828552246094, 0.328948974609375, -0.117034912109375, 0.546478271484375, -0.761199951171875, -71.16621398925781, 18.43361473083496, -99.93955993652344, 0.5876922607421875, -0.269683837890625, 0.5235748291015625, -0.5547332763671875
218160, 219.0196075439453, 1000.0, 229.0, 914.0, 50.0, 923.0, 91.0, 890.0, 0.0, 664.0, 1000.0, 33.0, 1000.0, 0.0, 1000.0, 999.0, 999.0, 224.0, 999.0, 999.0, 366.0, 749.0, 0.0, 0.0, -67.50653839111328, 11.2373628616333, -139.69912719726562, 0.3361053466796875, -0.1140594482421875, 0.5471343994140625, -0.7580413818359375, -70.6799087524414, 19.90838623046875, -99.85271453857422, 0.59375, -0.2588653564453125, 0.5267333984375, -0.550445556640625
218220, 219.0795440673828, 1000.0, 229.0, 912.0, 50.0, 922.0, 95.0, 889.0, 0.0, 694.0, 1000.0, 28.0, 1000.0, 0.0, 1000.0, 999.0, 999.0, 257.0, 999.0, 999.0, 364.0, 750.0, 0.0, 0.0, -66.46002197265625, 12.626317977905273, -138.71495056152344, 0.3494873046875, -0.1059417724609375, 0.5421295166015625, -0.75677490234375, -69.3367691040039, 22.0574893951416, -99.59123992919922, 0.6042022705078125, -0.240234375, 0.5279693603515625, -0.546295166015625
218270, 219.12977600097656, 1000.0, 229.0, 909.0, 51.0, 919.0, 98.0, 889.0, 0.0, 715.0, 1000.0, 23.0, 750.0, 0.0, 1000.0, 999.0, 999.0, 275.0, 999.0, 999.0, 362.0, 749.0, 0.0, 0.0, -66.49434661865234, 14.21015453338623, -138.24798583984375, 0.3590850830078125, -0.0972137451171875, 0.5451812744140625, -0.7512359619140625, -68.84317016601562, 23.97285270690918, -99.41522216796875, 0.611358642578125, -0.2269134521484375, 0.5325469970703125, -0.53955078125
218320, 219.1795196533203, 1000.0, 228.0, 907.0, 51.0, 917.0, 102.0, 885.0, 0.0, 733.0, 1000.0, 21.0, 1000.0, 0.0, 1000.0, 999.0, 999.0, 291.0, 999.0, 999.0, 360.0, 749.0, 0.0, 0.0, -66.4227294921875, 15.348963737487793, -137.8612060546875, 0.3663330078125, -0.09088134765625, 0.54669189453125, -0.7474212646484375, -68.59050750732422, 25.855560302734375, -99.39098358154297, 0.616973876953125, -0.2142791748046875, 0.538360595703125, -0.5325164794921875
218380, 219.23985290527344, 1000.0, 228.0, 905.0, 51.0, 913.0, 109.0, 877.0, 0.0, 742.0, 1000.0, 18.0, 1000.0, 0.0, 1000.0, 999.0, 999.0, 299.0, 999.0, 993.0, 358.0, 748.0, 0.0, 0.0, -67.40058135986328, 17.78365135192871, -137.58534240722656, 0.377288818359375, -0.0784149169921875, 0.5575714111328125, -0.735260009765625, -68.87464904785156, 28.080434799194336, -99.40499114990234, 0.622100830078125, -0.20220947265625, 0.547821044921875, -0.5214996337890625
218430, 219.28955078125, 1000.0, 228.0, 903.0, 51.0, 909.0, 114.0, 872.0, 0.0, 747.0, 1000.0, 17.0, 1000.0, 0.0, 1000.0, 999.0, 999.0, 318.0, 999.0, 980.0, 356.0, 748.0, 0.0, 0.0, -68.09414672851562, 18.751964569091797, -137.23606872558594, 0.3829803466796875, -0.0756988525390625, 0.5635833740234375, -0.7279815673828125, -69.2981948852539, 29.898052215576172, -99.46954345703125, 0.6256103515625, -0.1930999755859375, 0.556304931640625, -0.511688232421875
218490, 219.3496551513672, 1000.0, 227.0, 902.0, 52.0, 906.0, 119.0, 866.0, 0.0, 754.0, 1000.0, 17.0, 1000.0, 0.0, 1000.0, 999.0, 999.0, 349.0, 999.0, 961.0, 355.0, 748.0, 0.0, 0.0, -69.17033386230469, 19.870412826538086, -136.93003845214844, 0.388763427734375, -0.0731048583984375, 0.5722198486328125, -0.7183685302734375, -70.26000213623047, 32.043701171875, -99.76403045654297, 0.627960205078125, -0.1837615966796875, 0.568389892578125, -0.498779296875
218540, 219.3995361328125, 1000.0, 229.0, 900.0, 52.0, 904.0, 123.0, 863.0, 2.0, 753.0, 1000.0, 17.0, 1000.0, 0.0, 1000.0, 999.0, 999.0, 358.0, 999.0, 960.0, 354.0, 748.0, 0.0, 0.0, -70.62006378173828, 20.617008209228516, -136.7348175048828, 0.392120361328125, -0.0738983154296875, 0.5824432373046875, -0.7081756591796875, -71.54427337646484, 33.69622802734375, -100.23577117919922, 0.6279144287109375, -0.17828369140625, 0.5800933837890625, -0.4872283935546875
218590, 219.44949340820312, 1000.0, 227.0, 899.0, 52.0, 903.0, 125.0, 861.0, 4.0, 756.0, 1000.0, 17.0, 750.0, 0.0, 1000.0, 999.0, 999.0, 371.0, 999.0, 797.0, 353.0, 747.0, 0.0, 0.0, -71.23485565185547, 21.509288787841797, -136.60581970214844, 0.3962249755859375, -0.0705718994140625, 0.587677001953125, -0.701873779296875, -71.86078643798828, 35.17085266113281, -100.49909973144531, 0.6298828125, -0.1696014404296875, 0.5865020751953125, -0.4800872802734375
218650, 219.50953674316406, 1000.0, 226.0, 899.0, 52.0, 901.0, 129.0, 857.0, 7.0, 766.0, 1000.0, 17.0, 750.0, 0.0, 1000.0, 999.0, 999.0, 382.0, 999.0, 725.0, 351.0, 746.0, 0.0, 0.0, -70.45474243164062, 22.765851974487305, -136.33511352539062, 0.4034881591796875, -0.060638427734375, 0.584869384765625, -0.701019287109375, -71.05078125, 36.50791931152344, -100.60083770751953, 0.63372802734375, -0.156341552734375, 0.58740234375, -0.4784088134765625
218700, 219.55947875976562, 1000.0, 227.0, 898.0, 52.0, 900.0, 130.0, 855.0, 8.0, 768.0, 1000.0, 16.0, 1000.0, 0.0, 1000.0, 999.0, 999.0, 370.0, 999.0, 701.0, 350.0, 746.0, 0.0, 0.0, -71.15502166748047, 24.50601577758789, -136.63916015625, 0.408355712890625, -0.0496368408203125, 0.5920867919921875, -0.6929473876953125, -71.25407409667969, 40.356510162353516, -101.09426879882812, 0.6399383544921875, -0.1309356689453125, 0.6003265380859375, -0.4614105224609375
218760, 219.6198272705078, 1000.0, 228.0, 897.0, 53.0, 898.0, 133.0, 853.0, 10.0, 770.0, 1000.0, 13.0, 750.0, 0.0, 1000.0, 999.0, 999.0, 362.0, 999.0, 676.0, 348.0, 746.0, 0.0, 0.0, -71.34684753417969, 22.80904197692871, -136.63839721679688, 0.401336669921875, -0.061920166015625, 0.590545654296875, -0.6973724365234375, -71.17931365966797, 39.44762420654297, -101.13551330566406, 0.637908935546875, -0.135986328125, 0.597442626953125, -0.46649169921875
218810, 219.669677734375, 1000.0, 222.0, 896.0, 53.0, 897.0, 135.0, 852.0, 11.0, 775.0, 1000.0, 12.0, 1000.0, 0.0, 1000.0, 999.0, 999.0, 334.0, 999.0, 667.0, 348.0, 746.0, 0.0, 0.0, -71.09345245361328, 21.655696868896484, -136.24066162109375, 0.3991546630859375, -0.070953369140625, 0.5868377685546875, -0.7008819580078125, -70.79434204101562, 39.71856689453125, -100.68814849853516, 0.6407623291015625, -0.1344757080078125, 0.5961456298828125, -0.4646759033203125
218840, 219.7200469970703, 1000.0, 225.0, 895.0, 53.0, 896.0, 136.0, 851.0, 12.0, 775.0, 1000.0, 11.0, 1000.0, 0.0, 1000.0, 999.0, 999.0, 331.0, 999.0, 677.0, 347.0, 745.0, 0.0, 0.0, -70.88251495361328, 21.398256301879883, -135.87930297851562, 0.4004364013671875, -0.073822021484375, 0.584869384765625, -0.7014923095703125, -71.13549041748047, 39.59207534790039, -100.70176696777344, 0.6400299072265625, -0.1371002197265625, 0.59716796875, -0.463592529296875
218860, 219.7294158935547, 1000.0, 225.0, 895.0, 53.0, 896.0, 137.0, 851.0, 12.0, 774.0, 1000.0, 11.0, 1000.0, 0.0, 1000.0, 999.0, 999.0, 329.0, 999.0, 687.0, 347.0, 745.0, 0.0, 0.0, -70.91828918457031, 21.335205078125, -135.8057861328125, 0.400604248046875, -0.0747528076171875, 0.584930419921875, -0.7012481689453125, -71.1841049194336, 39.551307678222656, -100.64486694335938, 0.6401214599609375, -0.1379241943359375, 0.5971832275390625, -0.463226318359375
218920, 219.779541015625, 1000.0, 225.0, 894.0, 54.0, 894.0, 139.0, 849.0, 14.0, 773.0, 1000.0, 9.0, 750.0, 0.0, 1000.0, 999.0, 999.0, 311.0, 999.0, 745.0, 346.0, 745.0, 0.0, 0.0, -70.30279541015625, 21.20354461669922, -135.27896118164062, 0.4037017822265625, -0.076171875, 0.5805816650390625, -0.70294189453125, -70.6622085571289, 39.99044418334961, -100.15787506103516, 0.6436309814453125, -0.134796142578125, 0.595794677734375, -0.4610595703125
218970, 219.8295440673828, 1000.0, 226.0, 894.0, 54.0, 892.0, 139.0, 848.0, 15.0, 770.0, 1000.0, 5.0, 1000.0, 0.0, 1000.0, 999.0, 999.0, 299.0, 999.0, 768.0, 344.0, 744.0, 0.0, 0.0, -69.97405242919922, 21.44719886779785, -134.81591796875, 0.407745361328125, -0.07568359375, 0.578704833984375, -0.70220947265625, -70.60945129394531, 40.21647262573242, -99.85619354248047, 0.6453704833984375, -0.1346588134765625, 0.5959014892578125, -0.458526611328125
219030, 219.88931274414062, 1000.0, 224.0, 893.0, 54.0, 891.0, 140.0, 847.0, 16.0, 769.0, 1000.0, 3.0, 1000.0, 0.0, 1000.0, 999.0, 999.0, 299.0, 999.0, 771.0, 343.0, 744.0, 0.0, 0.0, -69.49080657958984, 21.619958877563477, -134.38046264648438, 0.4114227294921875, -0.0749664306640625, 0.575775146484375, -0.702545166015625, -69.8418960571289, 40.4207878112793, -99.18643188476562, 0.64935302734375, -0.1325225830078125, 0.5926666259765625, -0.4577178955078125
219080, 219.93955993652344, 1000.0, 225.0, 893.0, 55.0, 889.0, 140.0, 846.0, 17.0, 767.0, 1000.0, 1.0, 1000.0, 0.0, 1000.0, 999.0, 999.0, 298.0, 999.0, 783.0, 343.0, 743.0, 0.0, 0.0, -68.85720825195312, 21.603153228759766, -134.01158142089844, 0.414031982421875, -0.07464599609375, 0.5716094970703125, -0.704437255859375, -70.18558502197266, 40.7251091003418, -99.41938018798828, 0.64862060546875, -0.1313629150390625, 0.59521484375, -0.45574951171875
219130, 219.99954223632812, 1000.0, 225.0, 891.0, 55.0, 889.0, 141.0, 846.0, 18.0, 765.0, 1000.0, 0.0, 1000.0, 0.0, 1000.0, 999.0, 999.0, 299.0, 999.0, 796.0, 342.0, 743.0, 0.0, 0.0, -68.86121368408203, 21.51822853088379, -133.93275451660156, 0.4141845703125, -0.0756378173828125, 0.5714263916015625, -0.70440673828125, -69.77693939208984, 40.790809631347656, -99.15587615966797, 0.6502685546875, -0.1300048828125, 0.5934906005859375, -0.4560546875
219190, 220.04946899414062, 1000.0, 224.0, 891.0, 55.0, 887.0, 141.0, 845.0, 19.0, 762.0, 1000.0, 0.0, 1000.0, 0.0, 1000.0, 999.0, 999.0, 300.0, 999.0, 800.0, 341.0, 742.0, 0.0, 0.0, -69.16777801513672, 21.427778244018555, -133.95785522460938, 0.4134674072265625, -0.077239990234375, 0.573150634765625, -0.7032470703125, -70.54293060302734, 40.72450637817383, -99.74702453613281, 0.64691162109375, -0.131683349609375, 0.597015380859375, -0.45574951171875
219240, 220.1096649169922, 1000.0, 225.0, 891.0, 55.0, 886.0, 141.0, 844.0, 19.0, 760.0, 1000.0, 0.0, 750.0, 0.0, 1000.0, 999.0, 999.0, 299.0, 999.0, 807.0, 341.0, 742.0, 0.0, 0.0, -70.00446319580078, 20.998960494995117, -134.19557189941406, 0.4097137451171875, -0.0819854736328125, 0.5776214599609375, -0.70123291015625, -71.31837463378906, 40.277347564697266, -100.30735778808594, 0.642852783203125, -0.1359100341796875, 0.5994415283203125, -0.457061767578125
219290, 220.15969848632812, 1000.0, 225.0, 890.0, 55.0, 885.0, 140.0, 844.0, 20.0, 758.0, 1000.0, 0.0, 750.0, 0.0, 1000.0, 999.0, 999.0, 299.0, 999.0, 796.0, 340.0, 742.0, 0.0, 0.0, -70.2052993774414, 20.800809860229492, -134.20046997070312, 0.4087371826171875, -0.0840301513671875, 0.5784759521484375, -0.7008514404296875, -71.89803314208984, 41.03565216064453, -100.67367553710938, 0.6423187255859375, -0.13250732421875, 0.6043548583984375, -0.4523162841796875
219350, 220.21957397460938, 1000.0, 227.0, 890.0, 55.0, 885.0, 140.0, 843.0, 20.0, 757.0, 1000.0, 0.0, 1000.0, 0.0, 1000.0, 999.0, 999.0, 296.0, 999.0, 807.0, 339.0, 741.0, 0.0, 0.0, -70.13059997558594, 21.0018310546875, -134.1752471923828, 0.409759521484375, -0.08251953125, 0.5783843994140625, -0.7005157470703125, -70.80865478515625, 40.73200988769531, -99.8995590209961, 0.6460113525390625, -0.1323394775390625, 0.5982666015625, -0.4551849365234375
219400, 220.26979064941406, 1000.0, 220.0, 889.0, 55.0, 884.0, 140.0, 842.0, 20.0, 756.0, 1000.0, 0.0, 1000.0, 0.0, 1000.0, 999.0, 999.0, 288.0, 999.0, 803.0, 338.0, 741.0, 0.0, 0.0, -70.36524200439453, 21.033475875854492, -134.1537322998047, 0.40985107421875, -0.083251953125, 0.579864501953125, -0.69915771484375, -71.30402374267578, 40.65311050415039, -100.08370971679688, 0.6445465087890625, -0.1346588134765625, 0.6002197265625, -0.4540252685546875
219460, 220.3195037841797, 1000.0, 224.0, 889.0, 55.0, 883.0, 140.0, 842.0, 20.0, 754.0, 1000.0, 0.0, 1000.0, 0.0, 1000.0, 999.0, 999.0, 288.0, 999.0, 799.0, 338.0, 741.0, 0.0, 0.0, -70.48779296875, 20.94712257385254, -134.09115600585938, 0.4097900390625, -0.0845947265625, 0.5803985595703125, -0.698577880859375, -71.12364196777344, 40.41680145263672, -99.8442153930664, 0.6452178955078125, -0.1363677978515625, 0.5985260009765625, -0.4547882080078125
219510, 220.37954711914062, 1000.0, 224.0, 889.0, 55.0, 883.0, 140.0, 841.0, 21.0, 754.0, 1000.0, 0.0, 1000.0, 0.0, 1000.0, 999.0, 999.0, 289.0, 999.0, 798.0, 338.0, 740.0, 0.0, 0.0, -70.1727294921875, 20.841995239257812, -133.82247924804688, 0.4112396240234375, -0.085540771484375, 0.5780792236328125, -0.6995391845703125, -70.62772369384766, 40.522499084472656, -99.48603057861328, 0.6474456787109375, -0.1347808837890625, 0.5964508056640625, -0.454833984375
219560, 220.42967224121094, 1000.0, 225.0, 888.0, 55.0, 883.0, 140.0, 841.0, 21.0, 753.0, 1000.0, 0.0, 1000.0, 0.0, 1000.0, 999.0, 999.0, 289.0, 999.0, 807.0, 337.0, 740.0, 0.0, 0.0, -69.42124938964844, 21.117984771728516, -133.4091339111328, 0.4154205322265625, -0.0830230712890625, 0.5737152099609375, -0.700958251953125, -69.75126647949219, 41.34751892089844, -98.90550231933594, 0.6523590087890625, -0.127685546875, 0.59478759765625, -0.4520111083984375
219620, 220.4898681640625, 1000.0, 225.0, 888.0, 55.0, 882.0, 139.0, 840.0, 21.0, 752.0, 1000.0, 0.0, 1000.0, 0.0, 1000.0, 999.0, 999.0, 293.0, 999.0, 812.0, 336.0, 740.0, 0.0, 0.0, -69.05646514892578, 21.688817977905273, -132.9509735107422, 0.4207305908203125, -0.080078125, 0.5722808837890625, -0.699310302734375, -69.96388244628906, 41.12117385864258, -98.77848052978516, 0.652191162109375, -0.1309661865234375, 0.5948028564453125, -0.4513092041015625
219670, 220.5396728515625, 1000.0, 226.0, 888.0, 55.0, 882.0, 138.0, 840.0, 22.0, 751.0, 1000.0, 0.0, 1000.0, 0.0, 1000.0, 999.0, 999.0, 300.0, 999.0, 807.0, 336.0, 739.0, 0.0, 0.0, -68.9505615234375, 21.423545837402344, -132.7262420654297, 0.421142578125, -0.0826263427734375, 0.570953369140625, -0.699859619140625, -70.05724334716797, 40.249271392822266, -98.63446807861328, 0.6509552001953125, -0.137664794921875, 0.59234619140625, -0.454315185546875
219730, 220.5995635986328, 1000.0, 225.0, 888.0, 55.0, 882.0, 138.0, 839.0, 22.0, 749.0, 1000.0, 0.0, 1000.0, 0.0, 1000.0, 999.0, 999.0, 304.0, 999.0, 811.0, 336.0, 739.0, 0.0, 0.0, -69.30278778076172, 20.891023635864258, -132.68991088867188, 0.41900634765625, -0.087738037109375, 0.5720062255859375, -0.69964599609375, -71.77579498291016, 41.25153732299805, -99.57569122314453, 0.647216796875, -0.136260986328125, 0.60321044921875, -0.445709228515625
219780, 220.6497802734375, 1000.0, 225.0, 888.0, 55.0, 881.0, 137.0, 839.0, 22.0, 748.0, 1000.0, 0.0, 1000.0, 0.0, 1000.0, 999.0, 999.0, 306.0, 999.0, 809.0, 335.0, 737.0, 0.0, 0.0, -70.29361724853516, 21.155000686645508, -132.97610473632812, 0.4175567626953125, -0.0881195068359375, 0.5787811279296875, -0.69488525390625, -73.56208038330078, 41.49623489379883, -100.71627044677734, 0.64117431640625, -0.13873291015625, 0.6121826171875, -0.4414215087890625
219830, 220.69955444335938, 1000.0, 224.0, 888.0, 55.0, 881.0, 136.0, 838.0, 22.0, 746.0, 1000.0, 0.0, 1000.0, 0.0, 1000.0, 999.0, 999.0, 308.0, 999.0, 850.0, 334.0, 737.0, 0.0, 0.0, -71.95392608642578, 21.345844268798828, -133.49989318847656, 0.41387939453125, -0.090179443359375, 0.589569091796875, -0.687713623046875, -74.63119506835938, 40.73906326293945, -101.2560806274414, 0.6360626220703125, -0.1464996337890625, 0.6149139404296875, -0.4425048828125
219890, 220.75953674316406, 1000.0, 226.0, 887.0, 55.0, 880.0, 135.0, 838.0, 23.0, 742.0, 1000.0, 0.0, 1000.0, 0.0, 1000.0, 999.0, 999.0, 321.0, 999.0, 874.0, 334.0, 737.0, 0.0, 0.0, -72.21346282958984, 20.913145065307617, -133.42454528808594, 0.4123382568359375, -0.09442138671875, 0.5902557373046875, -0.6874847412109375, -74.96880340576172, 39.962921142578125, -101.20062255859375, 0.634033203125, -0.153472900390625, 0.614044189453125, -0.44427490234375
219940, 220.8093719482422, 1000.0, 225.0, 887.0, 55.0, 880.0, 134.0, 837.0, 23.0, 739.0, 1000.0, 0.0, 1000.0, 0.0, 1000.0, 999.0, 999.0, 322.0, 999.0, 906.0, 333.0, 737.0, 0.0, 0.0, -72.09012603759766, 19.897817611694336, -133.21104431152344, 0.409515380859375, -0.1019134521484375, 0.5873870849609375, -0.6905517578125, -74.31806945800781, 38.70816421508789, -100.63246154785156, 0.634185791015625, -0.16064453125, 0.6072235107421875, -0.450836181640625
220000, 220.8695831298828, 1000.0, 225.0, 886.0, 55.0, 880.0, 133.0, 836.0, 23.0, 734.0, 1000.0, 0.0, 1000.0, 0.0, 1000.0, 999.0, 999.0, 327.0, 999.0, 919.0, 333.0, 736.0, 0.0, 0.0, -70.933837890625, 18.4755916595459, -132.6585693359375, 0.408050537109375, -0.1101837158203125, 0.5770111083984375, -0.6988525390625, -72.11503601074219, 38.07318115234375, -99.27729797363281, 0.6411895751953125, -0.1594085693359375, 0.5947265625, -0.457977294921875
220050, 220.9193878173828, 1000.0, 224.0, 886.0, 55.0, 880.0, 133.0, 835.0, 23.0, 731.0, 1000.0, 0.0, 1000.0, 0.0, 1000.0, 999.0, 999.0, 328.0, 999.0, 940.0, 333.0, 736.0, 0.0, 0.0, -69.69923400878906, 18.200613021850586, -132.2523651123047, 0.4105987548828125, -0.1096649169921875, 0.5684814453125, -0.70440673828125, -69.97793579101562, 38.856727600097656, -98.11890411376953, 0.6503448486328125, -0.14849853515625, 0.5870513916015625, -0.4586334228515625
220100, 220.96957397460938, 1000.0, 224.0, 886.0, 55.0, 879.0, 132.0, 834.0, 23.0, 728.0, 1000.0, 0.0, 1000.0, 0.0, 1000.0, 999.0, 999.0, 334.0, 999.0, 957.0, 332.0, 735.0, 0.0, 0.0, -68.6496353149414, 18.779254913330078, -131.93707275390625, 0.41583251953125, -0.1035003662109375, 0.5629730224609375, -0.706695556640625, -69.7843017578125, 39.28614807128906, -98.16307830810547, 0.651275634765625, -0.1445159912109375, 0.5876922607421875, -0.4577789306640625
220160, 221.0293426513672, 1000.0, 226.0, 885.0, 55.0, 879.0, 130.0, 832.0, 23.0, 724.0, 1000.0, 0.0, 1000.0, 0.0, 1000.0, 999.0, 999.0, 336.0, 999.0, 993.0, 332.0, 734.0, 0.0, 0.0, -68.29804992675781, 19.2408390045166, -131.88589477539062, 0.41827392578125, -0.0993194580078125, 0.5617523193359375, -0.706817626953125, -70.45980834960938, 39.54630661010742, -98.89263153076172, 0.6480255126953125, -0.142974853515625, 0.59210205078125, -0.4571533203125
220210, 221.07933044433594, 1000.0, 225.0, 885.0, 55.0, 878.0, 128.0, 831.0, 23.0, 721.0, 1000.0, 0.0, 750.0, 0.0, 1000.0, 999.0, 999.0, 338.0, 999.0, 999.0, 331.0, 733.0, 0.0, 0.0, -68.78654479980469, 19.337827682495117, -132.08226013183594, 0.417022705078125, -0.0994720458984375, 0.5651397705078125, -0.704833984375, -71.7841567993164, 40.05720520019531, -99.87914276123047, 0.643524169921875, -0.1421356201171875, 0.600128173828125, -0.45330810546875
