778430, 781.6395874023438, 1000.0, 151.0, 456.0, 160.0, 178.0, 209.0, 151.0, 137.0, 140.0, 1000.0, 76.0, 750.0, 0.0, 1000.0, 890.0, 999.0, 999.0, 963.0, 999.0, 495.0, 745.0, 0.0, 264.0, -18.098478317260742, -2.924913167953491, 78.38938903808594, -0.76763916015625, 0.105926513671875, 0.118896484375, -0.6207733154296875, -32.16208267211914, 15.881786346435547, -61.52200698852539, 0.8373260498046875, -0.1678466796875, 0.2543792724609375, -0.4538421630859375
778480, 781.6895141601562, 1000.0, 150.0, 456.0, 160.0, 178.0, 208.0, 151.0, 136.0, 139.0, 1000.0, 75.0, 1000.0, 0.0, 1000.0, 892.0, 999.0, 999.0, 963.0, 999.0, 495.0, 744.0, 0.0, 263.0, -18.149635314941406, -3.0863637924194336, 78.51342010498047, -0.76702880859375, 0.105255126953125, 0.120361328125, -0.6213531494140625, -32.022300720214844, 15.64268970489502, -61.49528884887695, 0.83758544921875, -0.16796875, 0.2521209716796875, -0.45458984375
778530, 781.7395629882812, 1000.0, 151.0, 456.0, 159.0, 177.0, 208.0, 150.0, 136.0, 139.0, 1000.0, 74.0, 1000.0, 0.0, 1000.0, 890.0, 999.0, 999.0, 962.0, 999.0, 495.0, 744.0, 0.0, 262.0, -18.190635681152344, -2.9206719398498535, 78.62248229980469, -0.7662811279296875, 0.1063232421875, 0.1195831298828125, -0.6222381591796875, -32.47247314453125, 15.621840476989746, -61.64488220214844, 0.8363189697265625, -0.1710205078125, 0.2539825439453125, -0.454742431640625
778590, 781.7994995117188, 1000.0, 150.0, 456.0, 158.0, 177.0, 207.0, 150.0, 135.0, 138.0, 1000.0, 74.0, 1000.0, 0.0, 1000.0, 890.0, 999.0, 999.0, 962.0, 999.0, 496.0, 744.0, 0.0, 261.0, -18.13187026977539, -2.8594532012939453, 78.71427154541016, -0.7657928466796875, 0.106170654296875, 0.1189422607421875, -0.62298583984375, -31.915542602539062, 15.469883918762207, -61.52428436279297, 0.83758544921875, -0.16790771484375, 0.2505340576171875, -0.4554901123046875
778640, 781.849365234375, 1000.0, 150.0, 457.0, 158.0, 176.0, 207.0, 149.0, 135.0, 138.0, 1000.0, 73.0, 1000.0, 0.0, 1000.0, 888.0, 999.0, 999.0, 961.0, 999.0, 496.0, 744.0, 0.0, 260.0, -18.133481979370117, -2.945652961730957, 78.81218719482422, -0.76531982421875, 0.1056060791015625, 0.1196136474609375, -0.62353515625, -32.292564392089844, 15.498494148254395, -61.635406494140625, 0.8365936279296875, -0.1702880859375, 0.2523956298828125, -0.4553985595703125
778700, 781.9098510742188, 1000.0, 151.0, 456.0, 157.0, 175.0, 206.0, 148.0, 134.0, 137.0, 1000.0, 72.0, 1000.0, 0.0, 1000.0, 889.0, 999.0, 999.0, 962.0, 999.0, 496.0, 743.0, 0.0, 259.0, -18.120296478271484, -2.9452617168426514, 78.87621307373047, -0.764984130859375, 0.1054534912109375, 0.119598388671875, -0.6239776611328125, -32.09204864501953, 15.441007614135742, -61.60084533691406, 0.837005615234375, -0.169158935546875, 0.2511444091796875, -0.4557342529296875
778750, 781.95947265625, 1000.0, 150.0, 456.0, 157.0, 175.0, 206.0, 148.0, 134.0, 136.0, 1000.0, 72.0, 750.0, 0.0, 1000.0, 890.0, 999.0, 999.0, 961.0, 999.0, 496.0, 743.0, 0.0, 258.0, -18.088773727416992, -2.89709210395813, 78.92877960205078, -0.7646942138671875, 0.1054534912109375, 0.1191558837890625, -0.624420166015625, -31.873668670654297, 15.808808326721191, -61.54628372192383, 0.8376312255859375, -0.166015625, 0.2527618408203125, -0.4548492431640625
778800, 782.0094604492188, 1000.0, 150.0, 455.0, 157.0, 175.0, 205.0, 147.0, 133.0, 136.0, 1000.0, 71.0, 750.0, 0.0, 1000.0, 893.0, 999.0, 999.0, 958.0, 999.0, 496.0, 743.0, 0.0, 257.0, -18.022308349609375, -2.7921650409698486, 78.99988555908203, -0.7642974853515625, 0.1055145263671875, 0.1181640625, -0.625091552734375, -32.02842330932617, 15.636570930480957, -61.56997299194336, 0.8372802734375, -0.167877197265625, 0.2522125244140625, -0.45513916015625
778860, 782.0694580078125, 1000.0, 150.0, 454.0, 156.0, 175.0, 205.0, 146.0, 132.0, 135.0, 1000.0, 70.0, 1000.0, 0.0, 1000.0, 895.0, 999.0, 999.0, 954.0, 999.0, 497.0, 742.0, 0.0, 255.0, -17.957130432128906, -2.7743022441864014, 79.10208892822266, -0.7637786865234375, 0.105072021484375, 0.1177825927734375, -0.6258544921875, -31.981277465820312, 15.57000732421875, -61.536285400390625, 0.83746337890625, -0.16790771484375, 0.2515106201171875, -0.455169677734375
778910, 782.1195068359375, 1000.0, 150.0, 454.0, 156.0, 174.0, 204.0, 146.0, 132.0, 134.0, 1000.0, 70.0, 750.0, 0.0, 1000.0, 896.0, 999.0, 999.0, 950.0, 999.0, 497.0, 742.0, 0.0, 255.0, -17.859113693237305, -2.7190632820129395, 79.25364685058594, -0.76300048828125, 0.1045684814453125, 0.1170196533203125, -0.6270294189453125, -31.64965057373047, 15.345575332641602, -61.379974365234375, 0.8385162353515625, -0.166839599609375, 0.2483978271484375, -0.4553375244140625
778970, 782.179443359375, 1000.0, 150.0, 453.0, 155.0, 173.0, 203.0, 145.0, 131.0, 134.0, 1000.0, 69.0, 1000.0, 0.0, 1000.0, 896.0, 999.0, 999.0, 950.0, 999.0, 497.0, 742.0, 0.0, 253.0, -17.811668395996094, -2.8852837085723877, 79.52294921875, -0.761688232421875, 0.103057861328125, 0.11810302734375, -0.6286773681640625, -31.898082733154297, 15.116101264953613, -61.415645599365234, 0.83795166015625, -0.16961669921875, 0.247833251953125, -0.455657958984375
779020, 782.2293701171875, 1000.0, 150.0, 453.0, 155.0, 173.0, 203.0, 145.0, 131.0, 134.0, 1000.0, 68.0, 750.0, 0.0, 1000.0, 895.0, 999.0, 999.0, 951.0, 999.0, 498.0, 742.0, 0.0, 252.0, -17.82296371459961, -3.052014112472534, 79.7928466796875, -0.76031494140625, 0.1019287109375, 0.1195068359375, -0.6302642822265625, -31.930051803588867, 14.598878860473633, -61.432926177978516, 0.8376922607421875, -0.172149658203125, 0.2443695068359375, -0.457061767578125
779070, 782.279296875, 1000.0, 150.0, 452.0, 154.0, 172.0, 202.0, 144.0, 130.0, 133.0, 1000.0, 67.0, 1000.0, 0.0, 1000.0, 899.0, 999.0, 999.0, 950.0, 999.0, 498.0, 742.0, 0.0, 251.0, -17.806257247924805, -2.98453426361084, 80.00215911865234, -0.759124755859375, 0.1019744873046875, 0.1191558837890625, -0.631744384765625, -32.13137435913086, 14.775934219360352, -61.517845153808594, 0.83709716796875, -0.172637939453125, 0.2465362548828125, -0.456787109375
779130, 782.3397827148438, 1000.0, 150.0, 452.0, 154.0, 172.0, 201.0, 144.0, 130.0, 132.0, 1000.0, 66.0, 1000.0, 0.0, 1000.0, 899.0, 999.0, 999.0, 950.0, 999.0, 498.0, 741.0, 0.0, 249.0, -17.99190902709961, -3.1238415241241455, 80.18720245361328, -0.7580413818359375, 0.10223388671875, 0.1212615966796875, -0.6326141357421875, -32.24226379394531, 14.816791534423828, -61.56061935424805, 0.8367767333984375, -0.1731719970703125, 0.2473297119140625, -0.456756591796875
779180, 782.3894653320312, 1000.0, 150.0, 450.0, 153.0, 172.0, 200.0, 143.0, 129.0, 131.0, 1000.0, 66.0, 1000.0, 0.0, 1000.0, 898.0, 999.0, 999.0, 950.0, 999.0, 498.0, 741.0, 0.0, 248.0, -17.895111083984375, -3.2127320766448975, 80.25245666503906, -0.7578277587890625, 0.1010284423828125, 0.121368408203125, -0.6330413818359375, -32.148529052734375, 15.095235824584961, -61.45927047729492, 0.83740234375, -0.17144775390625, 0.248748779296875, -0.4554901123046875
779240, 782.4492797851562, 1000.0, 149.0, 451.0, 153.0, 171.0, 200.0, 142.0, 129.0, 130.0, 1000.0, 67.0, 1000.0, 0.0, 1000.0, 893.0, 999.0, 999.0, 954.0, 999.0, 498.0, 741.0, 0.0, 247.0, -17.807140350341797, -3.506049156188965, 80.38818359375, -0.757354736328125, 0.098663330078125, 0.1229248046875, -0.6336822509765625, -28.749984741210938, 15.085391998291016, -60.157466888427734, 0.847320556640625, -0.1492462158203125, 0.2333831787109375, -0.453094482421875
779290, 782.4995727539062, 1000.0, 149.0, 458.0, 152.0, 170.0, 198.0, 140.0, 128.0, 129.0, 1000.0, 68.0, 750.0, 0.0, 1000.0, 897.0, 999.0, 999.0, 979.0, 999.0, 498.0, 741.0, 0.0, 245.0, -17.441190719604492, -3.250943660736084, 80.68115997314453, -0.7558746337890625, 0.0973663330078125, 0.119476318359375, -0.6363067626953125, -28.75881576538086, 14.671425819396973, -59.395355224609375, 0.850250244140625, -0.152679443359375, 0.229461669921875, -0.44842529296875
779340, 782.5494384765625, 1000.0, 149.0, 463.0, 153.0, 171.0, 201.0, 140.0, 127.0, 132.0, 1000.0, 69.0, 750.0, 0.0, 1000.0, 913.0, 999.0, 999.0, 999.0, 999.0, 501.0, 745.0, 0.0, 240.0, -16.433061599731445, -1.7899413108825684, 80.11145782470703, -0.7588958740234375, 0.09942626953125, 0.103790283203125, -0.6351318359375, -27.016080856323242, 15.474184036254883, -58.366336822509766, 0.85650634765625, -0.13824462890625, 0.227142333984375, -0.4423370361328125
779400, 782.6094970703125, 1000.0, 149.0, 471.0, 157.0, 173.0, 205.0, 142.0, 125.0, 134.0, 1000.0, 70.0, 750.0, 0.0, 1000.0, 912.0, 999.0, 999.0, 999.0, 999.0, 493.0, 746.0, 0.0, 251.0, -15.115044593811035, 0.6181589365005493, 80.0862808227539, -0.7584381103515625, 0.1041259765625, 0.0805206298828125, -0.6383056640625, -25.792743682861328, 17.47930145263672, -57.6923828125, 0.860260009765625, -0.12176513671875, 0.2361602783203125, -0.43511962890625
779450, 782.6596069335938, 1000.0, 149.0, 485.0, 160.0, 176.0, 207.0, 148.0, 125.0, 134.0, 1000.0, 68.0, 1000.0, 0.0, 1000.0, 897.0, 999.0, 999.0, 999.0, 999.0, 488.0, 743.0, 0.0, 252.0, -14.297959327697754, 4.069802761077881, 80.26119995117188, -0.7552947998046875, 0.1177978515625, 0.05322265625, -0.642486572265625, -22.781044006347656, 20.670543670654297, -56.18687438964844, 0.8674468994140625, -0.0885772705078125, 0.24664306640625, -0.422882080078125
779510, 782.719482421875, 1000.0, 149.0, 492.0, 162.0, 183.0, 205.0, 157.0, 123.0, 134.0, 1000.0, 64.0, 750.0, 0.0, 1000.0, 894.0, 999.0, 999.0, 999.0, 999.0, 483.0, 743.0, 0.0, 253.0, -9.462753295898438, 7.597192287445068, 80.10846710205078, -0.75762939453125, 0.1054840087890625, 0.0024261474609375, -0.6440887451171875, -16.670969009399414, 23.085779190063477, -54.197906494140625, 0.8762054443359375, -0.0362548828125, 0.2409515380859375, -0.415771484375
779560, 782.7695922851562, 1000.0, 148.0, 486.0, 161.0, 190.0, 200.0, 164.0, 122.0, 134.0, 1000.0, 59.0, 1000.0, 0.0, 1000.0, 893.0, 999.0, 999.0, 999.0, 999.0, 479.0, 749.0, 0.0, 248.0, -5.952294826507568, 5.634674549102783, 78.81563568115234, -0.76904296875, 0.07122802734375, -0.0050048828125, -0.6351776123046875, -12.649016380310059, 25.131227493286133, -52.59482955932617, 0.88031005859375, -0.0005950927734375, 0.241485595703125, -0.408294677734375
779610, 782.8195190429688, 1000.0, 148.0, 480.0, 160.0, 196.0, 198.0, 178.0, 122.0, 137.0, 1000.0, 57.0, 1000.0, 0.0, 1000.0, 891.0, 999.0, 999.0, 999.0, 999.0, 477.0, 752.0, 0.0, 251.0, -4.289539813995361, 3.0766499042510986, 77.86180877685547, -0.7764434814453125, 0.04595947265625, 0.0026397705078125, -0.6284942626953125, -9.117159843444824, 26.1649227142334, -50.861080169677734, 0.8845977783203125, 0.0269775390625, 0.2370147705078125, -0.40069580078125
779670, 782.8794555664062, 1000.0, 148.0, 474.0, 163.0, 211.0, 197.0, 278.0, 122.0, 139.0, 1000.0, 59.0, 1000.0, 0.0, 1000.0, 891.0, 999.0, 999.0, 999.0, 999.0, 473.0, 744.0, 0.0, 247.0, -0.2393878996372223, -0.09354196488857269, 76.8566665649414, -0.7833709716796875, 0.001129150390625, 0.0019378662109375, -0.62152099609375, -4.76458215713501, 25.487224578857422, -49.00786209106445, 0.8905487060546875, 0.0545196533203125, 0.2173614501953125, -0.395843505859375
779720, 782.9296264648438, 1000.0, 148.0, 476.0, 166.0, 226.0, 198.0, 378.0, 121.0, 142.0, 1000.0, 60.0, 1000.0, 0.0, 1000.0, 892.0, 999.0, 999.0, 999.0, 999.0, 470.0, 739.0, 0.0, 247.0, 4.872108459472656, -4.878876209259033, 74.4654312133789, -0.79364013671875, -0.059539794921875, 0.0081634521484375, -0.6053924560546875, -0.8325076103210449, 24.140165328979492, -47.85154724121094, 0.8944549560546875, 0.07830810546875, 0.1940155029296875, -0.3951873779296875
779770, 782.9898071289062, 1000.0, 147.0, 470.0, 169.0, 248.0, 203.0, 473.0, 121.0, 150.0, 1000.0, 64.0, 1000.0, 0.0, 1000.0, 891.0, 999.0, 999.0, 999.0, 999.0, 466.0, 736.0, 0.0, 244.0, 9.042535781860352, -8.306228637695312, 71.50888061523438, -0.80352783203125, -0.105987548828125, 0.0126495361328125, -0.5855865478515625, 2.912729501724243, 22.22142791748047, -47.02037048339844, 0.897552490234375, 0.0997161865234375, 0.1667022705078125, -0.3957977294921875
779780, 783.039794921875, 1000.0, 147.0, 470.0, 169.0, 248.0, 203.0, 473.0, 121.0, 150.0, 1000.0, 64.0, 1000.0, 0.0, 1000.0, 891.0, 999.0, 999.0, 999.0, 999.0, 466.0, 736.0, 0.0, 244.0, 9.042535781860352, -8.306228637695312, 71.50888061523438, -0.80352783203125, -0.105987548828125, 0.0126495361328125, -0.5855865478515625, 3.8007500171661377, 21.842679977416992, -46.79098892211914, 0.898162841796875, 0.105072021484375, 0.160858154296875, -0.3954315185546875
779830, 783.0494384765625, 1000.0, 147.0, 466.0, 173.0, 455.0, 201.0, 714.0, 119.0, 174.0, 1000.0, 63.0, 750.0, 0.0, 1000.0, 885.0, 999.0, 999.0, 999.0, 999.0, 461.0, 743.0, 0.0, 249.0, 18.25745964050293, -15.720782279968262, 65.47048950195312, -0.81097412109375, -0.2052154541015625, 0.028594970703125, -0.5471343994140625, 7.766029357910156, 20.305072784423828, -45.543968200683594, 0.9008941650390625, 0.1295318603515625, 0.1363525390625, -0.3911285400390625
779880, 783.0994873046875, 1000.0, 147.0, 447.0, 180.0, 833.0, 198.0, 879.0, 119.0, 297.0, 1000.0, 61.0, 1000.0, 0.0, 1000.0, 895.0, 999.0, 999.0, 999.0, 999.0, 459.0, 750.0, 0.0, 249.0, 21.521867752075195, -21.750259399414062, 63.03816604614258, -0.80401611328125, -0.253204345703125, 0.0621490478515625, -0.534393310546875, 9.363715171813965, 19.580726623535156, -44.370723724365234, 0.9041900634765625, 0.1384735107421875, 0.126556396484375, -0.3837127685546875
779940, 783.1494750976562, 1000.0, 147.0, 457.0, 190.0, 939.0, 206.0, 942.0, 126.0, 569.0, 1000.0, 70.0, 1000.0, 0.0, 1000.0, 896.0, 999.0, 999.0, 999.0, 999.0, 457.0, 741.0, 0.0, 230.0, 24.96839141845703, -25.766332626342773, 60.869720458984375, -0.79620361328125, -0.291961669921875, 0.0809478759765625, -0.523681640625, 14.396723747253418, 15.541118621826172, -42.16240310668945, 0.9111175537109375, 0.164093017578125, 0.08050537109375, -0.369384765625
779990, 783.1994018554688, 1000.0, 149.0, 452.0, 211.0, 959.0, 247.0, 960.0, 117.0, 702.0, 1000.0, 89.0, 750.0, 0.0, 1000.0, 944.0, 999.0, 999.0, 999.0, 999.0, 455.0, 746.0, 0.0, 207.0, 26.169696807861328, -29.443279266357422, 59.43852996826172, -0.78961181640625, -0.3128662109375, 0.106414794921875, -0.5169830322265625, 8.131782531738281, 14.175169944763184, -43.4661979675293, 0.9162445068359375, 0.110931396484375, 0.0882720947265625, -0.3746490478515625
780040, 783.2594604492188, 1000.0, 150.0, 471.0, 272.0, 961.0, 474.0, 964.0, 384.0, 765.0, 1000.0, 167.0, 1000.0, 0.0, 1000.0, 884.0, 999.0, 999.0, 999.0, 999.0, 451.0, 740.0, 0.0, 189.0, 28.023313522338867, -31.190635681152344, 57.918426513671875, -0.7861480712890625, -0.3303375244140625, 0.1153106689453125, -0.509429931640625, 6.2358808517456055, 15.138150215148926, -43.68794631958008, 0.91607666015625, 0.0989837646484375, 0.102020263671875, -0.37493896484375
780100, 783.3094482421875, 1000.0, 152.0, 529.0, 441.0, 964.0, 746.0, 977.0, 848.0, 822.0, 1000.0, 316.0, 750.0, 0.0, 1000.0, 972.0, 999.0, 999.0, 999.0, 999.0, 446.0, 745.0, 0.0, 389.0, 29.357912063598633, -33.12027359008789, 56.82339096069336, -0.7811737060546875, -0.344818115234375, 0.1269378662109375, -0.50469970703125, 3.7186455726623535, 14.896546363830566, -44.508296966552734, 0.915618896484375, 0.0788421630859375, 0.10772705078125, -0.37921142578125
780150, 783.3707275390625, 1000.0, 152.0, 705.0, 610.0, 952.0, 917.0, 979.0, 992.0, 832.0, 1000.0, 463.0, 1000.0, 0.0, 1000.0, 828.0, 999.0, 999.0, 999.0, 999.0, 439.0, 869.0, 0.0, 672.0, 27.75554847717285, -34.501441955566406, 55.218109130859375, -0.7885894775390625, -0.336395263671875, 0.148956298828125, -0.4926910400390625, 0.30377843976020813, 15.072114944458008, -46.52907180786133, 0.9105987548828125, 0.0542144775390625, 0.11944580078125, -0.391876220703125
780210, 783.4217529296875, 1000.0, 151.0, 852.0, 714.0, 964.0, 982.0, 988.0, 1000.0, 852.0, 1000.0, 527.0, 750.0, 0.0, 1000.0, 622.0, 999.0, 999.0, 999.0, 999.0, 433.0, 936.0, 0.0, 752.0, 27.28110694885254, -35.43595886230469, 52.74042892456055, -0.7974853515625, -0.3326263427734375, 0.165191650390625, -0.4754638671875, -3.954698085784912, 15.598074913024902, -49.66010284423828, 0.9005889892578125, 0.0259246826171875, 0.1374359130859375, -0.4115447998046875
780260, 783.4794921875, 1000.0, 152.0, 921.0, 757.0, 976.0, 1000.0, 990.0, 1000.0, 870.0, 1000.0, 539.0, 1000.0, 0.0, 1000.0, 491.0, 999.0, 999.0, 999.0, 999.0, 429.0, 949.0, 0.0, 781.0, 24.746646881103516, -36.43997573852539, 51.50596618652344, -0.8065185546875, -0.316009521484375, 0.1866302490234375, -0.4634552001953125, -6.945101261138916, 15.083695411682129, -51.95335006713867, 0.893035888671875, 0.0034027099609375, 0.144073486328125, -0.42626953125
780310, 783.5293579101562, 1000.0, 152.0, 986.0, 727.0, 982.0, 1000.0, 986.0, 1000.0, 867.0, 1000.0, 509.0, 1000.0, 0.0, 1000.0, 239.0, 999.0, 999.0, 999.0, 999.0, 426.0, 942.0, 0.0, 797.0, 22.34387969970703, -38.052799224853516, 51.55985641479492, -0.8076629638671875, -0.3040313720703125, 0.2083282470703125, -0.460235595703125, -10.158527374267578, 14.578120231628418, -54.14792251586914, 0.884857177734375, -0.0206756591796875, 0.152496337890625, -0.4396820068359375
780330, 783.5794677734375, 1000.0, 152.0, 1000.0, 703.0, 985.0, 998.0, 988.0, 1000.0, 868.0, 1000.0, 491.0, 750.0, 0.0, 1000.0, 275.0, 999.0, 999.0, 999.0, 999.0, 424.0, 934.0, 0.0, 799.0, 20.362985610961914, -38.94458770751953, 52.043331146240234, -0.8080291748046875, -0.293701171875, 0.2217254638671875, -0.460052490234375, -12.473749160766602, 14.325399398803711, -55.31895065307617, 0.8798828125, -0.037933349609375, 0.159820556640625, -0.44586181640625
780370, 783.5894165039062, 1000.0, 149.0, 1000.0, 695.0, 992.0, 1000.0, 992.0, 1000.0, 875.0, 1000.0, 472.0, 1000.0, 0.0, 1000.0, 370.0, 999.0, 999.0, 999.0, 999.0, 422.0, 925.0, 0.0, 802.0, 16.74140739440918, -39.828582763671875, 53.433319091796875, -0.8085784912109375, -0.2737579345703125, 0.239471435546875, -0.4624786376953125, -16.123991012573242, 14.931324005126953, -57.47496032714844, 0.8695526123046875, -0.0600738525390625, 0.179656982421875, -0.456024169921875
780420, 783.6398315429688, 1000.0, 148.0, 1000.0, 707.0, 982.0, 996.0, 989.0, 1000.0, 860.0, 1000.0, 454.0, 1000.0, 0.0, 1000.0, 520.0, 999.0, 999.0, 999.0, 999.0, 416.0, 911.0, 0.0, 801.0, 9.046366691589355, -40.16073989868164, 57.093505859375, -0.80950927734375, -0.2286224365234375, 0.2652587890625, -0.4712066650390625, -19.873558044433594, 16.50806999206543, -59.854007720947266, 0.8571624755859375, -0.07745361328125, 0.2077484130859375, -0.46484375
780480, 783.6995239257812, 1000.0, 147.0, 1000.0, 724.0, 971.0, 990.0, 983.0, 1000.0, 842.0, 1000.0, 441.0, 1000.0, 0.0, 1000.0, 458.0, 999.0, 999.0, 999.0, 999.0, 411.0, 887.0, 0.0, 800.0, 0.631412923336029, -37.79118728637695, 61.12183380126953, -0.813751220703125, -0.1691436767578125, 0.2761993408203125, -0.482574462890625, -24.058786392211914, 19.843557357788086, -62.616703033447266, 0.841766357421875, -0.08782958984375, 0.2506561279296875, -0.469940185546875
780530, 783.7496948242188, 1000.0, 148.0, 990.0, 719.0, 946.0, 976.0, 969.0, 1000.0, 805.0, 1000.0, 440.0, 1000.0, 0.0, 1000.0, 622.0, 999.0, 999.0, 999.0, 999.0, 402.0, 867.0, 0.0, 793.0, -10.317742347717285, -32.671600341796875, 66.63313293457031, -0.8125457763671875, -0.081756591796875, 0.2814788818359375, -0.503814697265625, -30.15603256225586, 22.962894439697266, -65.24327087402344, 0.8248748779296875, -0.1110992431640625, 0.2993011474609375, -0.46649169921875
780580, 783.799560546875, 1000.0, 148.0, 983.0, 721.0, 936.0, 969.0, 948.0, 970.0, 789.0, 1000.0, 427.0, 750.0, 0.0, 1000.0, 578.0, 999.0, 999.0, 999.0, 999.0, 397.0, 859.0, 0.0, 787.0, -19.78851318359375, -27.932540893554688, 71.21881866455078, -0.8013763427734375, -0.00286865234375, 0.2903900146484375, -0.522918701171875, -35.4091682434082, 26.089574813842773, -67.6608657836914, 0.8091278076171875, -0.1263885498046875, 0.3435516357421875, -0.45965576171875
780640, 783.859619140625, 1000.0, 148.0, 950.0, 703.0, 883.0, 945.0, 904.0, 943.0, 715.0, 1000.0, 411.0, 750.0, 0.0, 1000.0, 756.0, 999.0, 999.0, 999.0, 999.0, 394.0, 865.0, 0.0, 785.0, -35.56749725341797, -20.075061798095703, 78.06311798095703, -0.761871337890625, 0.1291046142578125, 0.3183135986328125, -0.5491180419921875, -48.227176666259766, 29.561553955078125, -71.5929183959961, 0.7767791748046875, -0.1842041015625, 0.419921875, -0.4316558837890625
780690, 783.9093017578125, 1000.0, 148.0, 920.0, 696.0, 835.0, 936.0, 857.0, 927.0, 667.0, 1000.0, 397.0, 750.0, 0.0, 1000.0, 809.0, 999.0, 999.0, 999.0, 999.0, 392.0, 865.0, 0.0, 783.0, -45.013607025146484, -13.97558879852295, 79.50727844238281, -0.7347412109375, 0.2202301025390625, 0.329376220703125, -0.5505828857421875, -55.67868423461914, 31.216552734375, -73.90110778808594, 0.7561187744140625, -0.2164154052734375, 0.4604949951171875, -0.411529541015625
780750, 783.9696655273438, 1000.0, 149.0, 810.0, 675.0, 714.0, 902.0, 761.0, 877.0, 612.0, 1000.0, 382.0, 1000.0, 0.0, 1000.0, 955.0, 999.0, 999.0, 999.0, 999.0, 391.0, 862.0, 0.0, 780.0, -55.60902404785156, -5.927677154541016, 78.98860931396484, -0.6970062255859375, 0.33038330078125, 0.3315582275390625, -0.5431976318359375, -64.96407318115234, 32.827274322509766, -77.14702606201172, 0.72723388671875, -0.254119873046875, 0.5075531005859375, -0.385894775390625
780800, 784.0196533203125, 1000.0, 149.0, 783.0, 657.0, 678.0, 883.0, 746.0, 861.0, 582.0, 1000.0, 366.0, 1000.0, 0.0, 1000.0, 942.0, 999.0, 999.0, 999.0, 999.0, 387.0, 853.0, 0.0, 769.0, -62.39511489868164, -2.8520870208740234, 79.03834533691406, -0.6678466796875, 0.3859100341796875, 0.3459320068359375, -0.5341949462890625, -70.98175811767578, 33.693939208984375, -78.78472137451172, 0.7089996337890625, -0.2796630859375, 0.5349884033203125, -0.364501953125
780850, 784.06982421875, 1000.0, 149.0, 789.0, 588.0, 662.0, 825.0, 728.0, 759.0, 569.0, 1000.0, 359.0, 1000.0, 0.0, 1000.0, 920.0, 999.0, 999.0, 999.0, 999.0, 381.0, 843.0, 0.0, 747.0, -69.59772491455078, 1.0676591396331787, 78.1433334350586, -0.634124755859375, 0.4478607177734375, 0.3537445068359375, -0.52166748046875, -77.27611541748047, 34.27035140991211, -81.24748229980469, 0.686309814453125, -0.30303955078125, 0.5631561279296875, -0.3463592529296875
780910, 784.1298217773438, 1000.0, 149.0, 814.0, 547.0, 657.0, 806.0, 711.0, 720.0, 571.0, 1000.0, 353.0, 750.0, 0.0, 1000.0, 915.0, 999.0, 999.0, 999.0, 999.0, 373.0, 832.0, 0.0, 734.0, -76.68792724609375, 4.327465057373047, 76.64064025878906, -0.6003570556640625, 0.504730224609375, 0.3611602783203125, -0.50433349609375, -82.8753662109375, 34.14989471435547, -82.9453353881836, 0.6656341552734375, -0.3282318115234375, 0.583892822265625, -0.3289947509765625
780960, 784.1796875, 1000.0, 150.0, 872.0, 496.0, 656.0, 791.0, 723.0, 707.0, 573.0, 1000.0, 383.0, 750.0, 0.0, 1000.0, 847.0, 999.0, 999.0, 999.0, 999.0, 367.0, 818.0, 0.0, 724.0, -80.52315521240234, 6.545292854309082, 75.02803039550781, -0.5818328857421875, 0.5383148193359375, 0.3583526611328125, -0.493194580078125, -84.91271209716797, 33.50907897949219, -83.0866470336914, 0.657806396484375, -0.3427276611328125, 0.5878448486328125, -0.3228759765625
781010, 784.2296752929688, 1000.0, 149.0, 867.0, 486.0, 674.0, 787.0, 754.0, 709.0, 585.0, 1000.0, 400.0, 1000.0, 0.0, 1000.0, 870.0, 999.0, 999.0, 999.0, 999.0, 363.0, 811.0, 0.0, 715.0, -81.16165161132812, 8.779073715209961, 73.11438751220703, -0.57861328125, 0.5556182861328125, 0.339630126953125, -0.49102783203125, -87.79823303222656, 33.04364776611328, -84.50772094726562, 0.6439056396484375, -0.354248046875, 0.598663330078125, -0.3185577392578125
781070, 784.2896118164062, 1000.0, 149.0, 815.0, 477.0, 651.0, 769.0, 733.0, 680.0, 574.0, 1000.0, 408.0, 1000.0, 0.0, 1000.0, 994.0, 999.0, 999.0, 999.0, 999.0, 355.0, 803.0, 0.0, 710.0, -79.09014129638672, 10.865736961364746, 69.31671142578125, -0.5971527099609375, 0.5628662109375, 0.300384521484375, -0.4861297607421875, -82.0801010131836, 33.16791915893555, -78.11918640136719, 0.67938232421875, -0.35296630859375, 0.5636749267578125, -0.3099822998046875
781120, 784.33935546875, 1000.0, 149.0, 779.0, 471.0, 640.0, 743.0, 717.0, 644.0, 566.0, 1000.0, 401.0, 1000.0, 0.0, 1000.0, 999.0, 999.0, 999.0, 999.0, 999.0, 354.0, 803.0, 0.0, 701.0, -79.27220916748047, 12.039900779724121, 66.8533706665039, -0.602325439453125, 0.573944091796875, 0.2820587158203125, -0.47772216796875, -80.44674682617188, 32.29933166503906, -75.05233764648438, 0.6910400390625, -0.3625640869140625, 0.5462493896484375, -0.3042755126953125
781180, 784.3998413085938, 1000.0, 149.0, 711.0, 470.0, 630.0, 717.0, 703.0, 603.0, 562.0, 1000.0, 381.0, 1000.0, 0.0, 1000.0, 999.0, 999.0, 999.0, 999.0, 999.0, 354.0, 797.0, 0.0, 686.0, -78.60617065429688, 11.434295654296875, 65.00430297851562, -0.615447998046875, 0.572967529296875, 0.273651123046875, -0.4669342041015625, -79.3778305053711, 31.062671661376953, -73.86697387695312, 0.6953887939453125, -0.368011474609375, 0.534423828125, -0.3088226318359375
781230, 784.4498291015625, 1000.0, 150.0, 677.0, 468.0, 623.0, 705.0, 695.0, 585.0, 559.0, 1000.0, 371.0, 1000.0, 0.0, 1000.0, 991.0, 999.0, 999.0, 999.0, 999.0, 353.0, 792.0, 0.0, 678.0, -77.56143951416016, 12.411210060119629, 65.0765380859375, -0.616912841796875, 0.57025146484375, 0.2638702392578125, -0.473907470703125, -79.63227081298828, 30.709718704223633, -73.89097595214844, 0.6938629150390625, -0.3712310791015625, 0.5336761474609375, -0.3096771240234375
781280, 784.49951171875, 1000.0, 150.0, 667.0, 467.0, 619.0, 696.0, 692.0, 574.0, 557.0, 1000.0, 364.0, 1000.0, 0.0, 1000.0, 991.0, 999.0, 999.0, 999.0, 999.0, 353.0, 788.0, 0.0, 672.0, -77.90902709960938, 12.352792739868164, 65.64615631103516, -0.6130218505859375, 0.5706024169921875, 0.26849365234375, -0.4759063720703125, -81.30242919921875, 30.421735763549805, -74.32154083251953, 0.6866912841796875, -0.3807373046875, 0.538360595703125, -0.3060150146484375
781340, 784.5595703125, 1000.0, 151.0, 660.0, 460.0, 617.0, 682.0, 688.0, 555.0, 556.0, 1000.0, 357.0, 750.0, 0.0, 1000.0, 962.0, 999.0, 999.0, 999.0, 999.0, 352.0, 785.0, 0.0, 666.0, -80.25325012207031, 11.879785537719727, 65.2728500366211, -0.604461669921875, 0.5824737548828125, 0.2790679931640625, -0.46630859375, -81.0159683227539, 30.78118133544922, -73.23806762695312, 0.6911773681640625, -0.3822784423828125, 0.5355072021484375, -0.29888916015625
781390, 784.6094970703125, 1000.0, 151.0, 657.0, 451.0, 616.0, 669.0, 685.0, 537.0, 556.0, 1000.0, 354.0, 750.0, 0.0, 1000.0, 945.0, 999.0, 999.0, 999.0, 999.0, 351.0, 781.0, 0.0, 659.0, -79.25367736816406, 12.938255310058594, 66.16320037841797, -0.602020263671875, 0.5783538818359375, 0.273193359375, -0.477935791015625, -79.32167053222656, 31.418581008911133, -72.37230682373047, 0.7001495361328125, -0.3728179931640625, 0.530975341796875, -0.298065185546875
781450, 784.6698608398438, 1000.0, 152.0, 647.0, 443.0, 614.0, 657.0, 681.0, 520.0, 555.0, 1000.0, 351.0, 750.0, 0.0, 1000.0, 922.0, 999.0, 999.0, 999.0, 999.0, 349.0, 779.0, 0.0, 651.0, -77.99076080322266, 14.547966957092285, 66.52252197265625, -0.6009368896484375, 0.575897216796875, 0.2600555419921875, -0.48944091796875, -77.43270874023438, 32.17032241821289, -71.15947723388672, 0.7105560302734375, -0.3629913330078125, 0.525482177734375, -0.295257568359375
781500, 784.7195434570312, 1000.0, 152.0, 643.0, 440.0, 612.0, 654.0, 680.0, 516.0, 557.0, 1000.0, 350.0, 1000.0, 0.0, 1000.0, 930.0, 999.0, 999.0, 999.0, 999.0, 348.0, 776.0, 0.0, 646.0, -76.84654235839844, 15.712902069091797, 66.96044921875, -0.6004486083984375, 0.5725555419921875, 0.2502899169921875, -0.4989776611328125, -75.8079605102539, 32.666446685791016, -70.34548950195312, 0.7184600830078125, -0.3540802001953125, 0.5209808349609375, -0.294952392578125
781550, 784.769775390625, 1000.0, 152.0, 641.0, 439.0, 610.0, 653.0, 679.0, 515.0, 558.0, 1000.0, 349.0, 750.0, 0.0, 1000.0, 937.0, 999.0, 999.0, 999.0, 999.0, 348.0, 773.0, 0.0, 643.0, -75.91954040527344, 16.766170501708984, 67.1633071899414, -0.6002197265625, 0.5705413818359375, 0.2408294677734375, -0.5061492919921875, -75.33438110351562, 33.1219367980957, -69.88369750976562, 0.721710205078125, -0.3509063720703125, 0.520416259765625, -0.291778564453125
781610, 784.8296508789062, 1000.0, 152.0, 640.0, 439.0, 609.0, 655.0, 680.0, 515.0, 562.0, 1000.0, 347.0, 750.0, 0.0, 1000.0, 950.0, 999.0, 999.0, 999.0, 999.0, 347.0, 772.0, 0.0, 639.0, -75.55667877197266, 18.6762638092041, 67.26351165771484, -0.59429931640625, 0.5743255615234375, 0.2280120849609375, -0.51470947265625, -76.83079528808594, 33.26028060913086, -70.50995635986328, 0.7156982421875, -0.3567352294921875, 0.526763916015625, -0.2881317138671875
781660, 784.8794555664062, 1000.0, 152.0, 636.0, 439.0, 608.0, 655.0, 680.0, 514.0, 565.0, 1000.0, 345.0, 1000.0, 0.0, 1000.0, 951.0, 999.0, 999.0, 999.0, 999.0, 347.0, 771.0, 0.0, 637.0, -75.4761734008789, 19.1189022064209, 67.27911376953125, -0.592926025390625, 0.575225830078125, 0.225006103515625, -0.5166168212890625, -78.2642822265625, 33.1946907043457, -71.08390808105469, 0.70965576171875, -0.3633270263671875, 0.5318603515625, -0.285430908203125
781720, 784.9396362304688, 1000.0, 153.0, 635.0, 440.0, 608.0, 654.0, 680.0, 513.0, 569.0, 1000.0, 344.0, 1000.0, 0.0, 1000.0, 946.0, 999.0, 999.0, 999.0, 999.0, 346.0, 768.0, 0.0, 635.0, -75.3316421508789, 18.386089324951172, 67.11433410644531, -0.5972137451171875, 0.57257080078125, 0.2280426025390625, -0.5132904052734375, -78.6731185913086, 31.298179626464844, -71.229248046875, 0.70501708984375, -0.3747100830078125, 0.5250396728515625, -0.2946929931640625
781770, 784.9896240234375, 1000.0, 153.0, 633.0, 439.0, 608.0, 654.0, 681.0, 512.0, 569.0, 1000.0, 345.0, 1000.0, 0.0, 1000.0, 951.0, 999.0, 999.0, 999.0, 999.0, 346.0, 767.0, 0.0, 633.0, -75.23419952392578, 17.77528953552246, 67.01409149169922, -0.6004791259765625, 0.5703887939453125, 0.230865478515625, -0.510650634765625, -79.66593933105469, 30.59026336669922, -71.94205474853516, 0.6987152099609375, -0.3810577392578125, 0.52685546875, -0.2983245849609375
781820, 785.0394287109375, 1000.0, 153.0, 632.0, 438.0, 608.0, 654.0, 682.0, 513.0, 572.0, 1000.0, 345.0, 1000.0, 0.0, 1000.0, 950.0, 999.0, 999.0, 999.0, 999.0, 345.0, 766.0, 0.0, 631.0, -75.46755981445312, 17.783491134643555, 66.81320190429688, -0.6001739501953125, 0.5720367431640625, 0.2308502197265625, -0.5091552734375, -80.83634948730469, 31.796485900878906, -72.91565704345703, 0.6944427490234375, -0.377593994140625, 0.53826904296875, -0.2922515869140625
781880, 785.0997924804688, 1000.0, 153.0, 631.0, 437.0, 608.0, 652.0, 683.0, 512.0, 573.0, 1000.0, 345.0, 1000.0, 0.0, 1000.0, 947.0, 999.0, 999.0, 999.0, 999.0, 344.0, 765.0, 0.0, 629.0, -75.76600646972656, 17.872085571289062, 66.77593231201172, -0.5985107421875, 0.573944091796875, 0.2314453125, -0.508697509765625, -79.98225402832031, 31.934423446655273, -72.72443389892578, 0.697967529296875, -0.3726043701171875, 0.536041259765625, -0.294342041015625
781930, 785.1497192382812, 1000.0, 153.0, 630.0, 437.0, 608.0, 653.0, 683.0, 513.0, 573.0, 1000.0, 344.0, 750.0, 0.0, 1000.0, 947.0, 999.0, 999.0, 999.0, 999.0, 344.0, 764.0, 0.0, 628.0, -76.08203887939453, 18.20216178894043, 66.77487182617188, -0.595672607421875, 0.57659912109375, 0.2308197021484375, -0.5093231201171875, -79.47037506103516, 32.50484848022461, -72.54193878173828, 0.7010498046875, -0.3674468994140625, 0.5365753173828125, -0.2925262451171875
781990, 785.2097778320312, 1000.0, 154.0, 629.0, 437.0, 607.0, 652.0, 683.0, 512.0, 572.0, 1000.0, 344.0, 1000.0, 0.0, 1000.0, 949.0, 999.0, 999.0, 999.0, 999.0, 343.0, 763.0, 0.0, 626.0, -76.28753662109375, 18.521793365478516, 66.80402374267578, -0.5932769775390625, 0.5785675048828125, 0.22991943359375, -0.510284423828125, -78.79145050048828, 32.1329231262207, -72.21001434326172, 0.703460693359375, -0.3667144775390625, 0.53216552734375, -0.2956695556640625
782040, 785.259765625, 1000.0, 154.0, 628.0, 437.0, 607.0, 653.0, 683.0, 511.0, 572.0, 1000.0, 344.0, 1000.0, 0.0, 1000.0, 950.0, 999.0, 999.0, 999.0, 999.0, 343.0, 762.0, 0.0, 625.0, -75.8629379272461, 18.955238342285156, 66.99093627929688, -0.5929107666015625, 0.577301025390625, 0.2263031005859375, -0.5137481689453125, -78.64724731445312, 32.16215133666992, -72.15595245361328, 0.7041168212890625, -0.365936279296875, 0.5317535400390625, -0.2958526611328125
782080, 785.3095703125, 1000.0, 154.0, 628.0, 438.0, 607.0, 654.0, 684.0, 512.0, 574.0, 1000.0, 344.0, 1000.0, 0.0, 1000.0, 971.0, 999.0, 999.0, 999.0, 999.0, 343.0, 761.0, 0.0, 625.0, -75.60436248779297, 19.180219650268555, 67.120849609375, -0.5927581787109375, 0.576385498046875, 0.2244110107421875, -0.515777587890625, -78.66161346435547, 32.05859375, -72.32978057861328, 0.7034454345703125, -0.3657379150390625, 0.531890869140625, -0.2974090576171875
782090, 785.3193969726562, 1000.0, 154.0, 627.0, 438.0, 607.0, 654.0, 684.0, 512.0, 574.0, 1000.0, 344.0, 1000.0, 0.0, 1000.0, 973.0, 999.0, 999.0, 999.0, 999.0, 343.0, 761.0, 0.0, 625.0, -75.54145812988281, 19.188093185424805, 67.1597900390625, -0.592864990234375, 0.5760040283203125, 0.224273681640625, -0.5161285400390625, -78.71022033691406, 31.999835968017578, -72.4063949584961, 0.7030029296875, -0.3659820556640625, 0.532012939453125, -0.2979736328125
782150, 785.3697509765625, 1000.0, 155.0, 627.0, 437.0, 607.0, 654.0, 684.0, 512.0, 574.0, 1000.0, 344.0, 1000.0, 0.0, 1000.0, 970.0, 999.0, 999.0, 999.0, 999.0, 343.0, 760.0, 0.0, 624.0, -75.77677154541016, 18.78678321838379, 67.1104736328125, -0.5934600830078125, 0.57611083984375, 0.2275543212890625, -0.5139007568359375, -79.11369323730469, 31.91698455810547, -72.82432556152344, 0.7004852294921875, -0.3669281005859375, 0.5340423583984375, -0.299102783203125
782170, 785.4194946289062, 1000.0, 155.0, 626.0, 437.0, 607.0, 654.0, 684.0, 512.0, 574.0, 1000.0, 344.0, 1000.0, 0.0, 1000.0, 966.0, 999.0, 999.0, 999.0, 999.0, 343.0, 760.0, 0.0, 624.0, -75.77412414550781, 18.62102508544922, 67.09553527832031, -0.59417724609375, 0.57562255859375, 0.228485107421875, -0.5131988525390625, -79.33341979980469, 32.149009704589844, -72.96051788330078, 0.6998138427734375, -0.366455078125, 0.536041259765625, -0.2976531982421875
782200, 785.4293823242188, 1000.0, 155.0, 624.0, 438.0, 607.0, 654.0, 684.0, 512.0, 574.0, 1000.0, 344.0, 1000.0, 0.0, 1000.0, 963.0, 999.0, 999.0, 999.0, 999.0, 343.0, 759.0, 0.0, 623.0, -75.91289520263672, 18.42681312561035, 67.0321273803711, -0.594512939453125, 0.5758819580078125, 0.22998046875, -0.5118560791015625, -79.21503448486328, 32.180870056152344, -72.90105438232422, 0.7003936767578125, -0.3658447265625, 0.535675048828125, -0.29766845703125
782250, 785.4794921875, 1000.0, 155.0, 625.0, 439.0, 606.0, 655.0, 685.0, 512.0, 574.0, 1000.0, 343.0, 1000.0, 0.0, 1000.0, 964.0, 999.0, 999.0, 999.0, 999.0, 342.0, 759.0, 0.0, 623.0, -76.0211181640625, 18.35516929626465, 66.90646362304688, -0.5948028564453125, 0.57647705078125, 0.2302703857421875, -0.510711669921875, -79.2621841430664, 32.33936309814453, -72.95450592041016, 0.70037841796875, -0.365081787109375, 0.536651611328125, -0.2969207763671875
782310, 785.5296630859375, 1000.0, 155.0, 626.0, 440.0, 606.0, 656.0, 685.0, 512.0, 574.0, 1000.0, 342.0, 1000.0, 0.0, 1000.0, 960.0, 999.0, 999.0, 999.0, 999.0, 342.0, 758.0, 0.0, 622.0, -76.14645385742188, 18.571029663085938, 66.83148193359375, -0.5936737060546875, 0.5779266357421875, 0.2291259765625, -0.510894775390625, -79.5436019897461, 32.08119201660156, -73.10916137695312, 0.698638916015625, -0.3673858642578125, 0.536773681640625, -0.297943115234375
